	T	D	J	LP
Instant	0
1	0	0	0	0
2	0	0	0	0
3	0	0	0	0
4	0	0	0	0
11	0	0	0	0
12	0	0	0	0
13	0	0	0	0
14	0	0	0	0
Instant	1
1	286	30	1	0
2	10	18	0	0
3	114	46	8	0.272727
4	511	16	0	0
11	11	18	1	0
12	84	60	12	2.71739
13	5	15	0	0
14	18	33	2	0
Instant	2
1	980	30	2	0.711845
2	40	16	0	0
3	273	53	10	2.98223
4	2484	16	0	0
11	44	18	0	0
12	184	68	12	5.42279
13	15	15	0	0
14	108	30	1	0.662252
Instant	3
1	1050	30	3	0.504484
2	24	18	0	0
3	258	51	12	2.90493
4	2169	16	0	0
11	46	19	1	0
12	179	62	16	5.56066
13	14	15	0	0
14	93	29	1	0.460455
Instant	4
1	819	28	3	0.924658
2	24	15	0	0
3	290	48	12	2.27649
4	1589	16	0	0
11	37	18	0	0
12	165	61	12	4.6875
13	15	15	0	0
14	70	30	1	0.185185
Instant	5
1	979	28	2	0.237812
2	33	17	0	0
3	227	56	16	3.125
4	1056	15	0	0
11	43	19	0	0
12	169	56	16	3.95221
13	13	15	0	0
14	44	29	2	0.777778
Instant	6
1	800	29	2	0.467626
2	17	15	0	0
3	273	51	12	2.28261
4	1173	15	0	0
11	36	19	1	0
12	154	56	13	9.05331
13	14	15	0	0
14	50	28	1	0.300601
Instant	7
1	760	26	2	0.232198
2	13	16	0	0
3	240	54	13	3.125
4	1115	15	0	0
11	32	18	0	0
12	139	60	23	4.85642
13	13	15	0	0
14	48	30	2	0
Instant	8
1	742	27	2	0.241158
2	23	15	0	0
3	240	54	14	2.8972
4	887	15	0	0
11	32	20	1	0
12	146	61	16	6.34191
13	13	15	0	0
14	39	31	2	0
Instant	9
1	786	26	1	0.32097
2	22	15	0	0
3	260	47	14	2.21377
4	928	15	0	0
11	35	19	0	0
12	150	56	16	7.95037
13	14	15	0	0
14	39	28	2	0
Instant	10
1	771	28	2	0.186846
2	24	17	0	0
3	262	56	16	2.60231
4	1007	15	0	0
11	34	18	0	0
12	175	61	14	4.39189
13	14	15	0	0
14	44	31	2	0
Instant	11
1	786	26	1	0.669643
2	29	16	0	0
3	268	51	15	2.73038
4	927	15	0	0
11	34	18	0	0
12	150	63	17	5.97426
13	14	15	0	0
14	41	29	2	0
Instant	12
1	786	28	2	0.442478
2	28	16	0	0
3	309	50	13	1.83764
4	867	15	0	0
11	35	18	0	0
12	130	65	17	5.51471
13	15	15	0	0
14	37	29	1	0
Instant	13
1	705	28	2	0.407166
2	30	17	0	0
3	243	57	13	3.03931
4	736	15	0	0
11	31	19	0	0
12	144	57	16	5.09673
13	13	15	0	0
14	31	29	2	0.798722
Instant	14
1	726	26	1	0.436508
2	22	18	0	0
3	255	49	12	2.87934
4	736	15	0	0
11	32	18	0	0
12	174	56	18	6.98529
13	13	15	0	0
14	32	29	2	0
Instant	15
1	741	25	1	0
2	39	15	0	0
3	242	50	12	2.47642
4	712	15	0	0
11	33	20	1	0
12	156	66	17	6.70956
13	13	15	0	0
14	31	30	2	0
Instant	16
1	747	26	1	0
2	19	16	0	0
3	268	53	16	2.45975
4	746	15	0	0
11	31	18	1	0
12	186	57	17	4.72973
13	14	15	0	0
14	31	29	2	0
Instant	17
1	652	25	1	0
2	28	16	0	0
3	215	56	15	2.99401
4	720	15	0	0
11	28	19	0	0.451264
12	142	59	15	5.42279
13	12	15	0	0
14	31	30	2	0.2443
Instant	18
1	599	25	1	0.294118
2	21	16	0	0
3	271	49	13	2.34099
4	664	15	0	0
11	26	19	1	0
12	156	60	17	4.2739
13	14	15	0	0
14	28	29	2	0.443262
Instant	19
1	627	25	1	0
2	27	16	0	0
3	299	52	12	2.04508
4	707	15	0	0
11	26	20	1	0
12	154	58	15	7.68581
13	14	15	0	0
14	30	28	2	0
Instant	20
1	599	26	1	0
2	21	16	0	0
3	214	54	13	3.08116
4	670	15	0	0
11	27	19	1	0
12	139	63	16	6.06618
13	12	15	0	0
14	29	30	3	0
Instant	21
1	585	28	1	0.308642
2	21	16	0	0
3	264	49	14	2.53975
4	678	15	0	0
11	24	18	0	0
12	156	61	18	6.47978
13	14	15	0	0
14	28	30	2	0
Instant	22
1	584	25	1	0.291262
2	15	15	0	0
3	275	55	14	2.4654
4	653	15	0	0
11	26	18	0	0
12	130	54	16	5.48986
13	14	15	0	0
14	29	30	2	0
Instant	23
1	590	27	1	0
2	19	16	0	0
3	227	54	15	3.03254
4	619	15	0	0
11	25	19	1	0
12	181	59	18	5.97426
13	12	15	0	0
14	26	30	3	0.378788
Instant	24
1	634	25	1	0.274725
2	23	15	0	0
3	248	51	13	2.61468
4	612	15	0	0
11	27	19	0	0
12	145	61	13	5.28493
13	13	15	0	0
14	26	31	3	0
Instant	25
1	619	26	1	0
2	21	16	0	0
3	271	47	12	2.72572
4	614	15	0	0
11	26	20	1	0
12	194	61	15	3.60863
13	14	15	0	0
14	27	30	3	0
Instant	26
1	614	25	1	0
2	15	16	0	0
3	274	52	13	2.37069
4	634	15	0	0
11	27	19	1	0.287356
12	184	63	14	4.96324
13	14	15	0	0
14	27	29	2	0
Instant	27
1	627	26	1	0
2	15	15	0	0
3	252	52	13	2.97939
4	612	15	0	0
11	26	18	0	0
12	184	62	13	3.86029
13	14	15	0	0
14	26	31	3	0
Instant	28
1	627	26	1	0
2	25	16	0	0
3	245	50	13	3.06306
4	621	15	0	0
11	27	18	0	0
12	155	59	15	7.46528
13	14	15	0	0
14	27	29	3	0
Instant	29
1	571	27	1	0
2	24	16	0	0
3	265	51	13	2.56696
4	640	15	0	0
11	25	20	1	0.307377
12	180	64	15	4.64154
13	13	15	0	0
14	27	28	2	0
Instant	30
1	606	26	1	0
2	17	14	0	0
3	217	50	15	2.99296
4	592	15	0	0
11	26	20	1	0
12	143	59	18	5.00919
13	12	15	0	0
14	26	31	3	0
Instant	31
1	641	25	1	0
2	22	17	0	0
3	253	49	13	2.75045
4	648	15	0	0
11	27	18	0	0
12	129	67	18	6.20777
13	14	15	0	0
14	27	28	2	0
Instant	32
1	634	26	1	0
2	30	16	0	0
3	272	54	12	2.67559
4	620	15	0	0
11	27	18	0	0
12	143	56	21	8.63971
13	15	15	0	0
14	27	29	2	0
Instant	33
1	620	25	1	0
2	29	17	1	0
3	258	52	12	2.59651
4	634	15	0	0
11	27	19	1	0
12	158	59	15	5.97426
13	13	15	0	0
14	27	29	2	0
Instant	34
1	600	27	2	0.147638
2	23	18	0	0
3	332	51	12	1.5456
4	627	15	0	0
11	25	19	1	0
12	177	57	14	4.56081
13	16	15	0	0
14	27	29	2	0
Instant	35
1	605	25	1	0.28463
2	29	16	0	0
3	238	53	14	3.10773
4	628	15	0	0
11	27	18	0	0
12	179	55	16	4.6875
13	13	15	0	0
14	27	29	2	0
Instant	36
1	606	27	1	0
2	26	16	0	0
3	248	52	18	2.25989
4	633	15	0	0
11	26	18	0	0
12	168	61	16	5.33088
13	13	15	0	0
14	26	29	3	0
Instant	37
1	620	26	1	0
2	21	17	0	0
3	261	47	13	2.82399
4	627	15	0	0
11	26	19	1	0
12	148	60	16	4.91071
13	14	15	0	0
14	27	29	2	0
Instant	38
1	599	27	1	0
2	12	15	0	0
3	230	57	13	3.0572
4	628	15	0	0
11	25	20	0	0
12	188	55	13	4.64154
13	12	15	0	0
14	27	29	2	0
Instant	39
1	591	28	1	0
2	26	17	0	0
3	285	47	14	2.24037
4	591	15	0	0
11	27	18	0	0
12	202	62	14	3.35478
13	14	15	0	0
14	25	32	3	0
Instant	40
1	597	27	1	0.0498008
2	26	17	0	0
3	259	50	14	2.87456
4	621	15	0	0
11	25	19	0	0
12	174	63	15	6.58784
13	14	15	0	0
14	27	29	2	0
Instant	41
1	620	27	1	0
2	23	16	0	0
3	305	53	14	1.83824
4	619	15	0	0
11	26	18	0	0
12	172	59	15	4.41176
13	15	15	0	0
14	26	30	2	0
Instant	42
1	596	26	1	0
2	14	17	0	0
3	247	54	13	2.78033
4	599	15	0	0
11	26	20	1	0
12	156	63	15	5.97426
13	13	15	0	0
14	25	31	3	0
Instant	43
1	585	27	1	0.301205
2	21	18	0	0
3	216	52	12	3.51796
4	627	15	0	0
11	25	19	0	0
12	155	57	16	5.8277
13	12	15	0	0
14	26	30	2	0
Instant	44
1	626	26	1	0.0473485
2	23	14	0	0
3	276	52	11	2.21103
4	613	15	0	0
11	27	19	1	0
12	123	57	16	6.98529
13	14	15	0	0
14	27	30	2	0
Instant	45
1	613	26	1	0
2	17	15	0	0
3	230	50	16	3.00752
4	620	15	0	0
11	27	19	1	0
12	171	61	14	5.60662
13	13	15	0	0
14	27	29	3	0
Instant	46
1	627	25	1	0
2	41	17	0	0
3	262	51	14	2.61525
4	621	15	0	0
11	27	20	1	0
12	161	65	19	5.78547
13	14	15	0	0
14	26	30	2	0
Instant	47
1	612	25	1	0
2	34	17	0	0
3	279	47	14	2.65599
4	626	15	0	0
11	26	20	1	0
12	161	57	17	5.74449
13	14	15	0	0
14	27	29	2	0
Instant	48
1	564	25	2	0.313152
2	20	16	0	0
3	247	52	13	2.71639
4	607	15	0	0
11	24	20	1	0
12	156	63	14	5.51471
13	13	15	0	0
14	26	30	3	0
Instant	49
1	565	25	1	0.747012
2	26	16	0	0
3	236	51	12	2.90865
4	612	15	0	0
11	25	19	1	0
12	157	60	16	4.7247
13	13	15	0	0
14	26	30	3	0
Instant	50
1	563	27	2	0.352113
2	27	17	0	0
3	241	50	13	2.84196
4	620	15	0	0
11	25	18	0	0
12	144	57	19	5.56066
13	13	15	0	0
14	27	30	3	0
Instant	51
1	625	26	1	0
2	20	16	0	0
3	262	50	14	2.92096
4	620	15	0	0
11	26	19	0	0
12	183	68	14	6.06618
13	14	15	0	0
14	26	30	2	0
Instant	52
1	565	26	2	0.3125
2	14	14	0	0
3	281	50	13	2.46212
4	634	15	0	0
11	24	19	0	0
12	146	63	15	6.2934
13	15	15	0	0
14	28	29	2	0
Instant	53
1	569	25	1	0.992063
2	25	15	0	0
3	297	50	12	2.03958
4	607	15	0	0
11	25	18	0	0
12	181	57	17	3.44669
13	15	15	0	0
14	26	30	2	0
Instant	54
1	677	28	2	0.174216
2	19	15	0	0
3	267	50	13	2.77281
4	605	15	0	0
11	29	19	1	0
12	155	57	16	6.20404
13	14	15	0	0
14	26	30	3	0
Instant	55
1	649	26	2	0.433276
2	25	17	0	0
3	258	53	14	2.40806
4	621	15	0	0
11	29	19	1	0
12	161	62	17	6.03885
13	14	15	0	0
14	26	30	3	0
Instant	56
1	674	28	2	0.25729
2	26	16	0	0
3	289	52	15	2.0545
4	612	15	0	0
11	29	18	0	0
12	151	61	17	5.79044
13	14	15	0	0
14	27	30	2	0
Instant	57
1	708	27	1	0
2	20	16	0	0
3	289	52	12	2.17301
4	614	15	0	0
11	30	19	0	0
12	145	63	16	6.29596
13	15	15	0	0
14	26	31	3	0
Instant	58
1	687	24	1	0.611746
2	16	17	0	0
3	285	49	12	2.29202
4	626	15	0	0
11	31	19	1	0
12	151	58	17	4.47635
13	14	15	0	0
14	26	30	2	0
Instant	59
1	606	29	2	0.335249
2	25	16	0	0
3	276	48	14	2.11572
4	620	15	0	0
11	26	19	0	0
12	136	61	18	3.72243
13	14	15	0	0
14	27	29	2	0
Instant	60
1	674	25	1	0.519031
2	17	17	0	0
3	307	49	11	2.13946
4	620	15	0	0
11	29	19	1	0
12	122	59	24	10.8456
13	15	15	0	0
14	26	30	2	0
Instant	61
1	745	26	1	0
2	14	15	0	0
3	222	50	12	3.35893
4	628	15	0	0
11	32	19	1	0
12	155	64	14	6.73363
13	13	15	0	0
14	27	29	2	0
Instant	62
1	667	28	1	0
2	25	14	0	0
3	257	49	11	2.56818
4	612	15	0	0
11	29	18	0	0
12	189	56	17	4.59559
13	13	15	0	0
14	26	30	3	0
Instant	63
1	686	26	1	0.0434028
2	23	16	0	0
3	253	51	13	2.85326
4	620	15	0	0
11	29	18	0	0
12	157	60	17	5.65257
13	14	15	0	0
14	26	30	2	0
Instant	64
1	624	27	1	0.272232
2	17	15	0	0
3	291	53	13	2.09732
4	613	15	0	0
11	28	19	1	0
12	120	63	16	6.88345
13	14	15	0	0
14	27	30	2	0
Instant	65
1	628	28	2	0.660377
2	24	16	0	0
3	275	52	13	2.39637
4	641	15	0	0
11	27	20	1	0
12	168	57	16	7.12316
13	14	15	0	0
14	27	28	2	0
Instant	66
1	575	28	2	0.489237
2	18	15	0	0
3	288	51	14	2.21074
4	606	15	0	0
11	26	19	1	0
12	155	59	16	4.41176
13	15	15	0	0
14	26	30	2	0
Instant	67
1	612	27	1	0
2	21	16	0	0
3	267	49	13	2.81629
4	606	15	0	0
11	26	18	0	0
12	152	61	15	7.01014
13	14	15	0	0
14	26	31	3	0
Instant	68
1	599	27	1	0
2	9	16	0	0
3	224	46	12	3.27553
4	620	15	0	0
11	26	19	1	0
12	169	61	18	5.27344
13	13	15	0	0
14	27	29	2	0
Instant	69
1	635	25	1	0
2	12	17	1	0
3	252	51	13	2.71639
4	620	15	0	0
11	27	19	0	0.277778
12	164	60	15	5.69853
13	13	15	0	0
14	27	29	2	0
Instant	70
1	581	26	1	0.290135
2	6	14	0	0
3	292	49	12	1.90397
4	641	15	0	0
11	26	20	1	0
12	136	65	16	6.33446
13	15	15	0	0
14	27	29	2	0
Instant	71
1	558	24	1	1.02459
2	29	15	0	0
3	265	53	14	2.47826
4	606	15	0	0
11	25	19	1	0
12	158	67	16	6.06618
13	14	15	0	0
14	25	31	3	0
Instant	72
1	632	29	2	0.093985
2	32	17	0	0
3	279	52	14	2.58106
4	606	15	0	0
11	27	20	1	0
12	167	61	16	5.72917
13	15	15	0	0
14	26	30	2	0
Instant	73
1	658	26	1	0.219298
2	25	14	0	0
3	270	50	14	2.53054
4	620	15	0	0
11	29	19	1	0
12	156	65	15	4.11585
13	14	15	0	0
14	27	29	2	0
Instant	74
1	675	27	1	0
2	18	15	0	0
3	236	52	13	3.43002
4	627	15	0	0
11	29	19	1	0
12	186	57	13	5.19301
13	13	15	0	0
14	26	30	2	0
Instant	75
1	713	26	1	0
2	26	15	0	0
3	287	49	13	2.0189
4	620	15	0	0
11	31	18	0	0
12	162	61	15	5.53977
13	14	15	0	0
14	27	29	2	0
Instant	76
1	642	28	2	0.326493
2	33	17	0	0
3	263	51	15	2.52591
4	620	15	0	0
11	27	19	0	0
12	156	60	13	5.68576
13	14	15	0	0
14	27	29	2	0
Instant	77
1	709	28	2	0
2	33	18	0	0
3	202	52	15	4.10786
4	627	15	0	0
11	31	18	0	0
12	182	64	15	3.80859
13	12	15	0	0
14	26	30	3	0
Instant	78
1	674	27	2	0
2	28	16	0	0
3	238	47	12	2.74954
4	634	15	0	0
11	28	19	0	0
12	189	60	17	4.39453
13	13	15	0	0
14	27	28	2	0
Instant	79
1	639	27	2	0.13369
2	29	16	0	0
3	244	56	14	3.04245
4	641	15	0	0
11	29	19	0	0
12	156	64	16	5.40541
13	13	15	0	0
14	27	28	2	0
Instant	80
1	672	25	1	0.75
2	32	15	0	0
3	262	50	15	2.57417
4	614	15	0	0
11	30	20	1	0
12	173	57	17	5.16098
13	14	15	0	0
14	27	30	2	0
Instant	81
1	703	25	2	0.657895
2	36	15	0	0
3	261	50	13	2.7606
4	603	15	0	0
11	31	18	0	0
12	191	59	14	4.82955
13	14	15	0	0
14	25	30	2	0.291829
Instant	82
1	643	27	2	0.590909
2	18	17	0	0
3	301	51	14	2.04619
4	628	15	0	0
11	28	20	1	0
12	177	61	18	4.01786
13	15	15	0	0
14	27	29	2	0
Instant	83
1	588	29	2	0.291262
2	36	17	0	0
3	240	51	13	2.93703
4	613	15	0	0
11	26	19	1	0
12	182	61	17	4.5928
13	13	15	0	0
14	25	29	2	0.287356
Instant	84
1	676	25	1	0
2	26	16	0	0
3	233	53	16	2.90135
4	606	15	0	0
11	29	20	1	0
12	157	58	14	5.63447
13	12	15	0	0
14	26	30	3	0
Instant	85
1	571	27	2	0.720165
2	22	15	0	0
3	245	48	13	2.5
4	606	15	0	0
11	24	18	0	0
12	155	59	26	4.60737
13	13	15	0	0
14	26	30	3	0.290698
Instant	86
1	706	25	1	1.21283
2	25	16	0	0
3	265	50	13	2.60141
4	627	15	0	0
11	32	18	0	0
12	140	63	13	6.89338
13	14	15	0	0
14	27	29	2	0
Instant	87
1	910	25	2	0
2	38	15	0	0
3	235	53	15	3.08962
4	606	15	0	0
11	40	18	0	0
12	176	61	16	5.74449
13	13	15	0	0
14	26	31	3	0
Instant	88
1	795	25	2	1.19048
2	24	17	0	0
3	246	56	15	2.74725
4	592	15	0	0
11	36	19	1	0
12	139	58	15	6.79899
13	13	15	0	0
14	26	31	3	0
Instant	89
1	728	28	2	0.279107
2	21	18	0	0
3	255	53	14	2.68817
4	634	15	0	0
11	32	19	1	0
12	203	59	14	3.90625
13	13	15	0	0
14	27	29	2	0
Instant	90
1	761	26	2	0.224888
2	17	16	0	0
3	309	51	15	1.91201
4	599	15	0	0
11	34	18	0	0
12	172	60	15	4.29688
13	15	15	0	0
14	26	31	3	0
Instant	91
1	818	25	1	0.454545
2	25	16	0	0
3	282	51	12	2.10102
4	634	15	0	0
11	36	19	1	0.212465
12	162	54	16	4.43412
13	14	15	0	0
14	27	29	2	0
Instant	92
1	705	28	2	0.340136
2	27	18	1	0
3	264	53	14	2.65625
4	613	15	0	0
11	30	19	0	0
12	142	52	17	6.48674
13	14	15	0	0
14	26	29	2	0.287356
Instant	93
1	636	26	2	0.493716
2	21	15	1	0
3	270	56	13	2.62587
4	613	15	0	0
11	28	19	1	0
12	174	65	15	5.77652
13	14	15	0	0
14	26	30	3	0
Instant	94
1	667	27	1	0.0440917
2	24	15	0	0
3	221	47	12	3.14327
4	613	15	0	0
11	29	19	0	0
12	160	65	15	4.77196
13	12	15	0	0
14	26	30	3	0
Instant	95
1	633	27	2	0.0456204
2	18	16	1	0
3	246	53	14	2.54278
4	614	15	0	0
11	28	19	1	0
12	158	61	17	5.42279
13	13	15	0	0
14	27	30	3	0
Instant	96
1	634	25	1	0
2	23	16	0	0
3	265	50	11	2.40214
4	584	15	0	0
11	27	19	1	0
12	184	66	16	4.96324
13	14	15	0	0
14	24	32	4	0.302419
Instant	97
1	599	27	1	0
2	21	14	0	0
3	315	49	13	2.29167
4	627	15	0	0
11	26	19	1	0
12	166	57	12	3.08689
13	16	15	0	0
14	27	29	2	0
Instant	98
1	608	26	1	0
2	22	15	0	0
3	277	46	16	2.23524
4	627	15	0	0
11	27	19	0	0
12	186	63	14	6.20404
13	14	15	0	0
14	27	29	3	0
Instant	99
1	627	26	1	0
2	28	16	0	0
3	253	48	12	2.95045
4	606	15	0	0
11	26	19	1	0
12	172	58	20	5.79044
13	13	15	0	0
14	26	30	3	0
Instant	100
1	613	26	1	0.290698
2	15	17	0	0
3	261	47	14	2.56637
4	613	15	0	0
11	26	18	0	0
12	160	57	18	5.8277
13	14	15	0	0
14	26	31	3	0
Instant	101
1	573	26	1	0.050505
2	21	17	0	0
3	281	50	14	2.33844
4	620	15	0	0
11	25	19	1	0
12	137	64	19	6.06618
13	15	15	0	0
14	26	30	3	0
Instant	102
1	613	26	1	0
2	19	16	0	0
3	283	54	13	2.33471
4	635	15	0	0
11	27	19	1	0
12	143	61	18	6.98529
13	15	15	0	0
14	27	28	2	0
Instant	103
1	545	25	1	0.360825
2	23	16	0	0
3	277	52	14	2.29682
4	591	15	0	0
11	25	19	1	0
12	126	62	15	3.96959
13	14	15	0	0
14	26	32	3	0
Instant	104
1	624	26	2	0.145914
2	38	16	0	0
3	279	49	12	2.19849
4	662	15	0	0
11	26	19	1	0
12	167	59	18	9.00735
13	15	15	0	0
14	28	27	2	0
Instant	105
1	592	26	1	0.294118
2	23	16	0	0
3	208	54	17	3.70654
4	613	15	0	0
11	26	19	1	0
12	157	59	18	5.51471
13	12	15	0	0
14	27	30	3	0
Instant	106
1	520	26	2	0.600437
2	35	16	0	0
3	246	51	13	2.72436
4	607	15	0	0
11	23	20	1	0
12	187	59	13	3.84291
13	13	15	0	0
14	25	30	3	0
Instant	107
1	517	28	2	0.723831
2	29	18	0	0
3	278	52	14	2.10197
4	605	15	0	0
11	22	19	0	0
12	148	60	14	5.97426
13	14	15	0	0
14	26	31	3	0
Instant	108
1	620	26	1	0
2	32	16	0	0
3	262	49	12	2.45098
4	579	15	0	0
11	27	19	1	0
12	174	60	16	5.42279
13	14	15	0	0
14	25	33	4	0
Instant	109
1	599	28	2	0
2	22	17	0	0
3	267	54	13	2.49562
4	612	15	0	0
11	25	19	0	0
12	161	61	15	4.53869
13	14	15	0	0
14	25	31	2	0
Instant	110
1	620	25	1	0
2	21	15	0	0
3	299	47	12	2.29839
4	627	15	0	0
11	27	18	0	0
12	158	55	15	5.66406
13	15	15	0	0
14	27	29	2	0
Instant	111
1	620	25	0	0.271739
2	25	16	0	0
3	249	50	16	2.88121
4	634	15	0	0
11	28	18	0	0
12	157	63	19	5.60662
13	14	15	0	0
14	27	29	2	0
Instant	112
1	627	26	1	0
2	27	14	0	0
3	214	49	13	3.44567
4	627	15	0	0
11	26	19	0	0
12	140	63	21	6.96791
13	12	15	0	0
14	26	29	3	0
Instant	113
1	613	25	1	0
2	28	15	0	0
3	229	53	13	3.11891
4	621	15	0	0
11	26	19	1	0
12	154	59	14	5.65257
13	12	15	0	0
14	27	29	2	0
Instant	114
1	613	25	0	0.287356
2	23	15	0	0
3	258	55	13	2.58152
4	633	15	0	0
11	26	19	1	0
12	154	63	12	5.88235
13	13	15	0	0
14	27	29	2	0
Instant	115
1	555	27	1	0
2	24	17	0	0
3	263	54	12	2.35215
4	620	15	0	0
11	24	18	0	0.3125
12	122	58	13	4.60304
13	13	15	0	0
14	26	30	3	0
Instant	116
1	593	27	1	0.29703
2	34	16	0	0
3	233	51	14	3.00752
4	598	15	0	0
11	25	20	1	0
12	157	61	15	5.33088
13	13	15	0	0
14	25	30	3	0.294118
Instant	117
1	605	25	1	0.287908
2	14	15	0	0
3	272	51	14	2.47727
4	607	15	0	0
11	26	19	0	0
12	158	63	20	8.45588
13	13	15	0	0
14	27	31	3	0
Instant	118
1	614	25	1	0.286807
2	16	15	0	0
3	268	50	15	2.4651
4	634	15	0	0
11	26	19	1	0
12	178	59	16	5.06757
13	14	15	0	0
14	27	29	2	0
Instant	119
1	593	25	1	0
2	36	16	0	0
3	251	52	13	2.35102
4	627	15	0	0
11	27	19	1	0
12	190	60	15	4.87132
13	13	15	0	0
14	27	29	2	0
