	T	D	J	LP
Instant	0
1	0	0	0	0
2	0	0	0	0
3	0	0	0	0
4	0	0	0	0
11	0	0	0	0
12	0	0	0	0
13	0	0	0	0
14	0	0	0	0
Instant	1
1	282	30	3	0
2	17	16	0	0
3	92	48	11	0.878099
4	364	16	0	0
11	12	18	1	0
12	67	69	14	4.00815
13	4	15	0	0
14	11	33	5	0
Instant	2
1	1243	31	3	0.188679
2	23	17	0	0
3	211	53	14	3.70019
4	3964	18	0	0
11	54	19	0	0
12	149	68	17	5.79044
13	13	15	0	0
14	173	29	1	0.133452
Instant	3
1	1066	28	3	0.550055
2	26	16	0	0
3	215	59	13	3.99306
4	2770	18	0	0
11	47	18	0	0
12	120	73	14	6.6636
13	12	15	0	0
14	115	30	1	1.48557
Instant	4
1	938	29	2	0
2	31	16	0	0
3	198	56	16	3.09829
4	2869	17	0	0
11	41	19	1	0
12	110	65	17	3.88514
13	11	15	0	0
14	127	32	1	0.389344
Instant	5
1	846	27	2	0.34153
2	24	15	0	0
3	187	57	14	3.66331
4	2626	16	0	0
11	37	19	0	0
12	122	66	17	6.52574
13	11	15	0	0
14	114	31	2	0
Instant	6
1	1040	29	3	0.0284738
2	17	15	0	0
3	232	57	15	2.85917
4	2047	16	0	0
11	44	19	1	0
12	103	62	19	4.64154
13	13	15	0	0
14	91	31	2	0
Instant	7
1	974	30	2	0
2	21	16	0	0
3	188	58	16	4.619
4	1439	16	0	0
11	43	19	0	0
12	121	70	15	17.3986
13	12	15	0	0
14	63	32	2	0
Instant	8
1	1011	29	2	0
2	12	15	0	0
3	194	58	13	3.59015
4	885	15	0	0
11	45	20	1	0
12	125	63	15	6.02022
13	11	15	0	0
14	38	33	2	0
Instant	9
1	897	29	2	0.649351
2	43	17	0	0
3	184	55	17	4.23597
4	718	15	0	0
11	39	18	0	0
12	136	56	17	8.45588
13	12	15	0	0
14	32	32	3	0.326797
Instant	10
1	1102	27	3	0.0786164
2	29	16	0	0
3	207	57	15	3.61287
4	721	15	0	0
11	48	19	1	0
12	114	57	14	3.88514
13	11	15	0	0
14	30	32	3	0
Instant	11
1	1191	30	3	0.025227
2	19	14	0	0
3	225	56	16	2.96693
4	689	15	0	0
11	51	18	0	0
12	122	66	17	7.03125
13	13	15	0	0
14	30	33	3	0
Instant	12
1	885	28	3	0.360419
2	14	15	0	0
3	209	53	18	3.18471
4	808	15	0	0
11	39	20	0	0
12	101	64	17	9.92647
13	11	15	0	0
14	35	29	2	0
Instant	13
1	786	31	3	0.294551
2	17	16	0	0
3	187	58	15	3.69565
4	901	15	0	0
11	34	18	1	0
12	118	69	17	6.58482
13	11	15	0	0
14	39	30	3	0
Instant	14
1	729	28	2	0.317965
2	32	17	0	0
3	203	58	15	3.45464
4	875	15	0	0
11	32	19	1	0
12	131	65	19	8.91544
13	11	15	0	0
14	38	30	2	0
Instant	15
1	639	26	2	1.07204
2	38	16	0	0
3	188	51	13	4.02452
4	817	15	0	0
11	30	19	0	0
12	108	65	16	5.05515
13	11	15	0	0
14	35	31	3	0
Instant	16
1	718	27	2	0.56
2	20	15	0	0
3	195	52	13	3.64153
4	757	15	0	0
11	31	18	0	0
12	116	62	20	9.33277
13	12	15	0	0
14	33	31	2	0.232198
Instant	17
1	747	27	1	0
2	28	16	0	0
3	232	56	14	3.49057
4	903	15	0	0
11	32	19	0	0
12	118	58	16	3.81434
13	13	15	0	0
14	38	30	2	0
Instant	18
1	733	28	2	0
2	18	16	0	0
3	187	53	14	4.05544
4	783	15	0	0
11	31	19	0	0
12	105	64	14	6.52574
13	12	15	0	0
14	35	32	3	0
Instant	19
1	583	28	2	0.294695
2	18	16	0	0
3	185	50	15	3.83023
4	835	15	0	0
11	26	19	1	0
12	98	58	16	4.56081
13	12	15	0	0
14	35	29	2	0
Instant	20
1	639	27	1	0.27933
2	30	15	0	0
3	191	54	13	4.09436
4	707	15	0	0
11	27	20	1	0
12	135	54	17	12.6838
13	11	15	0	0
14	30	32	3	0.498339
Instant	21
1	646	26	1	0.0443262
2	23	14	0	0
3	220	57	16	3.09406
4	688	15	0	0
11	28	20	0	0
12	104	57	14	6.15809
13	12	15	0	0
14	29	31	3	0.255102
Instant	22
1	630	27	2	0.276753
2	48	16	0	0
3	183	57	12	4.04095
4	757	15	0	0
11	27	20	1	0
12	99	64	20	10.9375
13	11	15	0	0
14	33	33	3	0
Instant	23
1	526	28	2	0.384615
2	37	16	0	0
3	191	48	12	3.73377
4	697	15	0	0
11	23	20	1	0.438596
12	124	67	13	10.7996
13	11	15	0	0
14	30	31	3	0
Instant	24
1	488	29	3	1.11241
2	35	16	0	0
3	204	55	14	3.58988
4	682	15	0	0
11	21	18	0	0
12	164	63	14	5.19301
13	12	15	0	0
14	29	32	3	0
Instant	25
1	553	27	2	0.36157
2	15	16	0	0
3	169	49	14	4.15704
4	705	15	0	0
11	24	21	1	0
12	105	66	21	4.91071
13	11	15	0	0
14	30	32	4	0
Instant	26
1	614	27	1	0
2	18	15	0	0
3	200	56	14	3.30645
4	675	15	0	0
11	26	18	0	0
12	115	62	16	5.1011
13	11	15	0	0
14	29	32	3	0
Instant	27
1	633	26	1	0.0468165
2	20	16	0	0
3	186	56	16	3.6987
4	750	15	0	0
11	27	18	0	0
12	100	72	20	9.69669
13	11	15	0	0
14	32	30	2	0
Instant	28
1	592	29	2	0
2	26	16	0	0
3	183	59	14	4.06459
4	658	15	0	0
11	26	18	0	0
12	91	69	19	4.51389
13	10	15	0	0
14	28	30	3	0.44484
Instant	29
1	568	28	1	0.309917
2	16	16	0	0
3	207	53	13	3.2881
4	706	15	0	0
11	24	19	1	0
12	101	65	17	2.25184
13	11	15	0	0
14	31	29	2	0
Instant	30
1	548	28	1	0.668724
2	23	15	0	0
3	210	54	15	3.20774
4	682	15	0	0
11	24	18	0	0
12	111	66	15	6.34191
13	12	15	0	0
14	29	32	3	0
Instant	31
1	559	28	2	0.3125
2	30	16	0	0
3	185	58	16	4.30761
4	719	15	0	0
11	24	19	0	0
12	95	65	17	6.58784
13	12	15	0	0
14	31	32	4	0
Instant	32
1	579	29	2	0.504032
2	25	14	0	0
3	187	52	14	3.89126
4	701	15	0	0
11	25	18	0	0
12	120	59	15	2.75735
13	11	15	0	0
14	30	30	3	0
Instant	33
1	607	27	2	0
2	14	15	0	0
3	176	54	16	3.85057
4	651	15	0	0
11	26	19	1	0
12	97	63	16	3.86029
13	10	15	0	0
14	28	31	3	0
Instant	34
1	511	31	2	0.608407
2	41	16	0	0
3	175	58	15	4.36782
4	643	15	0	0
11	23	20	1	0
12	91	64	19	17.103
13	10	15	0	0
14	28	32	3	0
Instant	35
1	541	28	2	0.37797
2	28	16	0	0
3	197	55	13	3.17048
4	641	15	0	0
11	23	18	1	0
12	118	60	22	4.77941
13	12	15	0	0
14	28	31	2	0
Instant	36
1	614	27	2	0
2	25	16	0	0
3	173	56	13	4.32802
4	649	15	0	0
11	26	18	0	0
12	95	65	16	17.6011
13	10	15	0	0
14	28	31	3	0
Instant	37
1	620	26	1	0
2	8	15	0	0
3	188	54	14	3.81787
4	645	15	0	0
11	26	19	1	0
12	105	73	17	13.8765
13	10	15	0	0
14	27	34	3	0
Instant	38
1	596	27	2	0
2	24	14	0	0
3	192	56	16	3.39209
4	636	15	0	0
11	26	19	1	0
12	123	69	21	7.67463
13	11	15	0	0
14	27	33	3	0
Instant	39
1	702	27	2	0.245499
2	41	16	0	0
3	205	54	15	3.35239
4	640	15	0	0
11	31	19	1	0
12	144	65	21	6.84743
13	11	15	0	0
14	27	32	3	0
Instant	40
1	781	29	2	0.0377074
2	33	17	0	0
3	179	57	15	3.97597
4	619	15	0	0
11	34	18	0	0
12	112	65	15	4.98311
13	11	15	0	0
14	27	33	4	0
Instant	41
1	711	27	1	0
2	23	17	0	0
3	189	55	14	3.53723
4	643	15	0	0
11	31	18	0	0
12	103	60	24	3.17096
13	11	15	0	0
14	27	32	3	0
Instant	42
1	595	30	2	0
2	12	16	0	0
3	229	54	14	3.03537
4	639	15	0	0
11	26	20	1	0
12	95	60	16	2.02206
13	13	15	0	0
14	27	32	3	0
Instant	43
1	606	27	2	0.287356
2	20	17	0	0
3	180	58	17	4.35144
4	627	15	0	0
11	26	18	0	0
12	115	67	13	19.5101
13	11	15	0	0
14	27	33	3	0
Instant	44
1	506	28	2	0.511364
2	22	15	1	0
3	227	51	13	3.04119
4	654	15	0	0
11	22	19	1	0
12	114	65	23	12.5919
13	13	15	0	0
14	28	31	3	0
Instant	45
1	574	26	2	0.663265
2	27	16	0	0
3	177	58	16	4.14786
4	642	15	0	0
11	24	20	1	0
12	123	65	15	6.34191
13	11	15	0	0
14	27	32	3	0
Instant	46
1	527	28	2	0.378788
2	6	16	0	0
3	198	60	16	3.56029
4	643	15	0	0
11	23	19	1	0
12	104	65	18	7.05236
13	11	15	0	0
14	28	32	3	0
Instant	47
1	577	28	2	0.355691
2	25	15	0	0
3	194	55	16	3.98773
4	625	15	0	0
11	25	19	1	0
12	105	62	15	6.38787
13	12	15	0	0
14	27	33	4	0
Instant	48
1	589	29	2	0
2	27	16	0	0
3	201	53	15	3.83612
4	749	15	0	0
11	25	18	0	0
12	108	70	18	11.2132
13	12	15	0	0
14	32	31	3	0
Instant	49
1	538	27	2	0.631579
2	40	16	0	0
3	219	56	13	3.14327
4	742	15	0	0
11	24	18	0	0
12	131	62	18	5.80357
13	12	15	0	0
14	32	30	3	0
Instant	50
1	604	28	1	0.0490196
2	40	16	0	0
3	199	58	16	3.89344
4	716	15	0	0
11	25	18	0	0
12	130	62	14	5.8364
13	12	15	0	0
14	31	29	2	0
Instant	51
1	572	28	2	0.297619
2	18	16	0	0
3	201	61	15	3.88199
4	681	15	0	0
11	25	19	0	0
12	118	65	19	6.02022
13	11	15	0	0
14	29	33	4	0
Instant	52
1	592	27	1	0
2	22	14	0	0
3	177	51	18	4.13889
4	649	15	0	0
11	25	20	1	0
12	90	65	17	4.07986
13	11	15	0	0
14	27	31	3	0.451264
Instant	53
1	587	26	2	0.3
2	23	15	0	0
3	215	56	14	2.85132
4	795	15	0	0
11	25	20	1	0
12	107	63	16	14.7518
13	12	15	0	0
14	34	31	2	0
Instant	54
1	575	26	1	0.298805
2	29	15	0	0
3	205	54	15	3.5124
4	689	15	0	0
11	25	19	1	0
12	136	65	20	7.62868
13	12	15	0	0
14	30	32	3	0
Instant	55
1	613	28	1	0
2	31	18	0	0
3	190	57	16	3.52845
4	722	15	0	0
11	26	18	0	0
12	127	66	14	7.26351
13	11	15	0	0
14	31	30	3	0
Instant	56
1	563	26	1	0.30426
2	18	14	0	0
3	214	53	15	3.58961
4	649	15	0	0
11	25	19	1	0
12	116	65	19	5.65257
13	12	15	0	0
14	28	33	3	0
Instant	57
1	569	29	2	0
2	41	15	0	0
3	203	57	15	3.1893
4	652	15	0	0
11	25	19	1	0
12	77	64	15	4.54963
13	12	15	0	0
14	28	32	3	0
Instant	58
1	611	27	1	0.0980392
2	35	15	0	0
3	198	57	15	3.44737
4	646	15	0	0
11	26	19	1	0
12	111	69	11	3.08277
13	11	15	0	0
14	27	31	3	0
Instant	59
1	599	27	1	0
2	21	14	0	0
3	183	58	16	3.99113
4	634	15	0	0
11	26	19	1	0
12	142	62	16	6.84743
13	11	15	0	0
14	28	32	4	0
Instant	60
1	611	28	1	0
2	23	15	0	0
3	229	50	14	2.81375
4	679	15	0	0
11	26	18	0	0
12	100	64	16	11.3051
13	12	15	0	0
14	29	29	2	0
Instant	61
1	585	29	1	0
2	12	14	1	0
3	197	57	14	3.58264
4	655	15	0	0
11	25	19	1	0
12	132	65	16	3.31101
13	11	15	0	0
14	27	31	2	0
Instant	62
1	605	27	1	0
2	16	15	0	0
3	204	57	16	3.37343
4	711	15	0	0
11	25	19	1	0
12	142	65	15	13.557
13	11	15	0	0
14	30	31	3	0
Instant	63
1	571	29	2	0.360082
2	19	15	0	0
3	204	56	15	3.63402
4	658	15	0	0
11	24	19	1	0
12	121	66	15	5.51471
13	12	15	0	0
14	28	33	3	0.267857
Instant	64
1	586	27	2	0.145914
2	21	15	0	0
3	190	59	15	4.05335
4	804	15	0	0
11	26	19	1	0
12	117	62	13	3.42061
13	12	15	0	0
14	35	34	4	0
Instant	65
1	604	26	1	0.387597
2	32	14	0	0
3	187	60	17	3.62124
4	748	15	0	0
11	26	18	0	0
12	102	65	21	12.7298
13	11	15	0	0
14	32	33	3	0
Instant	66
1	587	28	1	0
2	22	15	0	0
3	192	56	18	4.26892
4	728	15	0	0
11	25	19	0	0
12	105	61	16	8.9614
13	12	15	0	0
14	31	33	3	0
Instant	67
1	562	29	2	0.154959
2	23	16	0	0
3	199	53	16	3.33508
4	718	15	0	0
11	24	20	1	0
12	138	64	16	6.29223
13	12	15	0	0
14	30	29	3	0
Instant	68
1	592	28	1	0
2	9	16	0	0
3	214	52	16	3.56405
4	817	15	0	0
11	26	19	1	0
12	94	66	16	6.29883
13	12	15	0	0
14	35	31	2	0
Instant	69
1	585	29	2	0
2	31	16	0	0
3	179	53	17	4.01139
4	788	15	0	0
11	25	19	0	0
12	109	69	13	6.98529
13	12	15	0	0
14	34	33	3	0
Instant	70
1	578	28	1	0.297619
2	29	17	0	0
3	203	53	16	4.08266
4	736	15	0	0
11	25	19	0	0
12	126	65	18	14.6537
13	12	15	0	0
14	32	30	2	0.239617
Instant	71
1	627	26	0	0
2	29	16	0	0
3	205	57	15	3.52183
4	681	15	0	0
11	27	18	0	0
12	138	69	16	7.58272
13	12	15	0	0
14	29	32	4	0
Instant	72
1	617	26	0	0
2	32	15	0	0
3	193	56	15	4.1129
4	766	15	0	0
11	26	19	1	0
12	140	63	17	4.26136
13	11	15	0	0
14	33	30	3	0
Instant	73
1	609	27	1	0
2	25	16	0	0
3	181	54	15	3.93319
4	823	15	0	0
11	26	20	1	0
12	108	71	13	5.94512
13	11	15	0	0
14	34	30	3	0
Instant	74
1	576	28	2	0.15
2	20	14	0	0
3	218	55	15	3.02337
4	760	15	0	0
11	25	19	0	0
12	133	56	20	4.2739
13	12	15	0	0
14	33	32	2	0
Instant	75
1	604	27	1	0
2	21	16	0	0
3	209	57	14	3.52697
4	746	15	0	0
11	26	18	0	0
12	118	65	16	8.14394
13	12	15	0	0
14	32	32	3	0
Instant	76
1	566	28	2	0.458248
2	28	16	0	0
3	197	56	14	3.50832
4	736	15	0	0
11	24	19	1	0.304878
12	144	63	16	12.8038
13	12	15	0	0
14	31	32	3	0
Instant	77
1	592	29	2	0
2	17	16	0	0
3	195	55	15	3.84004
4	724	15	0	0
11	26	18	0	0
12	162	62	18	5.12695
13	11	15	0	0
14	31	33	3	0
Instant	78
1	575	26	2	0.352823
2	26	17	0	0
3	203	59	16	3.51153
4	764	15	0	0
11	25	20	1	0
12	128	60	19	5.17578
13	11	15	0	0
14	33	30	2	0.230769
Instant	79
1	620	26	1	0
2	29	16	0	0
3	197	51	15	3.45745
4	701	15	0	0
11	26	20	1	0
12	127	66	15	7.98142
13	11	15	0	0
14	30	31	3	0
Instant	80
1	585	29	1	0
2	21	15	0	0
3	206	49	14	3.20378
4	635	15	0	0
11	25	18	0	0
12	101	71	20	4.82955
13	12	15	0	0
14	27	32	3	0
Instant	81
1	613	27	1	0
2	35	15	0	0
3	198	56	16	3.75525
4	695	15	0	0
11	26	19	0	0
12	96	68	21	3.97727
13	11	15	0	0
14	29	32	3	0
Instant	82
1	592	26	1	0
2	36	15	0	0
3	221	54	13	3.06275
4	755	15	0	0
11	26	20	1	0
12	104	61	19	3.30357
13	12	15	0	0
14	33	29	2	0.233645
Instant	83
1	608	28	2	0
2	17	16	0	0
3	201	54	16	3.58216
4	660	15	0	0
11	26	18	0	0
12	138	63	17	14.678
13	12	15	0	0
14	28	33	3	0
Instant	84
1	613	26	1	0
2	24	16	0	0
3	224	54	16	3.19307
4	637	15	0	0
11	26	19	1	0
12	125	67	17	12.1686
13	12	15	0	0
14	28	31	3	0
Instant	85
1	598	28	1	0
2	30	16	0	0
3	201	54	17	3.60825
4	655	15	0	0
11	26	19	1	0
12	134	64	22	5.36859
13	12	15	0	0
14	28	31	3	0
Instant	86
1	600	28	1	0
2	30	16	0	0
3	198	53	15	3.70564
4	707	15	0	0
11	26	19	0	0
12	135	69	15	6.06618
13	12	15	0	0
14	30	30	3	0
Instant	87
1	620	25	1	0
2	27	16	0	0
3	186	54	18	3.87744
4	699	15	0	0
11	26	20	2	0
12	101	63	19	6.61765
13	11	15	0	0
14	30	31	3	0
Instant	88
1	592	25	1	0.294118
2	34	16	0	0
3	172	54	16	4.12844
4	662	15	0	0
11	26	19	1	0
12	131	64	18	8.15034
13	10	15	0	0
14	28	33	4	0.353357
Instant	89
1	536	29	2	0.37961
2	28	16	0	0
3	198	60	15	3.62051
4	712	15	0	0
11	23	19	1	0
12	137	60	16	7.85846
13	11	15	0	0
14	31	31	3	0
Instant	90
1	611	27	2	0.142586
2	29	15	0	0
3	181	57	17	4.03675
4	708	15	0	0
11	27	18	1	0
12	115	65	17	7.51953
13	11	15	0	0
14	30	32	3	0
Instant	91
1	599	28	1	0
2	30	15	0	0
3	184	53	15	3.91631
4	706	15	0	0
11	25	19	1	0
12	153	65	18	5.95439
13	11	15	0	0
14	31	31	3	0
Instant	92
1	597	28	2	0
2	27	16	0	0
3	226	52	15	2.89961
4	794	15	0	0
11	26	18	0	0
12	124	59	17	6.86553
13	12	15	0	0
14	34	30	2	0.221893
Instant	93
1	585	28	1	0
2	26	17	0	0
3	204	55	15	3.59343
4	707	15	0	0
11	25	19	1	0
12	137	66	20	6.29735
13	12	15	0	0
14	30	32	3	0.249169
Instant	94
1	612	27	1	0
2	31	16	0	0
3	193	60	15	4.06184
4	722	15	0	0
11	26	19	1	0
12	120	58	19	7.22128
13	11	15	0	0
14	31	31	3	0
Instant	95
1	575	29	2	0
2	30	18	0	0
3	219	58	14	2.91916
4	812	15	0	0
11	24	20	1	0
12	127	58	15	4.31985
13	12	15	0	0
14	35	31	3	0
Instant	96
1	595	27	2	0
2	21	16	0	0
3	196	58	14	3.51064
4	766	15	0	0
11	25	20	1	0
12	123	66	15	10.2482
13	11	15	0	0
14	33	32	3	0
Instant	97
1	613	26	1	0
2	11	15	0	0
3	190	59	14	4.06915
4	722	15	0	0
11	26	18	0	0
12	119	70	13	6.09756
13	11	15	0	0
14	31	30	2	0
Instant	98
1	598	28	1	0
2	17	14	0	0
3	218	54	14	3.0998
4	655	15	0	0
11	25	19	0	0
12	122	63	22	7.76654
13	12	15	0	0
14	29	32	3	0
Instant	99
1	625	29	2	0.272232
2	16	15	0	0
3	182	57	15	4.01201
4	632	15	0	0
11	28	20	1	0
12	143	65	19	6.34191
13	11	15	0	0
14	27	32	3	0
Instant	100
1	673	27	2	0
2	24	15	0	0
3	209	52	13	3.38809
4	665	15	0	0
11	28	19	0	0
12	117	70	16	6.46115
13	12	15	0	0
14	28	30	3	0
Instant	101
1	539	29	2	0.366109
2	35	16	0	0
3	202	55	14	3.39506
4	676	15	0	0
11	24	21	1	0
12	111	67	16	6.34191
13	12	15	0	0
14	29	31	3	0
Instant	102
1	643	29	3	0
2	33	15	0	0
3	211	57	14	3.51796
4	726	15	0	0
11	27	18	1	0
12	123	66	16	3.58456
13	12	15	0	0
14	32	29	2	0
Instant	103
1	669	27	2	0
2	30	17	0	0
3	197	57	16	3.73932
4	629	15	0	0
11	29	18	1	0
12	137	67	17	6.41892
13	11	15	0	0
14	27	34	4	0.373134
Instant	104
1	547	28	3	0.997899
2	32	14	0	0
3	198	54	17	3.67647
4	613	15	0	0
11	24	19	1	0
12	133	62	16	13.4651
13	11	15	0	0
14	26	31	3	0
Instant	105
1	575	27	1	0.301205
2	12	15	0	0
3	192	53	13	3.36433
4	585	15	0	0
11	25	19	1	0
12	121	57	17	5.79044
13	11	15	0	0
14	25	33	3	0
Instant	106
1	620	27	1	0
2	35	16	0	0
3	207	58	13	3.49794
4	593	15	0	0
11	26	18	0	0
12	130	67	21	8.40372
13	11	15	0	0
14	25	32	4	0
Instant	107
1	606	26	1	0
2	28	17	0	0
3	185	55	16	4.20306
4	592	15	0	0
11	27	18	0	0
12	104	60	16	5.33088
13	11	15	0	0
14	26	32	3	0
Instant	108
1	569	30	2	0
2	31	16	0	0
3	194	51	14	3.59408
4	584	15	0	0
11	25	19	1	0
12	114	67	13	4.31985
13	11	15	0	0
14	25	32	4	0
Instant	109
1	569	28	2	0.309917
2	34	15	0	0
3	197	54	16	3.13819
4	606	15	0	0
11	24	19	1	0
12	101	71	13	8.11012
13	11	15	0	0
14	26	31	3	0
Instant	110
1	615	26	2	0
2	31	15	0	0
3	192	55	15	3.93229
4	605	15	0	0
11	27	19	1	0
12	139	63	11	5.0293
13	12	15	0	0
14	26	31	3	0
Instant	111
1	592	28	1	0
2	27	16	0	0
3	201	53	16	3.84211
4	628	15	0	0
11	25	19	0	0
12	124	67	15	13.7408
13	11	15	0	0
14	27	29	2	0
Instant	112
1	595	28	2	0
2	25	15	0	0
3	187	55	13	3.51996
4	613	15	0	0
11	25	19	1	0
12	107	63	20	8.61487
13	11	15	0	0
14	26	30	2	0
Instant	113
1	600	27	1	0
2	27	15	0	0
3	197	55	12	3.78219
4	585	15	0	0
11	26	19	0	0
12	112	71	15	6.02022
13	11	15	0	0
14	24	32	3	0
Instant	114
1	606	27	1	0
2	28	15	0	0
3	202	49	14	3.25866
4	605	15	0	0
11	25	19	1	0
12	129	59	20	9.00735
13	12	15	0	0
14	26	31	3	0
Instant	115
1	592	27	1	0
2	22	16	0	0
3	210	53	15	3.32113
4	593	15	0	0
11	26	19	1	0
12	112	60	17	3.20946
13	11	15	0	0
14	26	32	3	0
Instant	116
1	585	27	1	0.60241
2	33	16	0	0
3	178	59	16	3.78035
4	592	15	0	0
11	25	18	0	0
12	127	65	20	8.36397
13	11	15	0	0
14	25	32	3	0
Instant	117
1	596	28	2	0
2	21	15	0	0
3	199	53	16	4.25963
4	585	15	0	0
11	26	19	0	0
12	99	58	19	5.37684
13	12	15	0	0
14	24	32	3	0
Instant	118
1	543	31	2	0.478723
2	21	17	0	0
3	212	55	15	3.44388
4	565	15	0	0
11	24	19	1	0
12	122	64	15	3.96959
13	12	15	0	0
14	25	34	4	0
Instant	119
1	592	28	2	0
2	19	15	0	0
3	207	56	14	2.87447
4	612	15	0	0
11	25	20	1	0
12	103	58	14	2.11397
13	11	15	0	0
14	26	31	3	0
