	T	D	J	LP
Instant	0
1	0	0	0	0
2	0	0	0	0
3	0	0	0	0
4	0	0	0	0
11	0	0	0	0
12	0	0	0	0
13	0	0	0	0
14	0	0	0	0
Instant	1
1	312	28	1	0.696594
2	5	18	0	0
3	83	44	9	1.17828
4	502	16	0	0
11	13	18	0	0
12	53	65	12	4.96894
13	4	15	0	0
14	18	30	3	0
Instant	2
1	1238	32	3	0.402081
2	33	17	0	0
3	232	64	15	4.50487
4	4341	18	0	0
11	55	19	1	0
12	96	65	19	6.18247
13	15	15	0	0
14	190	31	1	0
Instant	3
1	1083	28	2	0.701663
2	37	17	0	0
3	242	57	14	4.08249
4	3467	18	0	0
11	49	18	0	0
12	87	63	17	8.04322
13	14	15	0	0
14	149	28	1	0.864993
Instant	4
1	1046	28	3	0.453001
2	20	16	0	0
3	220	59	15	3.77273
4	3438	17	0	0
11	45	19	0	0
12	71	61	12	5.29509
13	13	15	0	0
14	152	31	1	0
Instant	5
1	1068	28	2	0
2	27	15	0	0
3	218	55	17	4.13586
4	2824	16	0	0
11	47	18	0	0
12	92	66	15	8.64346
13	13	15	0	0
14	123	31	1	0
Instant	6
1	952	26	2	0.529265
2	38	15	0	0
3	245	57	17	3.27434
4	1886	16	0	0
11	41	19	0	0
12	83	67	22	4.44178
13	14	15	0	0
14	79	32	2	0.872818
Instant	7
1	810	27	2	0.727147
2	19	15	0	0
3	220	57	14	3.59813
4	1657	16	0	0
11	37	18	0	0
12	85	66	20	8.10811
13	13	15	0	0
14	74	31	2	0
Instant	8
1	879	27	1	0
2	8	16	1	0
3	224	56	14	3.37106
4	1156	15	0	0
11	38	19	0	0
12	104	67	20	4.98199
13	12	15	0	0
14	49	30	2	0.709939
Instant	9
1	809	27	2	0.217391
2	15	15	0	0
3	192	57	16	4.03727
4	997	15	0	0
11	35	19	0	0
12	76	59	20	3.96158
13	12	15	0	0
14	44	31	2	0
Instant	10
1	790	25	1	0
2	25	15	0	0
3	197	58	15	3.31579
4	785	15	0	0
11	33	19	0	0.373134
12	84	63	19	4.41258
13	11	15	0	0
14	32	33	3	0
Instant	11
1	655	28	2	0
2	26	17	0	0
3	207	56	15	3.71016
4	696	15	0	0
11	28	20	1	0
12	84	60	20	3.90156
13	12	15	0	0
14	30	33	4	0.420875
Instant	12
1	705	27	1	0
2	22	16	0	0
3	198	57	17	3.57895
4	686	15	0	0
11	30	18	0	0
12	89	60	18	4.08163
13	11	15	0	0
14	30	32	4	0
Instant	13
1	726	26	1	0.242718
2	25	16	0	0
3	191	52	17	3.84814
4	632	15	0	0
11	31	19	1	0
12	97	66	16	2.6725
13	12	15	0	0
14	26	33	3	0
Instant	14
1	766	26	1	0
2	18	16	0	0
3	195	54	15	3.92932
4	635	15	0	0
11	32	20	1	0
12	98	65	15	29.0516
13	11	15	0	0
14	26	31	3	0.648148
Instant	15
1	701	29	2	0
2	25	15	0	0
3	220	54	13	3.36444
4	707	15	0	0
11	31	19	0	0
12	90	68	17	5.76231
13	12	15	0	0
14	31	29	2	0
Instant	16
1	703	27	1	0
2	14	14	0	0
3	189	55	14	3.79747
4	678	15	0	0
11	31	18	0	0
12	73	62	16	4.85383
13	11	15	0	0
14	28	32	3	0
Instant	17
1	720	24	1	0.0403226
2	30	14	0	0
3	205	55	14	3.66599
4	647	15	0	0
11	31	19	1	0
12	81	68	18	4.08163
13	12	15	0	0
14	28	31	3	0.363636
Instant	18
1	661	27	1	0.437828
2	34	15	0	0
3	185	53	14	4.41478
4	601	15	0	0
11	29	19	0	0
12	96	61	17	3.18127
13	12	15	0	0
14	26	32	3	0
Instant	19
1	683	26	2	0
2	23	17	0	0
3	197	49	15	3.70183
4	607	15	0	0
11	29	19	1	0
12	92	65	21	3.97132
13	12	15	0	0
14	26	30	2	0
Instant	20
1	641	25	1	0.358423
2	35	17	0	0
3	244	55	15	2.82183
4	585	15	0	0
11	28	20	1	0
12	83	58	23	4.2617
13	13	15	0	0
14	25	33	4	0
Instant	21
1	600	26	1	0.0998004
2	36	16	0	0
3	199	55	15	4.03885
4	584	15	0	0
11	25	18	0	0
12	82	64	23	3.36134
13	12	15	0	0
14	25	33	4	0
Instant	22
1	613	26	1	0
2	21	16	0	0
3	195	58	17	3.69681
4	599	15	0	0
11	27	18	0	0
12	80	66	18	4.6332
13	11	15	0	0
14	25	30	3	0.294118
Instant	23
1	613	27	1	0
2	23	15	0	0
3	204	54	13	3.68257
4	592	15	0	0
11	26	19	0	0
12	76	62	21	2.58103
13	12	15	0	0
14	26	31	3	0
Instant	24
1	617	27	1	0
2	17	15	0	0
3	201	53	14	3.4901
4	571	15	0	0
11	26	19	0	0
12	73	66	17	2.34094
13	12	15	0	0
14	25	34	4	0
Instant	25
1	528	26	2	0.421053
2	21	16	0	0
3	250	53	15	2.61122
4	592	15	0	0
11	24	18	0	0
12	79	68	16	7.04568
13	13	15	0	0
14	25	32	3	0
Instant	26
1	603	26	1	0.291829
2	17	18	0	0
3	209	57	15	3.18323
4	585	15	0	0
11	26	20	1	0
12	80	59	17	2.52101
13	12	15	0	0
14	25	32	4	0
Instant	27
1	599	28	1	0
2	7	17	0	0
3	199	55	14	3.53774
4	606	15	0	0
11	25	19	1	0
12	85	64	22	6.42257
13	11	15	0	0
14	26	31	3	0
Instant	28
1	620	26	1	0
2	22	17	0	0
3	211	51	14	3.64173
4	578	15	0	0
11	27	19	1	0
12	77	61	17	4.81859
13	12	15	0	0
14	25	33	4	0
Instant	29
1	585	28	1	0
2	21	16	0	0
3	206	54	16	3.56426
4	599	15	0	0
11	25	19	1	0
12	94	64	21	3.60144
13	12	15	0	0
14	26	31	3	0
Instant	30
1	565	26	1	0.308008
2	36	17	0	0
3	194	55	15	3.80435
4	592	15	0	0
11	24	19	1	0
12	84	68	14	4.02161
13	12	15	0	0
14	25	31	3	0
Instant	31
1	606	27	1	0
2	33	16	0	0
3	205	51	12	3.71622
4	592	15	0	0
11	26	19	1	0
12	68	62	17	3.30943
13	12	15	0	0
14	25	32	3	0
Instant	32
1	620	26	1	0
2	13	17	0	0
3	211	54	13	3.15104
4	592	15	0	0
11	26	19	0	0
12	74	68	17	7.20288
13	11	15	0	0
14	25	31	3	0.297619
Instant	33
1	546	27	2	0.628931
2	33	17	0	0
3	179	55	15	3.96476
4	585	15	0	0
11	24	20	1	0
12	80	59	20	2.58103
13	11	15	0	0
14	25	32	3	0
Instant	34
1	627	26	1	0.0462107
2	32	16	0	0
3	212	54	16	3.53261
4	562	15	0	0
11	27	18	0	0
12	74	61	18	1.87534
13	12	15	0	0
14	24	32	3	0.3125
Instant	35
1	641	26	1	0
2	35	15	0	0
3	218	57	14	3.4
4	572	15	0	0
11	27	18	1	0
12	99	61	21	7.86314
13	12	15	0	0
14	25	34	4	0
Instant	36
1	601	27	2	0
2	25	16	0	0
3	262	52	14	2.5
4	591	15	0	0
11	26	19	1	0
12	102	68	18	3.36134
13	14	15	0	0
14	24	31	3	0.298805
Instant	37
1	620	26	1	0
2	20	17	0	0
3	220	53	14	3.075
4	614	15	0	0
11	27	18	0	0
12	95	59	18	2.76968
13	12	15	0	0
14	27	30	2	0
Instant	38
1	627	25	0	0
2	25	15	0	0
3	200	55	14	3.77789
4	583	15	0	0
11	26	20	1	0
12	80	67	23	4.20168
13	12	15	0	0
14	24	31	3	0.301205
Instant	39
1	612	27	1	0.0484496
2	34	16	0	0
3	183	57	14	4.11074
4	600	15	0	0
11	26	19	0	0
12	86	70	17	4.44178
13	11	15	0	0
14	26	32	3	0
Instant	40
1	547	25	1	0.670103
2	21	16	0	0
3	189	55	16	3.83192
4	606	15	0	0
11	24	19	1	0
12	71	70	19	4.85383
13	11	15	0	0
14	26	31	3	0
Instant	41
1	632	25	1	0
2	30	17	0	0
3	218	57	14	3.22663
4	564	15	0	0
11	27	18	0	0
12	88	64	20	3.96158
13	12	15	0	0
14	24	33	4	0
Instant	42
1	627	25	1	0
2	17	15	0	0
3	185	55	15	3.70172
4	599	15	0	0
11	27	19	1	0
12	68	67	19	4.56182
13	11	15	0	0
14	26	31	3	0
Instant	43
1	620	25	1	0
2	27	15	0	0
3	191	57	16	3.60577
4	606	15	0	0
11	26	20	0	0
12	73	65	16	4.57805
13	11	15	0	0
14	26	30	3	0
Instant	44
1	641	26	1	0
2	24	15	0	0
3	233	55	14	3.33493
4	573	15	0	0
11	28	18	0	0
12	82	66	22	4.86195
13	13	15	0	0
14	24	32	4	0.307377
Instant	45
1	591	26	1	0.295858
2	50	16	0	0
3	208	56	13	3.28815
4	578	15	0	0
11	26	19	1	0
12	72	70	22	4.5018
13	12	15	0	0
14	25	32	3	0
Instant	46
1	604	26	1	0
2	23	16	0	0
3	203	51	12	3.53822
4	620	15	0	0
11	27	20	1	0
12	63	61	25	5.07446
13	11	15	0	0
14	26	29	2	0
Instant	47
1	572	26	1	0.308008
2	24	17	0	0
3	180	56	12	4.17588
4	599	15	0	0
11	24	19	1	0
12	82	69	17	4.38175
13	11	15	0	0
14	26	31	3	0
Instant	48
1	633	26	1	0.0473485
2	13	17	0	0
3	211	59	14	3.38326
4	578	15	0	0
11	26	18	0	0
12	73	64	20	4.68187
13	12	15	0	0
14	24	34	4	0
Instant	49
1	554	28	2	0.313152
2	32	16	0	0
3	209	54	16	2.90638
4	579	15	0	0
11	24	19	1	0
12	81	67	16	3.30418
13	12	15	0	0
14	26	32	4	0
Instant	50
1	617	27	1	0
2	25	16	0	0
3	212	57	14	3.37907
4	598	15	0	0
11	26	18	0	0
12	85	64	21	3.72149
13	12	15	0	0
14	25	32	3	0
Instant	51
1	596	26	1	0
2	20	15	0	0
3	225	58	12	2.94554
4	585	15	0	0
11	26	20	1	0
12	103	68	17	3.96158
13	12	15	0	0
14	25	32	3	0
Instant	52
1	612	27	1	0
2	18	15	0	0
3	198	57	14	3.87214
4	606	15	0	0
11	26	18	0	0
12	80	70	17	4.19501
13	12	15	0	0
14	26	30	2	0
Instant	53
1	607	26	1	0
2	10	17	0	0
3	198	53	15	3.826
4	592	15	0	0
11	26	20	1	0
12	82	64	20	3.96158
13	11	15	0	0
14	25	31	3	0.297619
Instant	54
1	599	26	1	0.297619
2	21	16	0	0
3	203	54	14	3.22086
4	606	15	0	0
11	25	19	1	0
12	91	61	17	3.66146
13	12	15	0	0
14	26	31	3	0
Instant	55
1	592	26	1	0.290698
2	28	15	0	0
3	237	55	13	2.87718
4	571	15	0	0
11	26	19	0	0
12	90	63	22	4.02648
13	12	15	0	0
14	25	33	4	0
Instant	56
1	572	25	1	0.408998
2	14	14	0	0
3	199	51	15	3.49462
4	585	15	0	0
11	25	19	1	0
12	89	58	17	3.48139
13	11	15	0	0
14	24	33	4	0
Instant	57
1	589	28	1	0
2	34	18	0	0
3	225	55	16	2.99125
4	593	15	0	0
11	25	19	1	0
12	100	63	20	4.02161
13	12	15	0	0
14	26	32	3	0
Instant	58
1	579	26	1	0.35
2	33	17	0	0
3	214	55	16	3.59312
4	576	15	0	0
11	25	20	1	0
12	81	61	21	1.87534
13	12	15	0	0
14	25	33	4	0
Instant	59
1	579	28	1	0
2	31	16	0	0
3	203	57	15	3.48485
4	612	15	0	0
11	25	21	1	0
12	68	59	17	3.06122
13	12	15	0	0
14	26	30	2	0
Instant	60
1	634	24	1	0
2	26	15	0	0
3	216	57	14	3.025
4	608	15	0	0
11	28	19	1	0
12	48	59	17	3.60144
13	12	15	0	0
14	26	30	3	0.289575
Instant	61
1	497	26	1	0.983796
2	17	16	0	0
3	219	53	17	3.09959
4	598	15	0	0
11	22	20	1	0
12	64	60	15	2.6725
13	12	15	0	0
14	25	31	3	0
Instant	62
1	573	29	2	0.0503018
2	22	15	0	0
3	229	55	13	2.97271
4	613	15	0	0
11	25	19	0	0
12	67	64	20	2.94118
13	12	15	0	0
14	26	30	2	0
Instant	63
1	613	26	1	0
2	15	14	0	0
3	216	51	14	3.67357
4	599	15	0	0
11	26	19	1	0
12	70	62	21	13.7455
13	12	15	0	0
14	26	31	3	0
Instant	64
1	606	27	2	0
2	22	16	0	0
3	209	57	18	3.02419
4	586	15	0	0
11	25	20	1	0
12	81	57	17	6.67402
13	12	15	0	0
14	26	33	4	0
Instant	65
1	592	27	1	0
2	15	14	0	0
3	166	58	16	4.52247
4	591	15	0	0
11	26	19	1	0
12	94	61	18	3.66146
13	11	15	0	0
14	25	32	3	0
Instant	66
1	620	27	1	0
2	16	15	1	0
3	214	54	15	3.5061
4	585	15	0	0
11	26	18	0	0
12	94	65	21	3.72149
13	12	15	0	0
14	26	32	3	0
Instant	67
1	599	28	1	0
2	33	16	0	0
3	225	53	15	3.31094
4	606	15	0	0
11	26	19	0	0
12	99	63	20	3.41975
13	13	15	0	0
14	25	31	3	0
Instant	68
1	613	28	1	0
2	24	15	0	0
3	188	51	16	3.98207
4	569	15	0	0
11	26	18	0	0
12	87	60	20	3.89031
13	11	15	0	0
14	24	32	3	0.308642
Instant	69
1	595	26	1	0.348606
2	18	17	0	0
3	205	54	13	3.24074
4	608	15	0	0
11	25	19	1	0
12	78	67	17	4.68187
13	12	15	0	0
14	26	31	3	0
Instant	70
1	592	27	1	0
2	13	16	0	0
3	221	55	15	3.30375
4	605	15	0	0
11	26	18	0	0
12	72	70	16	3.861
13	12	15	0	0
14	26	31	3	0
Instant	71
1	613	27	1	0
2	19	15	0	0
3	193	54	13	3.8055
4	592	15	0	0
11	26	19	1	0
12	102	60	21	4.02161
13	11	15	0	0
14	26	32	3	0
Instant	72
1	619	25	1	0.0473485
2	9	17	0	0
3	210	52	15	3.35366
4	585	15	0	0
11	26	19	1	0
12	81	63	16	4.329
13	12	15	0	0
14	25	32	4	0
Instant	73
1	589	29	1	0.0992064
2	29	16	0	0
3	182	59	16	4.22222
4	564	15	0	0
11	25	19	0	0
12	83	56	19	3.08611
13	11	15	0	0
14	24	35	4	0
Instant	74
1	555	27	2	0.319829
2	32	16	0	0
3	236	53	14	2.94118
4	592	15	0	0
11	24	19	1	0
12	96	62	19	3.2413
13	13	15	0	0
14	25	32	3	0
Instant	75
1	608	26	1	0.287356
2	43	16	0	0
3	205	54	13	3.59312
4	593	15	0	0
11	26	19	1	0
12	97	68	19	4.08163
13	12	15	0	0
14	25	31	3	0
Instant	76
1	599	28	1	0
2	20	16	0	0
3	197	53	14	3.50318
4	591	15	0	0
11	26	19	0	0
12	87	61	18	4.02494
13	11	15	0	0
14	26	32	3	0
Instant	77
1	609	25	1	0.142586
2	36	17	0	0
3	176	52	16	4.05556
4	614	15	0	0
11	26	19	0	0
12	96	64	18	3.31633
13	11	15	0	0
14	26	30	3	0
Instant	78
1	641	25	1	0
2	35	17	0	0
3	187	54	15	3.77409
4	591	15	0	0
11	28	18	0	0
12	96	55	24	3.6352
13	11	15	0	0
14	25	32	4	0
Instant	79
1	619	26	2	0.327715
2	20	17	0	0
3	209	54	15	3.37221
4	634	15	0	0
11	27	18	0	0
12	83	66	17	4.13679
13	12	15	0	0
14	27	29	2	0
Instant	80
1	648	25	1	0
2	32	17	0	0
3	215	52	14	3.80762
4	564	15	0	0
11	27	18	0	0
12	99	65	23	3.4632
13	12	15	0	0
14	24	33	3	0
Instant	81
1	599	26	1	0
2	34	17	0	0
3	204	50	14	3.41141
4	613	15	0	0
11	26	19	1	0
12	104	63	19	3.15399
13	12	15	0	0
14	26	31	3	0
Instant	82
1	606	25	1	0
2	33	16	0	0
3	205	57	14	3.63402
4	592	15	0	0
11	26	20	1	0.290698
12	69	59	19	4.19825
13	12	15	0	0
14	25	32	2	0
Instant	83
1	613	27	1	0
2	19	17	0	0
3	187	56	13	3.51395
4	613	15	0	0
11	26	19	0	0
12	81	58	17	4.39085
13	11	15	0	0
14	26	30	2	0
Instant	84
1	620	26	1	0
2	21	15	0	0
3	190	53	14	3.90127
4	571	15	0	0
11	26	19	1	0
12	79	68	18	4.51453
13	11	15	0	0
14	24	32	3	0.308642
Instant	85
1	620	25	1	0.274725
2	43	16	0	0
3	210	57	14	3.48896
4	606	15	0	0
11	27	18	0	0
12	111	69	22	2.04082
13	12	15	0	0
14	26	31	3	0
Instant	86
1	627	26	1	0
2	23	15	0	0
3	202	49	16	3.38983
4	599	15	0	0
11	26	19	0	0
12	76	69	22	4.2617
13	11	15	0	0
14	25	32	3	0
Instant	87
1	591	26	1	0.148221
2	26	16	0	0
3	265	53	13	2.65679
4	606	15	0	0
11	25	20	1	0
12	72	65	19	4.68187
13	14	15	0	0
14	26	30	3	0
Instant	88
1	615	26	1	0
2	28	16	0	0
3	207	65	17	3.79098
4	592	15	0	0
11	26	19	0	0
12	77	67	18	5.62603
13	12	15	0	0
14	25	31	3	0
Instant	89
1	608	26	1	0
2	26	17	0	0
3	215	56	16	3.06931
4	613	15	0	0
11	26	20	1	0
12	97	60	22	3.18127
13	12	15	0	0
14	27	30	3	0
Instant	90
1	618	26	1	0
2	42	17	0	0
3	172	57	18	4.28977
4	592	15	0	0
11	27	18	0	0
12	80	61	18	4.01786
13	10	15	0	0
14	25	32	3	0
Instant	91
1	613	28	1	0
2	13	17	0	0
3	213	59	17	3.2398
4	599	15	0	0
11	25	19	0	0
12	69	70	13	4.13679
13	12	15	0	0
14	25	31	3	0
Instant	92
1	627	25	1	0
2	16	14	0	0
3	219	54	15	3.64078
4	600	15	0	0
11	28	20	1	0
12	116	60	21	3.40136
13	12	15	0	0
14	26	31	3	0
Instant	93
1	599	28	1	0
2	32	16	0	0
3	196	53	17	3.57906
4	605	15	0	0
11	25	19	0	0
12	103	61	19	2.84477
13	11	15	0	0
14	26	30	3	0
Instant	94
1	611	26	1	0
2	24	18	0	0
3	178	63	16	3.97351
4	586	15	0	0
11	26	19	1	0
12	71	66	20	2.37176
13	11	15	0	0
14	25	32	3	0
Instant	95
1	599	27	1	0
2	19	15	0	0
3	174	53	14	3.85488
4	605	15	0	0
11	26	19	1	0
12	79	63	19	2.16086
13	10	15	0	0
14	25	32	4	0
Instant	96
1	620	26	1	0
2	16	16	0	0
3	210	56	15	3.5387
4	564	15	0	0
11	26	19	1	0
12	74	60	19	9.0036
13	12	15	0	0
14	25	33	4	0
Instant	97
1	618	26	2	0
2	34	16	0	0
3	151	55	16	4.8494
4	606	15	0	0
11	27	20	1	0
12	74	64	17	3.83275
13	10	15	0	0
14	26	31	3	0
Instant	98
1	627	26	1	0
2	14	16	0	0
3	198	53	17	3.4465
4	600	15	0	0
11	27	18	0	0
12	89	60	21	3.96158
13	12	15	0	0
14	26	31	3	0
Instant	99
1	608	26	1	0.095057
2	24	16	0	0
3	233	53	16	3.07655
4	598	15	0	0
11	27	19	1	0
12	100	63	18	3.54142
13	13	15	0	0
14	25	32	3	0
Instant	100
1	634	24	1	0.274725
2	25	15	0	0
3	192	55	14	3.84409
4	585	15	0	0
11	27	18	0	0
12	104	61	17	3.53006
13	11	15	0	0
14	25	32	3	0
Instant	101
1	615	26	2	0
2	21	16	0	0
3	201	50	16	3.55317
4	606	15	0	0
11	27	19	1	0
12	89	63	19	3.48139
13	11	15	0	0
14	26	30	3	0
Instant	102
1	632	26	1	0
2	22	17	0	0
3	231	53	13	3.07801
4	606	15	0	0
11	27	19	0	0
12	77	63	21	4.56182
13	13	15	0	0
14	25	32	3	0
Instant	103
1	634	25	1	0
2	19	18	0	0
3	208	57	14	3.67647
4	585	15	0	0
11	27	19	1	0
12	82	67	19	4.35742
13	12	15	0	0
14	25	32	4	0
Instant	104
1	618	25	1	0
2	12	15	0	0
3	227	51	12	3.17308
4	613	15	0	0
11	27	19	1	0
12	62	64	18	4.86195
13	13	15	0	0
14	26	30	2	0
Instant	105
1	613	27	1	0
2	21	15	0	0
3	200	55	15	3.78947
4	600	15	0	0
11	26	18	0	0
12	93	57	23	3.48139
13	11	15	0	0
14	26	31	3	0
Instant	106
1	618	26	1	0
2	31	15	0	0
3	206	55	15	3.26962
4	592	15	0	0
11	26	20	1	0
12	77	57	21	4.68836
13	12	15	0	0
14	25	32	4	0
Instant	107
1	641	25	1	0
2	27	16	0	0
3	201	57	15	3.20652
4	606	15	0	0
11	27	18	0	0
12	78	63	22	2.16086
13	11	15	0	0
14	26	29	2	0.290698
Instant	108
1	615	26	1	0
2	36	17	0	0
3	196	56	16	3.76569
4	598	15	0	0
11	27	19	0	0
12	91	63	20	6.30252
13	11	15	0	0
14	25	32	3	0
Instant	109
1	595	28	2	0.0498008
2	17	16	0	0
3	198	53	16	3.46791
4	584	15	0	0
11	25	20	1	0
12	74	57	16	3.88727
13	12	15	0	0
14	25	32	3	0.301205
Instant	110
1	606	27	1	0
2	20	15	0	0
3	224	51	13	3.77907
4	601	15	0	0
11	26	19	0	0
12	78	67	16	4.20918
13	13	15	0	0
14	26	31	3	0
Instant	111
1	606	26	1	0
2	37	15	0	0
3	196	54	16	3.73506
4	598	15	0	0
11	26	19	0	0
12	82	68	18	4.38175
13	12	15	0	0
14	25	31	3	0
Instant	112
1	638	26	1	0
2	36	16	0	0
3	217	55	12	3.6165
4	599	15	0	0
11	26	18	0	0.275735
12	80	63	22	4.35742
13	12	15	0	0
14	26	31	3	0
Instant	113
1	600	27	2	0
2	21	16	0	0
3	227	56	14	3.55461
4	571	15	0	0
11	27	19	1	0
12	79	67	18	4.32173
13	13	15	0	0
14	25	33	4	0
Instant	114
1	599	28	1	0.201613
2	27	15	0	0
3	240	60	17	2.81593
4	599	15	0	0
11	25	19	0	0
12	74	61	21	3.72149
13	13	15	0	0
14	26	31	3	0
Instant	115
1	578	28	2	0
2	11	14	0	0
3	201	55	16	3.58264
4	585	15	0	0
11	25	21	1	0
12	85	61	23	4.90899
13	11	15	0	0
14	24	33	4	0
Instant	116
1	598	27	1	0
2	24	14	0	0
3	204	59	15	3.86546
4	578	15	0	0
11	26	19	1	0
12	80	61	15	3.90156
13	12	15	0	0
14	25	33	3	0
Instant	117
1	586	28	1	0.297619
2	16	15	0	0
3	215	53	14	3.3215
4	606	15	0	0
11	25	19	0	0
12	67	63	20	3.30132
13	12	15	0	0
14	25	31	3	0
Instant	118
1	632	25	1	0
2	23	16	0	0
3	190	53	13	3.96406
4	593	15	0	0
11	27	19	0	0
12	69	67	21	6.72918
13	12	15	0	0
14	26	31	3	0
Instant	119
1	595	27	2	0.294695
2	34	16	0	0
3	201	54	14	3.56045
4	577	15	0	0
11	26	18	0	0
12	91	62	17	3.42137
13	12	15	0	0
14	25	33	5	0
