	T	D	J	LP
Instant	0
1	0	0	0	0
2	0	0	0	0
3	0	0	0	0
4	0	0	0	0
11	0	0	0	0
12	0	0	0	0
13	0	0	0	0
14	0	0	0	0
Instant	1
1	273	30	2	0
2	19	17	0	0
3	108	47	9	0.766129
4	563	17	0	0
11	11	19	1	0
12	70	65	10	4.22705
13	5	15	0	0
14	20	24	1	0
Instant	2
1	1068	34	3	2.45902
2	22	16	0	0
3	404	62	13	2.67094
4	3304	18	0	0
11	53	18	0	0
12	64	73	17	6.83962
13	21	15	0	0
14	143	28	1	0
Instant	3
1	1237	34	3	0.595238
2	14	17	0	0
3	412	50	14	1.69414
4	2592	17	0	0
11	54	18	0	0
12	51	78	19	2.84926
13	20	15	0	0
14	115	30	1	0.566636
Instant	4
1	1162	31	3	0.742574
2	16	15	0	0
3	281	52	17	2.67129
4	1888	16	0	0
11	52	19	1	0
12	37	76	6	1.64696
13	15	15	0	0
14	81	28	1	0.591532
Instant	5
1	992	30	3	0.460829
2	39	15	0	0
3	307	53	13	2.21169
4	1623	16	0	0
11	45	19	0	0
12	37	45	9	0.137868
13	15	15	0	0
14	71	28	1	0
Instant	6
1	976	29	3	0
2	19	15	0	0
3	290	51	16	2.79968
4	1204	16	0	0
11	42	19	1	0
12	34	57	10	0
13	15	15	0	0
14	50	28	1	0.634766
Instant	7
1	767	29	3	0.689127
2	23	17	0	0
3	304	52	14	2.5
4	1208	16	0	0
11	34	19	0	0
12	30	57	7	0.211149
13	16	15	0	0
14	53	28	1	0
Instant	8
1	769	29	3	0
2	24	16	0	0
3	226	54	14	3.23985
4	1127	16	0	0
11	33	19	1	0
12	31	67	10	6.29596
13	13	15	0	0
14	49	29	1	0
Instant	9
1	891	26	2	0
2	18	17	0	0
3	211	53	13	3.14371
4	1089	15	0	0
11	38	20	1	0
12	46	63	15	1.33272
13	12	15	0	0
14	48	28	2	0
Instant	10
1	1046	27	2	0.167411
2	19	15	0	0
3	269	55	14	2.78777
4	1083	16	0	0
11	46	18	1	0
12	46	68	12	0.802365
13	14	15	0	0
14	47	28	2	0
Instant	11
1	933	29	3	0.431034
2	40	17	0	0
3	220	51	15	3.04762
4	1120	16	0	0
11	41	18	0	0
12	42	53	16	1.42463
13	13	15	0	0
14	48	28	1	0
Instant	12
1	840	29	2	0.0348189
2	29	18	0	0
3	258	51	15	3.0648
4	992	15	0	0
11	37	19	0	0
12	44	68	15	0.965074
13	14	15	0	0
14	43	28	2	0.296209
Instant	13
1	846	28	1	0.66064
2	27	17	0	0
3	249	53	13	2.79517
4	973	15	0	0
11	37	19	0	0
12	43	64	11	1.00446
13	13	15	0	0
14	42	28	1	0
Instant	14
1	801	26	2	0.0356633
2	20	17	0	0
3	250	50	13	2.91511
4	927	15	0	0
11	35	18	0	0
12	44	60	18	1.60846
13	13	15	0	0
14	40	29	2	0
Instant	15
1	794	28	1	0.369822
2	18	15	0	0
3	243	50	12	2.6487
4	983	15	0	0
11	34	18	0	0
12	50	62	17	0.827206
13	13	15	0	0
14	42	28	2	0
Instant	16
1	746	29	2	0
2	32	15	0	0
3	231	53	15	3.36896
4	965	16	0	0
11	33	19	0	0
12	55	62	14	22.1706
13	13	15	0	0
14	42	29	2	0
Instant	17
1	722	29	2	0
2	13	16	1	0
3	270	53	12	2.4569
4	1014	15	0	0
11	31	18	0	0
12	59	69	18	28.0331
13	14	15	0	0
14	43	28	2	0
Instant	18
1	680	28	2	0.301724
2	28	14	0	0
3	296	51	13	2.25376
4	1044	16	0	0
11	29	18	0	0
12	60	57	21	3.99816
13	15	15	0	0
14	45	28	1	0
Instant	19
1	839	28	2	0
2	41	16	0	0
3	262	52	15	2.26465
4	1078	15	0	0
11	36	19	0	0
12	61	62	20	1.52027
13	14	15	0	0
14	46	27	1	0
Instant	20
1	699	28	2	0.499168
2	15	18	0	0
3	238	54	15	3.18396
4	1050	15	0	0
11	30	20	0	0
12	42	71	21	3.07904
13	13	15	0	0
14	46	28	1	0
Instant	21
1	667	30	2	0.293132
2	17	15	0	0
3	270	52	13	2.07968
4	1155	15	0	0
11	30	18	0	0
12	42	68	14	1.5625
13	14	15	0	0
14	50	28	1	0
Instant	22
1	620	30	2	0.378788
2	41	17	0	0
3	235	52	17	2.96935
4	1137	16	0	0
11	27	20	0	0
12	40	62	16	5.70101
13	13	15	0	0
14	50	28	1	0
Instant	23
1	673	26	1	0
2	22	16	0	0
3	277	49	13	2.5431
4	1114	15	0	0
11	29	18	0	0
12	34	55	20	1.83824
13	14	15	0	0
14	49	28	1	0
Instant	24
1	663	28	2	0
2	22	17	0	0
3	232	53	14	2.82336
4	1085	15	0	0
11	28	19	0	0
12	27	61	6	1.65441
13	12	15	0	0
14	46	28	2	0
Instant	25
1	709	27	2	0
2	31	15	0	0
3	249	49	14	2.79575
4	1109	15	0	0
11	31	18	0	0
12	42	65	16	11.3095
13	13	15	0	0
14	50	30	2	0
Instant	26
1	667	28	2	0
2	37	15	0	0
3	278	52	13	2.28242
4	1176	15	0	0
11	29	19	0	0
12	57	57	23	5.92831
13	14	15	0	0
14	51	27	1	0
Instant	27
1	653	27	2	0
2	25	16	0	0
3	218	55	13	3.06931
4	1165	15	0	0
11	27	18	0	0.359712
12	51	57	18	1.19485
13	12	15	0	0
14	49	27	1	0
Instant	28
1	599	27	2	0
2	33	16	1	0
3	231	54	14	3.13112
4	1173	15	0	0
11	26	20	1	0
12	59	65	21	3.99306
13	12	15	0	0
14	51	28	1	0
Instant	29
1	589	28	1	0.0491159
2	19	18	0	0
3	248	53	13	2.87753
4	1161	15	0	0
11	26	19	1	0
12	47	71	13	2.52757
13	13	15	0	0
14	51	29	1	0
Instant	30
1	592	27	1	0
2	13	15	0	0
3	255	50	13	2.06379
4	1172	15	0	0
11	25	20	1	0
12	50	68	14	3.07904
13	13	15	0	0
14	52	29	1	0
Instant	31
1	600	28	2	0
2	23	15	0	0
3	251	48	13	2.67857
4	1105	15	0	0
11	25	19	1	0
12	59	63	20	1.73142
13	13	15	0	0
14	48	28	1	0
Instant	32
1	533	29	2	0.421941
2	26	15	0	0
3	224	54	14	3.47092
4	1076	16	0	0
11	24	19	1	0
12	52	59	17	0.965074
13	13	15	0	0
14	47	28	1	0
Instant	33
1	555	27	2	0.318471
2	15	15	0	0
3	294	52	13	2.32085
4	1050	15	0	0
11	24	20	1	0
12	40	69	14	4.45772
13	15	15	0	0
14	45	28	1	0
Instant	34
1	601	27	1	0
2	11	15	0	0
3	228	53	15	3.14272
4	1036	15	0	0
11	26	18	0	0
12	43	59	17	13.3446
13	13	15	0	0
14	45	27	1	0.50905
Instant	35
1	581	29	2	0
2	33	16	0	0
3	250	55	15	2.84722
4	1229	16	0	0
11	24	20	1	0
12	59	65	23	2.20588
13	13	15	0	0
14	53	26	1	0
Instant	36
1	567	28	2	0.3
2	35	18	0	0
3	222	50	14	3.36826
4	1192	16	0	0
11	25	20	1	0
12	35	68	11	1.19485
13	12	15	0	0
14	51	29	1	0
Instant	37
1	569	27	2	0.305499
2	30	15	0	0
3	213	49	12	2.84679
4	1147	15	0	0
11	25	19	1	0
12	59	61	17	3.23661
13	12	15	0	0
14	49	27	1	0
Instant	38
1	613	26	1	0
2	36	14	0	0
3	216	53	14	2.92079
4	1028	15	0	0
11	26	19	0	0
12	73	61	12	9.375
13	12	15	0	0
14	45	29	1	0.114155
Instant	39
1	621	26	2	0
2	21	16	0	0
3	209	54	13	3.60879
4	932	15	0	0
11	27	19	1	0
12	72	75	18	3.81434
13	12	15	0	0
14	39	28	1	0.50505
Instant	40
1	508	27	1	0.678733
2	24	15	0	0
3	229	47	13	2.8484
4	915	15	0	0
11	22	19	1	0.331858
12	32	51	13	1.85811
13	13	15	0	0
14	40	28	2	0
Instant	41
1	571	29	2	0.601202
2	19	15	0	0
3	253	51	15	2.92411
4	962	15	0	0
11	25	18	0	0
12	49	69	14	4.41176
13	13	15	0	0
14	42	28	2	0
Instant	42
1	610	28	2	0
2	33	16	0	0
3	231	51	16	3.56145
4	1040	15	0	0
11	26	18	0	0
12	56	71	13	2.02206
13	13	15	0	0
14	44	28	1	0
Instant	43
1	603	26	1	0
2	20	17	0	0
3	248	51	13	2.36867
4	1101	15	0	0
11	27	19	1	0
12	57	71	21	8.31926
13	13	15	0	0
14	47	27	1	0
Instant	44
1	620	27	1	0
2	26	14	0	0
3	260	49	12	3.11935
4	954	16	0	0
11	26	19	0	0
12	58	69	19	3.95221
13	13	15	0	0
14	41	29	2	0
Instant	45
1	629	26	2	0
2	31	15	0	0
3	275	53	11	1.99153
4	880	16	0	0
11	27	18	0	0
12	75	60	17	3.21691
13	14	15	0	0
14	39	28	2	0
Instant	46
1	585	27	1	0
2	45	16	0	0
3	235	53	12	2.99125
4	1033	15	0	0
11	26	19	1	0
12	76	59	18	2.28041
13	13	15	0	0
14	44	29	2	0
Instant	47
1	590	29	2	0
2	25	15	0	0
3	251	50	12	2.49077
4	881	15	0	0
11	25	19	1	0
12	91	57	14	2.89522
13	13	15	0	0
14	38	29	2	0
Instant	48
1	569	28	2	0.561224
2	18	17	0	0
3	214	48	14	3.15606
4	811	15	0	0
11	25	18	0	0
12	63	68	17	3.125
13	12	15	0	0
14	35	30	2	0
Instant	49
1	578	29	2	0.0489237
2	14	17	1	0
3	220	51	15	3.60294
4	761	15	0	0
11	26	18	0	0
12	57	62	14	1.89732
13	12	15	0	0
14	33	31	2	0
Instant	50
1	599	28	2	0.297619
2	16	16	0	0
3	207	53	13	2.99479
4	804	15	0	0
11	25	19	1	0
12	55	70	12	2.43566
13	12	15	0	0
14	34	29	1	0
Instant	51
1	596	26	1	0
2	42	14	0	0
3	227	48	13	3.0198
4	814	15	0	0
11	25	20	1	0
12	52	56	15	2.38971
13	12	15	0	0
14	35	26	1	0.289017
Instant	52
1	599	27	1	0
2	26	14	0	0
3	257	52	14	2.71938
4	836	15	0	0
11	26	19	0	0
12	48	66	19	3.125
13	13	15	0	0
14	35	26	1	0
Instant	53
1	592	28	1	0
2	17	15	0	0
3	264	51	13	2.55732
4	799	15	0	0
11	25	19	1	0
12	52	61	18	0.689338
13	14	15	0	0
14	34	29	1	0
Instant	54
1	606	28	1	0
2	17	16	0	0
3	262	51	11	2.45495
4	831	15	0	0
11	26	18	0	0
12	58	71	13	3.67647
13	13	15	0	0
14	36	26	1	0
Instant	55
1	620	27	1	0
2	34	17	0	0
3	216	53	14	3.06795
4	797	15	0	0
11	27	18	0	0
12	64	60	17	12.7534
13	12	15	0	0
14	34	29	2	0
Instant	56
1	583	31	2	0.0515464
2	28	16	0	0
3	269	55	11	2.52613
4	820	15	0	0
11	24	18	0	0
12	78	61	14	3.125
13	14	15	0	0
14	35	27	1	0
Instant	57
1	575	27	1	0.295276
2	35	16	0	0
3	232	56	15	2.8626
4	825	15	0	0
11	25	19	1	0
12	70	61	18	3.125
13	13	15	0	0
14	36	27	1	0
Instant	58
1	598	29	2	0.0507099
2	27	16	0	0
3	276	53	13	2.42281
4	702	15	0	0
11	25	19	1	0
12	45	51	23	3.92736
13	14	15	0	0
14	30	28	2	0.416667
Instant	59
1	577	29	2	0
2	17	16	0	0
3	268	54	14	2.42806
4	772	15	0	0
11	26	19	1	0
12	58	65	14	2.48162
13	14	15	0	0
14	33	27	2	0
Instant	60
1	592	29	2	0
2	22	17	0	0
3	212	52	16	3.36049
4	748	15	0	0
11	25	18	0	0
12	47	59	12	4.13603
13	12	15	0	0
14	33	28	1	0
Instant	61
1	606	26	1	0
2	39	14	0	0
3	221	53	15	2.72727
4	810	15	0	0
11	26	19	1	0
12	76	66	17	3.98065
13	12	15	0	0
14	34	27	1	0
Instant	62
1	557	30	2	0
2	31	14	0	0
3	274	50	12	2.68908
4	829	15	0	0
11	23	20	1	0
12	61	63	14	3.58456
13	14	15	0	0
14	37	28	2	0
Instant	63
1	599	28	1	0
2	28	14	0	0
3	255	53	14	2.74554
4	867	15	0	0
11	26	18	0	0
12	67	62	17	3.72243
13	14	15	0	0
14	37	29	2	0
Instant	64
1	584	27	1	0.30426
2	36	17	0	0
3	278	50	13	2.31959
4	871	15	0	0
11	25	20	1	0
12	37	64	17	4.72973
13	14	15	0	0
14	37	27	1	0
Instant	65
1	600	29	2	0
2	26	16	0	0
3	233	50	14	2.79103
4	848	15	0	0
11	25	18	0	0
12	67	65	14	2.15993
13	13	15	0	0
14	36	28	1	0.483425
Instant	66
1	599	27	1	0
2	25	16	0	0
3	262	51	14	2.66727
4	873	15	0	0
11	26	20	1	0
12	58	63	15	2.20588
13	14	15	0	0
14	37	27	1	0
Instant	67
1	572	27	2	0.3125
2	22	16	0	0
3	218	52	15	3.17048
4	960	15	0	0
11	24	19	0	0
12	57	74	13	5.8277
13	11	15	0	0
14	41	28	1	0
Instant	68
1	606	27	1	0
2	29	15	0	0
3	253	54	13	2.40826
4	905	15	0	0
11	25	18	0	0.290698
12	55	65	17	4.98047
13	13	15	0	0
14	39	29	2	0
Instant	69
1	596	27	2	0.0485437
2	28	15	0	0
3	242	52	14	2.35125
4	772	15	0	0
11	26	19	1	0
12	49	65	23	2.15993
13	13	15	0	0
14	34	29	2	0
Instant	70
1	600	27	1	0
2	33	15	0	0
3	247	54	12	2.74446
4	734	15	0	0
11	26	19	0	0
12	75	61	20	5.06757
13	13	15	0	0
14	31	29	2	0
Instant	71
1	585	28	1	0
2	40	15	0	0
3	283	48	14	2.26876
4	756	15	0	0
11	25	20	1	0
12	60	65	18	3.07904
13	14	15	0	0
14	34	27	1	0
Instant	72
1	562	30	2	0
2	31	15	0	0
3	251	54	13	2.82258
4	772	15	0	0
11	24	18	0	0
12	72	57	17	3.17235
13	14	15	0	0
14	32	27	1	0
Instant	73
1	626	27	2	0
2	33	16	0	0
3	242	49	13	3.11922
4	751	15	0	0
11	26	19	1	0
12	40	73	14	4.03963
13	13	15	0	0
14	33	28	1	0
Instant	74
1	606	26	1	0
2	27	16	0	0
3	251	46	12	2.35541
4	747	15	0	0
11	26	20	1	0
12	56	64	21	3.63051
13	13	15	0	0
14	32	28	2	0
Instant	75
1	598	26	1	0.297619
2	27	16	0	0
3	254	48	13	2.64733
4	759	15	0	0
11	25	20	1	0
12	51	63	12	4.35606
13	13	15	0	0
14	32	27	1	0
Instant	76
1	619	26	1	0
2	29	15	0	0
3	269	47	12	2.23057
4	732	15	0	0
11	27	19	0	0
12	38	69	20	2.99479
13	14	15	0	0
14	31	30	2	0
Instant	77
1	596	27	1	0.0490196
2	14	17	0	0
3	293	48	12	2.0625
4	799	16	0	0
11	26	19	1	0
12	48	67	21	2.97852
13	15	15	0	0
14	35	27	1	0
Instant	78
1	579	29	2	0
2	21	15	0	0
3	260	48	14	2.47768
4	820	15	0	0
11	25	19	1	0
12	38	69	12	7.91016
13	14	15	0	0
14	34	28	2	0
Instant	79
1	599	28	1	0
2	11	15	0	0
3	274	50	14	2.55973
4	828	15	0	0
11	25	19	1	0
12	45	64	19	2.74493
13	14	15	0	0
14	36	28	2	0.497159
Instant	80
1	599	29	2	0
2	12	16	0	0
3	290	50	13	2.06954
4	823	15	0	0
11	26	18	0	0
12	51	53	15	6.10795
13	15	15	0	0
14	34	27	2	0
Instant	81
1	581	28	2	0
2	24	16	0	0
3	253	52	15	3.01095
4	795	15	0	0
11	26	19	1	0
12	70	65	11	2.46212
13	13	15	0	0
14	35	28	1	0
Instant	82
1	592	29	2	0.0519751
2	32	16	0	0
3	206	51	14	3.42078
4	745	15	0	0
11	24	19	0	0
12	71	63	16	3.4375
13	12	15	0	0
14	32	28	1	0
Instant	83
1	528	27	2	0.320513
2	44	15	0	0
3	215	52	13	3.20248
4	765	15	0	0
11	23	20	1	0
12	79	66	16	3.07765
13	12	15	0	0
14	32	28	2	0
Instant	84
1	579	28	2	0
2	18	16	0	0
3	279	49	13	2.33844
4	803	15	0	0
11	25	19	1	0
12	65	63	18	3.26705
13	14	15	0	0
14	35	28	2	0
Instant	85
1	562	29	1	0.308642
2	24	16	0	0
3	267	51	12	2.23292
4	811	15	0	0
11	24	19	0	0
12	61	68	17	2.96474
13	14	15	0	0
14	34	27	1	0
Instant	86
1	584	29	2	0.104167
2	20	16	0	0
3	241	52	12	3.10721
4	818	15	0	0
11	24	20	1	0
12	76	68	15	3.07904
13	13	15	0	0
14	35	27	2	0.359195
Instant	87
1	592	28	1	0
2	39	16	0	0
3	301	50	14	2.14687
4	845	15	0	0
11	26	19	0	0
12	70	67	16	3.72243
13	15	15	0	0
14	36	29	1	0
Instant	88
1	592	27	1	0
2	18	15	0	0
3	274	50	13	2.03688
4	767	16	0	0
11	26	19	1	0
12	65	63	19	3.67399
13	14	15	0	0
14	33	30	2	0
Instant	89
1	599	27	1	0
2	16	16	0	0
3	189	49	16	3.90798
4	753	15	0	0
11	26	19	0	0
12	57	63	17	2.52757
13	11	15	0	0
14	33	27	1	0
Instant	90
1	575	29	2	0
2	30	14	0	0
3	187	51	16	3.758
4	753	15	0	0
11	24	19	1	0
12	45	74	18	5.61523
13	11	15	0	0
14	33	28	2	0
Instant	91
1	599	28	2	0
2	44	16	0	0
3	224	52	15	3.275
4	762	15	0	0
11	26	19	1	0
12	72	62	13	3.20946
13	12	15	0	0
14	32	28	1	0
Instant	92
1	579	30	2	0.15121
2	33	16	0	0
3	301	48	12	1.62584
4	821	15	0	0
11	25	18	0	0
12	59	62	16	1.98864
13	14	15	0	0
14	35	27	1	0
Instant	93
1	606	28	1	0
2	15	14	0	0
3	227	52	14	3.11905
4	772	15	0	0
11	26	18	0	0
12	71	61	15	1.6572
13	13	15	0	0
14	32	28	2	0.759878
Instant	94
1	596	28	1	0.0491159
2	16	16	0	0
3	315	53	11	1.56501
4	692	15	0	0
11	26	18	0	0
12	65	64	15	1.77365
13	15	15	0	0
14	29	29	2	0.0847458
Instant	95
1	599	28	1	0
2	14	17	0	0
3	277	50	11	2.58621
4	670	15	0	0
11	26	18	0	0
12	62	65	19	7.95037
13	14	15	0	0
14	29	27	1	0.352113
Instant	96
1	588	28	2	0
2	26	17	0	0
3	190	50	14	3.26451
4	644	15	0	0
11	25	19	0	0.3
12	40	64	21	3.07904
13	11	15	0	0
14	27	29	2	0.364964
Instant	97
1	604	27	1	0.0478927
2	25	15	0	0
3	215	52	12	3.40447
4	635	15	0	0
11	26	19	0	0
12	54	70	14	4.83994
13	12	15	0	0
14	27	29	2	0
Instant	98
1	612	26	2	0
2	30	16	0	0
3	194	49	14	3.76059
4	620	15	0	0
11	25	19	1	0
12	57	60	11	2.11397
13	11	15	0	0
14	27	30	2	0
Instant	99
1	578	27	1	0
2	28	14	0	0
3	288	52	11	2.2541
4	641	15	0	0
11	26	19	1	0
12	81	57	19	4.6875
13	15	15	0	0
14	28	28	2	0
Instant	100
1	573	27	2	0.656566
2	15	14	0	0
3	272	50	15	2.29058
4	661	15	0	0
11	25	20	1	0
12	72	67	16	3.71622
13	14	15	0	0
14	28	27	1	0
Instant	101
1	633	26	1	0
2	27	15	0	0
3	223	50	14	3.42402
4	641	15	0	0
11	26	18	0	0
12	74	63	16	2.7114
13	13	15	0	0
14	28	28	1	0
Instant	102
1	576	30	2	0
2	35	14	0	0
3	207	50	15	3.79979
4	640	15	0	0
11	25	18	0	0
12	57	66	21	3.58456
13	12	15	0	0
14	26	29	2	0
Instant	103
1	575	30	2	0
2	22	15	0	0
3	219	49	14	3.24427
4	627	15	0	0
11	24	18	0	0
12	54	55	15	0.760135
13	13	15	0	0
14	27	29	2	0
Instant	104
1	585	28	2	0.304878
2	38	17	0	0
3	251	55	11	2.85844
4	656	15	0	0
11	25	18	0	0
12	43	67	16	3.125
13	13	15	0	0
14	28	27	1	0
Instant	105
1	566	30	2	0
2	37	16	0	0
3	264	51	12	2.24644
4	656	15	0	0
11	24	19	1	0
12	50	66	15	4.13603
13	14	15	0	0
14	28	27	1	0
Instant	106
1	538	27	2	0.31185
2	19	15	1	0
3	277	52	13	2.52155
4	627	15	0	0
11	24	19	1	0.321888
12	60	65	13	2.15372
13	14	15	0	0
14	27	29	2	0
Instant	107
1	587	28	2	0.0516529
2	31	15	0	0
3	236	51	13	3.08852
4	647	15	0	0
11	24	21	1	0
12	48	57	25	2.75735
13	12	15	0	0
14	28	27	2	0
Instant	108
1	583	29	1	0.0496032
2	26	17	0	0
3	238	52	13	2.76243
4	627	15	0	0
11	25	18	0	0
12	49	70	17	2.25184
13	13	15	0	0
14	27	30	3	0
Instant	109
1	599	28	2	0
2	32	16	0	0
3	207	50	15	3.1893
4	612	15	0	0
11	26	18	0	0
12	71	65	12	1.5625
13	12	15	0	0
14	26	30	2	0
Instant	110
1	583	29	2	0
2	31	15	0	0
3	213	52	15	3.46791
4	641	15	0	0
11	25	19	0	0
12	55	67	13	2.29492
13	12	15	0	0
14	27	29	2	0
Instant	111
1	582	26	1	0.302419
2	35	16	0	0
3	218	54	11	3.31532
4	649	15	0	0
11	25	19	0	0
12	58	67	15	16.3603
13	12	15	0	0
14	28	27	2	0
Instant	112
1	555	28	2	0.659229
2	20	16	0	0
3	208	50	12	3.11203
4	647	15	0	0
11	25	19	1	0
12	55	74	13	4.43412
13	11	15	0	0
14	28	28	2	0
Instant	113
1	599	28	1	0.0502008
2	33	15	0	0
3	264	50	12	2.39507
4	634	15	0	0
11	25	19	1	0
12	55	62	21	4.09007
13	14	15	0	0
14	27	29	2	0
Instant	114
1	599	27	1	0
2	28	15	0	0
3	230	55	13	2.84962
4	649	15	0	0
11	26	19	1	0
12	32	64	17	3.17096
13	13	15	0	0
14	28	27	1	0
Instant	115
1	589	27	1	0.0490196
2	13	15	0	0
3	218	51	15	3.28156
4	599	15	0	0
11	26	19	1	0
12	47	54	12	4.01182
13	12	15	0	0
14	25	31	3	0.294118
Instant	116
1	562	28	1	0
2	17	14	0	0
3	224	52	13	3.18004
4	646	15	0	0
11	25	20	1	0
12	45	62	21	2.75735
13	12	15	0	0
14	28	28	2	0
Instant	117
1	599	28	1	0.346535
2	29	15	0	0
3	262	50	14	2.30322
4	634	15	0	0
11	25	18	0	0
12	73	64	11	1.60846
13	13	15	0	0
14	28	28	2	0
Instant	118
1	586	28	2	0.301205
2	17	15	0	0
3	254	50	13	2.99202
4	648	15	0	0
11	25	19	1	0
12	54	66	19	8.19257
13	14	15	0	0
14	27	28	2	0
Instant	119
1	613	26	2	0
2	24	14	0	0
3	242	52	13	2.54902
4	634	15	0	0
11	27	19	1	0
12	40	53	24	2.38971
13	12	15	0	0
14	27	29	2	0
