	T	D	J	LP
Instant	0
1	0	0	0	0
2	0	0	0	0
3	0	0	0	0
4	0	0	0	0
11	0	0	0	0
12	0	0	0	0
13	0	0	0	0
14	0	0	0	0
Instant	1
1	261	33	2	0
2	11	17	0	0
3	103	47	10	0.541339
4	500	16	0	0
11	10	18	0	0
12	75	69	7	3.125
13	4	15	0	0
14	20	28	1	0
Instant	2
1	1206	32	3	0.514019
2	34	15	0	0
3	230	53	12	3.65169
4	3270	18	0	0
11	55	18	0	0
12	159	60	17	6.25
13	13	15	0	0
14	141	30	1	0.161871
Instant	3
1	1013	29	2	1.97725
2	23	17	0	0
3	211	57	15	3.23795
4	3295	18	0	0
11	48	17	0	0
12	145	72	13	5.97426
13	12	15	0	0
14	144	28	1	0
Instant	4
1	1060	28	2	0.368481
2	27	15	0	0
3	209	51	15	3.48657
4	2524	17	0	0
11	46	17	0	0
12	123	63	20	4.56081
13	12	15	0	0
14	111	30	1	0
Instant	5
1	847	28	2	0.572776
2	26	15	0	0
3	233	50	15	2.99625
4	2065	16	0	0
11	38	17	0	0
12	145	62	18	12.0404
13	13	15	0	0
14	91	27	1	0
Instant	6
1	721	26	2	0.949367
2	25	15	0	0
3	227	50	14	3.11284
4	1986	16	0	0
11	32	17	0	0
12	126	70	16	6.89338
13	13	15	0	0
14	87	27	1	0
Instant	7
1	735	28	2	0.272162
2	39	15	0	0
3	221	53	14	3.03537
4	1608	16	0	0
11	33	17	0	0
12	124	69	16	5.53209
13	13	15	0	0
14	70	30	2	0
Instant	8
1	872	28	2	0.680052
2	34	17	0	0
3	241	54	14	2.91902
4	1430	16	0	0
11	39	17	0	0
12	124	68	17	4.41176
13	13	15	0	0
14	63	28	1	0
Instant	9
1	888	29	3	0
2	20	15	0	0
3	210	52	13	3.92857
4	1297	16	0	0
11	38	17	0	0
12	92	56	29	7.62868
13	12	15	0	0
14	58	28	1	0
Instant	10
1	835	28	2	0
2	30	16	0	0
3	224	54	15	2.72059
4	1143	15	0	0
11	36	18	0	0
12	170	64	15	10.0929
13	12	15	0	0
14	48	30	2	0
Instant	11
1	709	29	2	0
2	24	16	0	0
3	224	55	14	3.47087
4	979	15	0	0
11	31	17	0	0
12	143	62	18	6.15809
13	12	15	0	0
14	42	31	2	0
Instant	12
1	718	28	2	0.368249
2	27	16	0	0
3	214	51	14	3.56436
4	961	15	0	0
11	31	18	0	0
12	113	72	23	7.49081
13	12	15	0	0
14	43	29	2	0
Instant	13
1	674	27	2	0.340136
2	27	16	0	0
3	240	54	12	2.8969
4	1041	15	0	0
11	30	17	0	0
12	87	60	16	1.89732
13	13	15	0	0
14	44	28	1	0
Instant	14
1	661	29	2	0.0894454
2	26	16	0	0
3	173	52	18	4.0127
4	983	15	0	0
11	28	17	0	0
12	103	67	21	5.28493
13	10	15	0	0
14	43	28	2	0.178998
Instant	15
1	700	26	1	0
2	34	16	0	0
3	198	56	18	4.03646
4	988	15	0	0
11	30	17	0	0
12	99	65	23	13.6489
13	11	15	0	0
14	42	29	2	0
Instant	16
1	677	28	1	0
2	27	16	0	0
3	216	54	11	3.21078
4	962	15	0	0
11	30	17	0	0
12	113	58	18	6.79899
13	12	15	0	0
14	42	29	2	0
Instant	17
1	684	28	1	0
2	20	15	0	0
3	229	52	14	3.08219
4	901	15	0	0
11	29	17	0	0
12	111	65	16	4.04412
13	12	15	0	0
14	39	31	4	0.195312
Instant	18
1	630	28	2	0.283554
2	17	17	0	0
3	190	53	14	4.02893
4	967	15	0	0
11	27	17	0	0
12	100	65	21	16.636
13	12	15	0	0
14	42	30	2	0
Instant	19
1	636	27	1	0.541516
2	29	16	0	0
3	200	50	14	3.60383
4	1127	15	0	0
11	28	17	0	0
12	126	64	20	6.20777
13	12	15	0	0
14	49	28	1	0
Instant	20
1	629	26	1	0.318761
2	19	16	0	0
3	226	56	14	3.29341
4	1045	15	0	0
11	28	17	0	0
12	133	65	15	9.60478
13	12	15	0	0
14	45	30	2	0
Instant	21
1	677	27	1	0
2	23	16	0	0
3	215	57	15	2.95455
4	922	16	0	0
11	30	17	0	0
12	107	61	24	6.02022
13	12	15	0	0
14	40	31	2	0
Instant	22
1	666	29	2	0
2	28	15	0	0
3	213	53	17	3.61446
4	1025	15	0	0
11	28	18	0	0
12	102	67	19	3.50507
13	12	15	0	0
14	43	30	2	0
Instant	23
1	706	26	1	0
2	11	16	0	0
3	199	54	17	3.47803
4	1111	15	0	0
11	30	17	0	0
12	111	60	16	6.84743
13	11	15	0	0
14	49	29	1	0
Instant	24
1	667	28	2	0
2	36	16	0	0
3	247	52	13	2.86172
4	1009	15	0	0
11	29	17	0	0
12	120	63	20	14.2463
13	13	15	0	0
14	42	31	3	0.582751
Instant	25
1	674	28	2	0
2	19	16	0	0
3	236	54	13	2.71947
4	993	15	0	0
11	29	17	0	0
12	130	69	19	6.99405
13	13	15	0	0
14	43	31	2	0
Instant	26
1	623	31	2	0.326493
2	16	16	0	0
3	197	58	14	3.76289
4	865	15	0	0
11	27	17	0	0
12	151	59	19	6.52574
13	12	15	0	0
14	38	30	2	0.338753
Instant	27
1	626	28	2	0.319343
2	28	17	0	0
3	256	54	12	2.38868
4	818	15	0	0
11	28	18	0	0
12	143	67	15	6.29596
13	13	15	0	0
14	35	31	2	0
Instant	28
1	679	28	1	0
2	32	17	0	0
3	200	55	14	3.8055
4	973	15	0	0
11	28	17	0	0
12	131	62	20	7.7691
13	11	15	0	0
14	42	31	2	0
Instant	29
1	591	27	3	0.568182
2	29	15	1	0
3	239	54	13	2.77002
4	1071	15	0	0
11	26	18	0	0
12	131	67	17	6.89338
13	13	15	0	0
14	46	28	1	0
Instant	30
1	665	29	2	0
2	25	16	0	0
3	235	54	13	3.09546
4	1081	15	0	0
11	27	17	0	0
12	136	65	17	5.69853
13	13	15	0	0
14	47	29	2	0
Instant	31
1	649	27	2	0.304878
2	28	16	0	0
3	208	49	12	3.40909
4	990	15	0	0
11	29	18	0	0
12	132	61	20	6.03885
13	12	15	0	0
14	43	29	3	0
Instant	32
1	664	28	1	0.31362
2	10	16	0	0
3	204	53	15	3.52041
4	892	15	0	0
11	28	17	0	0
12	107	60	15	5.23897
13	12	15	0	0
14	39	30	2	0.395778
Instant	33
1	691	26	1	0
2	26	16	0	0
3	221	54	17	3.04455
4	921	15	0	0
11	30	17	0	0
12	127	64	17	2.43566
13	12	15	0	0
14	39	31	2	0
Instant	34
1	653	27	1	0.269784
2	36	16	0	0
3	217	51	13	3.41135
4	801	15	0	0
11	28	18	0	0
12	101	61	16	3.20946
13	12	15	0	0
14	35	31	2	0
Instant	35
1	666	27	1	0.0440141
2	34	16	0	0
3	231	52	14	3.16543
4	778	15	0	0
11	29	18	0	0
12	123	54	17	13.8327
13	13	15	0	0
14	34	29	2	0
Instant	36
1	690	26	1	0
2	14	17	0	0
3	198	52	14	4.08755
4	803	15	0	0
11	30	17	0	0
12	146	64	17	15.5331
13	11	15	0	0
14	35	29	2	0
Instant	37
1	622	26	1	0.600739
2	31	15	0	0
3	232	52	15	3.0268
4	812	15	0	0
11	27	17	0	0
12	154	63	17	4.16667
13	13	15	0	0
14	34	30	2	0
Instant	38
1	671	28	1	0
2	27	15	0	0
3	208	53	15	3.24642
4	815	15	0	0
11	29	18	0	0
12	150	60	14	5.37684
13	12	15	0	0
14	35	31	3	0
Instant	39
1	677	28	1	0
2	30	16	0	0
3	234	52	14	3.43458
4	881	16	0	0
11	30	17	0	0
12	123	65	17	5.69853
13	13	15	0	0
14	38	27	1	0
Instant	40
1	692	27	2	0.0434028
2	28	15	0	0
3	253	50	12	3.02028
4	869	15	0	0
11	29	17	0	0
12	114	69	14	9.7973
13	14	15	0	0
14	38	30	2	0
Instant	41
1	667	26	2	0.347222
2	27	15	0	0
3	212	56	14	3.28283
4	804	15	0	0
11	29	17	0	0
12	138	71	14	7.3989
13	12	15	0	0
14	34	31	3	0
Instant	42
1	640	27	1	0.31362
2	37	16	0	0
3	214	55	16	3.32341
4	845	15	0	0
11	28	17	0	0
12	126	55	23	4.77941
13	12	15	0	0
14	36	30	2	0
Instant	43
1	688	27	2	0
2	20	15	0	0
3	247	57	14	2.60319
4	732	15	0	0
11	29	17	0	0
12	138	62	17	8.9527
13	13	15	0	0
14	31	30	3	0.321543
Instant	44
1	669	28	2	0
2	11	16	1	0
3	193	56	14	3.47368
4	736	15	0	0
11	29	18	0	0
12	119	64	13	4.73346
13	11	15	0	0
14	32	28	2	0
Instant	45
1	667	28	2	0
2	29	16	0	0
3	198	57	14	4.24528
4	731	15	0	0
11	29	18	0	0
12	152	64	15	10.2482
13	11	15	0	0
14	31	31	2	0
Instant	46
1	679	28	1	0
2	29	15	0	0
3	201	51	14	3.64476
4	807	15	0	0
11	29	18	0	0
12	110	67	21	6.33446
13	12	15	0	0
14	35	28	1	0
Instant	47
1	682	27	2	0
2	37	14	0	0
3	220	55	12	2.97271
4	745	15	0	0
11	29	17	0	0
12	143	63	16	7.07721
13	12	15	0	0
14	32	30	2	0
Instant	48
1	674	28	2	0.042517
2	23	16	0	0
3	223	50	14	3.24165
4	779	15	0	0
11	30	17	0	0
12	109	61	18	7.76654
13	12	15	0	0
14	33	29	2	0
Instant	49
1	691	27	1	0
2	26	16	0	0
3	206	58	13	3.42783
4	792	15	0	0
11	29	18	0	0
12	127	60	18	5.87798
13	12	15	0	0
14	34	30	2	0
Instant	50
1	660	29	2	0
2	21	16	0	0
3	195	54	15	4.05191
4	795	15	0	0
11	28	17	0	0
12	126	57	21	5.37684
13	11	15	0	0
14	34	29	2	0.369822
Instant	51
1	599	32	2	0.146771
2	22	16	0	0
3	221	52	13	3.65566
4	740	15	0	0
11	26	18	0	0
12	133	65	14	7.58272
13	13	15	0	0
14	31	30	2	0.396825
Instant	52
1	691	26	1	0.252525
2	24	16	0	0
3	205	54	12	3.28283
4	708	15	0	0
11	30	18	0	0
12	134	65	21	9.02778
13	12	15	0	0
14	31	30	2	0
Instant	53
1	655	29	2	0
2	20	16	0	0
3	202	55	14	3.53774
4	698	15	0	0
11	28	18	0	0
12	103	64	19	6.57169
13	11	15	0	0
14	29	32	3	0
Instant	54
1	652	28	1	0.0443262
2	6	16	0	0
3	174	57	16	4.1476
4	713	15	0	0
11	28	18	0	0
12	135	61	16	7.67463
13	10	15	0	0
14	31	30	2	0
Instant	55
1	674	27	1	0
2	27	16	0	0
3	235	50	12	2.54278
4	724	15	0	0
11	29	17	0	0
12	137	62	16	7.09459
13	13	15	0	0
14	31	29	2	0
Instant	56
1	686	28	1	0
2	35	16	0	0
3	224	52	14	3.27264
4	698	15	0	0
11	29	17	0	0
12	131	70	21	5.74449
13	12	15	0	0
14	30	30	2	0
Instant	57
1	657	27	1	0.262697
2	20	15	0	0
3	219	56	14	3.50962
4	694	15	0	0
11	29	17	0	0
12	96	65	15	8.18015
13	13	15	0	0
14	29	28	2	0.254237
Instant	58
1	685	28	2	0
2	23	16	1	0
3	200	55	15	3.30882
4	672	15	0	0
11	29	17	0	0
12	93	61	25	5.86993
13	12	15	0	0
14	29	29	2	0
Instant	59
1	641	30	1	0
2	32	15	0	0
3	210	55	15	3.46232
4	666	15	0	0
11	28	17	0	0
12	105	64	14	3.30882
13	12	15	0	0
14	28	31	2	0
Instant	60
1	662	29	2	0
2	37	14	0	0
3	228	48	14	3.16176
4	659	15	0	0
11	28	18	0	0
12	90	60	15	3.99816
13	12	15	0	0
14	28	31	3	0
Instant	61
1	668	28	1	0
2	20	15	0	0
3	221	52	14	3.25342
4	653	15	0	0
11	29	17	0	0
12	84	57	16	2.15774
13	12	15	0	0
14	28	31	2	0.269784
Instant	62
1	680	28	1	0
2	18	16	0	0
3	221	52	12	3.40476
4	666	15	0	0
11	29	17	0	0
12	97	65	19	8.68566
13	13	15	0	0
14	29	30	2	0
Instant	63
1	642	29	2	0.136364
2	15	17	0	0
3	184	56	14	3.82932
4	621	15	0	0
11	28	18	0	0
12	123	64	17	1.28676
13	11	15	0	0
14	27	29	2	0
Instant	64
1	662	30	2	0
2	22	17	0	0
3	232	50	14	3.18533
4	628	15	0	0
11	28	17	0	0
12	106	66	18	4.85642
13	12	15	0	0
14	26	29	2	0
Instant	65
1	669	27	1	0
2	26	16	0	0
3	202	57	15	3.28411
4	612	15	0	0
11	29	18	0	0
12	121	66	23	11.6728
13	12	15	0	0
14	26	31	3	0
Instant	66
1	655	27	2	0.272232
2	21	16	0	0
3	204	57	13	3.57521
4	599	15	0	0
11	28	17	0	0
12	116	70	16	4.73346
13	11	15	0	0
14	26	31	3	0
Instant	67
1	640	28	2	0
2	41	16	0	0
3	229	53	14	2.92659
4	606	15	0	0
11	28	18	0	0
12	89	61	19	2.02703
13	12	15	0	0
14	25	30	3	0.290698
Instant	68
1	751	27	2	0.231839
2	36	16	0	0
3	201	52	14	3.69718
4	606	15	0	0
11	33	17	0	0
12	116	66	21	25.2441
13	12	15	0	0
14	26	30	2	0
Instant	69
1	784	29	2	0
2	27	16	0	0
3	188	55	15	3.97849
4	613	15	0	0
11	34	17	0	0
12	107	64	16	4.82537
13	11	15	0	0
14	27	31	3	0
Instant	70
1	675	29	2	0.433276
2	34	17	0	0
3	210	58	13	3.81188
4	613	15	0	0
11	29	17	0	0
12	120	69	19	10.0507
13	12	15	0	0
14	26	30	3	0
Instant	71
1	669	28	2	0
2	28	15	0	0
3	211	57	13	2.99899
4	627	15	0	0
11	29	17	0	0
12	122	57	19	28.7224
13	12	15	0	0
14	27	29	2	0
Instant	72
1	649	30	2	0.0451264
2	21	15	0	0
3	217	57	17	3.44311
4	599	15	0	0
11	28	17	0	0
12	104	67	16	7.00758
13	12	15	0	0
14	26	31	4	0
Instant	73
1	688	26	1	0
2	29	16	0	0
3	232	55	15	3.08285
4	599	15	0	0
11	29	18	0	0
12	126	62	17	6.40244
13	12	15	0	0
14	26	31	3	0
Instant	74
1	679	28	1	0
2	20	15	0	0
3	184	54	15	3.80795
4	655	15	0	0
11	29	17	0	0
12	140	63	18	6.84743
13	11	15	0	0
14	27	28	2	0
Instant	75
1	653	29	2	0
2	34	15	0	0
3	200	51	14	3.39958
4	599	15	0	0
11	29	17	0	0
12	134	71	21	7.24432
13	11	15	0	0
14	26	30	3	0
Instant	76
1	629	28	2	0.541516
2	35	15	0	0
3	224	51	14	3.125
4	627	15	0	0
11	28	17	0	0
12	120	56	21	7.8559
13	12	15	0	0
14	26	30	2	0
Instant	77
1	638	28	2	0.280374
2	25	14	0	0
3	215	56	15	3.33493
4	627	15	0	0
11	27	17	0	0
12	103	58	17	3.75977
13	13	15	0	0
14	27	29	2	0
Instant	78
1	665	28	1	0.266904
2	32	16	0	0
3	226	50	14	3.2598
4	606	15	0	0
11	28	18	0	0
12	104	55	21	6.29883
13	13	15	0	0
14	26	31	3	0
Instant	79
1	655	28	1	0
2	30	16	0	0
3	245	50	11	2.89889
4	620	15	0	0
11	29	18	0	0
12	105	65	12	3.33615
13	13	15	0	0
14	26	30	3	0
Instant	80
1	672	28	1	0
2	19	16	0	0
3	208	56	16	3.3179
4	607	15	0	0
11	29	17	0	0
12	144	67	15	17.3295
13	12	15	0	0
14	26	31	3	0
Instant	81
1	662	28	1	0
2	31	17	0	0
3	237	52	12	2.90262
4	619	15	0	0
11	29	18	0	0
12	116	61	22	5.49242
13	13	15	0	0
14	27	30	2	0
Instant	82
1	674	27	1	0
2	26	18	0	0
3	226	53	14	3.11255
4	599	15	0	0
11	29	17	0	0
12	98	65	19	6.47321
13	12	15	0	0
14	26	31	3	0
Instant	83
1	672	28	1	0
2	38	15	0	0
3	188	58	16	4.07783
4	621	15	0	0
11	30	17	0	0
12	122	59	24	6.10795
13	11	15	0	0
14	27	30	3	0
Instant	84
1	669	28	2	0
2	22	16	0	0
3	190	53	15	3.71475
4	612	15	0	0
11	28	17	0	0
12	123	64	17	9.04356
13	11	15	0	0
14	26	29	3	0.288462
Instant	85
1	663	29	2	0.0443262
2	15	17	0	0
3	180	49	15	3.72807
4	592	15	0	0
11	28	17	0	0
12	102	66	22	2.80449
13	11	15	0	0
14	25	32	3	0
Instant	86
1	669	29	2	0
2	24	16	0	0
3	221	49	14	3.575
4	627	15	0	0
11	29	17	0	0
12	108	55	20	4.54963
13	12	15	0	0
14	28	29	2	0
Instant	87
1	658	30	2	0
2	21	15	0	0
3	253	51	14	2.30203
4	620	15	0	0
11	27	17	0	0
12	104	70	18	13.3272
13	13	15	0	0
14	26	30	3	0
Instant	88
1	662	27	1	0.259516
2	26	16	0	0
3	226	55	12	3.09501
4	634	15	0	0
11	29	17	0	0
12	96	66	18	5.74324
13	13	15	0	0
14	28	28	2	0
Instant	89
1	691	26	1	0
2	23	15	0	0
3	199	54	14	3.81224
4	606	15	0	0
11	30	18	0	0
12	116	70	19	15.7169
13	12	15	0	0
14	25	31	3	0
Instant	90
1	670	28	1	0
2	27	16	0	0
3	235	49	12	2.98187
4	614	15	0	0
11	29	17	0	0
12	113	64	18	5.51758
13	13	15	0	0
14	26	30	2	0
Instant	91
1	684	27	1	0
2	18	17	0	0
3	221	58	13	2.89032
4	627	15	0	0
11	29	17	0	0
12	102	72	19	4.89865
13	12	15	0	0
14	27	29	3	0
Instant	92
1	661	29	1	0.0454545
2	24	15	0	0
3	211	51	15	3.58961
4	591	15	0	0
11	28	18	0	0
12	107	57	22	5.44508
13	12	15	0	0
14	25	32	3	0
Instant	93
1	660	28	1	0
2	25	15	0	0
3	220	49	12	3.01724
4	606	15	0	0
11	29	18	0	0
12	109	62	15	4.35606
13	12	15	0	0
14	26	31	3	0
Instant	94
1	676	28	1	0
2	30	14	0	0
3	217	53	14	3.58187
4	627	15	0	0
11	28	17	0	0
12	108	64	21	18.4122
13	12	15	0	0
14	27	29	2	0
Instant	95
1	632	30	2	0.362319
2	19	15	0	0
3	219	57	14	2.85494
4	655	15	0	0
11	28	17	0	0
12	124	59	27	5.79044
13	12	15	0	0
14	28	27	1	0
Instant	96
1	672	29	1	0
2	14	16	0	0
3	228	53	13	3.02045
4	593	15	0	0
11	28	17	0	0
12	128	68	19	9.46691
13	13	15	0	0
14	25	32	3	0
Instant	97
1	683	27	1	0
2	20	15	0	0
3	236	51	12	3.14904
4	620	15	0	0
11	30	17	0	0
12	126	64	18	5.56402
13	12	15	0	0
14	26	29	3	0
Instant	98
1	688	27	1	0
2	18	17	0	0
3	202	54	13	3.29641
4	613	15	0	0
11	29	18	0	0
12	145	64	18	6.11213
13	11	15	0	0
14	26	31	3	0
Instant	99
1	676	27	2	0
2	8	15	0	0
3	211	55	13	3.13142
4	640	15	0	0
11	30	17	0	0
12	130	71	15	7.85846
13	12	15	0	0
14	28	28	2	0
Instant	100
1	669	29	2	0
2	21	16	0	0
3	275	53	14	2.4957
4	620	15	0	0
11	28	17	0	0
12	131	68	17	5.40541
13	14	15	0	0
14	26	30	2	0
Instant	101
1	686	27	1	0
2	30	17	0	0
3	194	56	14	3.57521
4	634	15	0	0
11	29	17	0	0
12	124	65	16	8.82353
13	11	15	0	0
14	27	29	2	0
Instant	102
1	676	27	2	0
2	23	17	0	0
3	218	52	13	3.08151
4	620	15	0	0
11	29	17	0	0
12	149	66	15	4.96324
13	12	15	0	0
14	26	30	3	0
Instant	103
1	653	28	2	0
2	28	16	0	0
3	244	49	13	3.18901
4	607	15	0	0
11	29	18	0	0
12	141	65	18	7.09459
13	13	15	0	0
14	26	31	2	0
Instant	104
1	690	27	1	0
2	22	15	0	0
3	198	54	13	3.81224
4	633	15	0	0
11	29	17	0	0
12	115	62	17	6.75551
13	12	15	0	0
14	27	29	2	0
Instant	105
1	676	28	2	0.0440141
2	26	14	0	0
3	195	53	16	3.45464
4	592	15	0	0
11	28	17	0	0
12	146	61	19	7.3989
13	11	15	0	0
14	25	31	3	0
Instant	106
1	676	28	1	0
2	34	17	0	0
3	188	57	15	4.12317
4	585	15	0	0
11	29	17	0	0
12	116	56	20	6.03885
13	11	15	0	0
14	25	33	4	0
Instant	107
1	684	27	1	0
2	43	18	0	0
3	198	50	13	3.68421
4	627	15	0	0
11	29	18	0	0
12	131	64	17	6.02022
13	11	15	0	0
14	27	29	2	0
Instant	108
1	698	25	1	0
2	33	17	0	0
3	221	49	15	3.27909
4	620	15	0	0
11	30	17	0	0
12	119	72	18	5.42279
13	12	15	0	0
14	26	30	3	0
Instant	109
1	663	28	1	0
2	32	17	0	0
3	224	49	12	3.30952
4	627	15	0	0
11	28	18	0	0
12	90	60	17	3.38542
13	13	15	0	0
14	27	29	2	0
Instant	110
1	661	28	2	0.0432526
2	17	16	0	0
3	243	50	13	2.98611
4	613	15	0	0
11	29	17	0	0
12	133	59	19	5.71289
13	13	15	0	0
14	26	30	3	0
Instant	111
1	662	28	1	0.272727
2	17	17	0	0
3	208	55	13	3.29755
4	620	15	0	0
11	28	17	0	0
12	122	66	16	4.54963
13	12	15	0	0
14	27	30	2	0
Instant	112
1	684	26	1	0
2	30	16	0	0
3	184	56	15	4.09341
4	614	15	0	0
11	30	17	0	0
12	104	67	16	5.48986
13	11	15	0	0
14	27	30	3	0
Instant	113
1	655	28	1	0.265957
2	13	16	0	0
3	174	52	14	4.1387
4	626	15	0	0
11	28	17	0	0
12	104	60	16	4.04412
13	11	15	0	0
14	27	29	2	0
Instant	114
1	655	29	2	0
2	19	16	0	0
3	210	56	18	3.08081
4	613	15	0	0
11	29	17	0	0
12	105	56	20	4.96324
13	12	15	0	0
14	26	30	3	0
Instant	115
1	686	27	1	0
2	18	15	0	0
3	216	51	15	3.40457
4	634	15	0	0
11	29	17	0	0
12	100	60	15	3.58953
13	12	15	0	0
14	27	29	2	0
Instant	116
1	669	29	2	0
2	17	17	0	0
3	204	56	14	3.80544
4	612	15	0	0
11	28	18	0	0
12	117	61	17	4.50368
13	12	15	0	0
14	26	30	2	0
Instant	117
1	667	27	1	0
2	25	16	0	0
3	227	53	17	2.99505
4	628	15	0	0
11	29	18	0	0
12	118	66	16	3.5386
13	12	15	0	0
14	27	29	2	0
Instant	118
1	669	28	1	0
2	24	17	0	0
3	221	56	18	3.35784
4	628	15	0	0
11	29	17	0	0
12	117	69	15	21.4527
13	12	15	0	0
14	26	29	2	0
Instant	119
1	675	28	2	0.044484
2	27	16	0	0
3	235	54	16	2.70076
4	612	15	0	0
11	28	17	0	0
12	113	64	16	3.58456
13	13	15	0	0
14	26	29	2	0.288462
