	T	D	J	LP
Instant	0
1	0	0	0	0
2	0	0	0	0
3	0	0	0	0
4	0	0	0	0
11	0	0	0	0
12	0	0	0	0
13	0	0	0	0
14	0	0	0	0
Instant	1
1	263	28	1	0
2	13	16	0	0
3	111	45	8	0.715649
4	435	16	0	0
11	11	18	0	0
12	80	54	9	3.125
13	5	15	0	0
14	16	31	2	0
Instant	2
1	929	32	3	0.543478
2	19	15	0	0
3	260	53	11	2.59683
4	4060	19	0	0
11	42	20	1	0
12	196	60	14	4.82537
13	14	15	0	0
14	175	29	1	0.144844
Instant	3
1	747	29	2	2.08649
2	31	16	0	0
3	293	49	11	1.25205
4	3934	18	0	0
11	34	18	1	0.367647
12	193	61	14	5.19301
13	15	15	0	0
14	173	30	1	0.164375
Instant	4
1	653	25	1	1.28319
2	28	16	0	0
3	349	49	10	2.58811
4	3272	17	0	0
11	29	19	1	0
12	172	63	16	5.48986
13	17	15	0	0
14	141	32	1	0.179598
Instant	5
1	729	29	3	0.433754
2	28	16	0	0
3	296	49	12	2.07661
4	2825	16	0	0
11	32	19	1	0
12	197	56	17	4.64154
13	15	15	0	0
14	125	32	2	0.228785
Instant	6
1	573	25	1	0.729572
2	34	16	0	0
3	337	47	10	1.64219
4	2365	16	0	0
11	27	19	0	0
12	185	62	10	3.90625
13	16	15	0	0
14	108	31	2	0
Instant	7
1	659	27	1	0.267857
2	22	15	0	0
3	279	47	14	2.29024
4	2082	16	0	0
11	28	19	1	0
12	179	58	13	4.72973
13	14	15	0	0
14	90	31	2	0
Instant	8
1	662	29	2	0.439367
2	24	17	0	0
3	286	53	11	2.12947
4	1502	15	0	0
11	29	19	1	0
12	180	52	14	5.00919
13	14	15	0	0
14	65	31	2	0
Instant	9
1	575	27	2	0.393701
2	33	16	0	0
3	297	48	11	1.53689
4	1088	15	0	0
11	26	20	1	0
12	193	58	12	4.45772
13	15	15	0	0
14	48	32	2	0
Instant	10
1	511	26	3	0.669643
2	24	17	0	0
3	321	50	11	2.31481
4	860	15	0	0
11	22	19	1	0
12	183	59	13	3.63176
13	16	15	0	0
14	38	34	3	0
Instant	11
1	562	27	1	0.308008
2	22	17	0	0
3	274	52	12	2.5641
4	780	15	0	0
11	24	19	1	0
12	165	60	18	4.87132
13	14	15	0	0
14	34	32	2	0
Instant	12
1	607	26	1	0.288462
2	34	16	0	0
3	314	48	11	1.99843
4	551	15	0	0
11	26	18	0	0
12	151	59	14	6.47978
13	16	15	0	0
14	22	32	4	1.37712
Instant	13
1	560	27	1	0.314465
2	37	16	0	0
3	276	48	13	2.64583
4	681	15	0	0
11	24	18	0	0.413223
12	162	62	14	4.05506
13	15	15	0	0
14	28	31	3	0.432526
Instant	14
1	674	30	2	0.509338
2	16	17	0	0
3	305	53	13	2.01812
4	633	15	0	0
11	29	20	1	0
12	156	61	16	5.79044
13	15	15	0	0
14	27	33	4	0
Instant	15
1	1032	26	2	0.170455
2	34	16	0	0
3	299	51	15	1.7533
4	727	15	0	0
11	44	19	1	0
12	147	69	13	6.70956
13	15	15	0	0
14	31	31	3	0
Instant	16
1	876	27	3	0.419355
2	26	14	0	0
3	327	51	12	1.5873
4	734	15	0	0
11	40	19	1	0
12	157	61	15	6.41892
13	15	15	0	0
14	32	33	4	0
Instant	17
1	778	28	2	0.112613
2	38	15	0	0
3	287	50	12	2.24835
4	681	15	0	0
11	34	18	0	0
12	199	53	16	3.49265
13	15	15	0	0
14	30	31	3	0.431034
Instant	18
1	659	27	1	0.839223
2	35	15	0	0
3	296	50	14	2.13983
4	632	15	0	0
11	29	18	0	0
12	163	64	14	5.51471
13	14	15	0	0
14	27	30	2	0
Instant	19
1	675	26	1	0
2	40	17	0	0
3	282	54	12	2.34121
4	561	15	0	0
11	29	19	1	0
12	166	58	16	5.1098
13	15	15	0	0
14	24	34	5	0
Instant	20
1	644	26	2	0.273224
2	31	15	0	0
3	271	52	10	2.56908
4	572	15	0	0
11	27	20	1	0
12	174	57	15	5.33088
13	14	15	0	0
14	24	34	5	0
Instant	21
1	654	27	2	0
2	24	15	0	0
3	288	55	13	2.29983
4	599	15	0	0
11	29	20	1	0
12	140	61	22	4.64154
13	14	15	0	0
14	26	32	3	0
Instant	22
1	599	28	1	0.441176
2	2	16	0	0
3	290	47	10	2.24413
4	600	15	0	0
11	26	19	0	0
12	169	59	15	6.54561
13	15	15	0	0
14	26	31	3	0
Instant	23
1	610	27	2	0
2	15	16	0	0
3	265	52	12	2.15054
4	584	15	0	0
11	26	19	1	0
12	165	58	15	3.76838
13	14	15	0	0
14	24	32	2	0.301205
Instant	24
1	568	29	2	0.150602
2	28	16	0	0
3	284	50	11	2.11149
4	613	15	0	0
11	25	19	1	0
12	165	54	11	3.72243
13	14	15	0	0
14	26	29	2	0
Instant	25
1	586	26	1	0.297619
2	9	16	0	0
3	278	49	12	2.64886
4	585	15	0	0
11	25	19	1	0
12	146	51	16	6.1756
13	14	15	0	0
14	25	32	3	0.301205
Instant	26
1	549	28	1	0.373134
2	24	15	0	0
3	281	52	14	1.93124
4	579	15	0	0
11	24	19	0	0
12	173	62	20	7.58272
13	14	15	0	0
14	24	32	3	0.303644
Instant	27
1	573	25	1	0.59761
2	24	16	0	0
3	248	50	13	2.66727
4	591	15	0	0
11	25	19	1	0
12	148	64	17	4.73346
13	13	15	0	0
14	25	32	3	0
Instant	28
1	601	28	1	0
2	26	15	0	0
3	255	48	11	3.09695
4	599	15	0	0
11	25	19	0	0
12	145	59	12	5.20833
13	14	15	0	0
14	25	31	3	0
Instant	29
1	585	26	1	0
2	16	14	0	0
3	277	51	12	2.30932
4	578	15	0	0
11	25	20	0	0.301205
12	169	64	17	8.45588
13	14	15	0	0
14	25	33	4	0
Instant	30
1	615	27	1	0.280899
2	36	14	0	0
3	289	48	12	2.21808
4	578	15	0	0
11	27	19	0	0
12	154	58	15	6.06618
13	15	15	0	0
14	25	33	4	0
Instant	31
1	759	26	1	0.115207
2	25	16	0	0
3	345	49	13	1.81481
4	578	15	0	0
11	33	19	0	0
12	179	63	14	4.09628
13	17	15	0	0
14	24	34	4	0
Instant	32
1	702	26	1	0.420875
2	22	16	0	0
3	259	47	11	2.70797
4	592	15	0	0
11	30	19	0	0
12	151	59	16	6.98529
13	14	15	0	0
14	26	31	3	0
Instant	33
1	619	25	2	0.271248
2	15	17	0	0
3	254	49	12	2.85589
4	621	15	0	0
11	28	21	2	0
12	155	58	15	5.23897
13	14	15	0	0
14	27	29	2	0
Instant	34
1	663	26	2	0.353357
2	25	15	0	0
3	291	51	13	2.201
4	605	15	0	0
11	28	19	1	0
12	169	62	14	3.46284
13	15	15	0	0
14	26	31	3	0
Instant	35
1	640	27	2	0.447227
2	27	17	1	0
3	290	52	12	2.39583
4	620	15	0	0
11	28	19	0	0
12	171	57	15	6.75551
13	15	15	0	0
14	26	29	3	0
Instant	36
1	588	26	1	0.499002
2	24	15	1	0
3	308	51	12	1.85866
4	613	15	0	0
11	25	18	0	0
12	191	62	16	4.50368
13	15	15	0	0
14	27	30	2	0
Instant	37
1	551	28	2	0.308008
2	37	14	0	0
3	316	51	12	1.6097
4	599	15	0	0
11	24	20	1	0
12	157	56	13	3.98065
13	15	15	0	0
14	25	32	3	0
Instant	38
1	627	25	0	0
2	30	14	0	0
3	276	54	13	2.06117
4	578	15	0	0
11	27	19	1	0
12	151	61	15	6.98529
13	14	15	0	0
14	25	33	4	0
Instant	39
1	594	27	1	0.149105
2	27	15	0	0
3	306	50	12	2.17908
4	599	15	0	0
11	25	20	1	0
12	180	62	15	4.6875
13	15	15	0	0
14	25	31	3	0
Instant	40
1	619	25	1	0
2	27	17	0	0
3	304	51	11	1.93894
4	592	15	0	0
11	27	19	1	0
12	164	60	16	6.16554
13	15	15	0	0
14	26	32	3	0
Instant	41
1	546	25	2	0.653595
2	28	14	0	0
3	290	50	11	2.18287
4	592	15	0	0
11	23	19	0	0
12	189	64	14	4.04412
13	15	15	0	0
14	25	32	3	0
Instant	42
1	642	25	0	0
2	33	14	0	0
3	302	48	11	2.08
4	613	15	0	0
11	28	18	0	0
12	135	62	17	7.07721
13	15	15	0	0
14	26	31	2	0
Instant	43
1	604	27	2	0.0490196
2	30	15	0	0
3	306	49	13	2.11661
4	613	15	0	0
11	26	19	1	0
12	137	66	16	5.99662
13	15	15	0	0
14	27	29	2	0
Instant	44
1	564	25	2	0.867052
2	23	15	0	0
3	313	51	12	1.74513
4	585	15	0	0
11	26	18	0	0
12	175	61	14	6.02022
13	15	15	0	0
14	24	33	3	0
Instant	45
1	696	27	1	1.18464
2	15	17	0	0
3	272	49	13	1.99653
4	606	15	0	0
11	31	19	0	0
12	174	59	16	5.05515
13	14	15	0	0
14	26	31	3	0
Instant	46
1	665	27	2	0.806452
2	15	15	0	0
3	286	49	12	2.60152
4	613	15	0	0
11	30	19	1	0
12	159	58	18	3.80068
13	14	15	0	0
14	26	30	3	0
Instant	47
1	732	27	2	0
2	13	16	0	0
3	263	54	13	2.26636
4	592	15	0	0
11	31	19	0	0
12	164	63	19	7.49081
13	13	15	0	0
14	25	32	3	0
Instant	48
1	759	25	1	0
2	27	15	0	0
3	321	48	11	1.44155
4	599	15	0	0
11	33	19	1	0
12	181	61	13	4.77941
13	15	15	0	0
14	26	31	3	0
Instant	49
1	659	26	1	0.578292
2	30	17	0	0
3	280	51	16	2.31324
4	620	15	0	0
11	29	19	1	0
12	153	61	15	3.94345
13	15	15	0	0
14	26	31	2	0
Instant	50
1	706	25	1	0
2	15	15	0	0
3	278	49	12	2.35727
4	576	15	0	0
11	31	18	0	0
12	175	55	13	6.11213
13	14	15	0	0
14	25	33	4	0
Instant	51
1	689	24	1	0
2	18	16	0	0
3	270	45	12	2.2828
4	607	15	0	0
11	30	19	1	0
12	170	63	16	4.96324
13	14	15	0	0
14	26	31	3	0
Instant	52
1	674	26	2	0
2	27	16	0	0
3	331	51	12	1.64373
4	613	15	0	0
11	29	19	0	0
12	171	61	13	5.55556
13	16	15	0	0
14	26	30	3	0
Instant	53
1	660	26	1	0
2	25	16	0	0
3	304	49	12	1.96281
4	578	15	0	0
11	29	19	0	0
12	169	60	17	4.91728
13	15	15	0	0
14	25	32	4	0
Instant	54
1	639	27	1	0.270758
2	33	16	0	0
3	314	50	13	1.98098
4	585	15	0	0
11	28	19	1	0
12	175	53	14	5.28493
13	15	15	0	0
14	25	33	3	0
Instant	55
1	589	27	2	0.596421
2	19	16	0	0
3	302	49	14	1.87102
4	613	15	0	0
11	25	19	1	0.292969
12	170	61	13	5.36318
13	15	15	0	0
14	26	30	3	0
Instant	56
1	692	26	2	0.288303
2	28	16	0	0
3	267	47	13	2.40642
4	606	15	0	0
11	31	19	1	0
12	184	57	16	5.14706
13	14	15	0	0
14	26	30	3	0
Instant	57
1	655	28	2	0
2	19	15	0	0
3	283	51	12	2.48331
4	592	15	0	0
11	28	19	0	0
12	164	61	16	5.37684
13	15	15	0	0
14	26	32	3	0
Instant	58
1	682	25	1	0.171527
2	30	15	0	0
3	336	47	10	1.65023
4	585	15	0	0
11	30	19	1	0
12	171	50	17	4.56081
13	16	15	0	0
14	25	32	3	0
Instant	59
1	692	27	1	0
2	12	17	1	0
3	309	52	12	1.81484
4	593	15	0	0
11	30	19	1	0
12	183	58	14	3.95221
13	15	15	0	0
14	25	32	4	0
Instant	60
1	626	29	3	0.281426
2	17	15	0	0
3	311	52	10	1.87198
4	591	15	0	0
11	27	19	1	0
12	177	59	14	6.75551
13	15	15	0	0
14	25	32	4	0
Instant	61
1	640	28	2	0
2	29	15	0	0
3	257	49	13	2.88288
4	614	15	0	0
11	27	19	1	0
12	158	65	16	4.38988
13	13	15	0	0
14	27	30	2	0
Instant	62
1	614	26	2	0.37037
2	30	15	0	0
3	290	48	11	1.84801
4	612	15	0	0
11	27	20	1	0
12	179	55	15	5.42279
13	15	15	0	0
14	27	30	3	0
Instant	63
1	594	24	1	0.625
2	33	17	0	0
3	282	52	13	2.17105
4	576	15	0	0
11	26	19	0	0
12	159	65	19	5.88235
13	14	15	0	0
14	24	32	4	0.304878
Instant	64
1	636	25	1	0
2	40	15	0	0
3	313	49	11	1.86421
4	607	15	0	0
11	27	19	0	0
12	157	61	13	5.91216
13	16	15	0	0
14	26	31	3	0
Instant	65
1	605	25	1	0
2	26	16	0	0
3	265	51	11	2.66927
4	606	15	0	0
11	27	19	1	0
12	160	68	17	5.8364
13	14	15	0	0
14	26	31	3	0
Instant	66
1	620	27	1	0.0490196
2	16	16	1	0
3	247	46	11	2.8777
4	572	15	0	0
11	26	19	1	0
12	149	64	15	4.64154
13	14	15	0	0
14	25	33	3	0
Instant	67
1	606	26	1	0
2	19	14	0	0
3	277	48	11	2.36913
4	584	15	0	0
11	26	20	1	0
12	164	65	15	6.92568
13	13	15	0	0
14	24	33	4	0
Instant	68
1	620	26	1	0
2	21	15	0	0
3	292	50	12	2.14876
4	592	15	0	0
11	27	18	0	0
12	150	58	15	5.76172
13	15	15	0	0
14	25	32	3	0
Instant	69
1	620	25	1	0
2	30	17	0	0
3	326	50	11	1.48994
4	578	15	0	0
11	27	19	1	0
12	167	57	18	5.88235
13	16	15	0	0
14	25	32	3	0
Instant	70
1	597	26	1	0
2	37	15	0	0
3	291	49	9	2.08685
4	592	15	0	0
11	26	20	1	0
12	154	62	14	4.34966
13	15	15	0	0
14	25	32	3	0
Instant	71
1	620	27	1	0
2	23	16	0	0
3	293	46	14	2.11443
4	606	15	0	0
11	25	19	1	0
12	187	58	16	6.02022
13	15	15	0	0
14	26	30	3	0
Instant	72
1	574	25	1	0.352823
2	22	16	0	0
3	311	49	13	1.72982
4	600	15	0	0
11	25	19	1	0
12	140	59	16	6.29735
13	15	15	0	0
14	26	31	3	0
Instant	73
1	604	27	1	0.094697
2	26	16	0	0
3	249	47	15	2.73508
4	612	15	0	0
11	27	18	0	0
12	165	64	15	4.23018
13	13	15	0	0
14	26	31	3	0
Instant	74
1	574	27	1	0.296443
2	35	15	0	0
3	279	49	14	2.23752
4	613	15	0	0
11	25	18	0	0
12	167	56	17	5.56066
13	14	15	0	0
14	27	29	2	0
Instant	75
1	626	27	1	0.234082
2	18	16	0	0
3	265	50	14	2.32143
4	584	15	0	0
11	27	18	0	0
12	197	64	18	4.7822
13	14	15	0	0
14	25	33	4	0
Instant	76
1	622	27	1	0
2	35	17	0	0
3	273	50	13	2.51736
4	614	15	0	0
11	26	18	0	0
12	163	56	18	5.20833
13	14	15	0	0
14	26	30	3	0
Instant	77
1	671	27	2	0
2	41	16	0	0
3	261	48	14	2.55282
4	585	15	0	0
11	29	18	0	0
12	161	54	16	3.80859
13	14	15	0	0
14	25	33	4	0
Instant	78
1	579	27	1	0.40568
2	32	15	0	0
3	256	47	12	2.7184
4	620	15	0	0
11	25	19	0	0
12	162	65	13	6.78711
13	13	15	0	0
14	27	29	2	0
Instant	79
1	621	26	1	0
2	16	16	0	0
3	267	52	13	2.35727
4	585	15	0	0
11	27	20	1	0
12	161	64	14	5.32095
13	14	15	0	0
14	26	32	3	0
Instant	80
1	564	26	1	0.301205
2	11	14	0	0
3	272	49	13	2.37145
4	613	15	0	0
11	25	19	1	0
12	156	64	14	5.82386
13	14	15	0	0
14	26	30	3	0
Instant	81
1	628	26	1	0
2	25	16	0	0
3	260	46	14	2.59477
4	606	15	0	0
11	26	19	1	0
12	134	60	22	6.67614
13	13	15	0	0
14	26	31	3	0
Instant	82
1	627	27	1	0
2	20	17	0	0
3	301	46	10	1.87602
4	592	15	0	0
11	26	18	0	0
12	162	63	18	5.3125
13	15	15	0	0
14	25	32	3	0
Instant	83
1	582	27	1	0.291262
2	30	16	0	0
3	262	52	11	2.33957
4	614	15	0	0
11	26	19	0	0
12	181	61	15	4.73485
13	14	15	0	0
14	27	30	2	0
Instant	84
1	626	25	1	0.0474383
2	27	16	0	0
3	303	49	11	2.17213
4	592	15	0	0
11	26	19	1	0
12	149	60	12	4.16667
13	15	15	0	0
14	25	32	3	0
Instant	85
1	598	28	1	0
2	30	16	0	0
3	293	48	13	2.14711
4	619	15	0	0
11	26	18	0	0
12	149	60	15	5.08814
13	14	15	0	0
14	26	30	3	0
Instant	86
1	573	26	3	0.642292
2	28	17	0	0
3	277	51	12	2.06163
4	585	15	0	0
11	26	19	1	0
12	181	53	11	5.42279
13	14	15	0	0
14	25	32	3	0
Instant	87
1	621	26	1	0
2	21	17	1	0
3	309	50	10	1.64634
4	599	15	0	0
11	26	19	1	0
12	213	57	14	5.46875
13	15	15	0	0
14	26	31	3	0
Instant	88
1	566	25	1	0.366876
2	26	16	0	0
3	274	53	12	2.56522
4	592	15	0	0
11	24	19	1	0
12	150	62	18	6.08108
13	14	15	0	0
14	25	33	4	0
Instant	89
1	646	24	1	0
2	35	15	0	0
3	251	50	11	2.6865
4	592	15	0	0
11	28	19	1	0
12	173	58	16	4.2739
13	14	15	0	0
14	25	32	3	0
Instant	90
1	612	26	1	0.0478927
2	18	15	0	0
3	294	47	10	2.55547
4	599	15	0	0
11	26	19	1	0
12	175	62	13	5.17578
13	15	15	0	0
14	26	31	3	0
Instant	91
1	591	26	1	0.292398
2	18	15	0	0
3	271	48	13	2.4957
4	599	15	0	0
11	26	19	1	0
12	168	57	12	4.43412
13	14	15	0	0
14	26	32	4	0
Instant	92
1	614	27	1	0
2	25	16	0	0
3	271	53	13	2.40468
4	599	15	0	0
11	26	19	1	0
12	142	58	17	4.73485
13	14	15	0	0
14	26	31	3	0
Instant	93
1	606	26	1	0
2	21	18	1	0
3	294	49	12	2.24196
4	613	15	0	0
11	27	18	0	0
12	168	62	16	6.96023
13	15	15	0	0
14	27	30	3	0
Instant	94
1	586	26	2	0.30426
2	29	17	0	0
3	279	53	12	2.11938
4	576	15	0	0
11	25	18	0	0
12	134	56	14	6.12331
13	14	15	0	0
14	25	33	4	0
Instant	95
1	632	26	2	0
2	27	16	0	0
3	276	49	9	2.38908
4	600	15	0	0
11	27	18	0	0
12	141	60	17	6.20404
13	14	15	0	0
14	26	31	4	0
Instant	96
1	585	26	2	0.297619
2	27	16	0	0
3	282	51	11	2.11938
4	578	15	0	0
11	25	20	1	0
12	185	60	17	5.51471
13	14	15	0	0
14	25	33	3	0
Instant	97
1	597	26	2	0.0498008
2	29	15	0	0
3	254	50	12	2.91284
4	620	15	0	0
11	25	20	1	0
12	160	56	13	4.23018
13	13	15	0	0
14	26	29	2	0
Instant	98
1	607	25	2	0.657895
2	27	16	0	0
3	328	50	12	1.28305
4	578	15	0	0
11	27	18	0	0
12	198	61	15	3.72243
13	16	15	0	0
14	25	33	4	0
Instant	99
1	467	26	2	1.0119
2	24	15	0	0
3	245	56	15	2.62906
4	606	15	0	0
11	21	20	1	0
12	189	62	14	5.19301
13	13	15	0	0
14	26	31	3	0
Instant	100
1	606	25	1	0.51306
2	23	15	0	0
3	324	46	11	1.33648
4	620	15	0	0
11	27	19	1	0
12	201	63	14	3.96959
13	15	15	0	0
14	27	29	2	0
Instant	101
1	645	25	1	0.498188
2	23	17	0	0
3	262	48	10	2.77289
4	578	15	0	0
11	28	19	1	0
12	165	65	15	5.05515
13	14	15	0	0
14	25	32	4	0.304878
Instant	102
1	667	27	1	0
2	11	16	0	0
3	296	49	11	2.20588
4	587	15	0	0
11	28	19	1	0
12	181	59	18	4.73346
13	15	15	0	0
14	25	34	3	0
Instant	103
1	715	26	2	0.0810373
2	27	16	0	0
3	268	53	14	2.31643
4	699	15	0	0
11	31	18	0	0
12	136	60	15	5.91216
13	14	15	0	0
14	29	31	3	0
Instant	104
1	616	27	2	0.235849
2	21	17	0	0
3	300	49	11	1.90083
4	689	15	0	0
11	27	19	0	0
12	180	58	15	5.1011
13	15	15	0	0
14	30	32	3	0
Instant	105
1	527	27	2	0.431965
2	37	17	0	0
3	285	53	12	2.12947
4	682	15	0	0
11	23	19	1	0
12	150	68	13	6.11213
13	14	15	0	0
14	29	32	3	0
Instant	106
1	627	26	1	0
2	38	15	0	0
3	284	49	14	2.28814
4	742	15	0	0
11	27	19	1	0
12	149	58	12	5.8277
13	15	15	0	0
14	33	30	2	0
Instant	107
1	578	26	2	0
2	34	17	0	0
3	261	52	12	2.34234
4	728	15	0	0
11	25	19	0	0
12	171	61	14	6.02022
13	14	15	0	0
14	31	31	3	0
Instant	108
1	577	27	1	0.346535
2	38	17	0	0
3	287	53	14	2.07254
4	739	15	0	0
11	25	19	0	0
12	188	59	13	3.76838
13	14	15	0	0
14	33	30	3	0
Instant	109
1	600	27	1	0
2	29	16	0	0
3	280	51	12	2.10481
4	748	15	0	0
11	25	19	1	0
12	156	62	14	4.20387
13	14	15	0	0
14	32	31	3	0
Instant	110
1	620	26	1	0
2	12	17	0	0
3	302	50	13	1.74077
4	857	15	0	0
11	26	19	1	0
12	177	63	16	6.25
13	15	15	0	0
14	36	30	3	0
Instant	111
1	571	26	1	0.443787
2	11	17	0	0
3	288	48	11	2.11864
4	785	15	0	0
11	25	19	0	0
12	163	63	14	4.91728
13	14	15	0	0
14	34	33	4	0
Instant	112
1	625	26	1	0.0485437
2	14	18	0	0
3	262	51	13	2.59769
4	736	15	0	0
11	26	19	0	0
12	168	59	15	5.8277
13	14	15	0	0
14	31	32	3	0
Instant	113
1	620	26	1	0
2	19	16	1	0
3	308	51	13	1.53654
4	735	15	0	0
11	27	19	1	0
12	155	63	17	5.46875
13	15	15	0	0
14	32	30	3	0.239617
Instant	114
1	613	27	1	0
2	20	15	0	0
3	275	49	13	2.52119
4	700	15	0	0
11	26	18	0	0
12	179	65	15	4.91728
13	14	15	0	0
14	30	31	3	0
Instant	115
1	651	25	1	0
2	26	14	0	0
3	276	51	14	2.41379
4	666	15	0	0
11	28	18	0	0
12	151	58	16	5.19426
13	14	15	0	0
14	29	33	3	0.264085
Instant	116
1	584	26	1	0.298211
2	30	16	0	0
3	314	52	12	1.98317
4	676	15	0	0
11	25	20	1	0
12	166	56	15	6.43382
13	15	15	0	0
14	28	31	2	0.522648
Instant	117
1	621	26	1	0
2	33	17	0	0
3	299	48	12	1.97798
4	687	15	0	0
11	26	19	1	0
12	148	63	15	6.34191
13	15	15	0	0
14	29	31	2	0
Instant	118
1	592	27	1	0
2	32	15	0	0
3	277	46	11	2.39726
4	656	15	0	0
11	25	20	1	0
12	174	56	15	4.47635
13	14	15	0	0
14	28	30	3	0.358423
Instant	119
1	611	27	1	0
2	14	16	0	0
3	256	52	13	2.45009
4	664	15	0	0
11	26	19	0	0
12	142	59	16	6.29596
13	13	15	0	0
14	29	30	2	0
