	T	D	J	LP
Instant	0
1	0	0	0	0
2	0	0	0	0
3	0	0	0	0
4	0	0	0	0
11	0	0	0	0
12	0	0	0	0
13	0	0	0	0
14	0	0	0	0
Instant	1
1	280	28	3	0
2	12	16	0	0
3	133	45	10	1.05799
4	569	18	0	0
11	11	18	1	0
12	90	58	15	3.10559
13	6	15	0	0
14	22	27	3	0
Instant	2
1	955	29	2	0.360144
2	29	17	0	0
3	300	53	15	3.20922
4	3788	19	0	0
11	42	20	1	0
12	100	56	17	4.19492
13	18	15	0	0
14	164	29	1	0.155087
Instant	3
1	1058	30	3	0.27533
2	36	16	0	0
3	267	54	13	2.67226
4	3826	18	0	0
11	47	18	1	0
12	107	68	13	2.15993
13	14	15	0	0
14	169	27	0	0
Instant	4
1	953	31	3	0.309406
2	25	16	0	0
3	277	49	14	2.47373
4	2854	18	0	0
11	41	19	1	0
12	97	62	12	9.54392
13	14	15	0	0
14	122	28	1	0.555556
Instant	5
1	940	29	3	0.241546
2	23	15	0	0
3	308	51	13	2.15785
4	2271	16	0	0
11	42	20	1	0
12	104	67	15	3.5386
13	16	15	0	0
14	100	28	1	0.466321
Instant	6
1	975	29	2	0.329736
2	18	16	0	0
3	290	54	13	2.28583
4	1484	15	0	0
11	43	19	1	0
12	100	70	16	10.3401
13	15	15	0	0
14	64	29	2	1.14715
Instant	7
1	880	28	2	0.453956
2	12	15	1	0
3	251	54	14	2.73723
4	1439	15	0	0
11	39	20	1	0
12	103	65	16	5.78547
13	13	15	0	0
14	63	28	2	0
Instant	8
1	970	29	3	0.425273
2	18	15	0	0
3	261	52	12	2.57156
4	1498	15	0	0
11	42	19	0	0
12	122	66	20	14.2463
13	14	15	0	0
14	65	28	2	0
Instant	9
1	899	28	2	0
2	25	17	0	0
3	261	53	13	2.74064
4	1563	16	0	0
11	39	18	0	0
12	128	67	14	4.2739
13	14	15	0	0
14	69	28	1	0
Instant	10
1	916	28	2	0
2	24	16	0	0
3	330	52	13	1.59774
4	1602	15	0	0
11	39	19	0	0
12	110	60	18	6.63007
13	16	15	0	0
14	69	27	1	0
Instant	11
1	805	29	2	0
2	34	16	0	0
3	280	56	14	2.54132
4	1494	15	0	0
11	36	19	0	0
12	127	62	18	19.2096
13	15	15	0	0
14	66	29	2	0
Instant	12
1	774	29	3	0
2	27	17	0	0
3	290	50	11	2.82452
4	1535	16	0	0
11	33	20	1	0
12	124	68	13	6.89338
13	15	15	0	0
14	68	28	2	0
Instant	13
1	813	27	3	0
2	25	15	0	0
3	257	52	16	2.78998
4	1670	15	0	0
11	35	19	0	0
12	128	65	17	5.65476
13	14	15	0	0
14	71	26	1	0
Instant	14
1	675	30	3	0.519031
2	29	16	0	0
3	277	49	11	2.76403
4	1343	16	0	0
11	30	18	0	0
12	110	64	16	4.59559
13	15	15	0	0
14	58	29	2	0.699301
Instant	15
1	634	29	2	0
2	27	15	0	0
3	286	53	11	2.27649
4	1341	15	0	0
11	28	19	1	0
12	109	69	17	9.00735
13	15	15	0	0
14	59	29	2	0
Instant	16
1	627	29	2	0.373832
2	12	15	0	0
3	273	55	13	2.9772
4	1354	15	0	0
11	27	18	0	0
12	115	61	13	6.54561
13	15	15	0	0
14	59	27	2	0
Instant	17
1	613	27	1	0.557621
2	26	15	0	0
3	224	55	15	3.32068
4	1287	15	0	0
11	27	18	0	0
12	115	63	21	5.46875
13	13	15	0	0
14	55	28	2	0.319343
Instant	18
1	611	26	1	0.282486
2	18	16	1	0
3	259	50	15	2.73577
4	1309	16	0	0
11	27	19	0	0
12	133	64	21	5.42279
13	14	15	0	0
14	57	28	2	0
Instant	19
1	673	27	1	0
2	25	17	0	0
3	261	53	12	2.875
4	1330	15	0	0
11	29	18	0	0
12	123	65	15	5.32095
13	15	15	0	0
14	59	28	2	0
Instant	20
1	604	30	2	0.244141
2	29	16	0	0
3	255	51	13	2.93321
4	1296	15	0	0
11	26	19	1	0
12	100	57	21	3.49265
13	13	15	0	0
14	57	29	2	0
Instant	21
1	734	27	1	0.277338
2	36	16	0	0
3	265	47	11	2.96717
4	1227	15	0	0
11	32	18	0	0
12	128	62	20	5.8364
13	14	15	0	0
14	51	29	2	0
Instant	22
1	636	27	2	0.271248
2	26	16	0	0
3	298	50	13	2.59171
4	1154	15	0	0
11	27	18	0	0.456204
12	111	65	19	4.39189
13	15	15	0	0
14	50	29	2	0
Instant	23
1	605	30	2	0.605214
2	23	16	0	0
3	249	45	11	2.73014
4	1074	15	0	0
11	27	18	0	0
12	82	54	17	5.65257
13	13	15	0	0
14	47	28	2	0.492341
Instant	24
1	642	29	2	0.0465549
2	15	15	0	0
3	301	53	13	2.23705
4	1039	15	0	0
11	27	18	0	0
12	125	66	14	30.0092
13	16	15	0	0
14	45	29	2	0
Instant	25
1	605	28	2	0.566038
2	14	17	1	0
3	334	47	10	1.90459
4	1042	15	0	0
11	27	19	0	0
12	115	63	21	6.54762
13	17	15	0	0
14	45	29	2	0
Instant	26
1	662	25	1	0
2	26	17	0	0
3	250	56	13	3.23993
4	842	16	0	0
11	29	18	0	0
12	111	64	19	4.59559
13	14	15	0	0
14	36	29	2	0.488827
Instant	27
1	576	27	1	0.661914
2	19	16	0	0
3	244	48	12	2.93152
4	868	16	1	0
11	25	20	1	0
12	129	61	20	10.7077
13	13	15	0	0
14	38	28	1	0
Instant	28
1	536	28	2	0.326797
2	17	15	0	0
3	283	45	10	2.47934
4	887	16	1	0
11	23	19	1	0
12	121	62	21	8.07292
13	15	15	0	0
14	38	27	1	0
Instant	29
1	577	28	2	0.401606
2	13	16	0	0
3	277	52	14	2.47483
4	870	16	1	0
11	25	19	1	0
12	117	61	15	5.79044
13	15	15	0	0
14	38	28	2	0
Instant	30
1	586	29	1	0
2	28	16	0	0
3	273	54	11	2.00431
4	880	16	1	0
11	25	19	0	0
12	95	66	18	6.93934
13	14	15	0	0
14	38	28	1	0
Instant	31
1	583	28	1	0.301811
2	26	15	0	0
3	264	50	12	3.09773
4	886	16	1	0
11	25	18	0	0
12	94	66	16	5.27872
13	14	15	0	0
14	39	27	2	0
Instant	32
1	574	29	2	0.0510204
2	34	14	0	0
3	237	53	14	2.95369
4	844	16	1	0
11	25	20	1	0
12	109	70	17	14.3842
13	13	15	0	0
14	37	29	3	0
Instant	33
1	575	29	2	0
2	38	15	0	0
3	252	51	14	2.71248
4	783	15	0	0
11	25	19	1	0
12	118	65	19	6.52574
13	13	15	0	0
14	34	29	2	0.374251
Instant	34
1	538	27	2	0.638298
2	23	17	0	0
3	280	50	11	2.59197
4	968	15	0	0
11	24	19	1	0
12	99	67	18	6.29223
13	15	15	0	0
14	42	27	2	0
Instant	35
1	620	26	1	0
2	35	16	0	0
3	273	46	13	2.7592
4	993	16	0	0
11	27	18	1	0
12	107	66	21	5.97426
13	15	15	0	0
14	43	28	2	0
Instant	36
1	606	28	2	0
2	28	16	0	0
3	232	56	13	3.34738
4	1013	15	0	0
11	25	18	0	0
12	119	66	16	4.54963
13	13	15	0	0
14	44	28	2	0
Instant	37
1	589	28	1	0
2	28	16	0	0
3	258	55	13	2.7535
4	1046	15	0	0
11	25	19	1	0
12	133	66	15	5.87798
13	14	15	0	0
14	45	28	2	0
Instant	38
1	610	26	1	0
2	24	16	0	0
3	276	50	12	2.57228
4	1088	15	0	0
11	26	19	1	0
12	93	69	16	6.70956
13	14	15	0	0
14	46	26	1	0
Instant	39
1	620	26	1	0
2	28	15	0	0
3	307	50	13	2.12639
4	1056	15	0	0
11	26	19	1	0
12	119	69	16	6.34191
13	15	15	0	0
14	46	27	1	0
Instant	40
1	583	27	1	0.0978474
2	33	15	0	0
3	255	51	15	2.61261
4	884	15	0	0
11	26	19	1	0
12	104	65	17	5.57432
13	14	15	0	0
14	38	28	2	0.6
Instant	41
1	581	28	1	0.20284
2	33	16	0	0
3	271	53	12	2.69692
4	949	15	0	0
11	25	19	1	0
12	125	56	23	7.53676
13	14	15	0	0
14	41	27	1	0
Instant	42
1	592	28	2	0
2	24	17	0	0
3	278	50	12	2.09044
4	974	15	0	0
11	25	19	1	0
12	113	65	14	5.56066
13	14	15	0	0
14	43	27	1	0
Instant	43
1	606	27	1	0
2	27	17	0	0
3	224	51	13	3.38439
4	978	15	0	0
11	27	18	0	0
12	118	66	19	4.51858
13	12	15	0	0
14	42	28	2	0
Instant	44
1	589	26	1	0.298805
2	32	15	0	0
3	244	50	12	3.08129
4	892	15	0	0
11	25	19	1	0
12	101	64	12	5.19301
13	14	15	0	0
14	38	26	1	0.263852
Instant	45
1	599	27	1	0
2	22	17	0	0
3	291	51	14	2.33161
4	879	15	0	0
11	25	20	1	0
12	107	65	16	4.82537
13	14	15	0	0
14	37	28	2	0
Instant	46
1	555	27	2	0.313152
2	29	16	0	0
3	261	54	14	2.5
4	845	15	0	0
11	24	19	1	0
12	88	61	14	5.27872
13	14	15	0	0
14	37	29	2	0
Instant	47
1	592	28	2	0
2	45	16	0	0
3	265	54	14	2.68174
4	913	15	0	0
11	25	18	1	0
12	116	67	12	4.91728
13	13	15	0	0
14	40	28	2	0
Instant	48
1	599	29	2	0
2	13	15	1	0
3	291	48	11	2.51637
4	854	15	0	0
11	26	18	0	0
12	106	67	17	3.58456
13	15	15	0	0
14	36	28	2	0
Instant	49
1	606	28	2	0
2	15	15	0	0
3	228	48	14	3.03738
4	805	15	0	0
11	25	18	0	0
12	96	56	12	5.35714
13	13	15	0	0
14	36	29	2	0
Instant	50
1	585	28	1	0
2	23	16	0	0
3	284	51	12	2.62397
4	860	15	0	0
11	25	20	1	0
12	113	56	16	4.36581
13	15	15	0	0
14	36	29	2	0
Instant	51
1	613	26	1	0
2	29	15	0	0
3	297	49	12	2.13762
4	860	15	0	0
11	26	20	1	0
12	121	62	15	36.2132
13	15	15	0	0
14	38	28	2	0
Instant	52
1	620	26	1	0
2	23	16	0	0
3	270	50	13	1.98661
4	867	15	0	0
11	26	19	1	0
12	102	73	17	6.64062
13	14	15	0	0
14	37	28	2	0
Instant	53
1	603	27	1	0
2	35	15	0	0
3	237	52	12	3.24519
4	876	15	0	0
11	26	18	0	0
12	114	60	22	6.34191
13	13	15	0	0
14	38	28	2	0
Instant	54
1	608	27	1	0
2	35	14	0	0
3	243	51	14	2.79605
4	821	15	0	0
11	26	18	0	0.289575
12	107	65	18	6.06618
13	13	15	0	0
14	35	29	2	0
Instant	55
1	591	28	2	0.301205
2	7	15	0	0
3	241	54	13	2.47201
4	722	16	0	0
11	25	19	0	0
12	95	65	17	5.27872
13	13	15	0	0
14	31	29	2	0.2443
Instant	56
1	614	27	2	0
2	30	17	0	0
3	244	51	12	3.38346
4	761	15	0	0
11	27	19	0	0
12	133	63	20	6.6636
13	13	15	0	0
14	33	28	2	0
Instant	57
1	613	26	2	0
2	20	15	0	0
3	298	48	12	2.0934
4	755	15	0	0
11	27	19	0	0
12	110	68	14	6.52574
13	15	15	0	0
14	33	28	2	0
Instant	58
1	606	27	1	0
2	32	15	0	0
3	254	55	14	2.41863
4	771	15	0	0
11	26	19	1	0
12	78	72	15	5.70101
13	13	15	0	0
14	33	28	1	0
Instant	59
1	571	28	2	0.308642
2	38	16	0	0
3	269	50	13	2.53497
4	728	15	0	0
11	24	18	0	0
12	99	63	17	2.02206
13	14	15	0	0
14	31	29	2	0
Instant	60
1	599	27	1	0
2	18	17	0	0
3	309	48	11	1.98317
4	675	15	0	0
11	26	18	0	0
12	97	67	18	10.386
13	15	15	0	0
14	29	28	2	0.434028
Instant	61
1	598	27	1	0.290698
2	16	16	0	0
3	267	49	12	2.58696
4	814	15	0	0
11	26	18	0	0
12	99	65	18	3.1622
13	14	15	0	0
14	35	28	2	0
Instant	62
1	591	27	1	0
2	32	17	0	0
3	312	48	12	2.17308
4	819	15	0	0
11	25	20	1	0
12	112	65	14	6.47978
13	16	15	0	0
14	36	27	1	0
Instant	63
1	592	27	2	0
2	32	15	0	0
3	289	48	12	2.52878
4	732	15	0	0
11	26	21	1	0
12	116	63	14	3.63051
13	15	15	0	0
14	31	28	2	0.482315
Instant	64
1	662	29	2	0.0442478
2	13	16	0	0
3	265	49	13	2.52174
4	705	15	0	0
11	28	18	0	0
12	98	64	19	4.09628
13	14	15	0	0
14	30	28	1	0
Instant	65
1	699	27	2	0.0423729
2	26	16	0	0
3	244	54	14	3.01178
4	698	15	0	0
11	30	20	1	0
12	106	62	12	40.2114
13	13	15	0	0
14	30	28	2	0
Instant	66
1	712	28	2	0
2	24	15	0	0
3	273	49	12	2.43902
4	691	15	0	0
11	31	19	1	0
12	125	65	14	9.19118
13	14	15	0	0
14	29	29	2	0
Instant	67
1	739	26	2	0.463679
2	20	14	0	0
3	282	50	13	2.4375
4	714	15	0	0
11	33	20	1	0
12	90	63	18	6.71453
13	15	15	0	0
14	30	27	2	0
Instant	68
1	766	27	2	0.0386399
2	21	13	0	0
3	262	45	11	2.59599
4	634	15	0	0
11	33	19	1	0
12	134	60	14	5.41992
13	14	15	0	0
14	27	30	2	0.37037
Instant	69
1	733	27	2	0
2	18	13	1	0
3	278	48	12	2.63158
4	635	15	0	0
11	32	18	0	0
12	108	58	21	21.0938
13	14	15	0	0
14	27	28	2	0
Instant	70
1	727	30	2	0
2	31	14	0	0
3	299	53	13	2.14521
4	641	15	0	0
11	31	19	1	0
12	111	64	15	4.34966
13	15	15	0	0
14	28	28	2	0
Instant	71
1	759	29	3	0
2	30	16	0	0
3	282	50	13	2.39983
4	654	15	0	0
11	33	19	1	0
12	93	56	17	2.29779
13	15	15	0	0
14	28	27	2	0
Instant	72
1	847	27	2	0
2	19	16	0	0
3	267	52	11	2.67391
4	634	15	0	0
11	36	19	1	0
12	104	62	17	5.11364
13	14	15	0	0
14	27	29	2	0
Instant	73
1	852	30	3	0.0345781
2	15	15	0	0
3	279	50	12	2.34114
4	628	15	0	0
11	37	20	1	0
12	89	65	17	3.16311
13	15	15	0	0
14	27	29	2	0
Instant	74
1	790	28	2	0
2	12	16	0	0
3	290	50	9	2.33193
4	633	15	0	0
11	34	18	0	0
12	89	62	20	8.2261
13	15	15	0	0
14	27	29	2	0
Instant	75
1	684	27	2	0.374376
2	37	16	0	0
3	260	58	15	2.34794
4	648	15	0	0
11	31	18	0	0
12	131	67	13	31.108
13	14	15	0	0
14	28	28	2	0
Instant	76
1	675	29	2	0
2	42	16	0	0
3	314	47	12	2.01422
4	648	15	0	0
11	28	19	1	0
12	110	73	17	4.7309
13	15	15	0	0
14	28	27	1	0
Instant	77
1	662	30	2	0
2	35	17	0	0
3	265	52	15	2.43849
4	662	15	0	0
11	28	19	1	0
12	105	64	19	4.39453
13	14	15	0	0
14	28	27	1	0
Instant	78
1	602	28	2	0.383877
2	27	16	0	0
3	260	55	14	2.97927
4	655	15	0	0
11	27	19	1	0
12	92	69	15	10.5957
13	14	15	0	0
14	28	27	1	0
Instant	79
1	598	27	1	0
2	34	15	0	0
3	280	49	14	2.61438
4	620	15	0	0
11	26	19	1	0
12	109	60	19	4.47635
13	15	15	0	0
14	26	29	2	0.284091
Instant	80
1	578	28	1	0
2	31	16	0	0
3	311	49	10	1.90304
4	634	15	0	0
11	25	20	1	0
12	98	61	21	5.30303
13	15	15	0	0
14	27	28	2	0
Instant	81
1	606	27	1	0
2	26	15	0	0
3	293	50	12	2.15947
4	620	15	0	0
11	26	19	1	0
12	110	60	17	7.05492
13	15	15	0	0
14	26	30	3	0
Instant	82
1	582	28	1	0
2	20	16	0	0
3	261	54	14	2.5492
4	627	15	0	0
11	25	19	1	0
12	131	72	14	17.9464
13	14	15	0	0
14	27	30	2	0
Instant	83
1	592	27	1	0
2	31	15	0	0
3	287	48	13	2.49183
4	641	15	0	0
11	26	20	1	0
12	106	68	14	4.49811
13	15	15	0	0
14	27	29	3	0
Instant	84
1	564	26	2	0.609756
2	18	17	0	0
3	288	54	12	2.00431
4	634	15	0	0
11	25	19	1	0
12	122	60	19	7.7178
13	14	15	0	0
14	27	28	1	0
Instant	85
1	603	27	1	0
2	14	15	0	0
3	207	57	14	3.39506
4	620	15	0	0
11	25	19	1	0
12	134	68	17	8.01282
13	12	15	0	0
14	27	30	2	0
Instant	86
1	606	27	2	0.339147
2	25	16	1	0
3	250	54	12	3.05804
4	655	15	0	0
11	26	19	1	0
12	127	67	24	7.8125
13	14	15	0	0
14	28	27	2	0
Instant	87
1	592	27	1	0
2	11	16	0	0
3	257	53	13	2.68325
4	641	15	0	0
11	26	19	0	0
12	134	72	18	5.46875
13	14	15	0	0
14	27	28	2	0
Instant	88
1	585	28	1	0
2	20	16	0	0
3	275	51	12	2.52119
4	641	15	0	0
11	26	19	1	0
12	137	67	16	9.54392
13	14	15	0	0
14	28	28	2	0
Instant	89
1	605	27	1	0
2	10	15	0	0
3	284	52	14	2.31401
4	648	15	0	0
11	25	19	1	0
12	112	64	15	4.13603
13	14	15	0	0
14	27	28	2	0
Instant	90
1	584	28	2	0
2	22	16	0	0
3	295	50	13	2.15378
4	641	15	0	0
11	25	20	1	0
12	152	62	16	8.34961
13	15	15	0	0
14	28	28	2	0
Instant	91
1	563	29	2	0
2	23	17	0	0
3	282	50	13	2.41117
4	621	15	0	0
11	25	19	0	0
12	133	56	19	6.96791
13	14	15	0	0
14	27	29	3	0
Instant	92
1	599	28	1	0.29703
2	35	15	0	0
3	307	51	14	1.89516
4	648	15	0	0
11	25	19	0	0
12	130	59	15	6.58144
13	15	15	0	0
14	28	28	2	0
Instant	93
1	598	28	2	0.0502008
2	22	15	0	0
3	315	47	12	1.99219
4	655	15	0	0
11	25	19	0	0
12	115	67	18	4.64015
13	16	15	0	0
14	28	27	1	0
Instant	94
1	556	27	2	0.301205
2	23	17	0	0
3	324	50	11	2.02177
4	654	15	0	0
11	25	20	1	0
12	95	65	21	8.61487
13	16	15	0	0
14	27	27	1	0.269784
Instant	95
1	544	29	2	0.323974
2	27	17	0	0
3	275	51	13	1.83036
4	670	15	0	0
11	23	21	1	0
12	115	60	20	10.1103
13	14	15	0	0
14	29	26	1	0
Instant	96
1	620	28	2	0
2	33	15	0	0
3	258	52	14	2.48619
4	648	15	0	0
11	26	18	0	0
12	140	62	13	4.73346
13	13	15	0	0
14	28	28	2	0
Instant	97
1	606	28	1	0
2	30	15	0	0
3	259	52	12	2.81195
4	655	15	0	0
11	26	18	0	0
12	106	64	17	7.85061
13	14	15	0	0
14	28	27	1	0
Instant	98
1	606	27	1	0
2	23	16	0	0
3	258	52	14	2.53136
4	655	15	0	0
11	26	18	0	0
12	136	64	19	6.93934
13	14	15	0	0
14	28	27	2	0
Instant	99
1	620	27	2	0
2	28	16	0	0
3	221	50	12	3.43277
4	640	15	0	0
11	26	19	0	0
12	109	68	20	5.37684
13	13	15	0	0
14	27	29	2	0
Instant	100
1	606	27	1	0
2	29	16	0	0
3	235	49	12	2.96935
4	634	15	0	0
11	27	18	1	0
12	109	73	19	11.7399
13	13	15	0	0
14	28	28	2	0
Instant	101
1	620	27	1	0
2	20	15	0	0
3	276	48	12	2.44845
4	668	15	0	0
11	26	18	0	0
12	111	66	18	6.75551
13	14	15	0	0
14	28	26	1	0
Instant	102
1	579	28	1	0.14881
2	24	16	0	0
3	291	51	10	2.3581
4	655	15	0	0
11	25	19	1	0
12	100	64	18	6.61765
13	15	15	0	0
14	28	27	1	0
Instant	103
1	608	27	1	0
2	26	14	0	0
3	278	51	13	2.33844
4	621	15	0	0
11	25	19	1	0
12	125	60	17	8.74155
13	15	15	0	0
14	26	28	2	0.283019
Instant	104
1	600	28	2	0
2	24	16	0	0
3	261	51	12	2.77778
4	648	15	0	0
11	26	18	0	0
12	159	58	14	6.25
13	14	15	0	0
14	28	27	1	0
Instant	105
1	605	28	1	0
2	27	15	0	0
3	289	51	13	1.94724
4	647	15	0	0
11	26	18	0	0
12	134	71	24	6.89338
13	15	15	0	0
14	28	28	2	0
Instant	106
1	578	28	2	0
2	14	16	0	0
3	241	50	14	3.0838
4	634	15	0	0
11	25	20	1	0
12	114	62	18	5.27872
13	13	15	0	0
14	27	29	2	0
Instant	107
1	620	26	1	0
2	15	15	0	0
3	277	51	13	2.11538
4	641	15	0	0
11	26	19	0	0
12	111	64	13	9.55882
13	14	15	0	0
14	27	28	1	0
Instant	108
1	612	27	1	0
2	30	15	0	0
3	280	48	13	2.27273
4	614	15	0	0
11	26	19	1	0
12	101	65	18	3.90625
13	15	15	0	0
14	27	27	2	0.285171
Instant	109
1	566	28	2	0.302419
2	19	16	0	0
3	289	54	13	2.37288
4	634	15	0	0
11	25	19	1	0
12	124	56	14	4.6131
13	14	15	0	0
14	27	29	2	0
Instant	110
1	524	28	2	0.703463
2	25	16	0	0
3	236	52	15	2.71429
4	621	15	0	0
11	23	20	1	0
12	120	69	17	13.916
13	13	15	0	0
14	26	30	3	0
Instant	111
1	603	29	1	0
2	24	15	0	0
3	260	55	13	2.79489
4	647	15	0	0
11	25	18	0	0
12	100	59	16	3.5386
13	14	15	0	0
14	29	27	2	0
Instant	112
1	587	28	2	0.389864
2	21	15	0	0
3	267	50	12	2.43363
4	662	15	0	0
11	26	18	0	0
12	114	60	14	8.10811
13	14	15	0	0
14	28	27	1	0
Instant	113
1	605	27	2	0
2	11	15	0	0
3	284	49	12	2.2534
4	648	15	0	0
11	26	19	1	0
12	115	63	18	8.73162
13	14	15	0	0
14	28	28	2	0
Instant	114
1	596	27	2	0
2	18	16	1	0
3	272	51	13	2.40221
4	663	15	0	0
11	26	19	0	0
12	97	62	15	5.23897
13	15	15	0	0
14	29	26	1	0
Instant	115
1	519	28	2	0.389755
2	20	15	0	0
3	262	50	12	2.5722
4	657	15	0	0
11	23	19	1	0
12	93	66	24	5.15203
13	13	15	0	0
14	28	27	1	0
Instant	116
1	599	27	1	0
2	25	15	0	0
3	312	50	11	2.11661
4	647	15	0	0
11	26	19	1	0
12	100	64	14	11.9945
13	15	15	0	0
14	28	28	2	0
Instant	117
1	583	26	1	0
2	15	16	0	0
3	273	51	13	2.06851
4	641	15	0	0
11	25	22	1	0
12	105	58	17	5.28493
13	14	15	0	0
14	27	28	2	0
Instant	118
1	612	28	2	0
2	10	16	0	0
3	268	53	11	2.26274
4	620	15	0	0
11	26	18	0	0
12	133	64	17	7.77027
13	14	15	0	0
14	27	29	3	0
Instant	119
1	585	27	1	0
2	13	15	0	0
3	260	52	12	2.40724
4	655	15	0	0
11	24	19	1	0.301205
12	137	62	17	5.28493
13	14	15	0	0
14	28	27	2	0
