	T	D	J	LP
Instant	0
1	0	0	0	0
2	0	0	0	0
3	0	0	0	0
4	0	0	0	0
11	0	0	0	0
12	0	0	0	0
13	0	0	0	0
14	0	0	0	0
Instant	1
1	257	33	3	0
2	21	19	0	0
3	96	50	12	0.625
4	404	15	0	0
11	9	19	1	0
12	95	57	11	2.03804
13	5	15	0	0
14	13	32	4	0
Instant	2
1	952	31	3	1.31279
2	29	17	0	0
3	277	54	13	2.99587
4	3020	18	0	0
11	44	19	1	0
12	182	69	16	5.74449
13	15	15	0	0
14	134	31	1	0.0778816
Instant	3
1	1016	30	3	0.683371
2	14	16	1	0
3	230	55	13	3.80931
4	2978	17	0	0
11	45	19	1	0
12	155	60	18	5.23897
13	13	15	0	0
14	130	30	1	0
Instant	4
1	837	30	2	0.240385
2	31	16	0	0
3	271	54	17	2.45347
4	2450	16	0	0
11	37	19	0	0
12	146	55	15	8.06588
13	14	15	0	0
14	108	30	1	0
Instant	5
1	804	27	1	0.221893
2	19	17	0	0
3	290	55	17	2.79107
4	1642	16	0	0
11	34	19	1	0
12	177	64	13	4.87132
13	15	15	0	0
14	73	31	1	0
Instant	6
1	769	28	2	0.113122
2	32	17	0	0
3	268	55	16	2.76138
4	1350	15	0	0
11	34	19	0	0
12	183	60	17	4.96324
13	15	15	0	0
14	59	29	1	0
Instant	7
1	712	28	2	0.484653
2	12	15	0	0
3	234	52	14	3.5
4	1175	15	0	0
11	32	19	1	0
12	152	61	16	5.02534
13	14	15	0	0
14	51	30	1	0
Instant	8
1	621	30	2	0.700935
2	31	16	0	0
3	229	50	15	3.6372
4	1039	15	0	0
11	27	19	1	0
12	150	64	15	6.43382
13	13	15	0	0
14	45	30	2	0
Instant	9
1	575	27	3	0.542406
2	21	17	0	0
3	254	53	13	2.61628
4	886	15	0	0
11	25	19	0	0
12	148	63	14	5.92831
13	13	15	0	0
14	39	30	2	0
Instant	10
1	638	26	1	0
2	18	13	0	0
3	258	52	15	2.80749
4	919	15	0	0
11	27	20	1	0
12	141	58	16	5.53209
13	14	15	0	0
14	38	30	2	0.383632
Instant	11
1	512	27	2	0.45045
2	28	14	0	0
3	239	53	15	3.00573
4	976	15	0	0
11	22	19	1	0
12	151	60	15	6.47978
13	13	15	0	0
14	42	29	1	0
Instant	12
1	563	27	1	0.659229
2	22	15	0	0
3	265	50	14	2.45267
4	810	15	0	0
11	25	18	0	0
12	167	63	17	5.97426
13	14	15	0	0
14	35	31	2	0.289855
Instant	13
1	579	26	1	0.29703
2	23	15	0	0
3	243	50	16	3.29892
4	795	15	0	0
11	25	19	0	0
12	164	59	19	4.24107
13	13	15	0	0
14	35	32	2	0
Instant	14
1	594	28	2	0
2	25	16	0	0
3	288	51	14	2.0485
4	785	15	0	0
11	25	20	1	0
12	166	63	16	5.65257
13	15	15	0	0
14	34	31	3	0
Instant	15
1	706	28	2	0.531046
2	27	16	0	0
3	238	51	13	3.33029
4	767	15	0	0
11	31	18	0	0
12	177	63	14	5.19301
13	13	15	0	0
14	33	33	4	0
Instant	16
1	620	28	2	0.798872
2	25	16	0	0
3	228	51	13	3.02607
4	747	15	0	0
11	27	19	0	0
12	158	62	15	5.86993
13	13	15	0	0
14	32	31	3	0
Instant	17
1	609	26	2	0.135624
2	31	15	0	0
3	261	49	13	2.96573
4	745	15	0	0
11	28	20	1	0
12	150	61	15	5.33088
13	14	15	0	0
14	32	32	3	0
Instant	18
1	591	27	2	2.04678
2	30	16	0	0
3	259	52	15	2.85398
4	813	15	0	0
11	26	18	0	0
12	133	66	20	6.52574
13	14	15	0	0
14	35	31	2	0
Instant	19
1	542	29	2	0.461066
2	15	15	0	0
3	292	52	12	2.39617
4	850	15	0	0
11	25	19	1	0
12	172	59	17	5.15203
13	15	15	0	0
14	37	31	2	0
Instant	20
1	586	28	1	0
2	27	16	0	0
3	255	51	13	3.07522
4	677	15	0	0
11	25	20	1	0
12	162	65	15	5.88235
13	14	15	0	0
14	29	36	3	0
Instant	21
1	585	29	1	0
2	22	15	0	0
3	238	53	15	3.02273
4	654	15	0	0
11	25	19	0	0
12	164	66	13	5.28493
13	13	15	0	0
14	28	34	4	0
Instant	22
1	596	28	1	0
2	20	14	0	0
3	255	53	14	2.85649
4	688	15	0	0
11	26	19	1	0
12	147	60	14	4.60304
13	13	15	0	0
14	30	31	3	0
Instant	23
1	555	27	1	0.309278
2	18	16	0	0
3	261	55	14	2.52683
4	792	15	0	0
11	24	19	1	0
12	150	59	14	6.02022
13	14	15	0	0
14	34	30	3	0
Instant	24
1	606	28	1	0
2	27	15	0	0
3	247	51	12	2.87409
4	701	15	0	0
11	26	19	1	0
12	141	63	16	7.62868
13	13	15	0	0
14	31	33	3	0
Instant	25
1	533	28	2	0.635593
2	38	16	0	0
3	239	54	14	3.32868
4	665	15	0	0
11	24	19	0	0
12	107	67	16	6.3244
13	13	15	0	0
14	28	30	3	0
Instant	26
1	571	28	2	0.359343
2	24	15	0	0
3	225	47	13	2.80418
4	650	15	0	0
11	24	19	1	0
12	153	64	18	5.97426
13	13	15	0	0
14	28	31	3	0
Instant	27
1	620	27	1	0
2	24	15	0	0
3	233	54	13	3.32547
4	641	15	0	0
11	27	18	0	0
12	163	68	11	6.29596
13	13	15	0	0
14	27	32	3	0
Instant	28
1	599	28	1	0
2	20	14	0	0
3	264	53	13	2.41935
4	620	15	0	0
11	25	19	0	0
12	150	65	15	4.94792
13	14	15	0	0
14	26	33	4	0
Instant	29
1	555	29	2	0.360082
2	31	14	0	0
3	195	55	13	3.75254
4	630	15	0	0
11	24	19	1	0
12	158	64	15	7.49081
13	12	15	0	0
14	27	32	3	0
Instant	30
1	482	30	3	0.719424
2	16	15	0	0
3	294	53	11	2.2096
4	600	15	0	0
11	21	19	1	0
12	146	61	16	5.8364
13	14	15	0	0
14	26	31	3	0.392157
Instant	31
1	614	27	1	0
2	30	15	0	0
3	251	51	12	3.21739
4	599	15	0	0
11	26	19	1	0
12	136	64	14	7.17905
13	14	15	0	0
14	26	30	3	0
Instant	32
1	606	28	1	0
2	23	18	0	0
3	185	56	18	4.08163
4	571	15	0	0
11	26	18	0	0
12	132	71	13	6.20404
13	12	15	0	0
14	24	34	4	0
Instant	33
1	587	26	2	0.289575
2	19	16	0	0
3	276	52	14	2.5641
4	600	15	0	0
11	26	19	0	0
12	116	59	16	4.87132
13	14	15	0	0
14	26	31	3	0
Instant	34
1	591	27	1	0.355691
2	29	14	0	0
3	237	54	14	3.25048
4	591	15	0	0
11	25	18	0	0
12	114	53	17	6.84122
13	13	15	0	0
14	25	32	3	0
Instant	35
1	492	30	3	0.336323
2	22	16	0	0
3	254	53	14	2.83989
4	613	15	0	0
11	23	19	1	0
12	151	60	15	9.74265
13	14	15	0	0
14	26	30	3	0
Instant	36
1	587	28	2	0.301811
2	28	15	0	0
3	242	53	14	2.73438
4	613	15	0	0
11	25	20	1	0
12	164	63	19	5.28493
13	13	15	0	0
14	26	30	3	0
Instant	37
1	547	30	2	0.321888
2	30	15	0	0
3	269	51	11	2.63385
4	606	15	0	0
11	23	19	1	0
12	152	58	15	3.53423
13	14	15	0	0
14	26	31	3	0
Instant	38
1	533	30	3	0.37155
2	29	16	0	0
3	212	50	14	3.24257
4	607	15	0	0
11	24	18	1	0
12	153	61	16	4.36581
13	12	15	0	0
14	27	30	3	0
Instant	39
1	542	29	1	0.375536
2	30	15	0	0
3	245	53	12	2.75424
4	591	15	0	0
11	23	19	1	0
12	151	68	19	10.0184
13	13	15	0	0
14	25	32	4	0
Instant	40
1	593	28	2	0
2	28	15	0	0
3	242	53	14	2.78828
4	600	15	0	0
11	25	19	0	0
12	125	67	12	6.12331
13	13	15	0	0
14	26	31	3	0
Instant	41
1	609	27	2	0.0486381
2	21	16	0	0
3	274	52	12	2.2986
4	605	15	0	0
11	26	19	0	0
12	165	62	14	6.70956
13	14	15	0	0
14	25	31	2	0.291829
Instant	42
1	599	28	1	0
2	28	15	0	0
3	241	55	15	3.06261
4	592	15	0	0
11	26	18	0	0
12	157	60	15	5.51471
13	13	15	0	0
14	26	31	3	0
Instant	43
1	605	26	0	0.0478927
2	27	15	0	0
3	245	54	12	3.19245
4	599	15	0	0
11	26	19	1	0
12	161	62	16	5.36318
13	13	15	0	0
14	26	31	3	0
Instant	44
1	575	27	2	0.306122
2	29	15	0	0
3	232	50	13	3.08935
4	562	15	0	0
11	25	20	1	0
12	170	66	14	5.42279
13	13	15	0	0
14	23	34	4	0.3125
Instant	45
1	592	28	1	0
2	29	17	0	0
3	199	54	15	3.61507
4	600	15	0	0
11	26	19	1	0
12	165	64	18	6.20404
13	12	15	0	0
14	26	31	3	0
Instant	46
1	576	27	1	0.351406
2	34	16	0	0
3	230	51	13	3.39388
4	606	15	0	0
11	25	19	1	0
12	150	60	14	5.36318
13	13	15	0	0
14	26	31	3	0
Instant	47
1	613	26	1	0
2	42	17	0	0
3	226	49	15	3.34608
4	592	15	0	0
11	26	19	0	0
12	151	62	17	6.34191
13	13	15	0	0
14	25	32	4	0
Instant	48
1	613	27	1	0
2	35	17	0	0
3	262	51	13	2.26876
4	620	15	0	0
11	26	18	0	0
12	165	66	14	5.42279
13	14	15	0	0
14	27	30	3	0
Instant	49
1	592	27	1	0
2	28	16	0	0
3	243	56	16	3.41959
4	592	15	0	0
11	26	19	1	0
12	132	57	18	3.60863
13	13	15	0	0
14	25	31	3	0
Instant	50
1	592	27	1	0
2	26	15	0	0
3	244	53	13	2.99734
4	600	15	0	0
11	25	19	1	0
12	135	50	15	9.00735
13	14	15	0	0
14	26	31	3	0
Instant	51
1	582	29	2	0
2	25	15	0	0
3	209	56	14	3.56786
4	619	15	0	0
11	25	19	1	0.302419
12	191	64	15	4.50368
13	12	15	0	0
14	26	30	2	0
Instant	52
1	589	27	1	0
2	25	17	0	0
3	216	56	14	3.3
4	606	15	0	0
11	25	21	2	0
12	153	64	17	6.16319
13	12	15	0	0
14	25	31	3	0
Instant	53
1	551	29	2	0.419287
2	19	17	0	0
3	226	53	13	3.16866
4	606	15	0	0
11	24	20	1	0
12	143	58	14	5.97426
13	12	15	0	0
14	26	30	3	0
Instant	54
1	595	28	2	0
2	28	15	0	0
3	243	49	12	3.00546
4	607	15	0	0
11	26	19	0	0
12	139	59	13	5.14706
13	13	15	0	0
14	26	31	3	0
Instant	55
1	572	29	3	0.403226
2	38	17	0	0
3	228	48	14	2.94256
4	592	15	0	0
11	25	20	1	0
12	144	62	12	4.89865
13	13	15	0	0
14	25	31	3	0
Instant	56
1	554	26	2	0.580169
2	30	16	0	0
3	288	54	12	2.46305
4	605	15	0	0
11	24	19	1	0
12	154	62	18	9.00735
13	15	15	0	0
14	26	30	2	0.291829
Instant	57
1	599	28	1	0
2	27	15	0	0
3	246	52	12	3.15356
4	592	15	0	0
11	26	18	0	0
12	144	67	16	6.43382
13	14	15	0	0
14	25	32	4	0
Instant	58
1	514	29	2	0.333333
2	23	17	0	0
3	260	58	15	2.46479
4	571	15	0	0
11	23	19	0	0
12	151	63	13	5.86993
13	14	15	0	0
14	24	33	3	0
Instant	59
1	551	27	2	0.37234
2	27	17	0	0
3	264	54	14	2.88955
4	599	15	0	0
11	24	19	1	0
12	164	61	14	5.33088
13	14	15	0	0
14	25	30	2	0.590551
Instant	60
1	627	25	1	0.284091
2	19	16	0	0
3	237	58	16	3.15465
4	606	15	0	0
11	26	18	0	0
12	134	69	16	7.21507
13	13	15	0	0
14	26	30	3	0
Instant	61
1	589	29	2	0
2	34	17	0	0
3	280	50	12	2.39726
4	620	15	0	0
11	25	18	0	0
12	127	58	16	4.57589
13	14	15	0	0
14	26	30	3	0
Instant	62
1	583	29	1	0.0502008
2	25	16	0	0
3	263	55	12	2.53497
4	607	15	0	0
11	25	18	0	0
12	154	62	15	7.44485
13	14	15	0	0
14	27	30	2	0
Instant	63
1	585	29	2	0
2	30	16	0	0
3	260	52	11	2.8438
4	576	15	0	0
11	25	19	0	0
12	169	67	20	6.20404
13	14	15	0	0
14	24	34	5	0
Instant	64
1	578	29	2	0
2	28	16	0	0
3	267	54	13	3.0541
4	606	15	0	0
11	25	19	1	0
12	132	64	14	3.92736
13	14	15	0	0
14	26	30	3	0
Instant	65
1	599	28	1	0.297619
2	38	16	0	0
3	233	53	15	2.78037
4	613	15	0	0
11	25	18	0	0
12	136	61	17	9.23713
13	13	15	0	0
14	26	31	3	0
Instant	66
1	559	28	1	0.303644
2	29	16	0	0
3	230	58	11	3.51338
4	585	15	0	0
11	25	19	1	0
12	150	66	14	4.41176
13	12	15	0	0
14	25	32	3	0
Instant	67
1	641	25	1	0
2	28	17	0	0
3	254	55	15	2.83273
4	578	15	0	0
11	27	18	0	0
12	165	57	15	8.02365
13	14	15	0	0
14	25	33	4	0
Instant	68
1	571	29	1	0
2	29	16	0	0
3	223	53	12	3.00188
4	592	15	0	0
11	25	19	1	0
12	178	64	16	5.0293
13	13	15	0	0
14	25	31	3	0
Instant	69
1	592	28	1	0
2	21	17	0	0
3	246	54	13	3.24675
4	599	15	0	0
11	25	19	1	0
12	163	62	13	5.46875
13	13	15	0	0
14	25	32	3	0
Instant	70
1	606	27	1	0
2	31	16	0	0
3	226	55	14	3.21899
4	586	15	0	0
11	26	19	1	0
12	145	64	15	4.43412
13	13	15	0	0
14	25	30	3	0.3
Instant	71
1	586	28	2	0.145914
2	27	15	0	0
3	254	52	13	2.74954
4	591	15	0	0
11	26	18	1	0
12	163	65	15	7.07721
13	13	15	0	0
14	25	32	3	0
Instant	72
1	592	28	2	0
2	30	15	0	0
3	239	52	14	2.64733
4	606	15	0	0
11	24	20	1	0
12	147	65	16	6.48674
13	13	15	0	0
14	26	31	3	0
Instant	73
1	538	29	2	0.37155
2	37	15	0	0
3	231	52	15	3.4434
4	600	15	0	0
11	24	20	1	0
12	123	68	13	3.9253
13	13	15	0	0
14	25	30	3	0.292969
Instant	74
1	614	27	1	0
2	28	15	0	0
3	252	53	14	2.9646
4	619	15	0	0
11	26	19	0	0
12	165	60	17	7.85846
13	14	15	0	0
14	26	30	2	0
Instant	75
1	592	27	1	0
2	20	13	0	0
3	241	50	16	3.05657
4	592	15	0	0
11	26	20	1	0
12	131	65	16	6.96023
13	13	15	0	0
14	26	31	3	0
Instant	76
1	579	27	2	0.306748
2	18	14	0	0
3	264	49	14	2.57482
4	599	15	0	0
11	24	19	1	0
12	168	58	19	5.81597
13	14	15	0	0
14	25	32	3	0
Instant	77
1	592	26	1	0.238095
2	36	15	0	0
3	225	50	13	3.1746
4	599	15	0	0
11	26	18	0	0
12	157	61	21	5.32227
13	12	15	0	0
14	26	31	3	0
Instant	78
1	549	28	2	0.324675
2	23	16	0	0
3	203	48	14	3.40909
4	592	15	0	0
11	23	19	0	0.315126
12	134	61	18	4.78516
13	12	15	0	0
14	26	31	3	0
Instant	79
1	579	28	1	0
2	36	16	0	0
3	226	52	14	3.45427
4	607	15	0	0
11	25	19	1	0
12	133	58	14	5.27872
13	12	15	0	0
14	26	31	3	0
Instant	80
1	585	27	1	0
2	16	15	0	0
3	257	54	14	2.4287
4	583	15	0	0
11	25	20	1	0
12	169	57	16	8.94886
13	14	15	0	0
14	25	32	3	0
Instant	81
1	578	28	2	0
2	25	16	0	0
3	210	55	14	3.48485
4	613	15	0	0
11	25	19	1	0
12	193	61	14	3.97727
13	12	15	0	0
14	26	30	3	0
Instant	82
1	588	28	2	0.578035
2	31	16	0	0
3	247	51	14	3.06818
4	578	15	0	0
11	26	18	0	0
12	165	64	15	4.01786
13	13	15	0	0
14	25	33	4	0
Instant	83
1	727	27	1	0
2	24	15	0	0
3	210	55	15	3.30957
4	599	15	0	0
11	31	19	1	0
12	155	60	13	6.91288
13	12	15	0	0
14	26	31	3	0
Instant	84
1	687	28	2	0
2	34	15	0	0
3	237	49	14	2.79356
4	599	15	0	0
11	30	18	1	0
12	139	63	16	6.1553
13	13	15	0	0
14	25	30	3	0.294118
Instant	85
1	691	28	1	0
2	43	16	0	0
3	241	54	13	2.90476
4	627	15	0	0
11	30	19	1	0
12	173	63	16	4.04647
13	13	15	0	0
14	27	29	2	0
Instant	86
1	738	26	2	0
2	21	17	0	0
3	269	50	14	2.48714
4	613	15	0	0
11	32	19	0	0
12	152	63	15	5.37684
13	15	15	0	0
14	26	30	3	0
Instant	87
1	607	32	3	0.667939
2	20	15	0	0
3	260	51	14	2.9477
4	592	15	0	0
11	27	18	0	0
12	171	64	15	6.06618
13	14	15	0	0
14	26	32	3	0
Instant	88
1	629	28	2	0
2	13	15	0	0
3	253	53	13	2.76316
4	593	15	0	0
11	28	19	1	0
12	158	63	19	6.33446
13	14	15	0	0
14	26	31	4	0
Instant	89
1	597	28	1	0
2	17	16	0	0
3	209	55	13	3.89734
4	591	15	0	0
11	25	19	0	0
12	137	63	16	6.20404
13	13	15	0	0
14	25	32	3	0
Instant	90
1	585	27	1	0
2	27	15	0	0
3	209	52	13	3.66036
4	634	15	0	0
11	25	19	1	0.301205
12	152	66	16	5.51758
13	12	15	0	0
14	27	29	2	0
Instant	91
1	592	27	1	0
2	29	15	0	0
3	274	53	12	2.36957
4	620	15	0	0
11	26	19	1	0
12	148	63	15	5.95439
13	14	15	0	0
14	26	29	3	0
Instant	92
1	599	28	2	0
2	20	15	0	0
3	265	53	13	2.47845
4	592	15	0	0
11	26	19	1	0
12	133	65	18	7.24432
13	14	15	0	0
14	26	32	3	0
Instant	93
1	606	26	1	0
2	21	17	0	0
3	242	50	15	3.22955
4	599	15	0	0
11	26	19	0	0
12	158	59	13	5.63447
13	13	15	0	0
14	25	31	3	0
Instant	94
1	578	26	1	0.301205
2	24	17	0	0
3	227	51	16	3.04519
4	613	15	0	0
11	25	20	1	0
12	138	59	16	5.36318
13	12	15	0	0
14	26	30	3	0
Instant	95
1	624	27	2	0.0480769
2	20	16	0	0
3	261	55	13	2.67857
4	578	15	0	0
11	26	18	0	0
12	130	54	20	5.42279
13	14	15	0	0
14	25	32	3	0
Instant	96
1	592	27	2	0
2	24	17	0	0
3	245	50	14	2.76004
4	585	15	0	0
11	26	19	0	0
12	161	64	15	7.67463
13	13	15	0	0
14	25	33	4	0
Instant	97
1	613	27	2	0
2	18	15	0	0
3	243	51	14	3.32447
4	599	15	0	0
11	26	19	1	0
12	125	64	12	4.61128
13	14	15	0	0
14	26	31	3	0
Instant	98
1	562	29	2	0.466805
2	28	16	0	0
3	244	55	15	2.97398
4	593	15	0	0
11	24	19	1	0
12	168	60	15	7.12316
13	13	15	0	0
14	25	32	3	0
Instant	99
1	585	29	2	0
2	21	16	0	0
3	250	52	14	3.24156
4	605	15	0	0
11	25	19	1	0
12	140	63	19	6.38787
13	14	15	0	0
14	26	31	3	0
Instant	100
1	599	28	1	0
2	35	15	0	0
3	239	54	16	2.46212
4	586	15	0	0
11	26	18	1	0
12	131	58	16	5.91216
13	13	15	0	0
14	25	32	3	0
Instant	101
1	605	29	2	0.0496032
2	25	15	0	0
3	222	50	15	3.34331
4	591	15	0	0
11	25	18	0	0
12	131	59	14	3.35478
13	12	15	0	0
14	25	31	3	0
Instant	102
1	613	26	1	0
2	31	15	0	0
3	195	53	16	3.96943
4	600	15	0	0
11	27	18	0	0
12	140	60	14	6.57169
13	12	15	0	0
14	26	31	3	0
Instant	103
1	579	29	2	0.0512295
2	21	16	0	0
3	264	47	12	2.91595
4	605	15	0	0
11	24	19	1	0
12	124	59	12	4.2652
13	14	15	0	0
14	26	31	3	0
Instant	104
1	573	29	2	0.296443
2	34	16	0	0
3	243	51	15	2.65296
4	578	15	0	0
11	25	18	1	0
12	147	62	13	6.02022
13	13	15	0	0
14	25	33	4	0
Instant	105
1	572	27	2	0
2	34	15	0	0
3	265	49	14	2.50858
4	599	15	0	0
11	24	19	0	0
12	137	64	18	14.0625
13	14	15	0	0
14	25	32	3	0
Instant	106
1	538	28	1	0.317797
2	33	14	0	0
3	216	52	15	3.65196
4	592	15	0	0
11	24	19	1	0
12	171	66	14	5.70101
13	12	15	0	0
14	25	31	4	0
Instant	107
1	600	27	1	0.290135
2	36	16	0	0
3	274	55	13	2.58037
4	585	15	0	0
11	26	19	1	0
12	124	54	17	6.75551
13	14	15	0	0
14	25	32	3	0
Instant	108
1	578	28	2	0
2	37	16	0	0
3	220	50	15	3.57143
4	592	15	0	0
11	25	20	1	0
12	166	59	19	6.25
13	13	15	0	0
14	25	31	3	0
Instant	109
1	592	27	1	0.297619
2	39	17	0	0
3	187	48	12	3.78947
4	606	15	0	0
11	25	19	0	0
12	134	66	20	4.98512
13	11	15	0	0
14	26	31	3	0
Instant	110
1	586	28	2	0
2	27	16	0	0
3	216	51	13	3.10606
4	599	15	0	0
11	25	19	0	0
12	132	62	15	3.90625
13	12	15	0	0
14	25	31	3	0
Instant	111
1	579	29	2	0
2	30	16	0	0
3	233	52	14	3.28704
4	606	15	0	0
11	25	19	1	0
12	145	61	14	9.28309
13	13	15	0	0
14	26	31	3	0
Instant	112
1	613	26	2	0
2	28	15	0	0
3	246	53	14	2.70522
4	607	15	0	0
11	27	19	1	0
12	154	61	18	6.29223
13	13	15	0	0
14	26	31	3	0
Instant	113
1	606	26	1	0
2	27	15	0	0
3	271	53	13	2.58696
4	604	15	0	0
11	26	19	1	0
12	155	66	17	5.51471
13	14	15	0	0
14	26	31	3	0
Instant	114
1	599	27	1	0
2	26	14	0	0
3	268	53	13	2.55973
4	615	15	0	0
11	25	19	1	0
12	180	62	16	4.45772
13	14	15	0	0
14	26	29	2	0.28626
Instant	115
1	569	29	2	0.0502008
2	14	17	0	0
3	231	55	15	3.32854
4	591	15	0	0
11	25	19	1	0
12	158	58	17	5.48986
13	12	15	0	0
14	26	32	4	0
Instant	116
1	585	28	1	0
2	32	17	0	0
3	260	54	14	2.61525
4	592	15	0	0
11	25	20	1	0
12	165	63	13	5.92831
13	14	15	0	0
14	25	32	4	0
Instant	117
1	550	28	1	0.617284
2	26	17	0	0
3	284	56	12	2.38095
4	606	15	0	0
11	24	18	0	0
12	141	62	14	6.57169
13	14	15	0	0
14	26	31	3	0
Instant	118
1	613	28	1	0
2	20	16	0	0
3	254	55	13	2.93852
4	606	15	0	0
11	26	18	0	0
12	150	60	15	5.48986
13	13	15	0	0
14	26	31	3	0
Instant	119
1	584	28	2	0.301205
2	19	15	0	0
3	256	52	14	2.50436
4	606	15	0	0
11	25	18	0	0
12	134	63	14	7.3989
13	14	15	0	0
14	26	30	3	0
