	T	D	J	LP
Instant	0
1	0	0	0	0
2	0	0	0	0
3	0	0	0	0
4	0	0	0	0
11	0	0	0	0
12	0	0	0	0
13	0	0	0	0
14	0	0	0	0
Instant	1
1	253	30	4	0
2	15	13	0	0
3	109	46	10	0.528846
4	642	17	0	0
11	10	18	0	0
12	66	79	8	4.71014
13	5	15	0	0
14	24	26	1	0
Instant	2
1	1335	34	3	0.0660793
2	30	15	0	0
3	293	57	13	2.39362
4	4655	29	0	0
11	58	19	0	0
12	71	69	19	8.48385
13	15	15	0	0
14	202	28	1	0.176768
Instant	3
1	1162	32	3	0.343474
2	29	16	0	0
3	274	50	17	2.2007
4	4623	25	0	0
11	52	19	1	0
12	69	64	23	6.18247
13	14	15	0	0
14	202	28	1	0.178026
Instant	4
1	1133	32	3	0.129803
2	30	15	0	0
3	294	50	14	2.19371
4	4205	20	0	0
11	50	19	1	0
12	79	67	19	2.48207
13	15	15	0	0
14	183	30	1	0.433203
Instant	5
1	1064	30	3	0.027533
2	26	15	0	0
3	236	51	16	2.8828
4	4036	17	0	0
11	46	19	1	0
12	91	60	18	1.98079
13	13	15	0	0
14	178	26	1	0.291375
Instant	6
1	1007	29	2	0
2	18	15	0	0
3	239	54	13	3.13662
4	3201	17	0	0
11	43	20	1	0
12	82	58	14	1.7407
13	13	15	0	0
14	140	27	1	0
Instant	7
1	955	30	3	0
2	20	17	0	0
3	299	54	15	1.81219
4	2386	16	0	0
11	41	18	0	0
12	65	60	19	12.4655
13	15	15	0	0
14	106	26	1	0
Instant	8
1	963	30	2	0.030303
2	25	18	0	0
3	307	49	15	2
4	1655	16	0	0
11	42	18	0	0
12	83	69	33	19.5678
13	15	15	0	0
14	73	27	1	0
Instant	9
1	892	30	3	0
2	10	17	0	0
3	288	50	12	2.45935
4	1367	16	0	0
11	38	19	0	0
12	109	62	22	5.16206
13	15	15	0	0
14	60	28	1	0
Instant	10
1	877	29	3	0.0336022
2	25	15	0	0
3	311	49	14	2.10913
4	1345	16	0	0
11	38	19	0	0
12	82	61	23	5.57088
13	16	15	0	0
14	58	29	1	0
Instant	11
1	879	29	3	0
2	31	17	0	0
3	261	47	15	2.56184
4	1458	16	0	0
11	38	18	1	0
12	82	66	16	6.42257
13	14	15	0	0
14	63	28	1	0
Instant	12
1	882	26	2	0.197109
2	33	16	0	0
3	263	48	15	3.07131
4	1482	16	0	0
11	38	19	0	0
12	95	66	17	5.94238
13	14	15	0	0
14	64	27	1	0
Instant	13
1	827	28	2	0.339213
2	21	15	0	0
3	276	55	14	2.32865
4	1313	16	0	0
11	38	18	0	0
12	73	70	20	3.79009
13	14	15	0	0
14	58	29	1	0
Instant	14
1	770	29	2	0.394322
2	19	16	0	0
3	277	53	15	2.20588
4	1190	16	0	0
11	32	19	0	0
12	97	60	19	7.68307
13	14	15	0	0
14	52	28	1	0
Instant	15
1	626	28	2	0.231911
2	23	15	0	0
3	306	49	12	2.57469
4	1229	16	1	0
11	28	19	1	0
12	111	73	21	5.28211
13	16	15	0	0
14	53	27	1	0
Instant	16
1	674	28	3	0.462185
2	29	15	0	0
3	304	53	14	2.28516
4	1258	16	1	0
11	30	20	1	0
12	73	74	17	6.78434
13	16	15	0	0
14	55	27	1	0
Instant	17
1	605	26	2	0.566038
2	24	16	1	0
3	311	47	14	2.11268
4	1135	16	1	0
11	27	21	1	0
12	75	71	16	6.12245
13	16	15	0	0
14	49	28	1	0.259336
Instant	18
1	637	29	2	0
2	25	15	0	0
3	271	51	12	2.36545
4	1118	15	0	0
11	27	18	0	0
12	113	61	21	4.92197
13	14	15	0	0
14	49	27	1	0
Instant	19
1	606	30	2	0.144231
2	25	17	0	0
3	250	55	15	2.41477
4	989	15	0	0
11	26	19	1	0
12	70	61	18	4.57805
13	13	15	0	0
14	43	30	2	0
Instant	20
1	655	28	2	0
2	36	15	0	0
3	229	55	14	3.11312
4	992	15	0	0
11	27	19	0	0
12	119	67	16	6.72269
13	13	15	0	0
14	43	28	1	0
Instant	21
1	587	27	3	0.285714
2	21	15	0	0
3	271	51	15	2.72766
4	952	15	0	0
11	26	20	1	0
12	97	68	20	5.28211
13	14	15	0	0
14	41	29	1	0
Instant	22
1	626	29	2	0.331439
2	25	17	0	0
3	298	51	16	2.15589
4	944	15	0	0
11	27	18	1	0
12	96	65	17	3.30943
13	15	15	0	0
14	41	29	2	0
Instant	23
1	578	26	2	0.673077
2	12	16	0	0
3	246	55	14	2.47201
4	939	15	0	0
11	26	19	1	0
12	75	64	22	4.86195
13	13	15	0	0
14	40	31	2	0
Instant	24
1	587	30	2	0
2	19	16	0	0
3	283	50	14	2.59275
4	841	15	0	0
11	24	19	0	0
12	121	63	18	8.94358
13	14	15	0	0
14	36	28	1	0.0698324
Instant	25
1	585	27	2	0
2	21	15	1	0
3	268	50	15	2.60327
4	782	15	0	0
11	26	19	1	0
12	87	63	19	4.71331
13	14	15	0	0
14	33	29	2	0.3003
Instant	26
1	603	25	2	0.285171
2	21	17	0	0
3	276	48	13	2.24743
4	798	15	0	0
11	26	18	0	0
12	91	67	21	5.64226
13	14	15	0	0
14	34	27	1	0
Instant	27
1	613	28	2	0
2	31	14	0	0
3	272	51	13	2.33686
4	807	15	0	0
11	25	18	0	0
12	88	61	22	4.08163
13	14	15	0	0
14	35	28	2	0
Instant	28
1	573	29	2	0
2	18	15	0	0
3	306	53	13	2.0933
4	843	15	0	0
11	25	20	1	0
12	90	60	25	8.73016
13	15	15	0	0
14	36	28	2	0.0696379
Instant	29
1	589	28	2	0
2	21	16	0	0
3	278	53	14	2.28261
4	900	15	0	0
11	25	19	1	0
12	87	66	17	5.70228
13	14	15	0	0
14	39	28	1	0
Instant	30
1	608	26	1	0.287356
2	30	16	0	0
3	283	51	15	2.36088
4	835	15	0	0
11	26	18	0	0
12	87	56	24	6.06242
13	14	15	0	0
14	36	28	2	0
Instant	31
1	592	26	1	0
2	15	14	0	0
3	260	49	13	2.54833
4	817	15	0	0
11	25	21	1	0
12	71	76	25	63.2101
13	14	15	0	0
14	36	28	2	0
Instant	32
1	598	27	2	0
2	42	17	0	0
3	265	49	14	2.31982
4	858	15	0	0
11	26	18	0	0
12	118	62	21	7.44298
13	14	15	0	0
14	36	28	1	0
Instant	33
1	620	27	2	0.14313
2	30	17	0	0
3	278	49	12	2.25303
4	764	15	0	0
11	27	19	1	0
12	133	64	18	4.68187
13	14	15	0	0
14	33	29	1	0
Instant	34
1	568	27	2	0.309917
2	9	16	0	0
3	273	47	11	2.30603
4	770	15	0	0
11	24	20	1	0
12	118	65	19	3.53006
13	14	15	0	0
14	33	27	1	0
Instant	35
1	555	29	2	0.050813
2	23	15	0	0
3	282	51	12	2.34107
4	733	15	0	0
11	25	19	1	0
12	114	68	17	5.04202
13	14	15	0	0
14	32	28	2	0
Instant	36
1	596	27	1	0.295276
2	21	15	0	0
3	265	52	14	2.27273
4	755	15	0	0
11	26	19	0	0
12	84	66	19	3.90156
13	14	15	0	0
14	32	28	1	0
Instant	37
1	604	27	2	0
2	31	16	0	0
3	303	50	12	2.00491
4	695	15	0	0
11	26	19	0	0
12	105	66	21	2.52673
13	15	15	0	0
14	30	29	2	0
Instant	38
1	612	28	2	0.0492126
2	25	16	0	0
3	264	51	15	2.59769
4	661	15	0	0
11	26	18	0	0
12	100	59	17	9.78391
13	14	15	0	0
14	29	30	2	0
Instant	39
1	532	30	2	0.322581
2	34	16	0	0
3	291	52	14	2.05882
4	701	15	0	0
11	23	19	1	0
12	96	65	18	3.36134
13	14	15	0	0
14	30	28	2	0
Instant	40
1	607	27	1	0
2	25	16	0	0
3	272	51	14	2.42634
4	666	15	0	0
11	26	19	0	0
12	87	62	21	8.71484
13	14	15	0	0
14	29	29	2	0
Instant	41
1	589	28	1	0
2	21	14	0	0
3	249	49	12	2.55942
4	687	15	0	0
11	25	19	0	0
12	87	65	17	5.34214
13	13	15	0	0
14	29	29	2	0
Instant	42
1	566	29	2	0.105932
2	18	17	0	0
3	264	53	15	2.61161
4	696	15	0	0
11	24	20	1	0
12	111	67	17	4.98199
13	14	15	0	0
14	30	28	1	0
Instant	43
1	558	28	2	0.656566
2	15	15	0	0
3	286	56	14	2.21332
4	684	15	0	0
11	25	18	0	0
12	86	65	19	6.06729
13	14	15	0	0
14	29	29	1	0
Instant	44
1	586	28	2	0
2	20	15	0	0
3	234	50	15	3.01641
4	668	15	0	0
11	24	20	1	0
12	96	70	20	6.18247
13	13	15	0	0
14	30	30	2	0
Instant	45
1	589	28	1	0.0479846
2	31	15	0	0
3	250	50	14	2.59857
4	641	15	0	0
11	26	18	0	0
12	101	59	15	3.12125
13	13	15	0	0
14	28	30	2	0
Instant	46
1	607	28	1	0
2	29	16	0	0
3	302	51	14	2.0485
4	634	15	0	0
11	26	18	1	0
12	106	62	18	6.45339
13	15	15	0	0
14	26	29	2	0
Instant	47
1	548	27	2	0.679916
2	24	16	0	0
3	283	49	13	2.28814
4	619	15	0	0
11	24	19	1	0
12	76	62	22	6.42257
13	14	15	0	0
14	26	31	2	0
Instant	48
1	575	29	1	0
2	26	16	0	0
3	265	49	13	2.36842
4	635	15	0	0
11	25	19	1	0
12	87	73	15	6.2425
13	14	15	0	0
14	27	28	2	0
Instant	49
1	603	28	2	0
2	26	16	0	0
3	283	51	12	2.39899
4	648	15	0	0
11	25	19	0	0
12	79	63	19	3.59572
13	15	15	0	0
14	28	28	2	0
Instant	50
1	597	27	1	0.0484496
2	17	17	0	0
3	275	45	15	2.55872
4	627	15	0	0
11	26	19	1	0
12	110	65	17	2.7611
13	15	15	0	0
14	27	29	2	0
Instant	51
1	619	26	1	0
2	38	17	0	0
3	315	52	14	2.07686
4	648	15	0	0
11	26	18	0	0
12	121	60	17	9.42377
13	16	15	0	0
14	28	28	1	0
Instant	52
1	620	26	1	0
2	21	17	0	0
3	277	51	13	2.29501
4	655	15	0	0
11	27	19	1	0
12	80	61	21	6.4059
13	14	15	0	0
14	28	27	1	0
Instant	53
1	599	28	1	0
2	10	14	0	0
3	245	53	13	2.91591
4	627	15	0	0
11	25	19	1	0
12	99	61	18	4.80192
13	13	15	0	0
14	27	28	2	0
Instant	54
1	585	28	2	0
2	19	16	0	0
3	271	50	14	2.32049
4	655	15	0	0
11	26	20	1	0
12	105	58	22	6.12245
13	14	15	0	0
14	28	28	1	0
Instant	55
1	604	28	2	0
2	18	16	0	0
3	271	47	15	2.66359
4	635	15	0	0
11	25	19	1	0
12	80	63	18	5.46056
13	15	15	0	0
14	27	28	2	0
Instant	56
1	554	27	2	0.307377
2	32	17	0	0
3	291	54	15	2.422
4	634	15	0	0
11	25	19	1	0
12	86	62	18	6.60264
13	15	15	0	0
14	27	28	2	0
Instant	57
1	578	29	2	0.0511247
2	15	16	0	0
3	287	51	17	2.44565
4	633	15	0	0
11	24	19	1	0
12	64	57	15	3.30132
13	15	15	0	0
14	27	29	2	0
Instant	58
1	599	28	1	0
2	19	14	0	0
3	268	48	16	2.23913
4	649	15	0	0
11	26	19	0	0
12	63	70	20	6.61886
13	14	15	0	0
14	28	28	1	0
Instant	59
1	560	27	1	0.357873
2	21	18	0	0
3	276	52	14	2.29636
4	627	15	0	0
11	24	20	1	0
12	82	60	21	10.2041
13	14	15	0	0
14	27	29	2	0
Instant	60
1	603	28	2	0.0982318
2	25	16	0	0
3	316	51	13	1.96741
4	633	15	0	0
11	25	18	0	0
12	76	60	17	5.58223
13	15	15	0	0
14	27	29	2	0
Instant	61
1	603	27	1	0
2	27	17	0	0
3	278	51	16	2.15889
4	662	15	0	0
11	26	19	1	0
12	78	71	16	7.14286
13	14	15	0	0
14	28	27	1	0
Instant	62
1	559	27	2	0.311203
2	28	16	0	0
3	273	53	13	2.80354
4	621	15	0	0
11	24	20	1	0
12	106	56	26	5.46218
13	15	15	0	0
14	27	28	2	0
Instant	63
1	579	29	2	0
2	23	16	0	0
3	283	53	16	1.94301
4	626	15	0	0
11	24	19	1	0
12	122	64	16	4.7419
13	14	15	0	0
14	26	30	3	0
Instant	64
1	592	29	1	0
2	22	16	0	0
3	298	53	14	2.25041
4	634	15	0	0
11	25	18	1	0
12	111	60	20	5.68119
13	15	15	0	0
14	27	29	2	0
Instant	65
1	567	28	2	0.0503018
2	21	16	0	0
3	290	53	14	2.1072
4	620	15	0	0
11	25	19	0	0
12	73	64	23	5.88235
13	15	15	0	0
14	26	30	3	0
Instant	66
1	606	28	1	0.386847
2	23	17	0	0
3	343	48	12	1.8018
4	613	15	0	0
11	26	18	0	0
12	67	70	15	5.16206
13	16	15	0	0
14	26	30	3	0
Instant	67
1	585	27	2	0.297619
2	22	17	0	0
3	261	48	15	2.7039
4	655	15	0	0
11	25	18	1	0
12	76	65	20	4.41258
13	14	15	0	0
14	28	27	2	0
Instant	68
1	571	28	2	0.304878
2	16	17	0	0
3	287	51	13	2.20466
4	620	15	0	0
11	25	20	1	0
12	101	69	17	10.7143
13	14	15	0	0
14	26	30	2	0
Instant	69
1	585	29	2	0
2	21	16	0	0
3	258	52	17	2.38203
4	641	15	0	0
11	25	18	1	0
12	93	59	15	3.84154
13	13	15	0	0
14	27	28	2	0
Instant	70
1	592	28	1	0
2	18	17	0	0
3	305	51	15	2.38942
4	643	15	0	0
11	25	20	1	0
12	84	67	14	3.80585
13	15	15	0	0
14	28	27	1	0
Instant	71
1	606	27	2	0
2	14	16	0	0
3	271	49	13	2.5
4	654	15	0	0
11	27	19	1	0
12	109	63	14	9.18367
13	14	15	0	0
14	28	28	2	0
Instant	72
1	585	27	1	0
2	33	16	0	0
3	294	51	12	2.31023
4	620	15	0	0
11	25	19	1	0
12	96	69	19	3.52505
13	15	15	0	0
14	26	29	3	0
Instant	73
1	599	28	2	0.287356
2	31	15	0	0
3	305	52	12	1.89769
4	643	15	0	0
11	26	18	0	0
12	110	67	17	5.37581
13	15	15	0	0
14	28	28	2	0
Instant	74
1	590	27	2	0.295276
2	27	16	0	0
3	257	55	15	2.61884
4	647	15	0	0
11	26	19	1	0
12	102	66	18	4.98199
13	14	15	0	0
14	27	28	2	0
Instant	75
1	620	27	1	0
2	22	14	0	0
3	258	51	14	2.86596
4	627	15	0	0
11	26	18	0	0
12	126	66	19	5.38033
13	14	15	0	0
14	27	29	2	0
Instant	76
1	603	27	1	0
2	24	16	0	0
3	279	52	15	2.05026
4	641	15	0	0
11	26	19	0	0
12	109	63	18	4.87528
13	14	15	0	0
14	28	28	1	0
Instant	77
1	592	27	1	0
2	28	16	0	0
3	319	46	14	2.21037
4	634	15	0	0
11	26	19	1	0
12	103	64	19	4.97449
13	16	15	0	0
14	26	29	2	0
Instant	78
1	599	28	1	0
2	31	16	0	0
3	286	52	13	2.21545
4	641	15	0	0
11	25	19	1	0
12	115	64	18	4.33673
13	15	15	0	0
14	28	27	2	0
Instant	79
1	591	28	2	0.0496032
2	30	15	0	0
3	306	49	13	2.48815
4	634	15	0	0
11	25	19	1	0
12	105	61	17	5.23993
13	16	15	0	0
14	27	29	3	0
Instant	80
1	598	29	2	0
2	33	15	0	0
3	288	52	13	2.11864
4	621	15	0	0
11	25	18	0	0
12	84	52	22	5.68955
13	14	15	0	0
14	26	29	2	0
Instant	81
1	593	29	2	0
2	29	17	0	0
3	297	52	15	1.96932
4	634	15	0	0
11	25	18	1	0
12	119	63	18	5.07112
13	14	15	0	0
14	28	28	2	0
Instant	82
1	590	28	1	0.0496032
2	31	16	0	0
3	274	49	14	2.32049
4	633	15	0	0
11	25	19	1	0
12	115	63	15	4.13994
13	14	15	0	0
14	27	29	2	0
Instant	83
1	620	26	1	0
2	41	16	0	0
3	275	52	15	2.60593
4	620	15	0	0
11	26	19	1	0
12	89	61	23	3.8961
13	14	15	0	0
14	26	30	3	0
Instant	84
1	578	28	1	0
2	27	16	0	0
3	232	49	15	2.80952
4	641	15	0	0
11	24	20	1	0
12	80	69	21	7.85405
13	13	15	0	0
14	27	28	2	0
Instant	85
1	547	29	2	0.315126
2	32	16	0	0
3	273	53	14	2.28471
4	641	15	0	0
11	24	19	1	0
12	82	68	21	5.75615
13	14	15	0	0
14	28	28	2	0
Instant	86
1	602	27	2	0.339147
2	25	16	0	0
3	273	56	16	2.27273
4	647	15	0	0
11	26	18	0	0
12	113	62	19	4.44178
13	14	15	0	0
14	27	27	1	0
Instant	87
1	525	28	2	0.547046
2	25	17	1	0
3	298	52	13	2.40385
4	643	15	0	0
11	23	20	1	0
12	102	65	20	5.46218
13	15	15	0	0
14	28	28	1	0.274725
Instant	88
1	599	27	1	0
2	31	16	0	0
3	269	52	13	2.70211
4	642	15	0	0
11	26	19	1	0
12	69	69	19	7.39106
13	14	15	0	0
14	28	29	2	0
Instant	89
1	583	29	1	0.301811
2	31	16	0	0
3	307	53	13	1.77134
4	627	15	0	0
11	25	18	1	0
12	86	60	21	6.12245
13	15	15	0	0
14	27	29	2	0
Instant	90
1	589	28	2	0
2	21	14	0	0
3	296	50	13	2.0122
4	640	15	0	0
11	25	19	1	0
12	95	65	26	5.67602
13	15	15	0	0
14	28	28	2	0
Instant	91
1	578	29	2	0
2	17	16	1	0
3	293	57	15	1.96581
4	649	15	0	0
11	25	19	1	0
12	75	59	20	3.75069
13	14	15	0	0
14	28	27	1	0
Instant	92
1	585	29	1	0
2	33	14	0	0
3	249	49	14	2.47148
4	619	15	0	0
11	25	18	1	0
12	111	65	19	7.73036
13	13	15	0	0
14	26	30	3	0
Instant	93
1	571	30	2	0
2	14	16	0	0
3	289	50	14	2.24958
4	641	15	0	0
11	25	19	0	0
12	80	59	15	3.71058
13	14	15	0	0
14	27	28	2	0
Instant	94
1	573	28	1	0.153061
2	29	16	0	0
3	256	54	14	2.29317
4	662	15	0	0
11	25	19	1	0
12	66	63	20	4.35742
13	14	15	0	0
14	28	27	2	0
Instant	95
1	579	27	3	0.253036
2	21	16	0	0
3	291	51	14	2.37603
4	634	15	0	0
11	25	20	1	0
12	75	72	17	4.62185
13	15	15	0	0
14	28	28	2	0
Instant	96
1	579	29	2	0.201613
2	16	15	0	0
3	277	48	13	2.32112
4	648	15	0	0
11	25	19	0	0
12	108	65	18	12.1849
13	14	15	0	0
14	27	28	2	0
Instant	97
1	567	28	2	0.298805
2	31	16	0	0
3	235	53	14	3.07223
4	635	15	0	0
11	25	19	1	0
12	122	68	15	3.18566
13	13	15	0	0
14	28	29	2	0
Instant	98
1	579	30	2	0
2	24	15	0	0
3	282	49	15	2.30375
4	626	15	0	0
11	23	19	1	0
12	100	62	24	5.22209
13	14	15	0	0
14	27	29	2	0
Instant	99
1	620	26	1	0
2	11	18	0	0
3	278	50	13	2.12054
4	620	15	0	0
11	27	19	0	0
12	107	68	17	5.04202
13	14	15	0	0
14	25	30	2	0
Instant	100
1	641	26	2	0
2	26	15	0	0
3	291	49	15	2.16858
4	627	15	0	0
11	27	18	0	0
12	103	67	20	6.50855
13	15	15	0	0
14	27	29	2	0
Instant	101
1	585	28	2	0
2	21	16	0	0
3	319	53	14	1.91851
4	606	15	0	0
11	26	19	1	0
12	115	60	16	4.08163
13	16	15	0	0
14	26	31	3	0
Instant	102
1	606	26	1	0
2	24	15	0	0
3	252	54	17	2.61989
4	635	15	0	0
11	25	20	1	0
12	99	61	21	6.0024
13	14	15	0	0
14	27	28	2	0
Instant	103
1	572	29	2	0.0512295
2	24	17	0	0
3	292	52	14	2.15947
4	640	15	0	0
11	24	20	1	0
12	111	71	12	4.96415
13	15	15	0	0
14	27	28	2	0
Instant	104
1	606	26	2	0.280899
2	14	14	0	0
3	280	51	16	2.38501
4	655	15	0	0
11	27	18	1	0
12	104	60	18	5.16206
13	14	15	0	0
14	28	27	2	0
Instant	105
1	544	28	2	0
2	18	16	0	0
3	254	50	14	2.40741
4	634	15	0	0
11	23	20	1	0
12	89	69	21	5.88235
13	13	15	0	0
14	27	28	2	0
Instant	106
1	557	28	2	0.520833
2	30	17	0	0
3	218	52	16	3.33835
4	655	15	0	0
11	24	20	1	0
12	72	58	21	6.28792
13	12	15	0	0
14	28	28	2	0
Instant	107
1	571	28	1	0.308642
2	24	17	0	0
3	296	48	12	2.3021
4	641	15	0	0
11	24	19	1	0
12	131	61	17	4.08163
13	15	15	0	0
14	29	27	1	0
Instant	108
1	592	28	1	0
2	18	15	0	0
3	282	52	14	2.25929
4	634	15	0	0
11	26	19	1	0
12	86	64	19	5.28211
13	14	15	0	0
14	26	29	2	0
Instant	109
1	585	29	2	0
2	30	16	0	0
3	317	50	16	1.92308
4	635	15	0	0
11	25	19	0	0
12	76	67	14	3.79009
13	16	15	0	0
14	27	28	1	0
Instant	110
1	578	30	2	0
2	17	17	0	0
3	297	52	13	1.92939
4	655	15	0	0
11	24	19	0	0
12	128	61	20	7.46173
13	15	15	0	0
14	28	27	2	0
Instant	111
1	596	27	1	0
2	34	18	0	0
3	260	54	14	2.46801
4	654	15	0	0
11	26	19	1	0
12	93	65	18	5.76231
13	13	15	0	0
14	27	27	2	0
Instant	112
1	585	30	2	0
2	38	15	0	0
3	256	50	14	2.81818
4	642	15	0	0
11	25	18	0	0
12	95	58	17	5.73635
13	13	15	0	0
14	28	27	1	0.273723
Instant	113
1	585	25	1	0.287356
2	34	16	0	0
3	267	49	14	2.4744
4	612	15	0	0
11	26	19	1	0
12	92	67	16	5.34214
13	14	15	0	0
14	26	30	3	0
Instant	114
1	595	27	1	0
2	16	15	0	0
3	275	55	13	2.53028
4	648	15	0	0
11	25	20	1	0
12	85	62	19	6.36255
13	14	15	0	0
14	28	27	1	0
Instant	115
1	593	28	1	0
2	9	15	0	0
3	294	51	13	2.26329
4	648	15	0	0
11	25	19	0	0
12	76	62	19	6.67402
13	15	15	0	0
14	29	27	1	0
Instant	116
1	606	27	1	0
2	22	15	0	0
3	265	51	15	2.19027
4	648	15	0	0
11	26	19	1	0
12	93	58	20	5.34214
13	14	15	0	0
14	27	28	2	0
Instant	117
1	585	29	1	0
2	23	17	0	0
3	311	50	14	1.74797
4	628	15	0	0
11	25	19	1	0
12	101	61	21	6.06242
13	15	15	0	0
14	27	30	2	0
Instant	118
1	592	28	1	0
2	26	17	0	0
3	280	53	15	2.4654
4	647	15	0	0
11	25	19	0	0
12	116	65	20	4.6332
13	14	15	0	0
14	28	28	2	0
Instant	119
1	599	27	1	0
2	25	15	0	0
3	273	49	13	2.30836
4	648	15	0	0
11	26	19	1	0
12	112	58	17	4.80192
13	14	15	0	0
14	27	28	2	0
