	T	D	J	LP
Instant	0
1	0	0	0	0
2	0	0	0	0
3	0	0	0	0
4	0	0	0	0
11	0	0	0	0
12	0	0	0	0
13	0	0	0	0
14	0	0	0	0
Instant	1
1	318	28	2	0
2	13	18	0	0
3	81	52	10	0.856164
4	517	16	0	0
11	13	18	0	0
12	40	65	8	6.28019
13	4	15	0	0
14	20	27	2	0
Instant	2
1	1153	29	3	0.577889
2	15	15	0	0
3	181	57	13	4.57128
4	3698	17	0	0
11	50	18	0	0.199203
12	58	76	16	7.67974
13	12	15	0	0
14	160	28	1	0
Instant	3
1	1087	28	2	0.371156
2	38	17	0	0
3	203	52	16	2.85853
4	3467	17	0	0
11	49	19	0	0
12	53	81	17	8.82353
13	13	15	0	0
14	150	27	1	0.52578
Instant	4
1	927	28	2	0.159033
2	34	17	0	0
3	215	59	15	4.63867
4	2977	17	0	0
11	40	20	1	0.251889
12	63	57	10	2.7027
13	12	15	0	0
14	132	28	1	0
Instant	5
1	860	30	3	0
2	17	17	0	0
3	201	57	16	4.375
4	2433	17	0	0
11	37	18	0	0
12	55	65	5	2.69608
13	12	15	0	0
14	106	28	1	0.337838
Instant	6
1	763	27	2	0.308166
2	20	16	0	0
3	192	54	16	3.3876
4	1710	16	0	0
11	33	18	1	0
12	55	65	14	2.36928
13	12	15	0	0
14	75	28	1	0.686813
Instant	7
1	752	27	1	0
2	28	15	0	0
3	241	55	15	3.125
4	1209	16	0	0
11	32	19	1	0
12	55	67	10	2.17718
13	13	15	0	0
14	50	31	2	0.679612
Instant	8
1	705	27	2	0
2	22	16	0	0
3	239	50	13	2.88462
4	1274	16	0	0
11	30	19	1	0
12	51	68	7	2.61438
13	13	15	0	0
14	55	28	2	0
Instant	9
1	735	27	2	0
2	14	17	0	0
3	253	53	17	2.93296
4	1143	15	0	0
11	33	19	1	0
12	45	67	7	3.10458
13	13	15	0	0
14	51	29	2	0
Instant	10
1	742	28	2	0
2	27	16	0	0
3	188	55	16	3.55996
4	1115	15	0	0
11	31	19	1	0
12	49	60	14	2.4024
13	11	15	0	0
14	48	27	1	0
Instant	11
1	670	27	2	0.425894
2	18	19	0	0
3	230	59	14	3.17878
4	1021	15	0	0
11	30	19	0	0
12	58	72	12	2.36928
13	13	15	0	0
14	45	28	2	0.287356
Instant	12
1	720	27	2	0
2	31	17	0	0
3	211	57	13	3.34158
4	1037	16	0	0
11	31	19	1	0
12	51	68	10	2.36928
13	12	15	0	0
14	45	28	2	0
Instant	13
1	676	27	2	0.387263
2	23	16	0	0
3	202	61	17	3.93145
4	1068	15	0	0
11	29	19	1	0
12	51	54	21	1.91799
13	12	15	0	0
14	46	28	1	0
Instant	14
1	673	30	2	0.253378
2	19	17	0	0
3	217	55	16	3.48672
4	1063	15	0	0
11	30	18	1	0
12	49	70	11	2.94118
13	13	15	0	0
14	47	28	2	0
Instant	15
1	679	27	2	0.614035
2	30	16	0	0
3	211	54	16	3.66634
4	993	16	1	0
11	29	19	1	0
12	52	59	9	0
13	12	15	0	0
14	43	29	2	0
Instant	16
1	692	28	2	0
2	36	16	0	0
3	212	54	18	3.57843
4	965	16	0	0
11	31	19	0	0
12	46	42	7	0
13	12	15	0	0
14	41	29	2	0.304136
Instant	17
1	710	27	2	0.0420168
2	21	16	0	0
3	202	58	14	3.89813
4	1014	15	0	0
11	30	18	0	0
12	40	50	11	0.490196
13	12	15	0	0
14	43	27	1	0
Instant	18
1	692	29	2	0
2	11	16	0	0
3	222	58	16	2.99228
4	972	15	0	0
11	30	19	1	0
12	41	72	17	43.7908
13	12	15	0	0
14	42	28	1	0
Instant	19
1	646	29	2	0.0914077
2	26	16	0	0
3	233	56	14	3.14286
4	920	15	0	0
11	28	19	1	0
12	44	55	22	2.7027
13	13	15	0	0
14	40	32	2	0
Instant	20
1	647	28	1	0
2	31	15	0	0
3	270	59	13	2.68908
4	940	15	0	0
11	28	19	1	0
12	44	54	7	0.245098
13	15	15	0	0
14	41	27	1	0
Instant	21
1	635	28	2	0.18315
2	32	14	0	0
3	219	56	17	3.71495
4	907	15	0	0
11	28	18	0	0
12	47	53	12	0
13	13	15	0	0
14	39	29	2	0
Instant	22
1	541	28	1	0.687104
2	33	15	0	0
3	259	55	15	2.73014
4	881	15	0	0
11	24	19	1	0
12	45	63	10	0
13	14	15	0	0
14	38	29	2	0
Instant	23
1	585	28	2	0
2	24	15	0	0
3	230	52	16	3.71129
4	930	15	0	0
11	25	20	1	0
12	45	57	11	0.245098
13	13	15	0	0
14	40	28	1	0
Instant	24
1	560	28	1	0.357143
2	24	14	0	0
3	260	57	17	2.50439
4	948	15	0	0
11	25	19	0	0
12	50	60	20	29.0033
13	14	15	0	0
14	41	28	1	0
Instant	25
1	592	27	1	0
2	32	15	0	0
3	233	57	15	3.33176
4	943	15	0	0
11	25	19	1	0
12	49	73	17	2.18254
13	13	15	0	0
14	41	28	2	0.311721
Instant	26
1	613	27	1	0
2	20	14	0	0
3	198	53	16	3.4375
4	992	15	0	0
11	26	19	0	0
12	48	67	11	2.53268
13	11	15	0	0
14	42	27	1	0
Instant	27
1	592	27	1	0
2	25	16	0	0
3	238	54	14	2.74332
4	960	15	0	0
11	25	20	1	0
12	56	67	12	2.61438
13	13	15	0	0
14	41	28	1	0
Instant	28
1	606	26	1	0
2	10	17	0	0
3	201	60	16	3.71261
4	1000	15	0	0
11	26	19	1	0
12	40	54	27	3.47222
13	11	15	0	0
14	44	28	2	0
Instant	29
1	549	28	2	0.315789
2	11	16	1	0
3	242	54	16	2.8125
4	982	15	0	0
11	24	19	1	0
12	47	62	20	31.1275
13	13	15	0	0
14	42	28	1	0
Instant	30
1	605	27	1	0.0490196
2	21	17	0	0
3	242	55	17	3.27381
4	978	15	0	0
11	25	18	0	0
12	55	63	15	3.18627
13	13	15	0	0
14	42	29	2	0
Instant	31
1	572	28	2	0.301205
2	28	16	0	0
3	227	53	14	2.99807
4	969	15	0	0
11	25	19	1	0
12	68	69	13	7.05706
13	12	15	0	0
14	42	28	1	0
Instant	32
1	573	30	3	0
2	22	15	0	0
3	248	56	14	3.13628
4	1062	15	0	0
11	25	19	0	0
12	66	51	15	2.20588
13	13	15	0	0
14	46	27	1	0
Instant	33
1	594	28	2	0.0488281
2	29	16	0	0
3	245	54	14	2.75142
4	1125	15	0	0
11	26	19	1	0
12	41	59	24	2.77778
13	13	15	0	0
14	49	28	1	0
Instant	34
1	593	27	2	0.390625
2	19	16	1	0
3	198	50	15	3.84425
4	1168	15	0	0
11	26	18	0	0
12	42	63	18	3.15315
13	12	15	0	0
14	51	28	1	0
Instant	35
1	454	32	3	0.886076
2	28	15	0	0
3	215	52	16	3.57495
4	936	15	0	0
11	20	21	2	0
12	52	69	19	13.5621
13	12	15	0	0
14	41	29	2	0.439698
Instant	36
1	575	30	1	0
2	38	16	0	0
3	227	53	17	2.8626
4	865	16	1	0
11	25	18	0	0
12	39	52	15	0.490196
13	13	15	0	0
14	37	29	2	0.202703
Instant	37
1	585	29	2	0
2	29	17	0	0
3	221	54	16	3.5049
4	896	16	1	0
11	25	19	0	0
12	45	69	9	4.69577
13	12	15	0	0
14	39	29	2	0
Instant	38
1	606	28	2	0
2	18	16	0	0
3	225	54	16	3.24707
4	1009	16	0	0
11	26	19	0	0
12	56	51	16	3.26797
13	12	15	0	0
14	43	27	1	0
Instant	39
1	531	27	3	0.37797
2	39	16	1	0
3	202	55	16	3.54555
4	1006	16	0	0
11	23	20	1	0
12	45	62	10	2.12418
13	12	15	0	0
14	44	28	1	0
Instant	40
1	547	29	2	0.211864
2	15	16	0	0
3	218	55	15	2.92339
4	1046	15	0	0
11	24	20	1	0
12	47	57	13	0.3003
13	12	15	0	0
14	45	27	1	0
Instant	41
1	525	29	1	0.77951
2	21	14	0	0
3	236	56	16	2.95106
4	976	15	0	0
11	22	19	1	0
12	41	59	11	0
13	13	15	0	0
14	42	28	1	0
Instant	42
1	598	28	2	0
2	21	15	0	0
3	218	52	14	2.94411
4	925	16	0	0
11	26	19	1	0
12	62	61	24	29.5752
13	12	15	0	0
14	40	27	1	0
Instant	43
1	571	29	1	0
2	27	16	0	0
3	204	56	17	3.52909
4	836	15	0	0
11	25	19	1	0
12	70	67	9	3.003
13	11	15	0	0
14	37	30	2	0
Instant	44
1	598	28	2	0.0502008
2	29	16	0	0
3	227	58	15	2.8343
4	912	16	1	0
11	25	19	1	0
12	69	62	9	2.12418
13	13	15	0	0
14	38	29	2	0
Instant	45
1	568	27	2	0.292969
2	31	16	0	0
3	254	54	15	2.74164
4	957	15	0	0
11	26	19	1	0
12	65	64	12	1.55229
13	13	15	0	0
14	42	28	1	0
Instant	46
1	698	27	2	0.299145
2	28	14	0	0
3	258	56	15	2.32975
4	982	16	0	0
11	30	19	1	0
12	40	48	6	0.375375
13	13	15	0	0
14	43	28	1	0
Instant	47
1	658	30	3	0
2	25	15	0	0
3	233	54	16	3.13102
4	909	15	0	0
11	28	19	1	0
12	60	59	14	5.47386
13	12	15	0	0
14	40	29	2	0
Instant	48
1	735	27	2	0
2	17	17	0	0
3	205	54	17	3.68852
4	806	15	0	0
11	32	19	1	0
12	76	75	13	15.768
13	12	15	0	0
14	34	29	2	0
Instant	49
1	680	28	2	0.252951
2	46	17	0	0
3	251	55	15	2.69161
4	775	16	0	0
11	30	18	1	0
12	86	61	15	2.44709
13	13	15	0	0
14	33	31	3	0
Instant	50
1	633	30	2	0.0462963
2	19	16	0	0
3	217	58	18	3.33171
4	925	15	0	0
11	27	19	1	0
12	41	48	10	3.26797
13	12	15	0	0
14	40	29	2	0
Instant	51
1	675	30	2	0
2	26	15	0	0
3	213	54	16	3.33166
4	1068	16	0	0
11	28	19	1	0
12	64	64	14	2.20588
13	12	15	0	0
14	46	28	1	0
Instant	52
1	705	27	2	0
2	15	17	0	0
3	232	57	14	2.80815
4	929	16	0	0
11	29	20	1	0
12	41	66	17	8.17901
13	12	15	0	0
14	39	30	2	0.189873
Instant	53
1	691	27	1	0
2	27	17	0	0
3	230	54	14	2.96116
4	962	15	0	0
11	30	20	1	0
12	72	63	22	7.84314
13	12	15	0	0
14	41	28	1	0
Instant	54
1	716	28	2	0
2	36	15	0	0
3	208	55	19	3.39567
4	906	15	0	0
11	30	18	0	0
12	83	56	13	2.61438
13	12	15	0	0
14	38	28	1	0.518135
Instant	55
1	647	28	2	0.0446429
2	28	16	0	0
3	251	55	15	3.03172
4	888	16	0	0
11	28	18	0	0
12	64	68	20	5.1051
13	13	15	0	0
14	39	29	2	0
Instant	56
1	617	28	2	0.0473485
2	21	16	0	0
3	221	55	16	3.19098
4	866	15	1	0
11	27	19	0	0
12	60	56	17	1.79739
13	13	15	0	0
14	38	27	1	0
Instant	57
1	604	31	3	0.338491
2	23	16	0	0
3	211	55	18	3.53535
4	845	16	0	0
11	26	19	1	0
12	53	52	26	2.53268
13	12	15	0	0
14	37	29	2	0
Instant	58
1	600	30	2	0.0469043
2	32	16	0	0
3	227	58	16	3.08908
4	949	15	0	0
11	27	19	0	0
12	49	62	11	2.77778
13	13	15	0	0
14	40	28	1	0
Instant	59
1	544	28	3	1.1194
2	25	16	0	0
3	228	55	17	3.29828
4	854	15	0	0
11	23	18	1	0
12	42	51	7	0.490196
13	13	15	0	0
14	37	29	2	0
Instant	60
1	575	29	2	0
2	33	16	0	0
3	232	54	17	3.13653
4	860	15	0	0
11	25	19	1	0
12	72	61	13	18.3007
13	13	15	0	0
14	37	28	2	0.34153
Instant	61
1	582	29	1	0
2	25	15	0	0
3	230	51	16	3.52381
4	866	15	0	0
11	24	20	1	0
12	62	63	22	3.96825
13	13	15	0	0
14	38	28	1	0
Instant	62
1	585	29	1	0
2	21	17	0	0
3	221	54	17	3.24953
4	809	15	0	0
11	25	18	0	0
12	59	70	19	5.22876
13	13	15	0	0
14	34	29	2	0
Instant	63
1	606	27	1	0
2	27	16	0	0
3	208	55	15	3.27198
4	797	15	0	0
11	26	20	1	0
12	89	70	17	4.33007
13	12	15	0	0
14	35	27	2	0
Instant	64
1	589	28	1	0.0491159
2	16	15	1	0
3	198	55	17	3.61227
4	839	15	0	0
11	26	18	0	0
12	61	55	14	4.35435
13	12	15	0	0
14	35	29	1	0
Instant	65
1	600	28	1	0
2	6	16	0	0
3	230	57	17	3.21012
4	788	15	0	0
11	25	19	1	0
12	68	49	13	5.14706
13	12	15	0	0
14	35	28	1	0
Instant	66
1	591	28	2	0
2	18	16	0	0
3	239	58	16	2.94677
4	659	15	0	0
11	25	20	1	0
12	43	52	14	2.45098
13	13	15	0	0
14	27	31	2	0
Instant	67
1	591	28	2	0
2	13	14	0	0
3	248	52	15	2.69161
4	648	15	0	0
11	25	19	1	0
12	63	67	11	2.02703
13	13	15	0	0
14	27	28	2	0.362319
Instant	68
1	569	27	2	0.354251
2	25	16	0	0
3	223	54	17	3.17235
4	628	15	0	0
11	25	18	0	0
12	81	54	18	1.21528
13	13	15	0	0
14	27	29	2	0
Instant	69
1	612	28	2	0.0482625
2	16	17	0	0
3	239	57	14	3.27491
4	640	15	0	0
11	26	18	0	0
12	39	55	18	3.26797
13	13	15	0	0
14	27	28	2	0
Instant	70
1	599	28	1	0
2	32	16	0	0
3	231	54	15	3.50836
4	648	15	0	0
11	25	19	1	0
12	61	62	12	2.02703
13	13	15	0	0
14	27	27	2	0
Instant	71
1	584	28	2	0.0496032
2	27	17	0	0
3	199	53	15	3.18983
4	613	15	0	0
11	25	20	1	0
12	56	60	18	19.5261
13	12	15	0	0
14	26	29	2	0.287356
Instant	72
1	557	28	2	0.308642
2	20	16	0	0
3	179	50	15	4.32269
4	662	15	0	0
11	24	20	1	0
12	80	64	16	3.53535
13	11	15	0	0
14	29	27	1	0
Instant	73
1	612	27	2	0.0490196
2	27	17	0	0
3	218	56	17	3.37022
4	671	15	0	0
11	26	19	1	0
12	44	66	8	4.8103
13	12	15	0	0
14	29	26	1	0
Instant	74
1	582	27	2	0
2	28	17	0	0
3	238	51	16	2.94659
4	655	15	0	0
11	25	20	1	0
12	69	74	15	4.33007
13	13	15	0	0
14	28	27	1	0
Instant	75
1	598	28	1	0.0484496
2	37	17	0	0
3	224	57	16	3.19712
4	640	15	0	0
11	26	19	1	0
12	85	66	16	4.12458
13	13	15	0	0
14	27	28	2	0
Instant	76
1	606	27	1	0
2	21	16	0	0
3	269	53	14	2.4115
4	657	15	0	0
11	26	19	1	0
12	70	68	21	4.32099
13	14	15	0	0
14	28	27	2	0
Instant	77
1	584	27	2	0.301205
2	24	16	0	0
3	258	53	14	2.83186
4	648	15	0	0
11	25	19	1	0
12	70	69	15	4.86111
13	14	15	0	0
14	28	27	1	0
Instant	78
1	595	28	2	0.0489237
2	27	15	0	0
3	251	53	15	2.90853
4	655	15	0	0
11	26	19	0	0
12	64	70	7	4.07986
13	14	15	0	0
14	28	27	2	0
Instant	79
1	614	27	1	0
2	29	14	0	0
3	231	59	14	2.80762
4	647	15	0	0
11	26	18	1	0
12	66	72	18	3.97898
13	12	15	0	0
14	27	28	2	0
Instant	80
1	585	27	2	0.294118
2	27	16	0	0
3	237	58	16	3.04245
4	655	15	0	0
11	26	19	0	0
12	62	65	20	5.55556
13	13	15	0	0
14	28	27	2	0
Instant	81
1	596	27	1	0
2	34	18	0	0
3	227	53	18	3.25342
4	641	15	0	0
11	26	20	1	0
12	54	63	11	2.18855
13	12	15	0	0
14	27	28	2	0
Instant	82
1	674	29	3	0.0440917
2	33	15	0	0
3	230	54	15	2.80214
4	613	15	0	0
11	28	19	1	0
12	46	55	13	2.22222
13	12	15	0	0
14	26	30	2	0
Instant	83
1	708	28	2	0
2	33	17	0	0
3	224	55	17	3.25
4	649	15	0	0
11	30	19	1	0
12	61	54	11	11.1111
13	12	15	0	0
14	28	27	1	0
Instant	84
1	579	29	3	0.567108
2	22	16	0	0
3	203	49	14	3.25975
4	640	15	0	0
11	27	19	0	0
12	63	55	18	1.76768
13	12	15	0	0
14	27	29	2	0
Instant	85
1	590	27	1	0.704225
2	28	17	1	0
3	197	53	17	3.88277
4	620	15	0	0
11	25	19	1	0
12	63	62	10	1.35328
13	12	15	0	0
14	27	30	3	0
Instant	86
1	596	28	1	0
2	34	15	0	0
3	205	55	16	3.43886
4	613	15	0	0
11	26	19	1	0
12	62	62	12	2.20588
13	11	15	0	0
14	26	31	3	0
Instant	87
1	585	27	1	0.297619
2	12	16	1	0
3	210	59	18	3.46806
4	627	15	0	0
11	25	19	1	0
12	69	62	15	12.8268
13	12	15	0	0
14	27	28	2	0
Instant	88
1	585	28	2	0
2	24	16	0	0
3	212	55	18	3.42702
4	612	15	0	0
11	25	20	1	0
12	68	64	14	4.95496
13	12	15	0	0
14	25	31	3	0
Instant	89
1	599	27	1	0
2	19	15	0	0
3	227	54	14	2.87129
4	636	15	0	0
11	25	20	1	0
12	51	55	18	2.36928
13	12	15	0	0
14	27	28	2	0
Instant	90
1	558	27	1	0.30426
2	47	15	0	0
3	251	56	17	2.44772
4	626	15	0	0
11	25	19	1	0
12	60	58	20	7.46528
13	13	15	0	0
14	27	29	2	0
Instant	91
1	620	27	1	0
2	29	15	0	0
3	173	59	19	4.66009
4	635	15	0	0
11	26	19	0	0
12	58	74	15	5.70571
13	11	15	0	0
14	27	29	2	0
Instant	92
1	550	26	1	0.363825
2	18	16	0	0
3	223	55	15	2.7027
4	619	15	0	0
11	24	20	1	0
12	95	59	17	3.11448
13	13	15	0	0
14	26	30	3	0
Instant	93
1	718	27	2	0.484653
2	30	15	0	0
3	232	59	15	3.17308
4	648	15	0	0
11	31	21	1	0
12	69	60	19	3.28283
13	13	15	0	0
14	28	28	2	0
Instant	94
1	710	28	2	0
2	18	15	0	0
3	232	52	14	2.92208
4	642	15	0	0
11	31	19	0	0
12	75	63	15	4.12913
13	13	15	0	0
14	28	28	2	0
Instant	95
1	645	29	2	0
2	19	15	0	0
3	247	54	16	3.0268
4	626	15	0	0
11	28	19	1	0
12	73	70	15	4.08497
13	13	15	0	0
14	27	29	2	0
Instant	96
1	555	25	2	0.309278
2	16	16	0	0
3	218	56	15	3.76908
4	648	15	0	0
11	24	19	1	0
12	76	62	12	3.92157
13	12	15	0	0
14	27	28	2	0
Instant	97
1	588	27	1	0.297619
2	31	15	0	0
3	170	64	18	4.1958
4	641	15	0	0
11	25	19	1	0
12	58	78	13	4.47154
13	10	15	0	0
14	28	27	1	0
Instant	98
1	569	29	2	0
2	33	16	0	0
3	220	51	14	3.22736
4	648	15	0	0
11	25	20	1	0
12	63	59	15	2.20588
13	13	15	0	0
14	28	27	2	0
Instant	99
1	586	29	3	0.0507099
2	25	17	0	0
3	210	51	13	3.51096
4	643	15	0	0
11	25	20	0	0
12	59	60	11	1.79739
13	12	15	0	0
14	27	28	2	0
Instant	100
1	568	28	2	0.357143
2	19	16	0	0
3	216	48	13	3.3998
4	626	15	0	0
11	24	20	1	0
12	35	49	15	0
13	12	15	0	0
14	27	29	2	0
Instant	101
1	628	25	1	0
2	20	16	0	0
3	207	57	16	3.33835
4	635	15	0	0
11	27	19	0	0
12	46	44	8	0.571895
13	12	15	0	0
14	27	29	2	0
Instant	102
1	585	28	1	0.297619
2	15	15	0	0
3	203	58	15	3.84036
4	633	15	0	0
11	25	18	1	0
12	48	74	9	9.06863
13	12	15	0	0
14	27	29	2	0
Instant	103
1	620	26	2	0
2	15	16	0	0
3	232	58	17	2.89197
4	648	15	0	0
11	26	19	0	0
12	78	63	15	17.2673
13	12	15	0	0
14	28	28	2	0
Instant	104
1	598	27	1	0
2	19	16	0	0
3	247	49	16	2.69834
4	642	15	0	0
11	25	19	1	0
12	41	58	16	5.63725
13	13	15	0	0
14	27	28	2	0
Instant	105
1	614	27	1	0
2	22	15	0	0
3	228	53	16	3.34473
4	625	15	0	0
11	27	18	0	0
12	40	59	12	0.816993
13	12	15	0	0
14	26	29	2	0.281955
Instant	106
1	597	28	2	0
2	26	16	0	0
3	208	59	17	3.38809
4	630	15	0	0
11	26	19	0	0
12	46	62	22	10.5105
13	12	15	0	0
14	28	28	2	0
Instant	107
1	584	28	2	0
2	21	15	0	0
3	230	48	13	2.90865
4	654	15	0	0
11	25	19	1	0
12	42	51	9	0.408497
13	13	15	0	0
14	27	28	2	0
Instant	108
1	593	28	1	0
2	25	16	1	0
3	182	56	16	3.47826
4	649	15	0	0
11	26	19	0	0
12	84	58	14	10.049
13	11	15	0	0
14	28	27	1	0
Instant	109
1	582	28	2	0
2	14	15	1	0
3	226	57	14	3.51485
4	633	15	0	0
11	25	20	1	0
12	64	61	24	3.37302
13	12	15	0	0
14	27	29	2	0
Instant	110
1	593	28	2	0.15121
2	25	15	0	0
3	238	55	13	2.93296
4	619	15	0	0
11	25	19	1	0
12	76	56	20	3.81944
13	13	15	0	0
14	26	29	2	0
Instant	111
1	548	27	1	0.314465
2	25	17	0	0
3	238	52	14	3.04991
4	650	15	0	0
11	24	19	1	0
12	68	66	14	4.90196
13	13	15	0	0
14	28	28	1	0.271739
Instant	112
1	594	27	1	0
2	30	16	0	0
3	243	55	14	2.72467
4	634	15	0	0
11	25	19	0	0
12	73	66	18	4.42943
13	13	15	0	0
14	27	28	2	0
Instant	113
1	601	26	2	0
2	16	15	0	0
3	241	56	16	3.08442
4	628	15	0	0
11	25	20	1	0
12	74	67	15	4.08497
13	13	15	0	0
14	26	29	2	0.279851
Instant	114
1	601	26	1	0
2	31	16	0	0
3	218	52	19	3.11886
4	640	15	0	0
11	26	19	1	0
12	46	76	17	5.55556
13	12	15	0	0
14	27	29	2	0
Instant	115
1	591	27	2	0.0490196
2	27	15	0	0
3	232	57	16	2.96116
4	628	15	0	0
11	26	20	1	0
12	69	60	10	1.87688
13	12	15	0	0
14	27	28	2	0
Instant	116
1	620	27	2	0
2	44	16	0	0
3	231	57	14	3.15443
4	613	15	0	0
11	26	19	1	0
12	68	67	13	6.69935
13	13	15	0	0
14	26	31	3	0
Instant	117
1	592	27	2	0
2	29	17	0	0
3	217	53	16	3.76747
4	633	15	0	0
11	26	19	1	0
12	81	69	16	4.24837
13	12	15	0	0
14	27	29	2	0
Instant	118
1	582	31	2	0
2	35	16	0	0
3	208	48	17	3.50962
4	635	15	0	0
11	25	18	0	0
12	74	65	12	3.67868
13	13	15	0	0
14	27	28	2	0
Instant	119
1	613	26	1	0
2	33	16	0	0
3	219	54	17	3.24642
4	654	15	0	0
11	26	20	1	0
12	62	55	15	4.49346
13	12	15	0	0
14	28	27	2	0
