	T	D	J	LP
Instant	0
1	0	0	0	0
2	0	0	0	0
3	0	0	0	0
4	0	0	0	0
11	0	0	0	0
12	0	0	0	0
13	0	0	0	0
14	0	0	0	0
Instant	1
1	285	29	2	0
2	12	15	0	0
3	20	56	15	2.02546
4	80	16	1	0
11	11	19	0	0
12	44	64	8	6.52174
13	1	15	0	0
14	2	47	8	0.240385
Instant	2
1	1200	28	3	0.386847
2	24	16	0	0
3	12	68	16	6.60714
4	392	20	1	0.0279608
11	53	19	0	0
12	80	56	16	1.71569
13	4	15	0	0
14	12	53	11	0.566954
Instant	3
1	1288	29	3	0.13369
2	36	15	0	0
3	21	67	14	5.96179
4	374	19	1	0.0186658
11	58	18	0	0
12	42	63	17	2.77778
13	3	15	0	0
14	10	53	9	0.754631
Instant	4
1	1261	27	2	0.0237869
2	33	16	0	0
3	16	74	18	6.64794
4	355	18	1	0
11	54	19	0	0
12	51	60	11	3.75375
13	4	15	0	0
14	10	49	11	0.625608
Instant	5
1	1082	29	2	0.295699
2	21	16	0	0
3	14	73	22	5.79151
4	347	17	1	0
11	48	18	0	0
12	77	66	13	0.653595
13	4	15	0	0
14	10	51	10	0.740442
Instant	6
1	892	29	2	0.196592
2	36	16	0	0
3	15	63	22	7.34908
4	334	18	0	0
11	39	19	0	0
12	85	63	11	1.22549
13	4	15	0	0
14	9	51	10	0.617479
Instant	7
1	887	27	3	0.196335
2	18	15	0	0
3	14	73	17	9.23773
4	338	17	0	0
11	39	18	0	0
12	53	54	12	2.02703
13	3	15	0	0
14	10	48	10	0.590282
Instant	8
1	844	28	2	0
2	19	15	0	0
3	8	61	26	4.1202
4	322	17	0	0
11	37	19	1	0
12	71	64	15	1.47059
13	4	15	0	0
14	10	53	9	0.554396
Instant	9
1	954	28	2	0.0915751
2	22	17	0	0
3	10	77	14	8.92157
4	321	17	0	0
11	41	19	0	0
12	54	66	13	2.61438
13	4	15	0	0
14	9	49	9	0.632476
Instant	10
1	1054	28	2	0
2	25	16	0	0
3	17	64	22	6.1849
4	324	17	0	0
11	46	19	1	0
12	57	53	16	2.17718
13	3	15	0	0
14	10	50	10	0.565215
Instant	11
1	963	27	2	0.0308642
2	12	16	0	0
3	15	70	14	6.41026
4	324	17	0	0
11	41	19	1	0
12	37	59	9	3.10458
13	4	15	0	0
14	10	48	9	0.460487
Instant	12
1	916	27	2	0
2	20	16	0	0
3	12	70	18	8.26797
4	313	16	0	0
11	41	19	0	0
12	54	58	8	2.69608
13	3	15	0	0
14	9	50	10	0.625423
Instant	13
1	781	28	3	0.336826
2	35	15	0	0
3	10	69	24	6.59722
4	291	16	0	0
11	34	19	0	0.374251
12	63	56	9	1.52116
13	4	15	0	0
14	9	52	8	0.571485
Instant	14
1	645	28	2	0.136116
2	21	16	0	0
3	6	76	24	7.05846
4	321	17	0	0
11	27	18	0	0
12	58	55	11	2.12418
13	4	15	0	0
14	10	49	10	0.523552
Instant	15
1	706	29	2	0.326797
2	25	17	0	0
3	9	71	24	7.77995
4	324	16	0	0
11	31	19	0	0
12	55	57	10	2.45098
13	4	15	0	0
14	10	46	10	0.485006
Instant	16
1	678	28	2	1.03093
2	25	16	0	0
3	12	64	27	6.04891
4	303	16	0	0
11	29	20	0	0
12	64	70	14	2.32733
13	3	15	0	0
14	9	50	9	0.572133
Instant	17
1	699	26	1	0.285016
2	26	15	0	0
3	5	72	30	8.81971
4	312	16	0	0
11	31	19	0	0
12	62	54	18	1.96078
13	3	15	0	0
14	9	51	8	0.540315
Instant	18
1	746	28	2	0
2	26	16	0	0
3	10	57	24	6.47436
4	295	17	0	0
11	33	18	0	0
12	54	67	15	1.55229
13	3	15	0	0
14	9	49	9	0.538278
Instant	19
1	801	27	1	0.0365497
2	18	16	0	0
3	11	80	21	10.5975
4	297	16	0	0
11	35	19	0	0
12	49	81	15	3.15315
13	4	15	0	0
14	9	51	9	0.565355
Instant	20
1	773	28	2	0.226244
2	24	16	0	0
3	10	79	18	5.34777
4	302	17	0	0
11	33	18	0	0
12	34	66	22	3.26797
13	4	15	0	0
14	9	52	9	1.24402
Instant	21
1	742	29	1	0
2	26	16	0	0
3	14	72	18	10.1957
4	290	16	0	0
11	32	19	0	0.553797
12	16	75	9	4.08497
13	4	15	0	0
14	9	52	8	0.610361
Instant	22
1	739	26	1	0
2	27	15	0	0
3	10	73	17	6.22642
4	283	17	0	0
11	32	19	0	0
12	50	67	11	3.67868
13	3	15	0	0
14	9	50	8	0.535256
Instant	23
1	665	28	2	0.265957
2	23	16	0	0
3	7	76	24	5.98958
4	295	16	0	0
11	29	19	0	0
12	58	69	13	2.20588
13	3	15	0	0
14	9	54	8	0.556786
Instant	24
1	633	28	1	0.0462963
2	26	16	0	0
3	14	71	20	6.45674
4	296	16	0	0
11	27	19	1	0
12	32	72	24	3.67647
13	4	15	0	0
14	9	52	8	0.590909
Instant	25
1	627	30	2	0
2	21	15	0	0
3	10	69	25	10.5745
4	289	17	0	0
11	26	19	0	0
12	51	55	12	2.18254
13	3	15	0	0
14	9	51	9	0.608499
Instant	26
1	666	27	2	0
2	33	16	0	0
3	8	65	16	4.58656
4	305	16	0	0
11	29	19	0	0
12	34	65	17	3.10458
13	4	15	0	0
14	10	49	9	0.457375
Instant	27
1	711	28	2	0
2	33	15	0	0
3	11	76	18	8.6263
4	300	17	0	0
11	30	19	0	0
12	80	62	12	2.61438
13	3	15	0	0
14	9	52	9	0.574548
Instant	28
1	669	26	1	0.26455
2	26	15	0	0
3	13	67	18	6.77481
4	311	17	0	0
11	28	18	0	0
12	51	73	8	2.39198
13	4	15	0	0
14	10	52	8	0.542532
Instant	29
1	701	30	3	0.165837
2	25	15	0	0
3	15	67	19	6.01145
4	282	17	0	0
11	30	18	0	0
12	37	60	16	2.85948
13	3	15	0	0
14	8	54	10	0.572001
Instant	30
1	658	28	2	0.564236
2	32	16	0	0
3	11	78	19	6.58397
4	279	16	0	0
11	29	18	0	0.347222
12	48	69	12	2.69608
13	4	15	0	0
14	8	52	10	0.558334
Instant	31
1	781	28	1	0
2	28	16	0	0
3	13	81	13	10.1167
4	285	17	0	0
11	34	19	0	0
12	66	58	13	1.72673
13	4	15	0	0
14	8	53	10	0.590538
Instant	32
1	767	28	2	0.986343
2	30	17	0	0
3	6	67	27	8.11648
4	290	16	0	0
11	33	19	1	0
12	50	49	17	3.26797
13	4	15	0	0
14	9	49	9	0.55574
Instant	33
1	731	29	2	0.0396197
2	27	15	0	0
3	12	73	18	7.78846
4	299	17	0	0
11	32	20	1	0
12	53	73	10	2.36928
13	4	15	0	0
14	9	48	10	0.518426
Instant	34
1	738	29	3	0
2	30	15	0	0
3	11	74	18	8.23791
4	297	17	0	0
11	32	19	1	0
12	38	59	17	3.15315
13	4	15	0	0
14	9	52	8	0.539044
Instant	35
1	652	28	2	0
2	24	16	0	0
3	11	76	18	6.10465
4	301	16	0	0
11	29	19	0	0
12	38	65	16	3.34967
13	3	15	0	0
14	9	50	8	0.589285
Instant	36
1	573	28	2	0.753012
2	32	15	0	0
3	15	72	21	6.87419
4	310	16	0	0
11	25	19	0	0
12	41	58	21	3.51307
13	3	15	0	0
14	9	51	9	0.636302
Instant	37
1	598	27	1	0.0502008
2	27	15	0	0
3	11	71	12	5.29151
4	305	17	0	0
11	25	19	1	0
12	60	61	10	1.78571
13	3	15	0	0
14	9	47	10	0.51274
Instant	38
1	585	28	1	0
2	31	14	0	0
3	11	70	19	6.11534
4	305	16	0	0
11	26	19	1	0
12	64	59	16	2.20588
13	3	15	0	0
14	10	48	8	0.496125
Instant	39
1	585	30	1	0
2	15	14	0	0
3	17	67	15	9.92218
4	286	17	0	0
11	24	19	1	0
12	55	60	10	2.04248
13	4	15	0	0
14	9	55	12	0.563583
Instant	40
1	575	27	2	0
2	25	16	0	0
3	9	78	15	4.23077
4	276	17	0	0
11	24	19	1	0
12	58	56	15	3.07808
13	4	15	0	0
14	8	53	9	0.600376
Instant	41
1	568	27	2	0.596421
2	21	16	0	0
3	13	59	16	9.08793
4	298	16	0	0
11	25	19	1	0
12	45	53	14	2.36928
13	4	15	0	0
14	9	46	8	0.559714
Instant	42
1	527	29	2	0.170843
2	22	16	0	0
3	14	68	21	9.52381
4	290	17	0	0
11	22	18	1	0.442478
12	51	69	12	2.04248
13	3	15	0	0
14	9	50	9	0.48144
Instant	43
1	603	28	1	0
2	24	16	0	0
3	13	68	18	5.0641
4	273	17	0	0
11	26	19	0	0
12	36	74	20	3.45345
13	4	15	0	0
14	8	51	11	0.489511
Instant	44
1	620	26	1	0
2	27	16	0	0
3	7	67	23	5.95238
4	283	16	0	0
11	27	18	0	0
12	45	73	11	3.34967
13	4	15	0	0
14	8	52	9	0.61968
Instant	45
1	553	25	1	0.373932
2	19	18	0	0
3	11	75	17	10.591
4	276	16	0	0
11	23	20	1	0
12	62	66	13	2.28758
13	3	15	0	0
14	8	45	9	0.642141
Instant	46
1	588	28	2	0
2	19	17	0	0
3	12	73	23	6.63522
4	283	16	0	0
11	26	18	0	0
12	37	65	9	3.52853
13	4	15	0	0
14	8	48	8	0.566063
Instant	47
1	598	28	1	0
2	22	16	0	0
3	14	79	10	5.92522
4	276	17	0	0
11	25	18	0	0
12	49	57	17	2.77778
13	4	15	0	0
14	8	53	9	0.608268
Instant	48
1	621	27	2	0
2	30	16	0	0
3	10	78	14	9.21569
4	261	16	0	0
11	26	18	0	0
12	45	70	17	3.18627
13	3	15	0	0
14	8	50	10	0.598857
Instant	49
1	585	28	1	0
2	25	16	0	0
3	9	77	18	7.03914
4	276	16	0	0
11	26	19	1	0
12	55	59	8	1.71958
13	4	15	0	0
14	8	51	9	0.570362
Instant	50
1	592	29	2	0
2	21	15	0	0
3	11	71	20	7.70751
4	271	16	0	0
11	25	18	0	0
12	50	62	15	2.69608
13	4	15	0	0
14	8	52	10	0.56375
Instant	51
1	585	28	2	0
2	14	16	0	0
3	18	68	20	8.14536
4	261	16	0	0
11	25	19	1	0
12	64	60	10	1.79739
13	4	15	0	0
14	8	49	9	0.650401
Instant	52
1	606	27	2	0
2	19	16	0	0
3	12	75	21	7.93505
4	265	16	0	0
11	26	19	1	0
12	53	61	8	3.08642
13	4	15	0	0
14	7	50	10	0.664085
Instant	53
1	575	27	1	0.306122
2	25	16	0	0
3	14	74	19	5.13072
4	259	16	0	0
11	24	19	1	0
12	56	62	20	2.04248
13	3	15	0	0
14	7	48	8	0.666815
Instant	54
1	565	27	1	0.558943
2	31	16	0	0
3	10	88	9	6.15234
4	272	16	0	0
11	25	19	1	0
12	54	59	10	2.12418
13	3	15	0	0
14	8	48	9	0.609713
Instant	55
1	606	27	1	0
2	27	17	0	0
3	11	73	24	6.41264
4	263	16	0	0
11	26	19	1	0
12	41	61	6	2.77778
13	4	15	0	0
14	7	50	9	0.613709
Instant	56
1	599	29	2	0
2	29	16	0	0
3	10	63	19	7.01581
4	258	16	0	0
11	25	18	0	0
12	49	59	13	3.83987
13	4	15	0	0
14	8	48	9	0.717509
Instant	57
1	603	27	1	0
2	36	16	0	0
3	7	70	16	9.37908
4	259	16	0	0
11	26	19	0	0
12	51	63	13	2.28758
13	3	15	0	0
14	8	52	11	0.563105
Instant	58
1	559	28	2	0.303644
2	19	15	0	0
3	11	71	14	8.55263
4	251	16	0	0
11	25	19	1	0
12	30	66	18	3.67868
13	4	15	0	0
14	7	51	12	0.628667
Instant	59
1	558	30	2	0.160944
2	36	16	0	0
3	14	78	15	8.85013
4	262	16	0	0
11	23	19	1	0
12	68	55	15	2.12418
13	4	15	0	0
14	8	51	10	0.629286
Instant	60
1	599	29	2	0.294118
2	32	16	0	0
3	8	72	12	3.94231
4	263	16	0	0
11	25	18	0	0
12	20	56	10	3.43137
13	4	15	0	0
14	8	51	9	0.52
Instant	61
1	606	27	2	0
2	25	16	0	0
3	9	76	19	8.39599
4	250	16	0	0
11	26	19	0	0
12	47	51	9	3.10847
13	4	15	0	0
14	7	55	9	0.686215
Instant	62
1	586	27	2	0.0498008
2	23	17	0	0
3	11	72	19	6.1753
4	262	16	0	0
11	25	20	1	0
12	53	63	15	2.69608
13	3	15	0	0
14	8	49	11	0.667374
Instant	63
1	578	28	2	0.302419
2	17	16	0	0
3	16	65	18	4.1351
4	273	16	0	0
11	25	18	0	0
12	65	70	10	1.96078
13	4	15	0	0
14	8	49	10	0.569504
Instant	64
1	567	28	2	0.306122
2	32	16	0	0
3	6	78	12	10.6209
4	281	16	0	0
11	25	18	0	0
12	37	64	15	3.67868
13	3	15	0	0
14	9	51	9	0.536663
Instant	65
1	593	29	1	0
2	24	17	0	0
3	11	73	18	11.036
4	267	16	0	0
11	26	18	0	0
12	45	68	19	2.85948
13	4	15	0	0
14	7	49	8	0.579358
Instant	66
1	627	25	1	0
2	36	16	0	0
3	15	70	16	6.74157
4	263	16	0	0
11	26	19	1	0
12	53	66	9	2.12418
13	4	15	0	0
14	8	49	9	0.644668
Instant	67
1	530	30	2	0.323974
2	33	15	0	0
3	12	76	9	5.23256
4	266	16	0	0
11	23	20	1	0
12	60	58	18	2.47748
13	4	15	0	0
14	8	48	8	0.611681
Instant	68
1	586	29	1	0
2	18	15	0	0
3	11	70	22	9.53776
4	260	16	0	0
11	25	19	1	0
12	46	68	26	2.77778
13	4	15	0	0
14	7	50	9	0.621679
Instant	69
1	585	28	2	0
2	32	16	0	0
3	9	77	20	6.75505
4	277	16	0	0
11	25	19	1	0
12	53	74	22	3.02288
13	3	15	0	0
14	8	50	11	0.492713
Instant	70
1	599	28	1	0
2	27	17	0	0
3	11	74	18	6.6092
4	270	16	0	0
11	26	18	0	0
12	32	72	20	3.45345
13	4	15	0	0
14	8	49	9	0.592265
Instant	71
1	620	26	1	0
2	29	15	0	0
3	11	73	22	6.86462
4	280	16	0	0
11	27	19	0	0
12	18	79	13	1.96078
13	3	15	0	0
14	8	48	9	0.60846
Instant	72
1	599	28	2	0
2	32	15	0	0
3	7	74	18	9.03846
4	268	16	0	0
11	26	18	0	0
12	11	90	9	1.76768
13	3	15	0	0
14	8	51	9	0.608798
Instant	73
1	613	27	1	0
2	32	16	0	0
3	11	80	18	5.92021
4	275	16	0	0
11	26	18	1	0
12	11	63	14	1.96477
13	4	15	0	0
14	8	48	10	0.679905
Instant	74
1	634	26	1	0
2	20	16	0	0
3	9	75	22	8.6185
4	266	16	0	0
11	26	18	0	0
12	27	76	8	11.683
13	4	15	0	0
14	8	49	10	0.591556
Instant	75
1	583	27	1	0.301205
2	22	16	1	0
3	13	77	14	6.94981
4	277	16	0	0
11	25	19	0	0
12	37	62	14	4.54545
13	4	15	0	0
14	8	51	11	0.633241
Instant	76
1	559	29	2	0.05
2	24	15	0	0
3	11	66	21	9.27367
4	278	16	0	0
11	25	20	1	0
12	58	61	15	2.46914
13	4	15	0	0
14	9	51	10	0.484918
Instant	77
1	599	27	1	0
2	18	15	0	0
3	9	79	13	6.34766
4	274	16	0	0
11	25	19	1	0
12	30	56	22	3.64583
13	4	15	0	0
14	8	52	8	0.525689
Instant	78
1	588	29	2	0
2	31	15	0	0
3	10	72	24	4.1195
4	262	16	0	0
11	25	18	0	0
12	50	74	22	2.69097
13	4	15	0	0
14	8	53	10	0.702811
Instant	79
1	594	29	2	0.0494071
2	20	16	0	0
3	8	61	26	6.88679
4	277	16	0	0
11	25	19	0	0
12	64	62	8	1.87688
13	4	15	0	0
14	8	48	9	0.455932
Instant	80
1	582	29	2	0
2	29	16	0	0
3	15	76	25	13.3526
4	271	16	0	0
11	24	19	0	0
12	28	57	9	4.20875
13	4	15	0	0
14	8	53	9	0.643024
Instant	81
1	618	28	2	0
2	29	17	0	0
3	9	80	17	4.49937
4	282	17	0	0
11	27	18	0	0.285171
12	58	67	13	2.6936
13	4	15	0	0
14	8	48	8	0.580998
Instant	82
1	661	26	1	0.305944
2	21	16	0	0
3	9	71	16	6.79487
4	264	16	0	0
11	29	18	0	0
12	42	59	15	2.22222
13	4	15	0	0
14	8	51	9	0.636943
Instant	83
1	655	28	1	0
2	32	15	0	0
3	13	76	20	7.71242
4	267	16	0	0
11	28	19	0	0
12	75	61	13	2.27273
13	3	15	0	0
14	8	46	9	0.558809
Instant	84
1	633	29	2	0
2	32	15	0	0
3	12	69	16	6.92356
4	276	16	0	0
11	27	19	1	0
12	42	56	17	2.94613
13	4	15	0	0
14	8	56	10	0.58651
Instant	85
1	677	27	1	0
2	25	15	0	0
3	3	87	18	7.32323
4	262	16	0	0
11	29	18	0	0
12	46	66	20	2.20798
13	4	15	0	0
14	8	48	8	0.547206
Instant	86
1	637	27	1	0.0455373
2	16	15	0	0
3	11	79	14	9.5098
4	260	16	0	0
11	28	20	1	0
12	66	56	14	1.71569
13	3	15	0	0
14	8	51	8	0.562172
Instant	87
1	653	27	1	0
2	20	17	0	0
3	9	82	12	5.54499
4	252	16	0	0
11	28	19	0	0
12	58	68	15	1.79739
13	4	15	0	0
14	7	48	9	0.669677
Instant	88
1	669	27	2	0
2	29	16	0	0
3	8	68	18	6.44231
4	264	16	0	0
11	29	19	0	0
12	43	66	12	3.82883
13	3	15	0	0
14	8	53	9	0.573186
Instant	89
1	650	28	2	0.0451264
2	15	16	0	0
3	9	70	24	6.85328
4	257	16	0	0
11	28	18	0	0
12	66	59	17	1.71569
13	4	15	0	0
14	7	49	9	0.654157
Instant	90
1	634	28	1	0
2	30	15	0	0
3	7	70	15	5.14049
4	283	16	0	0
11	27	20	1	0
12	35	62	21	3.47222
13	4	15	0	0
14	9	48	8	0.630367
Instant	91
1	609	28	2	0.276753
2	26	16	0	0
3	9	78	16	8.93997
4	278	16	0	0
11	27	19	0	0
12	37	64	11	3.15315
13	3	15	0	0
14	8	50	10	0.507152
Instant	92
1	619	28	2	0
2	12	16	0	0
3	11	70	21	13.327
4	269	16	0	0
11	26	18	0	0.380228
12	23	47	19	4.54545
13	3	15	0	0
14	8	52	10	0.609148
Instant	93
1	599	27	2	0
2	22	14	0	0
3	10	74	17	4.42708
4	267	16	0	0
11	25	20	1	0
12	47	67	22	2.86195
13	4	15	0	0
14	8	48	10	0.684882
Instant	94
1	597	28	2	0
2	16	15	0	0
3	10	73	14	8.55513
4	264	16	0	0
11	26	19	1	0
12	60	67	10	2.25225
13	3	15	0	0
14	8	48	9	0.488564
Instant	95
1	567	31	2	0.0523013
2	28	16	0	0
3	18	75	16	5.79151
4	256	16	0	0
11	24	19	0	0
12	37	73	10	2.85948
13	4	15	0	0
14	7	51	9	0.681444
Instant	96
1	606	27	1	0
2	28	16	0	0
3	10	63	18	9.81339
4	258	16	0	0
11	26	19	1	0
12	52	62	16	3.34967
13	4	15	0	0
14	8	50	9	0.58256
Instant	97
1	613	27	1	0
2	26	16	0	0
3	13	71	14	5.98859
4	268	16	0	0
11	27	18	0	0
12	40	76	12	2.57453
13	4	15	0	0
14	8	51	10	0.514345
Instant	98
1	597	29	2	0
2	25	16	0	0
3	10	61	17	7.78636
4	262	16	0	0
11	25	18	1	0
12	48	60	17	2.69608
13	3	15	0	0
14	8	49	8	0.559018
Instant	99
1	540	30	2	0.380435
2	21	17	0	0
3	11	77	17	8.39695
4	265	16	0	0
11	23	18	0	0
12	82	59	15	1.55229
13	4	15	0	0
14	8	51	9	0.579004
Instant	100
1	583	27	1	0
2	24	16	0	0
3	6	70	19	4.72117
4	264	16	0	0
11	25	19	0	0
12	64	64	13	1.27628
13	3	15	0	0
14	8	52	11	0.632221
Instant	101
1	584	28	2	0.295276
2	22	16	0	0
3	8	74	25	9.58005
4	276	16	0	0
11	26	19	1	0
12	56	52	13	2.61438
13	4	15	0	0
14	9	50	10	0.472616
Instant	102
1	527	28	2	0.388889
2	19	15	0	0
3	11	69	26	8.91759
4	282	17	0	0
11	23	20	1	0
12	40	65	19	3.02288
13	4	15	0	0
14	8	49	8	0.574986
Instant	103
1	579	28	1	0
2	26	16	0	0
3	14	79	17	5.26144
4	276	16	0	0
11	24	20	0	0
12	54	69	12	2.32733
13	3	15	0	0
14	9	52	9	0.509851
Instant	104
1	599	26	1	0
2	32	16	0	0
3	7	81	17	6.43501
4	288	17	0	0
11	26	20	1	0
12	48	61	17	3.18627
13	3	15	0	0
14	9	48	9	0.495231
Instant	105
1	613	27	2	0
2	25	16	0	0
3	14	67	16	8.26746
4	265	16	0	0
11	26	18	0	0
12	39	55	14	3.18627
13	3	15	0	0
14	8	49	9	0.53742
Instant	106
1	556	28	1	0.0514403
2	32	16	0	0
3	7	75	15	3.94901
4	271	16	0	0
11	24	20	1	0
12	68	63	13	1.95195
13	3	15	0	0
14	8	50	8	0.640031
Instant	107
1	601	27	2	0.289575
2	25	14	0	0
3	13	75	21	10.105
4	270	16	0	0
11	26	19	1	0
12	6	33	3	2.53268
13	3	15	0	0
14	8	49	10	0.610104
Instant	108
1	568	26	2	0.317797
2	33	15	0	0
3	12	75	16	10
4	270	17	0	0
11	24	20	1	0.304878
12	53	67	18	5.39216
13	3	15	0	0
14	8	51	10	0.635157
Instant	109
1	584	28	2	0
2	21	17	0	0
3	4	67	21	6.68605
4	276	17	0	0
11	26	19	1	0
12	26	58	16	3.1746
13	3	15	0	0
14	8	50	9	0.498252
Instant	110
1	555	28	2	0.32538
2	26	16	0	0
3	13	71	19	7.97386
4	267	16	0	0
11	23	19	1	0
12	29	70	26	4.16667
13	4	15	0	0
14	8	50	9	0.6437
Instant	111
1	599	26	2	0
2	32	17	0	0
3	8	71	28	5.71338
4	262	16	0	0
11	27	19	1	0
12	54	77	13	3.10458
13	4	15	0	0
14	8	50	9	0.533041
Instant	112
1	578	27	1	0.297619
2	26	16	0	0
3	13	76	24	7.96813
4	290	16	0	0
11	25	19	1	0
12	33	74	20	3.97898
13	3	15	0	0
14	9	47	8	0.495231
Instant	113
1	613	27	1	0
2	22	15	0	0
3	16	75	16	5.88972
4	278	16	0	0
11	26	18	0	0
12	41	63	14	2.53268
13	4	15	0	0
14	8	49	8	0.618582
Instant	114
1	598	28	2	0.0496032
2	21	15	0	0
3	9	68	29	8.08365
4	263	16	0	0
11	25	19	1	0
12	65	67	15	2.53268
13	4	15	0	0
14	7	49	8	0.634759
Instant	115
1	558	28	1	0
2	19	17	0	0
3	12	78	31	10.2183
4	273	16	0	0
11	24	19	1	0
12	65	65	12	1.72673
13	4	15	0	0
14	8	52	9	0.612159
Instant	116
1	580	28	2	0.30303
2	31	16	0	0
3	21	75	18	6.13208
4	258	16	0	0
11	25	20	1	0
12	55	69	11	1.71569
13	4	15	0	0
14	7	55	9	0.562611
Instant	117
1	570	28	1	0.305499
2	29	16	0	0
3	15	70	16	5.17677
4	269	16	0	0
11	25	18	0	0
12	52	63	16	3.67647
13	4	15	0	0
14	8	49	9	0.501887
Instant	118
1	567	27	1	0.357143
2	25	15	0	0
3	8	70	23	6.67964
4	272	16	0	0
11	25	19	0	0
12	66	67	10	1.5015
13	3	15	0	0
14	8	51	9	0.556299
Instant	119
1	593	29	1	0
2	25	15	0	0
3	10	69	26	7.07364
4	272	16	0	0
11	25	18	0	0
12	53	59	15	2.53268
13	3	15	0	0
14	8	51	9	0.582796
