	T	D	J	LP
Instant	0
1	0	0	0	0
2	0	0	0	0
3	0	0	0	0
4	0	0	0	0
11	0	0	0	0
12	0	0	0	0
13	0	0	0	0
14	0	0	0	0
Instant	1
1	285	29	2	0
2	10	15	0	0
3	19	56	15	2.17391
4	92	17	1	0
11	11	19	0	0
12	32	55	1	7.97101
13	1	15	0	0
14	3	50	11	0.167015
Instant	2
1	1238	29	3	0
2	26	16	0	0
3	11	71	20	5.93972
4	376	24	2	0.157569
11	52	18	0	0.56926
12	46	43	7	0.408497
13	4	15	0	0
14	12	52	9	0.603746
Instant	3
1	1374	29	3	0
2	25	15	0	0
3	16	73	14	6.39535
4	391	20	1	0.0290267
11	61	18	0	0
12	49	59	9	0.408497
13	4	15	0	0
14	11	54	10	0.748337
Instant	4
1	1158	28	2	0.0506073
2	26	16	0	0
3	14	76	13	7.68983
4	369	19	1	0.0129316
11	51	18	0	0
12	49	56	12	0.0750751
13	4	15	0	0
14	11	49	10	0.656566
Instant	5
1	1047	29	3	0.0286041
2	28	15	0	0
3	11	74	17	4.33201
4	375	19	1	0
11	45	19	0	0
12	38	68	7	0.490196
13	3	15	0	0
14	11	50	9	0.691476
Instant	6
1	853	27	2	0.104457
2	15	14	0	0
3	15	69	21	6.91215
4	333	17	1	0
11	37	19	1	0
12	38	70	14	0.571895
13	4	15	0	0
14	9	49	10	0.669553
Instant	7
1	815	28	2	0
2	19	16	0	0
3	14	73	12	7.77778
4	322	17	0	0
11	35	19	0	0
12	44	53	8	0.225225
13	3	15	0	0
14	10	49	10	0.605862
Instant	8
1	855	28	2	0
2	19	17	1	0
3	7	80	22	4.35751
4	325	17	1	0
11	38	20	1	0
12	44	66	11	0.245098
13	4	15	0	0
14	10	49	8	0.646182
Instant	9
1	866	28	2	0.301205
2	25	16	0	0
3	11	72	26	11.9854
4	329	17	0	0
11	38	19	0	0
12	26	61	14	1.14379
13	3	15	0	0
14	10	49	9	0.541474
Instant	10
1	873	28	3	0
2	25	16	0	0
3	8	78	18	6.62231
4	317	17	0	0
11	37	19	0	0
12	36	51	9	0.45045
13	4	15	0	0
14	10	53	10	0.631988
Instant	11
1	756	27	2	0.0761035
2	23	15	0	0
3	8	76	13	5.20422
4	333	17	0	0
11	33	19	1	0
12	36	64	12	0.816993
13	3	15	0	0
14	11	47	9	0.503123
Instant	12
1	691	30	3	0.293624
2	24	17	0	0
3	7	72	20	10.612
4	321	17	0	0
11	30	18	0	0
12	46	57	7	0
13	3	15	0	0
14	10	47	8	0.574919
Instant	13
1	691	28	1	0.33389
2	21	16	0	0
3	16	67	19	8.04816
4	322	17	0	0
11	30	19	1	0
12	33	55	8	0.595238
13	4	15	0	0
14	10	49	10	0.507039
Instant	14
1	580	31	4	1.3834
2	24	15	0	0
3	14	73	18	7.41107
4	344	17	0	0
11	26	19	0	0
12	38	55	11	0.735294
13	4	15	0	0
14	11	52	10	0.525551
Instant	15
1	636	28	1	0
2	27	16	0	0
3	11	73	17	5.92522
4	311	17	0	0
11	28	19	0	0
12	43	57	12	0.163399
13	3	15	0	0
14	9	47	10	0.592616
Instant	16
1	667	28	2	0
2	17	15	0	0
3	13	74	20	6.97674
4	314	17	1	0
11	29	18	0	0
12	33	66	11	0.975976
13	4	15	0	0
14	10	49	9	0.421727
Instant	17
1	640	29	2	0.0456204
2	22	16	0	0
3	9	74	18	7.64151
4	295	17	0	0
11	28	18	0	0
12	36	62	13	0.816993
13	3	15	0	0
14	9	50	9	0.512621
Instant	18
1	617	29	1	0.275735
2	21	17	0	0
3	9	79	17	7.81453
4	304	17	0	0
11	28	18	0	0
12	25	51	14	0.898693
13	4	15	0	0
14	9	53	10	0.614208
Instant	19
1	645	28	1	0.277778
2	36	17	0	0
3	10	71	14	6.743
4	311	16	0	0
11	27	19	0	0
12	23	66	17	1.72673
13	4	15	0	0
14	9	49	9	0.62082
Instant	20
1	539	28	2	0.685654
2	27	17	0	0
3	16	72	20	9.64567
4	322	17	0	0
11	23	19	1	0.421941
12	34	62	13	0.980392
13	3	15	0	0
14	10	51	8	0.473672
Instant	21
1	549	27	2	0.527426
2	25	16	0	0
3	7	78	13	6.76282
4	295	17	0	0
11	24	21	1	0
12	33	58	13	1.06209
13	3	15	0	0
14	9	47	9	0.539732
Instant	22
1	592	28	1	0
2	29	17	0	0
3	15	75	13	6.07843
4	301	17	1	0
11	26	18	0	0
12	26	51	14	1.12613
13	4	15	0	0
14	9	52	11	0.644768
Instant	23
1	591	28	2	0.0506073
2	31	17	0	0
3	16	68	15	8.68863
4	300	17	0	0
11	25	19	1	0
12	45	65	12	0.326797
13	3	15	0	0
14	9	47	9	0.486325
Instant	24
1	594	28	2	0.3
2	19	15	1	0
3	6	75	14	5.4917
4	297	17	0	0
11	25	19	1	0
12	35	65	13	0.408497
13	3	15	0	0
14	9	48	10	0.670641
Instant	25
1	553	27	1	0.30426
2	30	16	0	0
3	9	71	26	7.72605
4	305	17	0	0
11	25	20	1	0
12	27	66	18	1.12434
13	3	15	0	0
14	9	52	10	0.52726
Instant	26
1	620	27	1	0
2	28	16	0	0
3	9	74	21	6.60494
4	323	17	0	0
11	26	19	0	0
12	43	52	12	0.490196
13	3	15	0	0
14	10	48	10	0.490957
Instant	27
1	535	29	1	0
2	25	15	0	0
3	12	74	15	7.11538
4	326	17	0	0
11	24	19	1	0
12	35	63	15	0.490196
13	4	15	0	0
14	10	50	9	0.532854
Instant	28
1	550	28	1	0.691489
2	29	15	0	0
3	11	76	13	9.68992
4	317	17	0	0
11	24	19	0	0
12	37	56	18	1.00309
13	3	15	0	0
14	10	46	7	0.508093
Instant	29
1	572	29	2	0.0510204
2	22	16	0	0
3	14	76	15	7.71725
4	304	17	0	0
11	25	19	1	0
12	36	42	8	0.653595
13	4	15	0	0
14	10	50	9	0.515088
Instant	30
1	586	28	1	0
2	27	15	0	0
3	9	80	14	5.49242
4	310	17	0	0
11	25	20	1	0
12	40	61	14	0.653595
13	4	15	0	0
14	10	49	10	0.465723
Instant	31
1	554	29	2	0.360082
2	27	15	0	0
3	13	71	22	6.90476
4	314	16	0	0
11	25	19	1	0
12	19	68	8	1.57658
13	3	15	0	0
14	10	51	8	0.504032
Instant	32
1	605	27	2	0
2	26	15	0	0
3	18	69	15	8.55513
4	315	17	0	0
11	26	19	1	0
12	27	52	10	1.22549
13	3	15	0	0
14	10	46	8	0.512852
Instant	33
1	599	27	1	0
2	25	15	0	0
3	9	77	19	4.75285
4	305	17	0	0
11	26	20	1	0
12	35	65	17	0.980392
13	3	15	0	0
14	9	52	10	0.612676
Instant	34
1	534	30	2	0.107991
2	27	15	0	0
3	14	62	24	6.3
4	279	16	0	0
11	23	19	1	0
12	29	55	18	0.975976
13	3	15	0	0
14	8	50	9	0.563458
Instant	35
1	611	27	2	0.290698
2	30	16	0	0
3	14	69	19	10.0962
4	306	16	0	0
11	26	19	1	0
12	42	54	11	0.408497
13	4	15	0	0
14	10	48	10	0.41866
Instant	36
1	579	28	1	0.0502008
2	19	16	0	0
3	9	74	29	6.03675
4	295	16	0	0
11	25	20	0	0
12	40	65	8	0.326797
13	3	15	0	0
14	9	49	9	0.589707
Instant	37
1	520	29	2	0.659341
2	22	16	0	0
3	12	72	23	8.33333
4	284	16	0	0
11	23	18	0	0
12	35	51	7	0.462963
13	3	15	0	0
14	9	47	9	0.490163
Instant	38
1	592	29	2	0
2	27	16	0	0
3	11	67	19	7.35653
4	288	16	0	0
11	25	19	1	0
12	33	70	16	0.571895
13	4	15	0	0
14	9	47	9	0.610733
Instant	39
1	562	28	2	0.360082
2	25	16	0	0
3	8	78	15	7.77339
4	284	17	0	0
11	24	20	1	0
12	35	48	10	0.898693
13	3	15	0	0
14	9	49	8	0.533567
Instant	40
1	578	28	2	0.297619
2	19	16	0	0
3	14	78	12	7.67717
4	285	17	0	0
11	25	18	1	0
12	36	54	15	1.12613
13	3	15	0	0
14	9	48	9	0.546669
Instant	41
1	582	29	2	0
2	27	16	0	0
3	11	75	22	6.97085
4	304	17	0	0
11	25	18	1	0
12	43	57	10	0
13	3	15	0	0
14	10	47	9	0.498544
Instant	42
1	595	29	2	0.0504032
2	29	17	0	0
3	13	76	15	6.13517
4	289	16	0	0
11	25	18	0	0
12	45	62	14	0.408497
13	4	15	0	0
14	9	53	10	0.585601
Instant	43
1	542	26	1	0.3125
2	33	16	0	0
3	12	74	20	8.36589
4	285	16	0	0
11	24	19	1	0
12	23	43	10	1.2012
13	3	15	0	0
14	9	49	9	0.510858
Instant	44
1	593	27	1	0.300601
2	30	15	0	0
3	13	78	18	6.03448
4	298	16	0	0
11	25	19	1	0
12	32	50	6	0.816993
13	3	15	0	0
14	9	49	9	0.430063
Instant	45
1	501	28	2	0.34642
2	35	16	0	0
3	7	77	17	8.39895
4	308	17	0	0
11	22	19	0	0
12	32	64	15	1.06209
13	4	15	0	0
14	10	45	8	0.448297
Instant	46
1	542	29	2	0.617284
2	31	16	0	0
3	10	78	17	7.7673
4	302	17	0	0
11	24	18	0	0
12	44	59	9	0.0750751
13	4	15	0	0
14	9	50	10	0.59691
Instant	47
1	613	27	1	0.0483559
2	24	16	0	0
3	9	78	14	4.65879
4	288	16	0	0
11	26	18	0	0
12	35	43	8	0.653595
13	4	15	0	0
14	9	47	8	0.559851
Instant	48
1	613	26	0	0
2	20	16	0	0
3	13	61	24	7.0638
4	291	17	0	0
11	26	19	0	0
12	28	66	15	1.22549
13	3	15	0	0
14	9	49	10	0.483594
Instant	49
1	592	27	1	0
2	18	16	0	0
3	10	74	17	7.44275
4	294	17	0	0
11	26	19	1	0
12	39	70	12	0.330688
13	3	15	0	0
14	10	50	8	0.433914
Instant	50
1	599	27	1	0
2	19	16	0	0
3	7	75	24	10.7095
4	286	16	0	0
11	26	19	1	0
12	43	52	13	0.408497
13	3	15	0	0
14	9	49	9	0.48245
Instant	51
1	613	28	1	0
2	21	17	0	0
3	13	69	28	6.33714
4	266	16	0	0
11	26	19	0	0
12	42	73	13	0.245098
13	4	15	0	0
14	8	54	9	0.636004
Instant	52
1	542	28	2	0.366876
2	26	15	0	0
3	12	67	21	9.28478
4	298	16	0	0
11	24	20	1	0
12	27	55	17	1.38889
13	3	15	0	0
14	10	50	9	0.42351
Instant	53
1	601	27	1	0.049505
2	19	17	0	0
3	18	73	18	6.47096
4	290	16	0	0
11	25	19	1	0
12	45	55	11	0.326797
13	4	15	0	0
14	8	49	9	0.512559
Instant	54
1	603	27	2	0
2	24	17	0	0
3	9	74	17	7.78636
4	299	17	0	0
11	26	19	1	0
12	42	70	14	0.245098
13	4	15	0	0
14	9	50	9	0.55892
Instant	55
1	599	27	1	0
2	23	16	0	0
3	9	76	17	8.01158
4	304	17	0	0
11	26	19	0	0
12	38	53	8	0.3003
13	4	15	0	0
14	9	49	9	0.492556
Instant	56
1	618	26	1	0
2	22	15	0	0
3	11	71	14	4.73856
4	289	17	0	0
11	26	19	1	0
12	30	45	11	1.14379
13	3	15	0	0
14	9	50	9	0.616978
Instant	57
1	599	28	2	0
2	14	15	0	0
3	11	66	18	5.84291
4	290	16	0	0
11	25	19	1	0
12	33	45	9	0.816993
13	4	15	0	0
14	9	52	10	0.502095
Instant	58
1	599	27	1	0
2	23	16	0	0
3	7	71	17	6.55468
4	283	16	0	0
11	26	18	0	0
12	41	55	16	0.525526
13	3	15	0	0
14	9	48	9	0.466766
Instant	59
1	613	28	2	0
2	27	17	0	0
3	14	68	18	11.9466
4	284	16	0	0
11	26	19	1	0
12	26	56	13	1.22549
13	3	15	0	0
14	9	49	10	0.48245
Instant	60
1	585	27	2	0.297619
2	37	15	0	0
3	11	73	24	6.77481
4	293	17	0	0
11	25	19	1	0
12	36	66	13	0.980392
13	4	15	0	0
14	9	48	8	0.51362
Instant	61
1	585	28	2	0
2	20	15	0	0
3	14	81	13	7.41107
4	290	17	0	0
11	25	19	1	0
12	38	57	14	0.462963
13	4	15	0	0
14	9	49	9	0.523456
Instant	62
1	555	28	2	0.310559
2	21	16	0	0
3	9	75	13	6.69192
4	309	17	0	0
11	25	18	0	0
12	26	67	19	1.06209
13	3	15	0	0
14	10	50	9	0.54038
Instant	63
1	558	29	2	0
2	17	15	0	0
3	13	72	17	7.87402
4	303	17	0	0
11	24	19	1	0
12	35	55	9	1.55229
13	3	15	0	0
14	10	47	9	0.456758
Instant	64
1	587	30	2	0.198807
2	32	16	0	0
3	5	78	22	6.67964
4	291	16	0	0
11	25	18	0	0
12	35	55	15	0.600601
13	3	15	0	0
14	10	50	9	0.454545
Instant	65
1	527	29	2	0.385463
2	24	16	0	0
3	14	68	20	9.46822
4	288	16	0	0
11	23	19	1	0
12	41	55	10	0.163399
13	4	15	0	0
14	8	47	12	0.563168
Instant	66
1	574	27	1	0
2	28	17	0	0
3	10	81	27	4.11877
4	297	16	0	0
11	24	21	1	0
12	42	55	11	0.816993
13	3	15	0	0
14	10	48	9	0.441964
Instant	67
1	599	28	1	0.145349
2	24	17	0	0
3	9	66	17	4.97416
4	299	17	1	0
11	26	18	0	0
12	41	41	5	0.225225
13	4	15	0	0
14	10	47	10	0.481018
Instant	68
1	592	27	1	0
2	23	16	0	0
3	13	77	22	13.489
4	298	16	0	0
11	25	19	1	0.297619
12	39	56	11	0.607639
13	3	15	0	0
14	9	50	8	0.452613
Instant	69
1	563	27	2	0.630252
2	33	16	0	0
3	8	77	11	5.14801
4	290	16	0	0
11	24	19	1	0
12	5	55	10	2.45098
13	4	15	0	0
14	9	50	12	0.533496
Instant	70
1	570	30	2	0
2	31	16	0	0
3	13	68	19	8.72244
4	291	16	0	0
11	25	19	1	0
12	40	60	14	0.45045
13	4	15	0	0
14	9	51	10	0.486189
Instant	71
1	592	28	1	0
2	29	16	0	0
3	9	78	15	4.09946
4	294	17	0	0
11	25	19	1	0
12	45	53	11	0.0816993
13	3	15	0	0
14	9	47	7	0.530139
Instant	72
1	592	27	1	0
2	24	15	0	0
3	17	74	21	8.86792
4	314	17	0	0
11	25	20	1	0
12	39	55	13	0.50505
13	3	15	0	0
14	10	50	10	0.424508
Instant	73
1	562	27	1	0.309278
2	23	16	0	0
3	13	63	23	6.13695
4	293	17	0	0
11	24	20	1	0
12	31	63	20	0.677507
13	3	15	0	0
14	9	46	8	0.587039
Instant	74
1	628	26	1	0
2	33	17	0	0
3	11	67	15	9.13015
4	292	17	0	0
11	27	19	1	0
12	26	64	17	1.47059
13	4	15	0	0
14	9	48	8	0.441051
Instant	75
1	598	27	1	0
2	29	16	0	0
3	13	69	21	6.75926
4	294	16	0	0
11	26	19	1	0
12	30	70	14	0.925926
13	4	15	0	0
14	9	50	7	0.498491
Instant	76
1	612	27	1	0
2	24	14	0	0
3	8	71	25	8.30026
4	302	17	0	0
11	26	19	1	0
12	39	62	9	0.694444
13	4	15	0	0
14	10	52	9	0.448188
Instant	77
1	593	28	2	0.149402
2	22	15	0	0
3	11	65	21	7.59044
4	297	17	0	0
11	25	19	1	0
12	39	56	9	0.260417
13	3	15	0	0
14	9	50	9	0.593659
Instant	78
1	585	29	2	0
2	21	15	0	0
3	7	76	22	5.80808
4	299	17	0	0
11	26	18	0	0
12	29	62	19	1.04167
13	3	15	0	0
14	9	49	8	0.490006
Instant	79
1	590	28	2	0.0496032
2	29	16	0	0
3	16	67	18	7.00531
4	303	16	0	0
11	25	19	1	0
12	28	73	14	1.2012
13	3	15	0	0
14	9	47	8	0.510172
Instant	80
1	599	27	1	0
2	25	16	0	0
3	9	71	13	8.17121
4	308	17	0	0
11	26	19	0	0
12	33	61	14	1.51515
13	4	15	0	0
14	10	51	11	0.451742
Instant	81
1	619	27	2	0
2	22	16	0	0
3	14	65	20	9.33076
4	303	17	0	0
11	26	18	0	0
12	36	55	10	0.50505
13	3	15	0	0
14	10	49	9	0.543237
Instant	82
1	605	28	1	0.0484496
2	37	16	0	0
3	12	75	18	6.11111
4	304	17	0	0
11	26	18	0	0
12	34	58	14	0.634921
13	4	15	0	0
14	10	46	8	0.501174
Instant	83
1	612	26	2	0.0475285
2	19	16	0	0
3	11	68	25	7.40026
4	299	17	0	0
11	26	19	1	0
12	27	48	8	1.26263
13	3	15	0	0
14	9	49	10	0.51806
Instant	84
1	628	26	1	0
2	27	17	0	0
3	10	77	23	5.08207
4	285	17	0	0
11	27	18	0	0
12	26	69	18	1.09428
13	4	15	0	0
14	8	52	9	0.58171
Instant	85
1	562	31	2	0.316456
2	31	16	0	0
3	7	74	21	7.80632
4	300	17	0	0
11	24	18	0	0
12	42	60	11	0.213675
13	3	15	0	0
14	10	47	11	0.458716
Instant	86
1	609	26	2	0
2	15	15	0	0
3	11	64	28	6.11111
4	290	16	0	0
11	27	19	1	0
12	49	55	13	0
13	4	15	0	0
14	9	45	8	0.507631
Instant	87
1	599	26	1	0.290698
2	28	15	0	0
3	17	66	17	6.55894
4	284	17	0	0
11	26	19	0	0
12	39	54	13	0.653595
13	3	15	0	0
14	9	51	11	0.604593
Instant	88
1	613	27	1	0
2	20	16	0	0
3	14	76	15	5.22436
4	293	17	0	0
11	26	18	0	0
12	32	53	8	0.900901
13	4	15	0	0
14	9	50	10	0.42542
Instant	89
1	613	26	1	0
2	19	16	0	0
3	10	72	15	13.4738
4	293	17	0	0
11	27	18	0	0
12	24	63	13	1.47059
13	4	15	0	0
14	9	49	8	0.461776
Instant	90
1	589	28	2	0
2	27	15	0	0
3	14	71	13	5.97063
4	294	16	0	0
11	25	19	1	0
12	39	66	11	0.868056
13	4	15	0	0
14	9	49	8	0.522711
Instant	91
1	608	28	1	0.0972763
2	20	16	0	0
3	9	76	13	6.87831
4	291	16	0	0
11	26	18	0	0
12	41	53	13	0.3003
13	4	15	0	0
14	9	48	9	0.54916
Instant	92
1	593	27	1	0.145914
2	27	15	0	0
3	17	70	17	8.46457
4	301	17	0	0
11	26	19	0	0
12	39	60	11	0.420875
13	3	15	0	0
14	9	47	9	0.517837
Instant	93
1	606	26	2	0
2	33	14	0	0
3	14	72	18	5.35488
4	297	17	0	0
11	26	19	1	0
12	39	53	12	0.673401
13	4	15	0	0
14	9	49	11	0.465869
Instant	94
1	599	27	1	0
2	24	15	0	0
3	13	73	19	8.96164
4	277	16	0	0
11	26	19	1	0
12	35	57	10	0.45045
13	3	15	0	0
14	8	51	9	0.587625
Instant	95
1	586	28	2	0.0518672
2	18	15	0	0
3	7	77	18	6.13208
4	265	16	0	0
11	24	20	1	0
12	35	58	11	0.898693
13	4	15	0	0
14	8	56	11	0.460322
Instant	96
1	585	29	2	0
2	16	16	0	0
3	6	81	19	7.08661
4	289	17	0	0
11	26	18	0	0
12	41	52	9	0.0816993
13	3	15	0	0
14	9	50	9	0.576489
Instant	97
1	599	28	1	0
2	19	16	0	0
3	16	67	21	7.93963
4	289	16	0	0
11	26	18	0	0
12	30	45	15	0.880759
13	3	15	0	0
14	9	51	9	0.533784
Instant	98
1	590	29	2	0
2	33	15	0	0
3	5	79	12	4.6732
4	297	17	0	0
11	25	19	0	0
12	33	51	12	1.14379
13	4	15	0	0
14	9	49	10	0.471057
Instant	99
1	593	28	1	0
2	21	16	0	0
3	12	74	18	6.99234
4	278	17	0	0
11	25	19	1	0
12	33	50	13	1.14379
13	4	15	0	0
14	9	53	9	0.540634
Instant	100
1	613	27	1	0
2	25	16	0	0
3	15	65	17	11.2305
4	283	16	0	0
11	26	18	0	0
12	33	69	22	0.675676
13	3	15	0	0
14	9	50	8	0.586894
Instant	101
1	596	28	1	0
2	31	16	0	0
3	10	69	15	8.43215
4	303	17	0	0
11	25	19	1	0
12	35	62	13	0.653595
13	3	15	0	0
14	10	51	8	0.39075
Instant	102
1	603	27	2	0
2	38	16	0	0
3	13	72	18	5.92448
4	293	17	0	0
11	26	18	0	0
12	44	75	16	0.408497
13	3	15	0	0
14	9	47	9	0.558814
Instant	103
1	606	28	2	0
2	24	17	0	0
3	19	76	16	9.27673
4	275	16	0	0
11	26	19	0	0
12	37	65	16	0.525526
13	3	15	0	0
14	9	50	9	0.533627
Instant	104
1	496	26	1	0.395928
2	30	16	0	0
3	3	73	16	3.03618
4	287	17	0	0
11	22	20	1	0.348837
12	28	65	23	1.14379
13	3	15	0	0
14	9	49	9	0.489999
Instant	105
1	552	27	2	0.318471
2	31	16	0	0
3	12	81	13	10.4406
4	298	17	0	0
11	24	19	1	0
12	36	55	11	0.653595
13	3	15	0	0
14	9	47	10	0.597661
Instant	106
1	571	27	2	0.15
2	37	16	0	0
3	18	74	21	8.26823
4	275	16	0	0
11	25	19	1	0
12	34	46	14	0.675676
13	4	15	0	0
14	8	49	9	0.520031
Instant	107
1	588	28	1	0.150602
2	30	15	0	0
3	15	72	20	5.60836
4	296	17	0	0
11	25	19	1	0
12	44	48	7	0
13	3	15	0	0
14	9	51	10	0.589769
Instant	108
1	612	27	2	0.0478927
2	26	15	0	0
3	11	83	14	4.29688
4	280	16	0	0
11	26	18	0	0
12	38	70	14	0.571895
13	4	15	0	0
14	8	52	10	0.510379
Instant	109
1	589	27	1	0
2	17	15	0	0
3	13	72	18	6.7791
4	276	16	0	0
11	26	20	1	0
12	26	65	10	1.12434
13	3	15	0	0
14	8	49	9	0.555906
Instant	110
1	597	27	1	0
2	22	16	0	0
3	11	71	15	8.23899
4	276	16	0	0
11	25	20	1	0
12	24	46	7	1.5625
13	3	15	0	0
14	8	46	9	0.553059
Instant	111
1	613	28	2	0
2	27	15	0	0
3	8	74	16	6.99234
4	311	17	0	0
11	26	18	0	0
12	23	54	6	1.06209
13	3	15	0	0
14	10	50	9	0.556523
Instant	112
1	620	26	1	0
2	35	15	0	0
3	13	72	19	6.77291
4	299	17	0	0
11	27	18	0	0
12	27	67	12	1.57658
13	4	15	0	0
14	9	49	9	0.51273
Instant	113
1	562	29	2	0.309278
2	29	16	0	0
3	12	71	21	10.6552
4	280	17	0	0
11	25	19	0	0
12	27	60	14	0.816993
13	3	15	0	0
14	9	51	11	0.462424
Instant	114
1	578	29	2	0.0507099
2	40	17	0	0
3	10	65	26	4.84791
4	296	17	0	0
11	25	19	1	0
12	28	63	18	1.47059
13	4	15	0	0
14	9	49	10	0.538877
Instant	115
1	599	27	1	0
2	39	16	0	0
3	10	71	24	8.03453
4	277	17	0	0
11	26	19	1	0
12	45	77	7	0.225225
13	4	15	0	0
14	8	51	9	0.591603
Instant	116
1	597	27	1	0
2	17	15	0	0
3	13	68	15	6.07235
4	291	16	0	0
11	25	19	1	0
12	25	68	17	1.30719
13	3	15	0	0
14	9	53	8	0.520661
Instant	117
1	601	26	1	0
2	20	17	0	0
3	7	78	15	6.76471
4	284	16	0	0
11	26	20	1	0.294118
12	21	60	7	1.71569
13	3	15	0	0
14	9	51	9	0.462307
Instant	118
1	605	26	1	0.0478927
2	31	16	0	0
3	9	78	13	9.84252
4	276	16	0	0
11	26	19	1	0
12	37	61	15	0.675676
13	3	15	0	0
14	9	51	9	0.511058
Instant	119
1	552	29	1	0.420168
2	23	16	0	0
3	11	69	19	4.23077
4	295	17	0	0
11	24	18	0	0
12	44	53	10	0.0816993
13	3	15	0	0
14	9	50	9	0.540346
