	T	D	J	LP
Instant	0
1	0	0	0	0
2	0	0	0	0
3	0	0	0	0
4	0	0	0	0
11	0	0	0	0
12	0	0	0	0
13	0	0	0	0
14	0	0	0	0
Instant	1
1	355	27	2	0
2	14	16	0	0
3	17	51	13	2.19907
4	70	16	1	0
11	15	19	0	0
12	32	61	9	4.69565
13	1	15	0	0
14	2	47	11	0.261308
Instant	2
1	1356	28	2	0.730994
2	29	16	0	0
3	13	69	20	4.67557
4	387	21	1	0.0272509
11	61	19	0	0
12	49	64	17	1.11765
13	3	15	0	0
14	9	51	10	0.798493
Instant	3
1	1481	29	3	0.426829
2	25	16	0	0
3	15	67	26	8.09426
4	374	21	2	0.052958
11	63	18	0	0
12	34	59	15	1
13	3	15	0	0
14	8	53	10	1.09796
Instant	4
1	1430	27	2	0.177725
2	32	16	0	0
3	11	75	21	5.16026
4	360	18	1	0.000682911
11	65	18	0	0
12	47	72	13	2.78378
13	4	15	0	0
14	9	54	13	0.696934
Instant	5
1	1446	29	2	0.739523
2	24	16	0	0
3	10	75	34	10.5578
4	339	17	1	0
11	63	18	0	0
12	42	67	14	1.55882
13	3	15	0	0
14	9	51	9	0.877616
Instant	6
1	1316	26	2	0.25663
2	28	16	0	0
3	9	60	15	4.57198
4	310	17	0	0
11	60	20	0	0
12	39	62	15	1.58824
13	3	15	0	0
14	7	50	10	0.786534
Instant	7
1	1213	27	2	0.581395
2	26	16	0	0
3	13	73	17	7.06447
4	324	17	0	0
11	53	19	0	0
12	33	51	15	1.54054
13	3	15	0	0
14	9	52	10	0.600036
Instant	8
1	999	27	2	0.489631
2	21	16	0	0
3	12	60	18	6.69241
4	321	17	0	0
11	45	21	0	0
12	44	63	16	1.79412
13	3	15	0	0
14	9	50	10	0.744617
Instant	9
1	809	26	3	0
2	25	17	0	0
3	6	70	23	5.87649
4	322	17	1	0
11	35	20	0	0
12	37	62	18	1.94118
13	3	15	0	0
14	9	55	9	0.790969
Instant	10
1	684	28	2	0.0846024
2	28	15	0	0
3	8	63	28	9.00268
4	289	17	0	0
11	30	20	1	0.428082
12	42	70	15	1
13	3	15	0	0
14	8	55	10	0.687799
Instant	11
1	724	29	2	0
2	19	16	0	0
3	10	84	16	6.51751
4	281	16	0	0
11	31	19	0	0
12	51	63	21	1.52941
13	3	15	0	0
14	8	54	9	0.622153
Instant	12
1	731	27	2	0
2	26	18	0	0
3	12	69	15	6.11772
4	294	16	0	0
11	31	19	0	0
12	43	59	24	1.61765
13	4	15	0	0
14	8	53	9	0.609996
Instant	13
1	699	24	1	0.245902
2	18	16	0	0
3	16	71	22	10.9879
4	273	16	0	0
11	31	19	0	0
12	44	66	15	1.21429
13	3	15	0	0
14	7	52	10	0.591893
Instant	14
1	718	27	2	0
2	20	16	0	0
3	10	72	13	5.89193
4	298	16	0	0
11	31	19	0	0
12	51	64	20	1.58824
13	3	15	0	0
14	8	49	8	1.04362
Instant	15
1	714	27	2	0
2	19	15	0	0
3	13	71	19	6.49225
4	282	16	0	0
11	30	20	1	0
12	41	77	16	1.26471
13	4	15	0	0
14	8	53	10	0.626315
Instant	16
1	659	27	1	0.453721
2	19	15	0	0
3	8	70	16	8.16733
4	281	16	0	0
11	28	18	0	0
12	27	63	18	1.10811
13	3	15	0	0
14	8	51	10	0.717164
Instant	17
1	597	28	2	0.422932
2	11	15	0	0
3	10	72	21	10.425
4	263	16	0	0
11	27	20	1	0
12	47	66	14	2.64706
13	3	15	0	0
14	7	53	9	1.42091
Instant	18
1	685	28	1	0.255973
2	25	16	0	0
3	12	72	19	5.85676
4	281	16	0	0
11	29	19	0	0
12	32	68	18	1.82353
13	3	15	0	0
14	8	50	10	0.60959
Instant	19
1	705	25	2	0
2	34	17	0	0
3	17	74	24	7.4147
4	302	17	0	0
11	30	19	0	0
12	27	71	14	2
13	3	15	0	0
14	8	51	8	0.731544
Instant	20
1	686	25	1	0
2	20	17	0	0
3	11	76	20	5.28534
4	253	16	0	0
11	30	18	0	0
12	29	69	16	2.02941
13	3	15	0	0
14	6	51	12	0.764497
Instant	21
1	667	26	2	0
2	15	16	0	0
3	16	65	22	7.04365
4	296	16	0	0
11	29	20	1	0
12	42	63	18	1.64706
13	3	15	0	0
14	9	48	12	0.594853
Instant	22
1	747	26	1	0
2	32	15	0	0
3	9	73	15	6.49936
4	278	16	0	0
11	32	18	0	0
12	27	68	24	1.67568
13	3	15	0	0
14	8	50	10	0.557851
Instant	23
1	712	26	1	0
2	21	16	0	0
3	8	66	15	5.04648
4	264	16	0	0
11	30	19	0	0
12	32	66	26	2.5
13	4	15	0	0
14	7	47	10	0.746675
Instant	24
1	624	28	2	0.317029
2	33	17	0	0
3	8	85	16	13.307
4	272	16	0	0
11	28	19	0	0
12	49	66	19	1.41176
13	3	15	0	0
14	8	53	9	0.678821
Instant	25
1	693	25	1	0
2	28	15	0	0
3	11	72	20	6.76471
4	259	16	0	0
11	30	18	0	0
12	29	73	19	1.45238
13	3	15	0	0
14	7	53	10	0.617307
Instant	26
1	686	25	1	0
2	31	15	0	0
3	11	75	18	4.8366
4	266	16	0	0
11	30	19	0	0
12	52	67	17	1.44118
13	4	15	0	0
14	8	53	11	0.668343
Instant	27
1	671	24	1	0.262238
2	25	15	0	0
3	11	76	18	10.9908
4	259	16	0	0
11	29	19	0	0
12	36	71	20	1.85294
13	3	15	0	0
14	7	52	10	0.717899
Instant	28
1	667	27	2	0
2	25	16	0	0
3	15	75	15	6.47059
4	252	16	0	0
11	28	20	1	0
12	35	66	23	1.86111
13	3	15	0	0
14	7	53	8	0.661295
Instant	29
1	633	26	1	0.316456
2	14	16	0	0
3	9	69	13	6.29183
4	255	16	0	0
11	28	19	0	0
12	46	61	21	1.55882
13	4	15	0	0
14	7	58	9	0.569115
Instant	30
1	667	26	2	0.0431034
2	30	16	0	0
3	15	67	16	8.30026
4	263	16	0	0
11	29	19	1	0
12	24	66	17	1.17647
13	3	15	0	0
14	8	53	9	0.573663
Instant	31
1	708	27	2	0.0421585
2	19	15	0	0
3	16	74	18	5.50066
4	252	16	0	0
11	30	19	1	0
12	29	79	16	0.918919
13	3	15	0	0
14	7	54	10	0.645296
Instant	32
1	671	26	1	0.0430293
2	35	16	0	0
3	13	74	14	6.84176
4	291	16	0	0
11	29	20	1	0
12	20	63	13	1.44118
13	3	15	0	0
14	9	51	9	0.570254
Instant	33
1	654	25	1	0.848214
2	26	15	0	0
3	9	70	22	6.77083
4	279	16	0	0
11	28	18	1	0
12	21	86	9	1.35294
13	3	15	0	0
14	8	50	8	0.609043
Instant	34
1	788	27	1	0
2	31	17	0	0
3	4	78	28	4.78581
4	260	16	0	0
11	34	19	0	0.517751
12	37	64	18	0.621622
13	3	15	0	0
14	7	52	10	0.715181
Instant	35
1	666	26	2	0.132042
2	35	16	0	0
3	14	81	19	10.8434
4	272	16	0	0
11	29	20	0	0
12	32	70	15	1
13	3	15	0	0
14	7	51	9	0.602176
Instant	36
1	680	27	2	0.25729
2	35	17	0	0
3	9	81	18	5.69338
4	276	16	0	0
11	29	19	0	0
12	44	61	17	7.85294
13	3	15	0	0
14	8	54	9	0.648852
Instant	37
1	656	26	2	0.129088
2	33	16	0	0
3	4	78	25	9.68915
4	249	16	0	0
11	29	20	1	0
12	48	65	17	1.09524
13	3	15	0	0
14	7	52	10	0.804284
Instant	38
1	692	27	1	0
2	19	17	0	0
3	8	64	25	7.48988
4	261	16	0	0
11	28	20	1	0.510204
12	38	61	17	1.79412
13	4	15	0	0
14	7	48	9	0.670943
Instant	39
1	606	26	1	0.56391
2	40	16	0	0
3	13	72	20	8.42803
4	269	16	0	0
11	27	19	0	0
12	31	74	15	1.91176
13	3	15	0	0
14	8	52	9	0.677173
Instant	40
1	693	25	1	0
2	25	17	0	0
3	11	75	18	8.10093
4	283	16	0	0
11	30	20	0	0
12	27	70	16	1.27027
13	3	15	0	0
14	8	46	7	0.614434
Instant	41
1	786	26	1	0
2	25	16	0	0
3	12	74	14	5.17473
4	260	16	0	0
11	34	19	1	0
12	28	60	19	0.970588
13	4	15	0	0
14	7	47	8	0.628039
Instant	42
1	933	25	1	0.685786
2	22	15	0	0
3	11	74	16	6.71206
4	257	16	0	0
11	41	18	0	0
12	34	63	17	1.02941
13	4	15	0	0
14	7	50	9	0.728917
Instant	43
1	794	26	1	0
2	25	16	0	0
3	6	65	23	9.05797
4	270	16	0	0
11	34	20	1	0
12	29	60	18	0.756757
13	3	15	0	0
14	8	47	9	0.631411
Instant	44
1	768	25	1	0.750751
2	27	16	0	0
3	12	70	14	5.95238
4	268	16	0	0
11	34	19	0	0
12	33	66	12	6.05882
13	3	15	0	0
14	7	52	9	0.655767
Instant	45
1	639	27	1	0.231054
2	17	14	0	0
3	10	69	18	10.5938
4	274	16	0	0
11	28	21	1	0
12	40	71	17	2
13	3	15	0	0
14	8	55	9	0.612969
Instant	46
1	675	25	1	0.20938
2	22	16	0	0
3	13	70	18	6.65375
4	261	16	0	0
11	30	19	0	0
12	29	65	19	1.83784
13	4	15	0	0
14	8	50	8	0.66349
Instant	47
1	739	27	1	0
2	26	16	0	0
3	8	74	17	5.5336
4	269	16	0	0
11	30	19	1	0
12	31	67	17	1.97059
13	3	15	0	0
14	8	51	8	0.542661
Instant	48
1	645	26	1	0
2	45	16	0	0
3	6	70	17	4.50542
4	254	16	0	0
11	28	20	0	0
12	38	76	13	1.82353
13	3	15	0	0
14	7	55	9	0.702205
Instant	49
1	652	27	1	0
2	31	16	0	0
3	9	81	16	8.85013
4	251	16	0	0
11	28	20	1	0
12	28	62	15	1.64286
13	3	15	0	0
14	7	54	9	0.748685
Instant	50
1	651	27	2	0
2	27	15	0	0
3	12	65	23	9.1285
4	250	16	0	0
11	28	20	1	0
12	27	61	14	1.88235
13	3	15	0	0
14	7	52	9	0.57966
Instant	51
1	570	26	1	0.299401
2	27	15	0	0
3	5	52	41	5.27211
4	259	16	0	0
11	25	20	0	0
12	34	73	17	1.20588
13	3	15	0	0
14	7	50	10	0.734694
Instant	52
1	649	26	1	0.588768
2	22	15	0	0
3	11	71	17	11.1765
4	259	16	0	0
11	27	19	0	0
12	32	60	14	0.861111
13	3	15	0	0
14	7	53	8	0.646967
Instant	53
1	658	27	2	0
2	17	16	0	0
3	10	79	20	7.94574
4	269	16	0	0
11	28	19	0	0
12	43	63	14	3.61765
13	3	15	0	0
14	8	51	9	0.653164
Instant	54
1	582	27	2	0.675676
2	27	15	0	0
3	9	79	12	5.75069
4	256	16	0	0
11	26	19	0	0
12	42	69	17	1.76471
13	3	15	0	0
14	7	49	9	0.658436
Instant	55
1	637	29	2	0
2	30	16	0	0
3	13	67	19	7.41107
4	264	16	0	0
11	27	19	0	0
12	33	67	18	0.702703
13	3	15	0	0
14	7	50	9	0.698882
Instant	56
1	675	25	0	0
2	19	16	0	0
3	10	67	22	7.6524
4	258	16	0	0
11	29	19	0	0
12	41	74	18	2.76471
13	3	15	0	0
14	7	50	9	0.731707
Instant	57
1	664	26	1	0
2	14	15	0	0
3	9	73	13	9.62585
4	273	16	0	0
11	29	19	0	0
12	37	65	21	1.91176
13	3	15	0	0
14	7	51	10	0.558925
Instant	58
1	691	24	1	0
2	22	15	0	0
3	11	77	16	5.22814
4	255	16	0	0
11	29	19	0	0
12	33	63	22	1.81081
13	3	15	0	0
14	7	56	9	0.728775
Instant	59
1	674	25	1	0
2	19	15	0	0
3	10	72	17	5.5
4	250	16	0	0
11	29	19	0	0
12	28	79	12	1.94118
13	3	15	0	0
14	7	54	11	0.617402
Instant	60
1	646	25	2	0.276243
2	19	14	0	0
3	8	61	22	7.47694
4	261	16	0	0
11	27	20	0	0
12	46	65	20	1.79412
13	4	15	0	0
14	7	50	10	0.718868
Instant	61
1	594	27	2	0
2	29	16	0	0
3	11	77	21	9.18301
4	248	16	0	0
11	26	19	1	0.396825
12	45	65	16	1.2619
13	3	15	0	0
14	7	53	9	0.621929
Instant	62
1	605	27	1	0
2	21	17	0	0
3	9	73	13	6.77291
4	260	16	0	0
11	25	19	1	0
12	31	72	25	1.97059
13	3	15	0	0
14	8	56	11	0.575072
Instant	63
1	591	27	2	0
2	22	16	0	0
3	11	73	17	9.05797
4	291	16	0	0
11	25	20	1	0.298805
12	22	68	25	2.20588
13	3	15	0	0
14	8	53	10	0.588371
Instant	64
1	613	26	1	0
2	29	16	0	0
3	7	69	23	6.87251
4	263	16	0	0
11	25	18	0	0
12	19	70	19	1.56757
13	3	15	0	0
14	7	48	10	0.62
Instant	65
1	641	26	1	0
2	24	16	0	0
3	10	77	20	8.66271
4	247	16	0	0
11	28	18	0	0.274725
12	32	68	16	0.882353
13	3	15	0	0
14	7	49	9	0.625823
Instant	66
1	627	25	0	0
2	25	15	0	0
3	14	73	23	7.4224
4	269	16	0	0
11	26	19	1	0
12	23	68	15	1.20588
13	3	15	0	0
14	8	52	9	0.59686
Instant	67
1	591	26	2	0
2	20	16	0	0
3	12	76	18	5.92885
4	259	16	0	0
11	26	18	0	0
12	50	68	19	4.59459
13	3	15	0	0
14	7	49	9	0.699585
Instant	68
1	585	25	1	0.608519
2	19	16	0	0
3	6	75	15	6.96078
4	268	16	0	0
11	24	19	1	0.296443
12	26	66	13	1.71875
13	3	15	0	0
14	8	50	7	0.566841
Instant	69
1	600	27	1	0
2	17	16	0	0
3	12	74	16	10.7474
4	263	16	0	0
11	26	20	1	0
12	32	72	13	1.97059
13	3	15	0	0
14	8	53	10	0.55588
Instant	70
1	571	27	1	0.304878
2	17	16	0	0
3	11	59	20	4.56349
4	253	16	0	0
11	25	19	1	0
12	25	68	19	1.24324
13	3	15	0	0
14	7	50	9	0.548394
Instant	71
1	598	27	1	0
2	26	16	0	0
3	16	70	18	7.47694
4	261	16	0	0
11	25	20	1	0
12	28	60	15	0.794118
13	3	15	0	0
14	7	52	8	0.759414
Instant	72
1	554	28	1	0.677083
2	24	15	0	0
3	11	72	20	5.55556
4	259	16	0	0
11	24	18	0	0
12	54	63	16	3.63636
13	3	15	0	0
14	7	56	10	0.656483
Instant	73
1	614	25	1	0
2	36	16	0	0
3	11	74	20	7.01581
4	249	16	0	0
11	27	20	1	0
12	22	73	14	1.70732
13	3	15	0	0
14	7	52	10	0.603874
Instant	74
1	627	26	1	0
2	30	16	0	0
3	11	72	21	8.82546
4	272	16	0	0
11	26	18	0	0
12	39	65	22	1.47059
13	4	15	0	0
14	7	55	9	0.650106
Instant	75
1	599	26	1	0
2	24	15	0	0
3	10	67	15	8.16799
4	254	16	0	0
11	26	20	1	0
12	50	65	22	1.93939
13	3	15	0	0
14	7	51	9	0.729237
Instant	76
1	620	26	1	0
2	28	17	0	0
3	8	73	14	5.04648
4	255	16	0	0
11	27	19	0	0
12	31	61	18	1.66667
13	4	15	0	0
14	7	52	10	0.695387
Instant	77
1	585	29	1	0
2	26	16	0	0
3	15	69	23	8.95182
4	259	16	0	0
11	25	19	0	0
12	24	64	24	1.125
13	3	15	0	0
14	7	50	10	0.643294
Instant	78
1	618	27	1	0.0484496
2	21	15	0	0
3	12	81	24	9.77242
4	256	16	0	0
11	26	19	0	0
12	25	72	23	1.1875
13	3	15	0	0
14	7	50	8	0.579834
Instant	79
1	588	28	1	0
2	24	15	0	0
3	7	68	29	5.99473
4	261	16	0	0
11	25	20	1	0
12	26	63	13	1
13	3	15	0	0
14	7	49	11	0.636142
Instant	80
1	634	25	0	0
2	40	14	0	0
3	14	72	18	7.75194
4	236	16	0	0
11	28	19	0	0
12	33	65	21	0.939394
13	3	15	0	0
14	7	49	9	0.626057
Instant	81
1	627	26	1	0
2	38	15	0	0
3	7	76	13	3.21816
4	251	16	0	0
11	27	18	0	0
12	35	57	18	0.848485
13	3	15	0	0
14	7	52	11	0.692695
Instant	82
1	586	27	1	0
2	22	16	0	0
3	6	57	29	9.67202
4	249	16	0	0
11	25	18	0	0
12	32	67	19	6.54286
13	3	15	0	0
14	7	50	8	0.663921
Instant	83
1	618	27	1	0.285171
2	26	16	0	0
3	4	75	24	6.8327
4	258	16	0	0
11	26	18	1	0
12	34	65	20	1.87879
13	3	15	0	0
14	7	52	10	0.642454
Instant	84
1	595	27	1	0
2	25	15	0	0
3	6	72	25	10.9788
4	252	16	0	0
11	26	19	1	0
12	40	72	16	1.66667
13	4	15	0	0
14	7	52	8	0.641756
Instant	85
1	628	27	1	0
2	28	16	0	0
3	10	72	13	7.90514
4	245	16	0	0
11	26	19	1	0
12	39	73	21	1.4359
13	3	15	0	0
14	6	50	10	0.694934
Instant	86
1	613	25	1	0
2	29	15	0	0
3	15	73	21	5.80297
4	257	16	0	0
11	26	21	2	0
12	44	69	19	1.47059
13	4	15	0	0
14	7	50	10	0.742077
Instant	87
1	579	27	1	0.05
2	25	15	0	0
3	11	70	19	5.05952
4	257	16	0	0
11	25	21	1	0
12	26	78	20	2.29412
13	3	15	0	0
14	7	49	8	0.58771
Instant	88
1	585	28	1	0
2	21	15	0	0
3	8	77	26	5.41339
4	254	16	0	0
11	25	20	1	0
12	42	67	19	1.72973
13	3	15	0	0
14	7	47	9	0.561144
Instant	89
1	606	27	1	0
2	22	15	0	0
3	12	68	12	10.1562
4	245	16	0	0
11	27	19	0	0
12	40	69	18	1.41176
13	3	15	0	0
14	6	50	10	0.82114
Instant	90
1	629	25	1	0
2	15	16	0	0
3	7	66	35	8.90457
4	268	16	0	0
11	27	18	0	0
12	37	68	22	1.75
13	3	15	0	0
14	7	53	11	0.680029
Instant	91
1	606	27	1	0
2	23	15	0	0
3	9	79	23	7.19844
4	254	16	0	0
11	26	19	0	0
12	53	64	16	1.02703
13	3	15	0	0
14	7	50	9	0.590834
Instant	92
1	541	27	1	0.375536
2	21	16	0	0
3	6	70	27	5.75636
4	268	16	0	0
11	24	19	1	0
12	32	70	14	2
13	3	15	0	0
14	8	52	9	0.707191
Instant	93
1	561	28	2	0.304878
2	21	16	0	0
3	13	81	18	9.16988
4	261	16	0	0
11	24	20	1	0
12	26	67	14	0.969697
13	3	15	0	0
14	8	52	9	0.527434
Instant	94
1	621	27	1	0
2	17	16	0	0
3	10	62	23	7.5
4	289	16	0	0
11	26	18	0	0
12	23	69	10	2.91892
13	4	15	0	0
14	9	51	9	0.583606
Instant	95
1	605	27	1	0
2	32	16	0	0
3	11	63	24	6.7791
4	253	16	0	0
11	25	19	1	0
12	46	77	12	1.73529
13	3	15	0	0
14	7	50	8	0.630157
Instant	96
1	527	25	1	0.630252
2	28	17	0	0
3	11	66	24	7.9
4	254	16	0	0
11	24	19	1	0
12	20	67	18	1.23529
13	4	15	0	0
14	7	47	10	0.693819
Instant	97
1	604	26	1	0
2	29	15	0	0
3	9	56	28	6.1218
4	250	16	0	0
11	25	19	0	0.291829
12	28	64	20	0.926829
13	3	15	0	0
14	7	47	9	0.763942
Instant	98
1	605	25	1	0.287908
2	26	17	0	0
3	11	75	23	8.00654
4	251	16	0	0
11	26	19	0	0
12	19	54	18	1.44118
13	4	15	0	0
14	7	53	10	0.694871
Instant	99
1	620	26	1	0
2	25	17	0	0
3	16	67	13	7.74045
4	240	16	0	0
11	26	19	1	0
12	43	62	17	4.91176
13	3	15	0	0
14	6	54	9	0.665286
Instant	100
1	613	26	1	0
2	25	15	0	0
3	6	78	23	7.11942
4	242	16	0	0
11	26	20	1	0
12	39	70	16	1.64865
13	3	15	0	0
14	7	49	9	0.700214
Instant	101
1	634	25	1	0
2	20	15	0	0
3	6	74	10	7.71242
4	247	16	0	0
11	27	19	0	0
12	28	79	11	1.02941
13	3	15	0	0
14	7	49	10	0.65764
Instant	102
1	634	25	1	0
2	22	15	0	0
3	6	75	15	5.11811
4	254	16	0	0
11	27	19	0	0
12	35	70	19	2.52941
13	3	15	0	0
14	7	51	11	0.73807
Instant	103
1	627	26	1	0
2	19	17	0	0
3	15	69	18	10.2183
4	258	16	0	0
11	26	18	0	0
12	41	67	21	1.54054
13	3	15	0	0
14	7	47	10	0.635546
Instant	104
1	605	28	1	0
2	22	15	0	0
3	8	73	21	9.38735
4	269	16	0	0
11	26	18	0	0
12	40	67	17	1.85294
13	3	15	0	0
14	7	51	9	0.629426
Instant	105
1	597	26	1	0
2	19	16	0	0
3	8	75	14	5.37634
4	255	16	0	0
11	25	20	1	0
12	30	68	22	1.64706
13	3	15	0	0
14	7	51	10	0.693406
Instant	106
1	553	27	2	0.457317
2	26	18	0	0
3	9	73	15	8.17183
4	256	16	0	0
11	25	19	1	0
12	39	64	22	1.97297
13	3	15	0	0
14	7	48	10	0.703909
Instant	107
1	544	30	2	0.799574
2	36	15	0	0
3	9	71	14	6.3253
4	277	16	0	0
11	23	18	0	0
12	50	63	17	1.44118
13	3	15	0	0
14	8	50	10	0.620623
Instant	108
1	619	27	1	0.0473485
2	28	15	0	0
3	10	74	23	8.33333
4	263	16	0	0
11	26	18	0	0
12	52	72	17	1.14706
13	3	15	0	0
14	7	49	10	0.68438
Instant	109
1	571	24	1	0.510204
2	33	16	0	0
3	15	72	18	7.40026
4	251	16	0	0
11	25	18	1	0
12	42	70	17	1.2619
13	3	15	0	0
14	7	52	9	0.642003
Instant	110
1	602	27	2	0
2	29	15	0	0
3	8	69	14	7.39625
4	254	16	0	0
11	27	19	1	0
12	47	66	18	1.40625
13	3	15	0	0
14	7	48	8	0.651515
Instant	111
1	599	27	1	0
2	21	15	0	0
3	14	72	19	8.69423
4	252	16	0	0
11	25	19	1	0
12	40	64	16	1.82353
13	3	15	0	0
14	7	47	8	0.680104
Instant	112
1	592	28	1	0
2	26	15	0	0
3	9	74	20	6.27451
4	255	16	0	0
11	25	20	1	0
12	33	62	17	1.86486
13	3	15	0	0
14	7	48	9	0.694548
Instant	113
1	613	26	1	0
2	22	16	0	0
3	11	78	14	8.5612
4	266	16	0	0
11	26	20	1	0
12	19	67	12	2.26471
13	3	15	0	0
14	8	49	8	0.585754
Instant	114
1	613	26	1	0
2	16	16	0	0
3	11	73	19	7.4183
4	245	16	0	0
11	26	19	1	0
12	40	74	21	1.5
13	4	15	0	0
14	7	51	10	0.573999
Instant	115
1	577	27	3	0.35497
2	19	15	0	0
3	11	67	15	6.35081
4	262	16	0	0
11	25	18	0	0
12	37	72	16	1.72973
13	3	15	0	0
14	8	53	10	0.726317
Instant	116
1	632	25	1	0.0464684
2	16	15	0	0
3	17	71	18	8.10458
4	246	16	0	0
11	27	18	0	0
12	35	67	16	1.61765
13	3	15	0	0
14	7	52	10	0.634429
Instant	117
1	613	27	1	0
2	27	17	0	0
3	9	74	14	6.96667
4	247	16	0	0
11	26	19	1	0
12	57	67	15	1.58824
13	3	15	0	0
14	7	48	10	0.652393
Instant	118
1	618	26	1	0
2	32	16	0	0
3	10	74	18	7.51953
4	253	16	0	0
11	26	20	1	0
12	35	71	20	1.35135
13	3	15	0	0
14	7	52	10	0.638025
Instant	119
1	611	26	2	0
2	40	15	0	0
3	13	66	21	5.92885
4	252	16	0	0
11	26	19	1	0
12	42	62	20	2.05882
13	4	15	0	0
14	7	53	10	0.670017
