	T	D	J	LP
Instant	0
1	0	0	0	0
2	0	0	0	0
3	0	0	0	0
4	0	0	0	0
11	0	0	0	0
12	0	0	0	0
13	0	0	0	0
14	0	0	0	0
Instant	1
1	244	29	2	0
2	16	17	0	0
3	26	49	16	2.35903
4	79	17	1	0
11	10	19	1	0
12	22	62	7	6.92103
13	1	15	0	0
14	2	48	7	0.176582
Instant	2
1	1060	30	3	0
2	26	15	0	0
3	25	67	24	4.70679
4	372	18	1	0
11	46	19	1	0
12	48	56	13	1.98079
13	4	15	0	0
14	11	52	11	0.595592
Instant	3
1	1199	30	3	0
2	32	16	0	0
3	27	67	22	6.93939
4	358	18	1	0.00136911
11	53	19	0	0
12	63	64	16	1.32053
13	4	15	0	0
14	9	51	9	0.701146
Instant	4
1	1107	30	3	0.347594
2	23	15	0	0
3	24	67	26	6.2362
4	348	18	1	0
11	48	18	0	0
12	50	52	9	2.09597
13	4	15	0	0
14	9	48	9	0.631774
Instant	5
1	998	29	2	0
2	26	15	0	0
3	23	71	17	5.76711
4	348	18	1	0
11	43	20	1	0
12	58	61	14	1.20048
13	4	15	0	0
14	10	50	9	0.687361
Instant	6
1	1072	30	3	0.0809061
2	27	16	0	0
3	15	57	29	6.08974
4	353	18	1	0
11	48	19	1	0
12	44	65	11	1.68067
13	4	15	0	0
14	10	50	9	0.586598
Instant	7
1	1029	29	2	0.0293772
2	16	16	0	0
3	23	67	18	7.76256
4	327	17	0	0
11	44	18	0	0
12	47	58	14	1.98566
13	4	15	0	0
14	9	49	9	0.623427
Instant	8
1	1101	28	2	0
2	26	15	0	0
3	27	71	21	6.35965
4	331	17	1	0
11	48	18	0	0
12	35	64	12	2.10084
13	4	15	0	0
14	9	47	11	1.1734
Instant	9
1	948	28	3	0.419664
2	20	16	0	0
3	26	74	12	5.84989
4	315	16	0	0
11	43	19	1	0
12	65	65	10	1.2605
13	4	15	0	0
14	9	54	10	0.534221
Instant	10
1	931	28	2	0
2	23	16	0	0
3	23	69	17	6.07811
4	315	17	0	0
11	40	21	1	0
12	49	62	14	1.1583
13	4	15	0	0
14	9	54	9	0.694359
Instant	11
1	715	29	2	0
2	23	16	0	0
3	27	65	20	6.02778
4	324	16	0	0
11	32	19	1	0
12	53	61	14	1.5006
13	4	15	0	0
14	9	50	10	0.627367
Instant	12
1	608	32	3	0.247036
2	23	16	0	0
3	26	80	20	8.02469
4	308	16	0	0
11	25	19	1	0
12	62	55	12	1.14046
13	4	15	0	0
14	9	50	11	0.574391
Instant	13
1	735	26	1	0.120579
2	28	16	0	0
3	20	73	15	4.02494
4	298	16	0	0
11	31	19	1	0
12	29	70	17	1.89504
13	4	15	0	0
14	9	50	11	0.617344
Instant	14
1	727	26	2	0
2	24	15	0	0
3	28	76	16	8.05369
4	293	16	0	0
11	32	18	0	0
12	37	69	17	2.46098
13	4	15	0	0
14	9	51	9	0.54729
Instant	15
1	546	29	2	0.989583
2	27	16	0	0
3	26	61	20	8.76289
4	308	16	0	0
11	24	18	0	0
12	65	56	12	1.20048
13	4	15	0	0
14	9	48	9	0.600549
Instant	16
1	525	26	2	0.600437
2	28	16	0	0
3	23	72	25	6.42702
4	318	17	0	0
11	23	19	1	0
12	45	67	16	2.09597
13	4	15	0	0
14	9	52	10	0.604449
Instant	17
1	599	27	1	0
2	20	16	0	0
3	20	78	16	5.30803
4	332	17	0	0
11	26	18	0	0
12	28	60	15	2.52101
13	4	15	0	0
14	10	46	9	0.449023
Instant	18
1	563	29	2	0.301811
2	25	16	0	0
3	37	75	19	6.5847
4	301	17	0	0
11	25	18	1	0
12	42	66	17	1.98079
13	4	15	0	0
14	10	51	8	0.517615
Instant	19
1	592	29	2	0
2	22	16	0	0
3	27	72	18	7.0339
4	294	17	0	0
11	25	19	0	0
12	46	72	14	1.70987
13	4	15	0	0
14	9	46	9	0.551063
Instant	20
1	585	28	2	0
2	31	15	0	0
3	27	75	13	4.37158
4	304	16	0	0
11	25	20	1	0
12	45	72	15	1.86074
13	4	15	0	0
14	9	49	9	1.25823
Instant	21
1	571	27	1	0.307377
2	22	14	0	0
3	27	71	20	7.17514
4	314	17	0	0
11	24	20	1	0
12	48	56	23	2.16086
13	4	15	0	0
14	10	51	8	0.582319
Instant	22
1	599	28	1	0
2	29	15	0	0
3	32	78	14	6.49671
4	285	17	0	0
11	26	18	0	0
12	21	74	23	2.75786
13	4	15	0	0
14	8	49	9	0.612211
Instant	23
1	598	28	2	0.0502008
2	34	15	0	0
3	26	66	21	3.58392
4	290	17	0	0
11	25	19	1	0
12	40	62	15	2.22089
13	4	15	0	0
14	9	52	8	0.559466
Instant	24
1	556	28	2	0.0518672
2	37	16	0	0
3	19	76	21	7.81609
4	298	16	0	0
11	24	19	1	0
12	32	65	19	2.58103
13	4	15	0	0
14	9	48	8	0.520766
Instant	25
1	582	28	2	0.357143
2	35	16	0	0
3	21	68	25	5.65068
4	280	16	0	0
11	24	19	0	0.302419
12	67	64	13	0.58309
13	4	15	0	0
14	8	50	8	0.668449
Instant	26
1	493	28	2	0.7287
2	29	16	0	0
3	34	72	19	8.83281
4	297	16	0	0
11	22	18	0	0
12	53	55	12	1.80072
13	4	15	0	0
14	9	49	10	0.608651
Instant	27
1	565	28	2	0
2	32	16	0	0
3	37	73	25	6.58915
4	298	16	0	0
11	23	19	1	0
12	43	65	17	1.7407
13	4	15	0	0
14	9	53	10	0.602837
Instant	28
1	581	29	2	0
2	28	15	0	0
3	23	67	25	6.79012
4	292	16	0	0
11	25	19	0	0
12	42	68	14	2.38095
13	4	15	0	0
14	9	48	9	0.628941
Instant	29
1	515	29	2	0.388027
2	14	16	0	0
3	30	70	17	5.29819
4	304	17	0	0
11	23	19	1	0
12	22	76	15	2.40096
13	4	15	0	0
14	9	49	8	0.451703
Instant	30
1	567	28	2	0.302419
2	14	17	0	0
3	18	71	17	5.61167
4	297	16	0	0
11	25	19	1	0
12	65	68	13	1.56062
13	4	15	0	0
14	9	49	9	0.54151
Instant	31
1	526	30	2	0.545852
2	24	15	0	0
3	22	70	26	5.81967
4	318	17	0	0
11	23	19	1	0
12	50	57	21	1.48924
13	4	15	0	0
14	10	50	11	0.575758
Instant	32
1	559	29	2	0.315789
2	26	16	0	0
3	25	79	17	8.21596
4	288	16	0	0
11	24	19	1	0
12	50	68	11	1.20048
13	4	15	0	0
14	9	54	11	0.563183
Instant	33
1	504	29	2	0.678733
2	34	16	0	0
3	20	71	21	4.92554
4	289	16	0	0
11	22	18	0	0
12	44	55	18	2.40096
13	4	15	0	0
14	9	48	11	0.561147
Instant	34
1	520	28	3	0.660793
2	26	16	0	0
3	25	66	17	8.59466
4	286	17	0	0
11	23	18	0	0
12	69	65	10	0.551572
13	4	15	0	0
14	8	45	10	0.583356
Instant	35
1	578	29	1	0
2	21	16	0	0
3	31	63	16	6.22329
4	275	16	0	0
11	25	19	1	0
12	44	64	17	1.56062
13	4	15	0	0
14	8	49	8	0.632758
Instant	36
1	592	27	1	0
2	19	16	0	0
3	21	71	15	4.84234
4	266	16	0	0
11	25	20	1	0
12	43	67	20	2.40096
13	4	15	0	0
14	8	49	11	0.602932
Instant	37
1	574	28	1	0.310559
2	40	16	0	0
3	27	70	22	7.75768
4	274	16	0	0
11	24	19	1	0
12	35	63	9	1.70068
13	4	15	0	0
14	8	44	9	0.612831
Instant	38
1	634	25	1	0
2	32	15	0	0
3	25	72	16	8.13758
4	279	16	0	0
11	27	19	0	0
12	9	42	10	1.56062
13	4	15	0	0
14	8	50	9	0.581475
Instant	39
1	620	26	1	0
2	27	16	0	0
3	29	70	24	4.4086
4	279	16	0	0
11	27	19	1	0
12	14	59	17	5.70228
13	4	15	0	0
14	8	51	10	0.576791
Instant	40
1	568	28	2	0.302419
2	31	16	0	0
3	29	77	21	5.15608
4	263	16	0	0
11	25	20	1	0
12	6	58	26	1.98566
13	4	15	0	0
14	7	52	11	0.782444
Instant	41
1	586	28	2	0.0506073
2	21	16	0	0
3	38	71	14	7.7476
4	271	16	0	0
11	25	19	1	0
12	14	60	20	0.840336
13	4	15	0	0
14	8	49	8	0.532478
Instant	42
1	577	29	2	0
2	24	15	0	0
3	30	68	21	4.64853
4	279	16	0	0
11	24	20	1	0
12	42	69	18	6.66267
13	4	15	0	0
14	9	50	10	0.616391
Instant	43
1	581	29	2	0.248509
2	24	14	0	0
3	21	61	18	6.90476
4	287	16	0	0
11	25	18	0	0
12	46	58	9	1.43409
13	4	15	0	0
14	9	50	9	0.562324
Instant	44
1	610	27	1	0.0485437
2	25	16	0	0
3	40	59	20	5.32787
4	284	17	0	0
11	26	20	1	0
12	39	65	18	2.40096
13	4	15	0	0
14	8	47	9	0.592369
Instant	45
1	530	29	2	0.332594
2	29	17	0	0
3	30	65	16	5.38721
4	273	16	0	0
11	22	20	1	0
12	52	71	14	2.34094
13	4	15	0	0
14	8	49	9	0.506222
Instant	46
1	592	27	1	0
2	21	16	0	0
3	20	68	22	5.39044
4	284	16	0	0
11	26	19	1	0
12	52	68	11	1.43409
13	4	15	0	0
14	9	47	8	0.56522
Instant	47
1	606	28	2	0
2	34	16	0	0
3	24	69	25	7.93919
4	271	16	0	0
11	26	19	0	0
12	36	62	12	2.10084
13	4	15	0	0
14	8	50	11	0.609239
Instant	48
1	528	29	2	0.490196
2	27	16	0	0
3	28	71	11	8.24801
4	284	16	0	0
11	23	19	1	0
12	55	69	14	1.5006
13	4	15	0	0
14	9	52	10	0.505238
Instant	49
1	560	29	2	0.310559
2	25	16	0	0
3	24	67	19	5.86111
4	276	16	0	0
11	24	20	1	0
12	41	66	11	1.6035
13	4	15	0	0
14	8	45	8	0.547874
Instant	50
1	620	27	2	0
2	23	16	0	0
3	14	69	25	7.55208
4	300	16	0	0
11	26	19	1	0
12	55	62	19	1.92077
13	4	15	0	0
14	9	51	9	0.559367
Instant	51
1	627	26	1	0
2	22	16	0	0
3	28	68	22	5.05137
4	284	16	0	0
11	27	19	1	0
12	42	70	12	1.5006
13	4	15	0	0
14	8	48	9	0.562254
Instant	52
1	546	29	1	0.36157
2	26	15	0	0
3	33	63	21	6.85438
4	276	16	0	0
11	25	19	1	0
12	49	51	13	2.09751
13	4	15	0	0
14	8	52	10	0.636502
Instant	53
1	564	29	2	0.305499
2	11	16	0	0
3	27	72	17	5.97177
4	276	16	0	0
11	25	19	1	0
12	26	69	11	2.46098
13	4	15	0	0
14	9	51	9	0.537411
Instant	54
1	592	27	1	0
2	32	16	0	0
3	23	62	21	5.16841
4	267	16	0	0
11	25	19	1	0
12	34	66	11	2.52101
13	4	15	0	0
14	8	52	10	0.641669
Instant	55
1	547	28	2	0.789474
2	23	15	0	0
3	22	64	21	10.3877
4	275	16	0	0
11	23	18	0	0.311203
12	50	60	15	1.82019
13	4	15	0	0
14	8	47	9	0.607802
Instant	56
1	558	29	2	0.31185
2	26	17	0	0
3	26	72	26	5.56488
4	267	16	0	0
11	24	19	1	0
12	49	66	16	1.38055
13	4	15	0	0
14	7	52	9	0.655006
Instant	57
1	592	28	1	0
2	21	16	0	0
3	29	71	20	4.99429
4	274	17	0	0
11	26	18	0	0
12	40	67	14	2.7611
13	4	15	0	0
14	8	51	8	0.556372
Instant	58
1	627	27	2	0
2	22	15	0	0
3	24	70	27	6.51815
4	278	16	0	0
11	27	18	0	0
12	49	58	16	1.43409
13	4	15	0	0
14	9	48	10	0.583282
Instant	59
1	581	28	2	0
2	26	15	0	0
3	20	67	19	7.08191
4	295	16	0	0
11	25	20	1	0
12	63	59	13	1.14046
13	4	15	0	0
14	9	46	9	0.579132
Instant	60
1	609	26	2	0
2	25	16	0	0
3	23	62	20	6.99201
4	295	16	0	0
11	26	20	1	0
12	36	70	21	2.52101
13	4	15	0	0
14	9	44	8	0.486547
Instant	61
1	557	28	2	0.471698
2	29	15	0	0
3	26	69	19	7.06169
4	263	16	0	0
11	24	20	1	0
12	44	56	21	1.55491
13	4	15	0	0
14	7	53	10	0.674942
Instant	62
1	605	27	1	0
2	25	16	0	0
3	17	73	18	6.60323
4	293	16	0	0
11	26	19	1	0
12	25	71	11	2.82113
13	4	15	0	0
14	9	53	9	0.494498
Instant	63
1	596	26	1	0.0485437
2	19	17	0	0
3	20	74	20	5.37166
4	281	16	0	0
11	26	19	1	0
12	27	74	12	2.64106
13	4	15	0	0
14	9	48	10	0.515129
Instant	64
1	591	26	1	0.298211
2	28	16	0	0
3	17	71	20	4.33908
4	272	16	0	0
11	25	21	2	0
12	22	63	22	3.4749
13	4	15	0	0
14	8	49	10	0.624025
Instant	65
1	524	28	2	1
2	34	15	0	0
3	14	65	24	7.3206
4	272	16	0	0
11	23	18	0	0
12	41	66	13	1.92077
13	4	15	0	0
14	8	49	9	0.562054
Instant	66
1	569	27	1	0.300601
2	27	16	0	0
3	19	68	19	7.04698
4	264	16	0	0
11	25	19	0	0
12	58	65	14	1.80072
13	4	15	0	0
14	7	51	9	0.665365
Instant	67
1	619	27	1	0
2	23	15	0	0
3	26	75	16	9.83871
4	270	16	0	0
11	26	18	0	0
12	38	72	20	1.98566
13	4	15	0	0
14	8	47	11	0.512339
Instant	68
1	599	28	1	0.0484496
2	29	16	0	0
3	19	68	30	7.83664
4	285	17	0	0
11	26	18	0	0
12	55	67	15	1.72194
13	4	15	0	0
14	9	49	10	0.582923
Instant	69
1	591	27	2	0.148221
2	20	17	0	0
3	29	68	16	4.96743
4	290	16	0	0
11	25	19	1	0
12	66	56	8	0.840336
13	4	15	0	0
14	9	50	9	0.61317
Instant	70
1	606	27	1	0
2	21	15	0	0
3	29	68	25	4.05556
4	298	16	0	0
11	26	19	0	0
12	16	63	18	2.20629
13	4	15	0	0
14	9	48	9	0.572997
Instant	71
1	578	28	2	0
2	28	16	0	0
3	24	73	20	8.7037
4	259	16	0	0
11	25	20	1	0
12	6	34	16	4.5018
13	5	15	0	0
14	7	49	9	0.688481
Instant	72
1	585	28	1	0
2	18	16	0	0
3	32	75	17	4.41176
4	261	16	0	0
11	25	20	1	0
12	44	87	14	1.79344
13	4	15	0	0
14	7	55	8	0.558536
Instant	73
1	578	30	3	0
2	19	16	0	0
3	30	71	11	8.50515
4	264	16	0	0
11	24	19	1	0
12	43	53	14	1.74216
13	4	15	0	0
14	8	54	10	0.683445
Instant	74
1	606	26	1	0
2	36	15	0	0
3	18	66	25	6.83333
4	268	16	0	0
11	26	20	1	0
12	23	59	15	3.06122
13	4	15	0	0
14	8	49	9	0.527373
Instant	75
1	621	26	1	0.140977
2	34	15	0	0
3	29	63	26	5.31561
4	255	16	0	0
11	27	18	0	0
12	35	55	16	2.53556
13	4	15	0	0
14	7	47	10	0.652288
Instant	76
1	613	26	1	0
2	28	15	0	0
3	26	67	23	8.27703
4	266	16	0	0
11	26	19	1	0
12	29	74	14	2.6644
13	4	15	0	0
14	8	50	9	0.569085
Instant	77
1	606	26	1	0.290698
2	29	16	0	0
3	29	69	17	6.37584
4	279	16	0	0
11	26	18	0	0
12	35	52	14	2.55102
13	4	15	0	0
14	8	49	9	0.609043
Instant	78
1	578	29	1	0
2	35	16	0	0
3	22	68	26	5.76923
4	283	16	0	0
11	25	19	1	0
12	47	59	10	1.33929
13	4	15	0	0
14	8	48	9	0.591113
Instant	79
1	611	27	2	0
2	27	14	0	0
3	33	73	13	6.07064
4	272	16	0	0
11	26	19	1	0
12	45	74	18	1.59956
13	4	15	0	0
14	8	51	9	0.520539
Instant	80
1	545	29	2	0.0529661
2	35	16	0	0
3	32	70	17	6.50794
4	267	16	0	0
11	23	20	1	0.321888
12	36	64	15	2.41187
13	5	15	0	0
14	8	56	11	0.550258
Instant	81
1	606	28	2	0
2	26	15	0	0
3	22	61	27	6.23543
4	280	16	0	0
11	26	19	1	0
12	40	64	12	2.22635
13	4	15	0	0
14	8	48	10	0.648617
Instant	82
1	591	28	1	0.0490196
2	29	16	0	0
3	19	64	21	7.06215
4	274	17	0	0
11	26	18	1	0
12	41	63	21	2.09913
13	4	15	0	0
14	9	53	9	0.520284
Instant	83
1	614	27	2	0
2	20	16	0	0
3	26	68	12	5.78704
4	276	16	0	0
11	27	19	1	0
12	43	57	15	1.66976
13	4	15	0	0
14	8	51	12	0.602617
Instant	84
1	592	28	1	0
2	26	16	0	0
3	17	73	28	4.30743
4	269	16	0	0
11	25	19	0	0
12	40	59	15	2.28819
13	4	15	0	0
14	8	49	10	0.563264
Instant	85
1	620	26	1	0
2	18	16	0	0
3	28	69	25	6.37088
4	270	16	0	0
11	26	19	1	0
12	13	58	13	2.77342
13	4	15	0	0
14	8	49	9	0.66177
Instant	86
1	591	29	2	0.0496032
2	31	16	0	0
3	21	63	21	6.7053
4	261	16	0	0
11	25	18	0	0
12	44	61	12	2.22089
13	4	15	0	0
14	8	49	7	0.698877
Instant	87
1	605	27	1	0
2	19	16	0	0
3	23	73	26	9.84848
4	273	17	0	0
11	26	18	0	0
12	36	64	20	2.04082
13	4	15	0	0
14	8	50	10	0.520833
Instant	88
1	592	27	1	0.147059
2	20	17	0	0
3	22	74	13	4.19355
4	261	16	0	0
11	26	20	1	0
12	48	56	12	2.04082
13	4	15	0	0
14	8	51	9	0.649875
Instant	89
1	589	28	2	0
2	16	15	0	0
3	24	70	18	5.84746
4	276	16	0	0
11	25	19	1	0
12	41	60	12	2.10084
13	4	15	0	0
14	8	45	9	0.577339
Instant	90
1	573	30	2	0
2	12	17	0	0
3	20	68	21	10.0816
4	272	16	0	0
11	25	19	1	0
12	51	64	12	1.02041
13	4	15	0	0
14	8	52	10	0.571258
Instant	91
1	605	27	2	0.0496032
2	27	15	0	0
3	22	71	16	7.51412
4	253	16	0	0
11	25	19	1	0.290698
12	35	65	20	2.59239
13	4	15	0	0
14	7	50	8	0.613485
Instant	92
1	599	29	2	0
2	24	14	0	0
3	28	71	13	5.10033
4	265	17	0	0
11	25	18	0	0
12	39	60	15	2.53556
13	4	15	0	0
14	8	54	10	0.614739
Instant	93
1	606	26	1	0
2	25	15	0	0
3	20	70	22	6.78017
4	259	16	0	0
11	26	19	1	0
12	37	65	16	1.79344
13	4	15	0	0
14	7	51	8	0.601006
Instant	94
1	613	26	1	0
2	29	16	0	0
3	25	65	21	6.82068
4	259	16	0	0
11	27	19	0	0
12	45	59	15	1.21346
13	4	15	0	0
14	8	49	10	0.55102
Instant	95
1	629	28	2	0
2	17	18	0	0
3	22	74	15	7.19178
4	260	16	0	0
11	26	19	1	0
12	42	65	9	2.7611
13	4	15	0	0
14	7	52	9	0.6925
Instant	96
1	728	26	2	0
2	20	17	0	0
3	28	67	24	6.25
4	266	16	0	0
11	31	19	0	0
12	37	64	10	2.34094
13	4	15	0	0
14	8	45	11	0.532642
Instant	97
1	646	26	2	0.833333
2	32	16	0	0
3	23	83	11	4.76956
4	263	16	0	0
11	29	19	1	0
12	22	72	22	2.33947
13	4	15	0	0
14	7	49	11	0.589494
Instant	98
1	648	28	2	0.0446429
2	28	16	0	0
3	26	73	19	8.10345
4	261	16	0	0
11	28	18	0	0
12	46	64	17	1.92077
13	4	15	0	0
14	8	50	9	0.623345
Instant	99
1	636	27	1	0
2	26	14	0	0
3	24	67	21	7.2807
4	279	16	0	0
11	28	20	1	0
12	35	77	11	2.34094
13	4	15	0	0
14	8	49	11	0.516214
Instant	100
1	667	28	2	0
2	23	14	0	0
3	26	65	19	4.79025
4	260	16	0	0
11	28	19	0	0
12	36	61	16	2.7027
13	4	15	0	0
14	7	49	10	0.706785
Instant	101
1	645	27	1	0
2	33	16	0	0
3	20	67	18	5.97222
4	259	16	0	0
11	28	19	0	0
12	38	49	13	1.98079
13	4	15	0	0
14	8	51	9	0.512659
Instant	102
1	656	28	2	0
2	32	17	0	0
3	28	59	19	5.12387
4	267	16	0	0
11	28	19	1	0
12	51	60	13	1.86074
13	4	15	0	0
14	8	49	10	0.591875
Instant	103
1	658	28	2	0
2	21	17	0	0
3	19	67	18	7.18294
4	261	16	0	0
11	28	18	0	0
12	58	51	9	1.32377
13	4	15	0	0
14	8	48	8	0.664874
Instant	104
1	628	29	2	0
2	17	16	0	0
3	18	80	22	8.22404
4	278	16	0	0
11	28	19	1	0
12	49	67	8	1.98079
13	4	15	0	0
14	8	50	8	0.506593
Instant	105
1	682	28	2	0.0437063
2	17	17	0	0
3	20	64	25	8.27444
4	274	17	0	0
11	29	20	1	0
12	36	62	13	1.56062
13	4	15	0	0
14	9	50	8	0.500562
Instant	106
1	650	29	2	0
2	30	17	0	0
3	31	71	22	5.57452
4	273	16	0	0
11	27	19	1	0
12	59	66	16	1.5444
13	4	15	0	0
14	8	49	10	0.533217
Instant	107
1	583	28	2	0.339147
2	24	16	0	0
3	22	70	19	5.11111
4	258	16	0	0
11	26	19	1	0.297619
12	53	62	13	1.62065
13	4	15	0	0
14	8	47	9	0.674571
Instant	108
1	607	28	2	0
2	26	15	0	0
3	33	68	18	5.94846
4	276	17	0	0
11	26	19	0	0
12	26	61	11	2.46098
13	5	15	0	0
14	8	49	9	0.574713
Instant	109
1	582	27	2	0.302419
2	33	15	0	0
3	28	69	26	5.96847
4	268	16	0	0
11	25	20	1	0
12	64	65	11	0.826045
13	4	15	0	0
14	8	53	9	0.505249
Instant	110
1	592	27	1	0
2	24	14	0	0
3	25	64	23	6.37566
4	251	16	0	0
11	26	19	0	0
12	52	61	14	1.72194
13	4	15	0	0
14	7	51	10	0.658045
Instant	111
1	599	28	2	0
2	29	16	0	0
3	29	72	15	8.19161
4	268	16	0	0
11	26	19	1	0
12	44	64	10	1.56062
13	4	15	0	0
14	8	49	8	0.534442
Instant	112
1	613	29	2	0
2	22	15	0	0
3	29	70	17	5
4	260	16	0	0
11	25	18	0	0
12	41	59	14	2.26145
13	5	15	0	0
14	8	54	9	0.527434
Instant	113
1	613	26	1	0
2	34	16	0	0
3	27	67	20	6.88889
4	277	16	0	0
11	27	19	0	0
12	46	71	14	2.10084
13	4	15	0	0
14	9	50	8	0.559947
Instant	114
1	592	28	1	0
2	30	15	0	0
3	25	73	15	5.62701
4	277	16	0	0
11	24	19	1	0
12	33	65	14	2.46098
13	4	15	0	0
14	8	49	9	0.486766
Instant	115
1	592	27	1	0
2	12	15	0	0
3	33	67	16	4.62963
4	284	17	0	0
11	26	20	1	0
12	58	63	18	1.43409
13	4	15	0	0
14	8	51	8	0.531375
Instant	116
1	579	27	1	0
2	18	15	0	0
3	14	71	15	9.33562
4	278	16	0	0
11	26	18	0	0
12	50	71	12	1.62065
13	4	15	0	0
14	9	52	9	0.537913
Instant	117
1	503	27	2	1.06383
2	15	16	0	0
3	38	65	23	5.03876
4	276	16	0	0
11	21	18	0	0
12	56	59	9	1.5006
13	4	15	0	0
14	8	47	9	0.634209
Instant	118
1	593	27	1	0
2	31	16	0	0
3	21	77	17	5.74516
4	269	16	0	0
11	26	19	1	0
12	41	71	16	1.70987
13	4	15	0	0
14	8	52	10	0.503666
Instant	119
1	593	29	2	0.151822
2	23	15	0	0
3	19	69	10	6.23003
4	286	16	0	0
11	25	19	1	0
12	51	57	15	1.62065
13	4	15	0	0
14	9	48	10	0.502801
