	T	D	J	LP
Instant	0
1	0	0	0	0
2	0	0	0	0
3	0	0	0	0
4	0	0	0	0
11	0	0	0	0
12	0	0	0	0
13	0	0	0	0
14	0	0	0	0
Instant	1
1	285	29	2	0
2	16	17	0	0
3	29	51	14	1.66667
4	92	17	1	0
11	11	19	0	0
12	29	64	1	5.97826
13	1	15	0	0
14	3	45	9	0.166056
Instant	2
1	1180	28	3	0.418307
2	31	16	0	0
3	20	64	19	5.82497
4	385	20	1	0.0198005
11	52	19	0	0
12	42	47	9	0.137868
13	4	15	0	0
14	12	53	10	0.5389
Instant	3
1	1285	27	3	0
2	23	15	0	0
3	36	70	19	5.41667
4	372	19	1	0.00652146
11	57	19	0	0
12	25	53	11	0.413603
13	4	15	0	0
14	10	50	11	0.710227
Instant	4
1	1013	27	2	0.229095
2	19	16	0	0
3	31	73	17	4.96285
4	364	18	1	0
11	45	18	0	0
12	21	58	10	0.633446
13	4	15	0	0
14	10	45	10	0.602888
Instant	5
1	870	28	2	0.635027
2	34	16	0	0
3	28	76	16	5.65844
4	355	18	1	0
11	39	20	1	0
12	23	50	12	0.643382
13	5	15	0	0
14	11	47	10	0.47575
Instant	6
1	943	30	3	0
2	28	15	0	0
3	29	75	15	5.18162
4	357	18	1	0.00137533
11	40	18	0	0
12	34	54	9	0.275735
13	4	15	0	0
14	11	47	9	0.442932
Instant	7
1	897	30	3	0.0324675
2	23	15	0	0
3	32	71	17	8.11966
4	330	18	1	0
11	39	18	0	0
12	28	59	7	0.295608
13	4	15	0	0
14	10	52	10	0.675991
Instant	8
1	852	28	2	0
2	28	17	0	0
3	36	74	18	6.39413
4	337	17	1	0
11	37	20	1	0
12	36	57	9	0
13	4	15	0	0
14	11	50	8	0.495247
Instant	9
1	861	29	2	0.0349162
2	29	17	0	0
3	28	71	19	4.42872
4	338	17	0	0
11	36	19	0	0
12	28	56	7	0.275735
13	4	15	0	0
14	10	46	9	0.440296
Instant	10
1	854	28	2	0
2	25	16	0	0
3	29	69	20	8.22222
4	342	17	0	0
11	37	19	1	0
12	26	60	15	0.295608
13	4	15	0	0
14	11	47	8	0.478986
Instant	11
1	907	28	2	0
2	26	16	0	0
3	44	68	20	5.8435
4	331	18	1	0
11	39	18	0	0
12	15	64	14	0.827206
13	5	15	0	0
14	11	51	10	0.446999
Instant	12
1	756	30	3	0
2	28	17	0	0
3	31	71	17	6.97492
4	335	17	0	0
11	32	19	1	0.388199
12	30	54	12	0.367647
13	5	15	0	0
14	10	45	7	0.460025
Instant	13
1	639	31	2	0.0919118
2	27	17	0	0
3	29	79	19	5.47543
4	320	17	0	0
11	28	20	1	0
12	18	46	10	0.669643
13	4	15	0	0
14	10	50	10	0.541624
Instant	14
1	689	28	2	0
2	31	17	0	0
3	34	75	15	5.84656
4	332	18	1	0
11	30	19	1	0
12	30	58	7	0.0459559
13	4	15	0	0
14	10	50	9	0.409409
Instant	15
1	639	29	2	0.503663
2	16	15	0	0
3	28	69	20	6.87086
4	342	17	1	0
11	28	19	0	0
12	22	62	10	0.689338
13	4	15	0	0
14	11	50	8	0.438696
Instant	16
1	638	26	2	0.272727
2	17	17	0	0
3	36	65	18	5.31915
4	330	18	1	0
11	27	20	1	0
12	31	64	11	0.337838
13	5	15	0	0
14	10	47	9	0.929222
Instant	17
1	533	30	3	0.430108
2	14	15	0	0
3	35	74	19	5.31437
4	338	17	1	0
11	23	20	1	0
12	22	53	12	0.275735
13	5	15	0	0
14	11	46	7	1.03021
Instant	18
1	619	27	1	0
2	27	15	0	0
3	40	74	19	6.45246
4	326	17	1	0
11	26	19	1	0
12	26	42	11	0.597426
13	4	15	0	0
14	10	48	9	0.542322
Instant	19
1	605	28	1	0
2	33	15	0	0
3	29	67	22	6.89563
4	315	17	0	0
11	26	18	0	0
12	8	57	19	1.09797
13	4	15	0	0
14	10	50	10	0.511325
Instant	20
1	565	27	2	0.302419
2	40	15	0	0
3	36	71	16	4.33754
4	306	17	0	0
11	25	18	0	0
12	17	62	14	1.01103
13	4	15	0	0
14	9	50	9	0.386647
Instant	21
1	528	29	2	0.386313
2	21	15	0	0
3	33	69	23	7.47863
4	332	17	0	0
11	23	19	1	0.327511
12	25	60	12	0.367647
13	5	15	0	0
14	11	47	9	0.704632
Instant	22
1	558	28	2	0.459184
2	19	16	0	0
3	32	69	18	5.92593
4	327	17	0	0
11	24	19	1	0
12	25	68	13	0.506757
13	4	15	0	0
14	11	50	9	0.434795
Instant	23
1	571	27	1	0.0514403
2	28	16	0	0
3	31	75	14	6.08974
4	300	17	0	0
11	24	20	1	0
12	27	46	12	0.505515
13	4	15	0	0
14	9	51	7	0.552566
Instant	24
1	579	27	2	0.598802
2	28	16	0	0
3	33	70	24	7.24044
4	306	17	0	0
11	25	19	1	0
12	25	62	7	0.275735
13	4	15	0	0
14	9	47	9	0.580371
Instant	25
1	504	29	2	0.625
2	34	15	0	0
3	34	68	21	4.58861
4	309	17	0	0
11	22	19	1	0
12	27	70	12	0.372024
13	5	15	0	0
14	10	51	8	0.451111
Instant	26
1	554	31	2	0.0529661
2	25	14	0	0
3	33	69	17	6.571
4	297	17	0	0
11	23	19	1	0
12	38	59	6	0.275735
13	5	15	0	0
14	9	50	9	0.559266
Instant	27
1	591	28	2	0.0496032
2	21	15	0	0
3	35	74	20	5.92896
4	304	17	0	0
11	25	19	1	0
12	32	58	8	0.0459559
13	4	15	0	0
14	9	47	10	0.555556
Instant	28
1	599	28	2	0
2	23	15	0	0
3	30	75	19	6.19048
4	303	16	0	0
11	26	19	1	0
12	21	67	11	0.434028
13	5	15	0	0
14	9	49	9	0.550339
Instant	29
1	599	26	1	0
2	20	16	0	0
3	38	64	22	5.33736
4	290	17	0	0
11	26	19	0	0
12	23	69	13	0.321691
13	5	15	0	0
14	9	51	9	0.544057
Instant	30
1	539	27	2	0.388027
2	36	16	0	0
3	30	72	18	6.68724
4	305	17	0	0
11	23	20	1	0
12	29	56	7	0.689338
13	5	15	0	0
14	10	45	8	0.499276
Instant	31
1	528	28	2	0.424628
2	24	14	0	0
3	32	76	17	5.01038
4	310	16	0	0
11	24	19	1	0
12	21	50	8	0.548986
13	5	15	0	0
14	10	47	10	0.518287
Instant	32
1	616	27	1	0
2	20	15	0	0
3	34	71	23	7.34323
4	298	16	0	0
11	25	18	0	0
12	16	55	12	0.919118
13	5	15	0	0
14	9	47	9	0.53041
Instant	33
1	599	27	1	0
2	33	16	0	0
3	33	71	21	6.74479
4	297	17	0	0
11	26	19	1	0
12	13	54	14	0.827206
13	5	15	0	0
14	10	50	10	0.457139
Instant	34
1	520	28	2	0.650759
2	22	16	0	0
3	37	63	24	4.23157
4	297	17	0	0
11	23	19	1	0.328947
12	19	63	17	0.760135
13	5	15	0	0
14	9	50	9	0.474026
Instant	35
1	606	27	1	0.0489237
2	16	16	0	0
3	34	68	20	6.26278
4	291	16	0	0
11	26	19	1	0
12	26	60	12	0.413603
13	5	15	0	0
14	9	53	10	0.585499
Instant	36
1	613	26	1	0
2	9	16	0	0
3	46	71	16	6.32369
4	312	16	0	0
11	26	20	1	0
12	15	62	10	0.965074
13	5	15	0	0
14	10	46	9	0.46442
Instant	37
1	606	27	1	0
2	21	15	0	0
3	31	70	19	6.55695
4	298	16	0	0
11	26	19	0	0
12	18	70	12	0.595238
13	4	15	0	0
14	9	52	10	0.558101
Instant	38
1	599	27	1	0
2	27	14	0	0
3	40	66	16	4.24431
4	304	16	0	0
11	26	18	1	0
12	21	79	10	0.827206
13	5	15	0	0
14	10	49	10	0.454545
Instant	39
1	610	28	2	0
2	28	16	0	0
3	25	70	20	6.39535
4	311	16	0	0
11	26	19	1	0
12	28	50	6	0.275735
13	4	15	0	0
14	10	45	10	0.500587
Instant	40
1	606	27	2	0.0475285
2	22	15	0	0
3	33	68	20	8.27957
4	295	17	0	0
11	27	19	1	0
12	11	56	20	1.22466
13	4	15	0	0
14	9	49	9	0.523603
Instant	41
1	575	28	2	0
2	16	16	0	0
3	33	74	28	4.19239
4	305	16	0	0
11	25	19	1	0
12	22	52	16	0.551471
13	5	15	0	0
14	9	50	8	0.574495
Instant	42
1	493	29	2	0.429975
2	27	16	0	0
3	28	65	16	6.74603
4	316	17	0	0
11	20	18	0	0.465116
12	26	54	10	0.367647
13	5	15	0	0
14	10	51	9	0.466978
Instant	43
1	569	26	1	0.300601
2	27	16	0	0
3	34	72	16	5.95603
4	309	17	0	0
11	25	19	0	0
12	28	49	8	0.506757
13	5	15	0	0
14	10	52	10	0.533109
Instant	44
1	553	30	3	0.831601
2	21	17	0	0
3	35	75	21	5.58252
4	310	17	0	0
11	24	18	0	0
12	34	46	6	0.137868
13	4	15	0	0
14	10	48	8	0.493197
Instant	45
1	596	27	2	0
2	24	17	0	0
3	26	73	20	7.93269
4	306	17	0	0
11	26	20	1	0
12	22	62	10	0.321691
13	4	15	0	0
14	10	47	9	0.505225
Instant	46
1	554	29	2	0.406504
2	30	17	0	0
3	38	69	19	5.11869
4	293	16	0	0
11	25	18	0	0
12	18	67	10	0.886824
13	5	15	0	0
14	9	48	9	0.469261
Instant	47
1	559	28	2	0
2	33	16	0	0
3	23	73	12	6.45246
4	285	16	0	0
11	23	19	1	0
12	26	62	9	0.505515
13	5	15	0	0
14	9	53	11	0.544578
Instant	48
1	594	27	1	0.294118
2	20	17	0	0
3	32	66	24	6.28286
4	304	17	0	0
11	26	18	0	0
12	20	67	11	0.597426
13	5	15	0	0
14	10	45	10	0.451703
Instant	49
1	606	26	1	0
2	31	16	0	0
3	33	70	20	5.39683
4	302	17	0	0
11	26	20	1	0
12	18	68	13	0.63244
13	4	15	0	0
14	9	48	9	0.510886
Instant	50
1	545	28	1	0.37155
2	33	16	0	0
3	30	67	14	7.20572
4	289	17	0	0
11	24	21	1	0
12	21	69	10	0.597426
13	4	15	0	0
14	9	47	8	0.562771
Instant	51
1	579	28	1	0
2	33	16	0	0
3	39	75	14	5.73081
4	284	17	0	0
11	25	19	1	0
12	29	66	14	0.643382
13	5	15	0	0
14	9	50	9	0.611564
Instant	52
1	539	26	2	0.634249
2	19	16	0	0
3	32	67	17	6.81576
4	292	17	0	0
11	24	19	1	0
12	25	64	8	0.390625
13	4	15	0	0
14	9	49	9	0.456192
Instant	53
1	598	27	2	0
2	25	16	0	0
3	38	66	14	4.12913
4	294	16	0	0
11	25	21	1	0
12	30	62	11	0.183824
13	5	15	0	0
14	9	52	10	0.511404
Instant	54
1	588	27	1	0
2	19	16	0	0
3	26	73	18	3.50052
4	291	17	0	0
11	26	19	1	0
12	25	75	10	0.321691
13	4	15	0	0
14	9	47	8	0.475955
Instant	55
1	564	31	2	0
2	38	16	0	0
3	24	69	17	9.82906
4	284	16	0	0
11	23	20	1	0
12	23	48	10	0.760135
13	4	15	0	0
14	9	48	8	0.513142
Instant	56
1	606	27	1	0
2	28	16	0	0
3	33	71	16	6.26959
4	280	16	0	0
11	26	19	0	0
12	24	48	12	0.643382
13	5	15	0	0
14	9	52	10	0.564759
Instant	57
1	581	28	2	0.05
2	27	15	0	0
3	34	66	21	6.93613
4	295	17	0	0
11	25	20	1	0
12	25	67	11	0.367647
13	5	15	0	0
14	9	55	9	0.472806
Instant	58
1	591	26	1	0.34585
2	21	16	0	0
3	28	72	18	5.74619
4	312	16	0	0
11	25	19	1	0
12	23	60	15	0.591216
13	4	15	0	0
14	10	48	9	0.423442
Instant	59
1	613	27	1	0
2	27	15	0	0
3	33	65	21	5.63272
4	313	17	0	0
11	27	19	1	0
12	27	57	8	0.137868
13	5	15	0	0
14	10	49	8	0.545147
Instant	60
1	613	28	2	0
2	29	16	0	0
3	27	70	25	6.40407
4	301	17	0	0
11	26	18	0	0
12	12	54	13	1.24081
13	4	15	0	0
14	9	49	8	0.448796
Instant	61
1	592	29	2	0
2	18	15	0	0
3	35	68	18	5.6891
4	319	16	0	0
11	25	19	1	0
12	25	59	16	0.483631
13	4	15	0	0
14	11	52	10	0.449716
Instant	62
1	583	28	2	0.0496032
2	32	16	0	0
3	26	68	20	6.47541
4	298	16	0	0
11	25	19	0	0
12	24	68	8	0.551471
13	4	15	0	0
14	9	49	8	0.565771
Instant	63
1	564	27	2	0.319829
2	24	16	0	0
3	19	81	23	5.79827
4	306	17	0	0
11	24	19	1	0
12	23	64	11	0.689338
13	4	15	0	0
14	10	49	9	0.517241
Instant	64
1	558	30	2	0
2	24	16	0	0
3	19	70	16	6.06061
4	311	17	0	0
11	24	19	1	0
12	20	54	12	0.675676
13	4	15	0	0
14	10	50	8	0.509538
Instant	65
1	592	28	2	0.290698
2	19	16	0	0
3	41	69	22	7.87321
4	294	17	0	0
11	26	18	0	0
12	14	46	14	0.735294
13	5	15	0	0
14	9	53	9	0.467914
Instant	66
1	613	27	1	0
2	28	17	0	0
3	35	71	23	6.79012
4	301	17	0	0
11	26	18	0	0
12	31	54	12	0.689338
13	5	15	0	0
14	9	50	9	0.518566
Instant	67
1	577	26	1	0
2	26	16	0	0
3	36	73	15	4.48718
4	302	17	0	0
11	25	18	0	0
12	31	64	11	0.0844595
13	4	15	0	0
14	10	48	10	0.464081
Instant	68
1	658	27	1	0.318182
2	21	16	0	0
3	33	73	16	5.82298
4	321	17	0	0
11	28	18	0	0
12	21	57	13	0.683594
13	4	15	0	0
14	11	51	9	0.477526
Instant	69
1	748	29	3	0
2	34	16	0	0
3	22	70	22	8.04233
4	292	16	0	0
11	32	19	0	0
12	17	67	6	0.78125
13	4	15	0	0
14	9	53	8	0.56736
Instant	70
1	774	28	1	0
2	26	17	0	0
3	28	72	13	6.0929
4	297	16	0	0
11	34	18	0	0
12	27	49	13	0.380068
13	4	15	0	0
14	9	47	9	0.483902
Instant	71
1	708	29	2	0
2	32	16	0	0
3	34	74	13	6.00304
4	289	17	0	0
11	29	19	1	0
12	24	57	14	0.459559
13	5	15	0	0
14	9	46	8	0.529471
Instant	72
1	719	27	2	0.322581
2	26	16	0	0
3	34	67	21	4.87013
4	278	17	0	0
11	32	19	1	0
12	20	58	11	0.710227
13	4	15	0	0
14	9	51	10	0.554787
Instant	73
1	770	28	2	0.372024
2	24	16	0	0
3	29	69	19	7.29499
4	308	16	0	0
11	34	19	1	0
12	21	63	6	0.457317
13	4	15	0	0
14	10	49	8	0.463918
Instant	74
1	692	29	2	0
2	15	16	0	0
3	28	70	13	4.05702
4	295	16	0	0
11	30	19	1	0
12	20	66	16	0.78125
13	4	15	0	0
14	9	46	8	0.489812
Instant	75
1	705	28	2	0
2	28	16	1	0
3	30	70	15	7.63215
4	280	16	0	0
11	30	19	1	0
12	31	63	12	0.236742
13	4	15	0	0
14	9	51	10	0.635884
Instant	76
1	740	28	2	0
2	22	16	0	0
3	32	69	25	5.64516
4	289	16	0	0
11	31	19	1	0
12	12	54	16	1.17188
13	4	15	0	0
14	9	52	8	0.542865
Instant	77
1	683	29	2	0.29661
2	16	16	0	0
3	27	73	16	5.8871
4	309	17	0	0
11	30	19	1	0
12	19	68	21	0.488281
13	4	15	0	0
14	10	49	8	0.458287
Instant	78
1	734	27	2	0.278662
2	19	16	0	0
3	34	69	16	5.63344
4	290	16	0	0
11	32	20	1	0
12	25	57	21	0.537109
13	4	15	0	0
14	9	50	9	0.471074
Instant	79
1	675	28	2	0
2	15	16	0	0
3	40	74	17	8.05386
4	290	17	0	0
11	29	18	1	0
12	16	71	13	0.929054
13	5	15	0	0
14	9	48	9	0.564859
Instant	80
1	601	28	3	0.667939
2	29	15	0	0
3	33	68	19	6.97436
4	298	17	0	0
11	27	19	1	0
12	23	61	11	0.473485
13	5	15	0	0
14	9	50	9	0.438058
Instant	81
1	651	28	2	0
2	34	16	0	0
3	24	67	18	5.22152
4	286	17	0	0
11	29	19	1	0
12	27	49	11	0.473485
13	4	15	0	0
14	9	52	8	0.522408
Instant	82
1	564	32	2	0.621118
2	36	17	0	0
3	43	73	17	6.32008
4	290	16	0	0
11	25	19	1	0
12	24	60	11	0.401786
13	5	15	0	0
14	9	52	9	0.48984
Instant	83
1	594	28	1	0.3861
2	16	16	0	0
3	25	69	19	6.21562
4	287	16	0	0
11	26	18	0	0
12	32	53	13	0.0473485
13	4	15	0	0
14	9	47	8	0.558566
Instant	84
1	592	28	1	0
2	19	16	0	0
3	37	77	23	6.87751
4	298	17	0	0
11	25	19	1	0
12	23	54	13	0.662879
13	5	15	0	0
14	9	50	10	0.543653
Instant	85
1	602	27	2	0
2	35	16	0	0
3	25	65	16	3.55659
4	293	17	0	0
11	26	19	1	0
12	26	54	11	0.320513
13	4	15	0	0
14	9	48	8	0.434227
Instant	86
1	576	29	2	0.313808
2	31	15	0	0
3	30	67	21	8.1427
4	290	17	0	0
11	24	19	1	0
12	34	50	5	0.0459559
13	4	15	0	0
14	9	50	8	0.469133
Instant	87
1	609	27	2	0
2	18	15	0	0
3	32	70	19	5.55556
4	294	16	0	0
11	27	18	0	0
12	26	75	12	0.643382
13	4	15	0	0
14	9	45	8	0.544866
Instant	88
1	591	29	2	0.0498008
2	19	15	0	0
3	36	63	19	5.70312
4	278	16	0	0
11	25	19	0	0
12	27	57	16	0.506757
13	5	15	0	0
14	8	49	10	0.550021
Instant	89
1	561	28	2	0.313808
2	28	16	0	0
3	26	78	18	5.16615
4	275	17	0	0
11	24	18	0	0
12	23	53	14	0.367647
13	4	15	0	0
14	9	51	11	0.49536
Instant	90
1	619	26	1	0
2	23	16	0	0
3	32	67	16	5.30303
4	290	16	0	0
11	27	19	0	0
12	16	69	8	0.78125
13	5	15	0	0
14	9	50	8	0.513892
Instant	91
1	585	29	2	0
2	26	15	0	0
3	31	70	19	7.20165
4	285	16	0	0
11	24	18	1	0
12	14	67	15	0.929054
13	5	15	0	0
14	9	50	8	0.544174
Instant	92
1	616	26	1	0.324074
2	28	16	0	0
3	31	68	19	5.47386
4	290	17	0	0
11	27	20	1	0
12	22	49	7	0.284091
13	4	15	0	0
14	9	47	8	0.559923
Instant	93
1	675	26	1	0.131119
2	27	16	0	0
3	40	66	17	7.40196
4	277	16	0	0
11	29	19	0	0
12	27	60	9	0.804924
13	5	15	0	0
14	8	49	7	0.499653
Instant	94
1	571	28	2	0.562372
2	24	14	0	0
3	35	74	19	7.54615
4	293	16	0	0
11	25	18	0	0
12	23	46	8	0.464527
13	4	15	0	0
14	9	47	9	0.572269
Instant	95
1	606	28	1	0
2	30	15	0	0
3	29	74	18	4.11491
4	306	17	0	0
11	26	18	0	0
12	19	56	15	0.965074
13	5	15	0	0
14	10	49	9	0.44415
Instant	96
1	578	28	1	0.301205
2	24	14	0	0
3	34	74	18	6.15385
4	299	16	0	0
11	25	19	1	0
12	11	71	3	0.78125
13	5	15	0	0
14	9	46	9	0.538911
Instant	97
1	610	26	1	0
2	18	15	0	0
3	34	62	25	6.3388
4	288	16	0	0
11	26	19	1	0
12	24	53	11	0.609756
13	4	15	0	0
14	9	47	9	0.536917
Instant	98
1	606	27	1	0
2	18	15	0	0
3	29	65	24	8.43685
4	275	17	0	0
11	25	19	0	0
12	16	63	16	0.735294
13	4	15	0	0
14	8	53	10	0.65184
Instant	99
1	603	26	1	0
2	24	16	0	0
3	27	66	14	4.05337
4	279	17	0	0
11	26	20	1	0
12	20	46	6	0.919118
13	5	15	0	0
14	9	47	8	0.444215
Instant	100
1	613	27	1	0
2	20	16	0	0
3	23	69	16	4.73802
4	293	16	0	0
11	26	19	1	0
12	27	55	13	0.548986
13	4	15	0	0
14	9	49	8	0.555519
Instant	101
1	590	29	2	0
2	23	17	0	0
3	34	70	17	7.45067
4	293	17	0	0
11	25	19	1	0
12	34	49	8	0.137868
13	5	15	0	0
14	9	45	8	0.418747
Instant	102
1	604	26	1	0.294118
2	22	16	0	0
3	31	71	16	5.14301
4	287	17	0	0
11	26	18	0	0
12	24	67	14	0.459559
13	4	15	0	0
14	9	48	9	0.561064
Instant	103
1	595	26	1	0
2	21	17	0	0
3	23	75	16	5.0207
4	287	17	0	0
11	26	18	0	0
12	14	75	18	0.886824
13	4	15	0	0
14	9	47	10	0.558185
Instant	104
1	594	28	2	0
2	12	17	0	0
3	29	66	19	9.69444
4	288	16	0	0
11	25	19	1	0
12	18	58	6	0.551471
13	4	15	0	0
14	9	49	8	0.489279
Instant	105
1	564	27	2	0.304878
2	12	17	0	0
3	32	67	22	7.51029
4	288	16	0	0
11	25	19	1	0
12	27	61	9	0.551471
13	4	15	0	0
14	9	45	8	0.560261
Instant	106
1	582	29	2	0.0502008
2	21	16	0	0
3	40	66	18	5
4	297	17	0	0
11	25	19	0	0
12	28	72	11	0.295608
13	4	15	0	0
14	9	47	8	0.421893
Instant	107
1	607	27	2	0
2	24	15	0	0
3	36	67	20	5.98729
4	306	17	0	0
11	25	19	1	0
12	18	63	10	0.735294
13	5	15	0	0
14	10	48	9	0.512586
Instant	108
1	513	28	2	0.668151
2	36	16	0	0
3	22	72	17	5.25078
4	284	17	0	0
11	23	19	1	0
12	28	54	12	0.413603
13	4	15	0	0
14	9	46	9	0.540004
Instant	109
1	613	27	2	0
2	25	16	0	0
3	32	67	17	6.02894
4	289	17	0	0
11	26	19	1	0
12	26	51	8	0.297619
13	4	15	0	0
14	9	49	8	0.510408
Instant	110
1	591	28	1	0.0484496
2	27	16	0	0
3	39	63	20	7.92181
4	298	17	0	0
11	26	19	0	0
12	17	72	10	0.634766
13	5	15	0	0
14	10	45	9	0.502358
Instant	111
1	620	26	1	0
2	25	15	0	0
3	30	71	21	5.36077
4	307	17	0	0
11	26	19	0	0
12	22	60	14	0.827206
13	5	15	0	0
14	10	47	10	0.471137
Instant	112
1	575	25	1	0.583658
2	30	16	0	0
3	24	75	15	5.81458
4	277	16	0	0
11	26	19	0	0
12	23	60	12	0.591216
13	4	15	0	0
14	9	49	9	0.46531
Instant	113
1	606	28	2	0
2	18	16	0	0
3	25	69	18	7.41971
4	288	16	0	0
11	25	19	0	0
12	16	71	11	0.78125
13	4	15	0	0
14	9	46	9	0.445208
Instant	114
1	606	27	2	0
2	19	16	0	0
3	30	73	17	6.84896
4	267	16	0	0
11	26	19	0	0
12	18	65	14	0.505515
13	5	15	0	0
14	8	51	9	0.6063
Instant	115
1	571	29	1	0
2	18	16	0	0
3	24	63	21	4.51389
4	310	17	0	0
11	25	19	1	0
12	18	59	12	0.971284
13	4	15	0	0
14	10	46	8	0.48491
Instant	116
1	620	27	1	0
2	30	17	0	0
3	27	70	18	8.13824
4	287	17	0	0
11	26	19	0	0
12	26	63	10	0.137868
13	4	15	0	0
14	9	51	10	0.487731
Instant	117
1	568	27	2	0.295276
2	17	16	0	0
3	26	71	14	6.89203
4	277	16	0	0
11	25	20	1	0
12	17	43	14	1.01103
13	4	15	0	0
14	8	47	9	0.559947
Instant	118
1	601	27	1	0.3
2	16	16	0	0
3	27	64	21	4.21975
4	291	17	0	0
11	25	19	1	0
12	21	61	15	0.675676
13	4	15	0	0
14	9	50	8	0.48913
Instant	119
1	582	28	2	0
2	15	17	0	0
3	34	64	23	7.25806
4	280	17	0	0
11	26	18	0	0
12	15	59	11	1.01103
13	5	15	0	0
14	9	50	8	0.507351
