	T	D	J	LP
Instant	0
1	0	0	0	0
2	0	0	0	0
3	0	0	0	0
4	0	0	0	0
11	0	0	0	0
12	0	0	0	0
13	0	0	0	0
14	0	0	0	0
Instant	1
1	285	29	2	0
2	10	16	0	0
3	29	55	18	1.37255
4	61	16	0	0
11	11	19	0	0
12	37	75	4	7.00483
13	1	15	0	0
14	1	49	11	0.316106
Instant	2
1	1182	30	3	0
2	31	15	0	0
3	32	70	24	5.94203
4	323	16	0	0
11	50	19	0	0.59761
12	74	51	7	1.30719
13	5	15	0	0
14	7	55	10	1.00787
Instant	3
1	1194	28	3	0.475285
2	27	15	0	0
3	44	63	18	4.5569
4	312	17	0	0
11	54	19	0	0
12	90	52	8	1.06209
13	5	15	0	0
14	7	54	9	0.963588
Instant	4
1	1128	30	3	0.465839
2	19	16	0	0
3	39	70	23	5.90909
4	301	16	0	0
11	50	18	0	0
12	86	61	8	1.05105
13	5	15	0	0
14	7	51	12	1.07372
Instant	5
1	972	30	3	0.358423
2	20	16	0	0
3	49	76	22	5.61644
4	295	16	0	0
11	43	20	1	0
12	86	52	9	0.490196
13	5	15	0	0
14	7	53	10	0.864093
Instant	6
1	992	29	2	0.0296912
2	26	15	0	0
3	46	69	14	5.01433
4	269	16	0	0
11	43	18	0	0
12	72	60	14	1.55229
13	5	15	0	0
14	7	55	11	0.920463
Instant	7
1	843	31	2	0.13986
2	32	16	0	0
3	44	71	21	4.909
4	275	16	0	0
11	36	18	0	0
12	86	60	9	0.45045
13	5	15	0	0
14	7	52	9	0.861648
Instant	8
1	795	30	3	0.4683
2	25	16	0	0
3	47	66	18	5.22352
4	295	16	0	0
11	35	19	0	0
12	87	62	7	0.816993
13	5	15	0	0
14	8	54	11	0.675807
Instant	9
1	821	28	2	0.284091
2	24	16	0	0
3	50	66	21	4.63228
4	279	16	0	0
11	36	18	0	0
12	79	57	12	0.571895
13	5	15	0	0
14	7	52	11	0.806396
Instant	10
1	905	27	2	0.415601
2	23	17	0	0
3	34	66	16	6.43275
4	261	16	0	0
11	40	19	0	0
12	72	56	9	1.35135
13	5	15	0	0
14	7	51	10	0.893769
Instant	11
1	864	28	2	0
2	28	17	0	0
3	41	66	21	6.15616
4	242	16	0	0
11	38	19	1	0
12	64	51	14	1.96078
13	5	15	0	0
14	6	54	10	0.825909
Instant	12
1	908	28	3	0.0658762
2	25	15	0	0
3	47	64	17	4.50514
4	262	16	0	0
11	38	18	0	0
12	72	55	7	1.22549
13	5	15	0	0
14	7	52	10	0.68915
Instant	13
1	848	27	2	0.506073
2	28	16	0	0
3	43	77	13	4.26136
4	261	15	0	0
11	38	19	1	0
12	51	53	13	2.05026
13	5	15	0	0
14	7	57	9	0.747777
Instant	14
1	628	29	3	0.545455
2	31	17	0	0
3	38	68	17	7.00097
4	263	16	0	0
11	28	20	1	0
12	83	53	11	1.22549
13	5	15	0	0
14	7	54	8	0.727273
Instant	15
1	631	29	2	0.0461255
2	29	17	0	0
3	37	77	17	7.2318
4	265	16	0	0
11	27	19	1	0
12	66	59	12	1.55229
13	5	15	0	0
14	6	47	9	0.764216
Instant	16
1	712	28	2	0.248756
2	23	19	0	0
3	46	74	16	4.38967
4	267	16	0	0
11	30	18	0	0
12	48	53	11	2.85285
13	5	15	0	0
14	7	55	10	0.849131
Instant	17
1	689	26	2	0
2	10	15	0	0
3	36	66	22	7.43513
4	254	16	0	0
11	29	20	1	0
12	51	68	10	1.63399
13	5	15	0	0
14	7	49	9	0.804572
Instant	18
1	650	28	1	0
2	7	13	0	0
3	37	68	22	6.67163
4	254	16	0	0
11	29	18	0	0
12	74	62	10	1.71569
13	5	15	0	0
14	6	53	10	0.770767
Instant	19
1	689	26	1	0
2	18	16	0	0
3	44	63	20	5.19878
4	251	16	0	0
11	29	19	0	0
12	67	59	12	1.8018
13	5	15	0	0
14	7	52	10	0.693277
Instant	20
1	632	29	2	0.26738
2	30	16	0	0
3	55	70	16	5.46296
4	247	15	0	0
11	29	18	0	0
12	56	59	12	2.61438
13	5	15	0	0
14	6	52	10	0.662637
Instant	21
1	600	28	3	1.05566
2	38	16	0	0
3	39	72	16	2.59205
4	249	15	0	0
11	26	20	1	0
12	72	65	9	1.22549
13	5	15	0	0
14	6	52	10	0.81374
Instant	22
1	691	29	2	0.123558
2	25	15	0	0
3	37	66	13	4.35664
4	258	16	0	0
11	31	19	1	0
12	54	52	10	2.17718
13	5	15	0	0
14	7	46	9	0.819001
Instant	23
1	745	26	2	0.23511
2	28	15	0	0
3	35	78	20	11
4	247	16	0	0
11	32	18	0	0
12	51	66	12	2.61438
13	5	15	0	0
14	6	52	9	0.78731
Instant	24
1	801	26	1	0
2	21	15	0	0
3	57	71	17	5.17164
4	252	16	0	0
11	34	20	0	0
12	55	57	12	2.69608
13	5	15	0	0
14	7	51	10	0.813317
Instant	25
1	739	27	1	0.231839
2	32	15	0	0
3	50	71	18	4.05922
4	256	16	0	0
11	33	18	0	0
12	34	58	11	2.84392
13	5	15	0	0
14	6	52	10	0.791163
Instant	26
1	741	27	2	0
2	45	16	0	0
3	42	69	14	5.24781
4	272	16	0	0
11	32	19	0	0
12	70	61	11	1.30719
13	5	15	0	0
14	8	54	9	0.600877
Instant	27
1	642	29	2	0.317604
2	23	17	0	0
3	37	78	14	6.27422
4	258	16	0	0
11	28	19	0	0
12	68	66	10	2.36928
13	5	15	0	0
14	7	53	10	0.656236
Instant	28
1	538	29	1	0.321888
2	27	16	0	0
3	42	62	20	4.68442
4	248	16	0	0
11	23	19	1	0
12	65	69	9	2.08333
13	5	15	0	0
14	7	51	11	0.627687
Instant	29
1	688	28	2	0.255537
2	24	16	0	0
3	51	68	19	6.79702
4	236	16	0	0
11	29	18	0	0
12	66	62	11	0.980392
13	5	15	0	0
14	6	53	11	0.72784
Instant	30
1	787	27	1	0
2	38	16	0	0
3	38	72	28	6.50585
4	258	16	0	0
11	34	18	0	0
12	54	57	16	2.77778
13	5	15	0	0
14	7	51	8	0.702174
Instant	31
1	745	27	2	0
2	22	16	0	0
3	38	72	15	5.50847
4	246	16	0	0
11	33	20	0	0
12	58	58	13	2.55255
13	5	15	0	0
14	6	49	9	0.711682
Instant	32
1	568	28	2	0.660569
2	23	15	0	0
3	42	67	16	5.52178
4	246	16	0	0
11	25	19	0	0
12	60	58	11	2.28758
13	5	15	0	0
14	6	51	8	0.813908
Instant	33
1	614	28	2	0.608614
2	33	14	0	0
3	40	65	18	5.04202
4	259	16	0	0
11	27	18	0	0
12	41	60	17	3.34967
13	5	15	0	0
14	7	53	10	0.710112
Instant	34
1	640	27	2	0
2	25	15	0	0
3	41	70	22	6.39706
4	271	16	0	0
11	28	19	0	0
12	37	65	8	2.85285
13	5	15	0	0
14	8	51	9	0.562872
Instant	35
1	654	28	2	0
2	32	15	0	0
3	56	63	20	5.39077
4	233	16	0	0
11	28	19	1	0
12	50	55	10	2.69608
13	5	15	0	0
14	6	54	12	0.852783
Instant	36
1	706	28	2	0
2	24	16	0	0
3	40	74	20	6.4554
4	238	15	0	0
11	30	19	1	0
12	57	69	14	2.28758
13	5	15	0	0
14	6	54	10	0.702698
Instant	37
1	642	27	2	0
2	19	16	0	0
3	34	77	16	3.74504
4	244	15	0	0
11	28	18	1	0.456204
12	58	67	7	1.78571
13	5	15	0	0
14	6	55	9	0.829477
Instant	38
1	615	27	2	0.289017
2	22	17	0	0
3	48	66	21	6.08586
4	227	16	0	0
11	26	20	1	0
12	61	60	8	2.53268
13	5	15	0	0
14	6	56	10	0.777899
Instant	39
1	668	26	1	0.308099
2	18	14	0	0
3	43	73	17	5.82617
4	240	16	0	0
11	29	18	0	0
12	59	64	14	2.20588
13	5	15	0	0
14	6	52	11	0.684412
Instant	40
1	681	27	3	0.25641
2	21	15	0	0
3	42	69	21	6.79191
4	230	15	0	0
11	30	19	1	0
12	82	47	7	1.12613
13	5	15	0	0
14	6	53	11	0.79421
Instant	41
1	640	28	2	0
2	30	15	0	0
3	44	72	13	4.08012
4	251	16	0	0
11	27	20	1	0
12	72	67	10	0.490196
13	5	15	0	0
14	7	51	10	0.680491
Instant	42
1	641	27	1	0
2	20	16	0	0
3	35	69	16	5.76536
4	266	16	0	0
11	28	19	0	0
12	64	57	15	2.12418
13	5	15	0	0
14	8	47	9	0.53975
Instant	43
1	619	29	3	0.287908
2	19	16	0	0
3	39	72	21	5.33932
4	247	16	0	0
11	26	19	1	0
12	77	64	9	1.5015
13	5	15	0	0
14	6	51	9	0.798264
Instant	44
1	615	27	2	0
2	17	15	0	0
3	37	64	18	6.60019
4	235	15	0	0
11	27	19	1	0
12	75	68	10	1.38889
13	5	15	0	0
14	6	54	12	0.879438
Instant	45
1	686	28	2	0.295608
2	22	16	0	0
3	30	67	20	6.85841
4	243	16	0	0
11	30	19	0	0
12	67	56	11	1.06209
13	5	15	0	0
14	6	50	10	0.871542
Instant	46
1	706	27	2	0.285948
2	22	16	0	0
3	48	68	20	5.73654
4	224	16	0	0
11	31	18	0	0
12	66	52	11	1.87688
13	5	15	0	0
14	5	52	10	0.838441
Instant	47
1	658	26	2	0.587703
2	33	16	0	0
3	50	71	15	5.44316
4	230	15	0	0
11	28	20	0	0
12	75	63	12	0.980392
13	5	15	0	0
14	6	52	11	0.667963
Instant	48
1	734	25	1	0
2	37	15	0	0
3	39	68	16	6.01173
4	241	16	0	0
11	33	19	0	0
12	72	54	9	1.47059
13	5	15	0	0
14	6	53	11	0.754276
Instant	49
1	779	30	3	0.425039
2	28	15	0	0
3	36	72	14	6.0049
4	238	16	0	0
11	33	18	0	0
12	64	54	9	1.12434
13	5	15	0	0
14	6	53	11	0.676812
Instant	50
1	560	27	2	0.790514
2	29	16	0	0
3	41	73	23	4.55653
4	244	16	0	0
11	25	19	0	0
12	60	62	7	1.63399
13	5	15	0	0
14	7	53	9	0.692211
Instant	51
1	584	28	2	0.351406
2	26	16	0	0
3	46	64	24	6.87904
4	228	16	0	0
11	25	19	0	0
12	92	63	10	1.63399
13	5	15	0	0
14	6	51	10	0.801645
Instant	52
1	677	26	1	0
2	16	16	0	0
3	52	75	21	4.23573
4	229	15	0	0
11	29	19	0	0
12	58	52	17	1.85185
13	5	15	0	0
14	6	54	10	0.699301
Instant	53
1	726	26	2	0
2	26	16	0	0
3	38	65	19	7.57129
4	255	16	0	0
11	31	19	0	0
12	41	54	21	2.61438
13	5	15	0	0
14	7	49	10	0.706694
Instant	54
1	710	29	2	0.241935
2	26	15	0	0
3	33	71	17	3.86297
4	247	16	0	0
11	31	18	0	0
12	55	57	14	2.12418
13	5	15	0	0
14	7	51	9	0.715059
Instant	55
1	747	28	3	0.0388802
2	22	17	0	0
3	52	70	13	5.6108
4	228	16	0	0
11	33	19	0	0
12	55	54	16	3.07808
13	5	15	0	0
14	6	56	8	0.788241
Instant	56
1	678	29	2	0.0432526
2	35	17	0	0
3	49	70	24	4.76879
4	227	15	0	0
11	29	19	1	0
12	71	52	10	2.04248
13	5	15	0	0
14	6	54	9	0.778561
Instant	57
1	646	27	2	0.2693
2	27	15	0	0
3	41	66	20	5.88794
4	245	16	0	0
11	29	20	1	0
12	71	57	11	1.06209
13	5	15	0	0
14	6	56	11	0.716467
Instant	58
1	688	27	2	0
2	26	14	0	0
3	49	65	23	4.80307
4	228	16	0	0
11	30	19	1	0
12	62	59	16	1.8018
13	5	15	0	0
14	6	49	12	0.73603
Instant	59
1	667	28	2	0.260417
2	25	16	0	0
3	43	74	14	8.69671
4	228	15	0	0
11	29	19	1	0
12	77	56	14	1.38889
13	5	15	0	0
14	5	59	10	0.836212
Instant	60
1	709	30	2	0
2	39	16	0	0
3	41	73	14	5.28571
4	224	16	0	0
11	30	18	0	0
12	67	63	12	1.47059
13	5	15	0	0
14	5	50	10	0.813824
Instant	61
1	706	27	2	0.247525
2	23	15	0	0
3	48	69	21	5.32864
4	236	15	0	0
11	31	18	0	0
12	83	52	7	0.727513
13	5	15	0	0
14	6	54	12	0.785934
Instant	62
1	642	27	1	0
2	26	15	0	0
3	35	78	15	4.57143
4	235	16	0	0
11	28	20	1	0
12	67	61	11	2.36928
13	5	15	0	0
14	6	50	10	0.78796
Instant	63
1	660	28	2	0.0455373
2	20	17	0	0
3	43	68	17	5.48115
4	241	16	0	0
11	28	20	1	0
12	73	62	15	0.653595
13	5	15	0	0
14	6	49	9	0.804717
Instant	64
1	621	29	2	0.277778
2	35	15	0	0
3	49	67	14	6.37803
4	243	16	0	0
11	27	19	1	0
12	63	65	8	2.02703
13	5	15	0	0
14	6	53	8	0.766798
Instant	65
1	675	28	1	0
2	27	15	0	0
3	51	65	15	3.76712
4	237	16	0	0
11	29	19	0	0
12	64	61	12	1.96078
13	5	15	0	0
14	6	52	9	0.68748
Instant	66
1	655	27	1	0
2	16	17	0	0
3	45	63	16	5.72917
4	238	16	0	0
11	29	19	0	0
12	72	57	13	1.71569
13	5	15	0	0
14	6	52	10	0.731383
Instant	67
1	635	27	1	0
2	25	16	0	0
3	51	70	15	6.35148
4	236	16	0	0
11	27	19	0	0
12	53	55	11	2.25225
13	5	15	0	0
14	6	54	10	0.647616
Instant	68
1	701	28	2	0.0420875
2	31	15	0	0
3	58	65	18	4.57516
4	236	16	0	0
11	30	19	1	0
12	52	54	12	3.29861
13	5	15	0	0
14	6	55	10	0.664646
Instant	69
1	724	26	1	0
2	36	16	0	0
3	47	64	21	6.07143
4	233	15	0	0
11	31	19	1	0
12	13	72	6	3.43137
13	5	15	0	0
14	6	51	9	0.713698
Instant	70
1	656	27	2	0.263158
2	33	17	0	0
3	45	65	21	6.17559
4	226	16	0	0
11	29	18	0	0
12	76	63	13	2.32733
13	5	15	0	0
14	6	52	10	0.90364
Instant	71
1	730	28	1	0
2	35	17	0	0
3	42	75	17	5.20528
4	243	16	0	0
11	32	19	0	0
12	71	54	12	1.38889
13	5	15	0	0
14	6	51	10	0.850059
Instant	72
1	776	27	1	0
2	28	16	0	0
3	54	62	17	3.91595
4	243	16	0	0
11	33	19	0	0
12	36	52	8	2.86195
13	5	15	0	0
14	6	54	8	0.752324
Instant	73
1	604	30	3	0.514981
2	23	16	0	0
3	39	70	18	6.57631
4	251	16	0	0
11	27	20	0	0
12	61	63	9	2.16802
13	5	15	0	0
14	7	53	9	0.695344
Instant	74
1	705	28	3	0.295608
2	18	16	0	0
3	45	62	23	4.74217
4	237	16	0	0
11	30	18	0	0
12	68	53	14	1.38889
13	5	15	0	0
14	7	50	10	0.75083
Instant	75
1	695	28	1	0.248344
2	21	15	0	0
3	24	68	23	5.48246
4	236	16	0	0
11	31	19	0	0
12	55	63	15	3.53535
13	5	15	0	0
14	6	51	8	0.759585
Instant	76
1	655	27	1	0
2	25	15	0	0
3	31	78	19	8.11078
4	239	16	0	0
11	29	19	0	0
12	54	68	19	1.92901
13	5	15	0	0
14	6	53	9	0.754899
Instant	77
1	619	28	2	0.617871
2	36	14	0	0
3	44	71	13	7.33333
4	247	16	0	0
11	26	18	0	0
12	60	53	9	2.43056
13	5	15	0	0
14	7	51	9	0.726496
Instant	78
1	621	30	2	0.0459559
2	30	15	0	0
3	35	73	16	4.75167
4	245	16	0	0
11	27	18	0	0
12	47	60	16	2.17014
13	5	15	0	0
14	6	51	11	0.739415
Instant	79
1	630	28	1	0
2	19	16	0	0
3	41	67	20	4.67359
4	241	16	0	0
11	27	18	0	0.373134
12	59	71	12	2.55255
13	5	15	0	0
14	6	53	11	0.776199
Instant	80
1	599	28	1	0
2	33	16	0	0
3	53	69	20	5.05865
4	242	15	0	0
11	25	19	1	0
12	60	61	14	1.93603
13	5	15	0	0
14	6	48	8	0.684986
Instant	81
1	553	27	2	0.562372
2	26	15	0	0
3	50	72	22	5.39077
4	232	16	0	0
11	25	19	1	0
12	45	67	15	3.19865
13	5	15	0	0
14	6	49	9	0.83872
Instant	82
1	561	29	2	0
2	28	15	0	0
3	48	69	17	5.53119
4	243	16	0	0
11	23	19	0	0
12	61	59	12	1.66667
13	5	15	0	0
14	7	53	9	0.567194
Instant	83
1	565	28	2	0.35497
2	31	16	0	0
3	34	76	22	6.04344
4	236	16	0	0
11	25	18	0	0
12	65	58	10	1.59933
13	5	15	0	0
14	6	56	9	0.773824
Instant	84
1	562	29	2	0
2	18	16	0	0
3	47	70	22	5.44872
4	237	16	0	0
11	24	21	1	0
12	52	75	13	2.3569
13	5	15	0	0
14	6	50	10	0.62148
Instant	85
1	620	26	1	0
2	26	15	0	0
3	32	73	23	6.06725
4	219	16	0	0
11	27	18	1	0
12	55	60	11	1.85185
13	5	15	0	0
14	6	55	10	0.809376
Instant	86
1	592	26	1	0.297619
2	24	15	0	0
3	47	64	19	5.17157
4	238	16	0	0
11	25	20	1	0
12	44	51	15	3.26797
13	5	15	0	0
14	6	48	9	0.662292
Instant	87
1	562	30	2	0.105263
2	27	17	0	0
3	45	69	16	5.99622
4	235	16	0	0
11	24	18	0	0
12	71	54	11	1.38889
13	5	15	0	0
14	6	52	11	0.827558
Instant	88
1	581	27	1	0.343137
2	30	15	0	0
3	35	72	16	5.09662
4	244	16	0	0
11	26	19	1	0
12	50	56	12	3.07808
13	5	15	0	0
14	6	52	11	0.661086
Instant	89
1	642	27	2	0.273224
2	23	16	0	0
3	47	67	17	6.43491
4	228	16	0	0
11	28	20	1	0
12	51	61	13	1.96078
13	5	15	0	0
14	6	56	9	0.822811
Instant	90
1	700	27	2	0
2	20	16	0	0
3	45	57	15	5.66479
4	234	15	0	0
11	30	19	1	0
12	73	59	10	1.90972
13	5	15	0	0
14	6	55	9	0.716093
Instant	91
1	555	28	2	0.601202
2	40	17	0	0
3	46	69	13	3.95894
4	229	16	0	0
11	25	19	1	0
12	77	62	13	1.35135
13	5	15	0	0
14	6	52	11	0.810204
Instant	92
1	568	28	2	0.408163
2	33	16	0	0
3	43	70	17	5.63315
4	243	15	0	0
11	25	19	1	0
12	65	57	9	1.3468
13	5	15	0	0
14	7	53	10	0.58158
Instant	93
1	600	28	1	0.293542
2	30	14	0	0
3	35	68	26	5.6213
4	229	16	0	0
11	26	18	0	0
12	54	63	13	3.11448
13	5	15	0	0
14	6	52	9	0.864012
Instant	94
1	620	27	1	0
2	19	15	0	0
3	34	73	20	6.48422
4	243	15	0	0
11	27	18	0	0
12	62	62	13	1.5015
13	5	15	0	0
14	6	56	10	0.779277
Instant	95
1	517	28	2	0.77951
2	12	15	0	0
3	37	68	23	6.47029
4	233	15	0	0
11	23	19	1	0
12	52	57	10	2.77778
13	5	15	0	0
14	6	58	10	0.741864
Instant	96
1	575	28	2	0.0504032
2	19	16	0	0
3	32	65	17	6.84239
4	225	16	0	0
11	25	19	1	0
12	49	53	15	2.61438
13	5	15	0	0
14	6	55	12	0.825482
Instant	97
1	556	28	2	0.313152
2	25	15	0	0
3	56	76	14	3.96175
4	215	16	0	0
11	24	20	0	0
12	48	72	16	2.10027
13	5	15	0	0
14	5	55	10	0.796558
Instant	98
1	585	28	1	0
2	13	15	0	0
3	39	69	14	7.02138
4	232	15	0	0
11	25	19	1	0
12	86	59	10	0.980392
13	5	15	0	0
14	6	53	10	0.83244
Instant	99
1	565	28	1	0.31185
2	16	17	0	0
3	43	67	18	7.46124
4	233	16	0	0
11	24	20	1	0
12	88	60	10	0.653595
13	5	15	0	0
14	6	55	9	0.760994
Instant	100
1	566	27	2	0.0524109
2	29	17	0	0
3	52	65	17	4.24883
4	245	16	0	0
11	24	20	1	0
12	64	52	11	1.65165
13	5	15	0	0
14	6	50	8	0.730799
Instant	101
1	586	27	1	0.286807
2	16	15	0	0
3	34	71	20	7.25076
4	249	16	0	0
11	26	19	1	0
12	56	56	11	1.79739
13	5	15	0	0
14	6	51	9	0.776853
Instant	102
1	591	28	1	0.050813
2	24	14	0	0
3	33	74	21	5.23599
4	240	16	0	0
11	25	20	1	0
12	55	60	13	2.77778
13	5	15	0	0
14	6	50	10	0.701901
Instant	103
1	599	28	2	0
2	27	14	0	0
3	43	74	16	4.7546
4	230	15	0	0
11	26	18	0	0
12	52	52	12	2.7027
13	5	15	0	0
14	6	54	9	0.664783
Instant	104
1	551	28	1	0
2	18	15	0	0
3	46	66	18	6.63314
4	227	15	0	0
11	23	20	1	0.319149
12	45	61	9	3.26797
13	5	15	0	0
14	6	53	9	0.794822
Instant	105
1	580	28	2	0
2	19	15	0	0
3	38	68	17	6.25604
4	223	16	0	0
11	25	20	1	0
12	60	71	11	2.12418
13	5	15	0	0
14	6	52	10	0.81306
Instant	106
1	570	30	2	0.0527426
2	18	15	0	0
3	36	73	15	5.97015
4	238	16	0	0
11	24	19	0	0
12	69	62	14	1.27628
13	5	15	0	0
14	6	52	10	0.80404
Instant	107
1	619	27	2	0.276243
2	25	16	0	0
3	49	64	17	4.25072
4	242	16	0	0
11	27	20	1	0
12	83	56	7	0.816993
13	5	15	0	0
14	6	52	9	0.742358
Instant	108
1	719	29	2	0
2	24	15	0	0
3	51	67	13	4.81844
4	236	16	0	0
11	30	18	0	0
12	87	60	7	0.245098
13	5	15	0	0
14	6	49	11	0.726791
Instant	109
1	838	28	2	0
2	23	16	0	0
3	53	65	18	4.85727
4	241	16	0	0
11	36	21	1	0
12	75	61	11	0.859788
13	5	15	0	0
14	6	53	9	0.723773
Instant	110
1	868	27	2	0
2	21	17	0	0
3	39	71	13	4.56989
4	239	16	0	0
11	37	18	0	0
12	74	53	12	1.64931
13	5	15	0	0
14	6	48	10	0.837531
Instant	111
1	648	30	2	0.473322
2	20	16	0	0
3	40	72	16	7.79093
4	223	16	0	0
11	30	20	1	0
12	89	57	12	0.408497
13	5	15	0	0
14	5	52	10	0.759001
Instant	112
1	811	29	2	0
2	20	14	0	0
3	32	67	25	6.44279
4	226	16	0	0
11	35	20	1	0
12	53	55	10	2.4024
13	5	15	0	0
14	6	56	9	0.752629
Instant	113
1	846	28	2	0.0346741
2	26	15	0	0
3	44	70	15	6.09345
4	233	16	0	0
11	37	18	0	0
12	68	52	14	1.87908
13	5	15	0	0
14	6	56	10	0.735053
Instant	114
1	803	28	2	0.181951
2	29	16	0	0
3	47	62	19	5.30303
4	241	16	0	0
11	35	19	1	0
12	75	57	13	1.63399
13	5	15	0	0
14	7	53	10	0.612803
Instant	115
1	755	29	2	0.89955
2	36	16	0	0
3	38	74	20	5.32474
4	236	16	0	0
11	34	19	1	0
12	58	66	12	1.12613
13	5	15	0	0
14	6	55	11	0.855306
Instant	116
1	696	28	3	0.168919
2	30	16	0	0
3	30	75	24	4.65235
4	241	16	0	0
11	30	19	0	0
12	87	62	9	1.30719
13	5	15	0	0
14	6	50	10	0.747008
Instant	117
1	544	30	3	0.804721
2	23	15	0	0
3	39	78	12	9.31225
4	237	16	0	0
11	24	20	1	0
12	63	50	10	1.96078
13	5	15	0	0
14	6	50	10	0.814713
Instant	118
1	554	26	1	0.306748
2	23	17	0	0
3	39	68	22	5.23535
4	238	16	0	0
11	24	20	1	0
12	57	63	8	2.02703
13	5	15	0	0
14	6	55	11	0.779739
Instant	119
1	591	27	2	0
2	20	17	0	0
3	49	60	21	4.85144
4	237	16	0	0
11	25	20	1	0
12	71	65	7	1.30719
13	5	15	0	0
14	6	49	10	0.735354
