	T	D	J	LP
Instant	0
1	0	0	0	0
2	0	0	0	0
3	0	0	0	0
4	0	0	0	0
11	0	0	0	0
12	0	0	0	0
13	0	0	0	0
14	0	0	0	0
Instant	1
1	285	29	2	0
2	14	15	0	0
3	24	50	15	2.19298
4	69	16	1	0
11	11	19	0	0
12	40	58	7	6.64251
13	1	15	0	0
14	1	50	12	0.354885
Instant	2
1	1294	29	3	0.225225
2	32	15	0	0
3	26	64	22	5.28053
4	369	22	2	0.0687368
11	56	19	0	0
12	58	48	6	0
13	4	15	0	0
14	10	49	10	0.712152
Instant	3
1	1318	29	3	0
2	33	16	0	0
3	44	70	17	4.38144
4	365	19	1	0
11	58	19	0	0
12	38	51	13	0.408497
13	4	15	0	0
14	9	49	11	0.760197
Instant	4
1	1120	28	2	0.0797872
2	29	16	0	0
3	23	78	18	7.63423
4	365	20	1	0.00329859
11	48	19	0	0
12	31	61	10	0.975976
13	4	15	0	0
14	9	50	10	0.965023
Instant	5
1	1035	29	2	0.167038
2	29	15	0	0
3	27	64	22	5.77558
4	373	20	2	0.0078123
11	46	18	0	0
12	43	53	18	0.408497
13	4	15	0	0
14	11	52	10	0.672397
Instant	6
1	959	31	3	0.186104
2	18	16	1	0
3	25	66	16	5.44759
4	356	18	1	0
11	41	19	0	0
12	44	48	7	0.571895
13	4	15	0	0
14	10	51	10	0.675054
Instant	7
1	936	28	3	0.125
2	19	15	0	0
3	28	73	17	5.71672
4	349	18	1	0
11	40	18	0	0
12	34	56	10	0.750751
13	4	15	0	0
14	10	51	10	0.651718
Instant	8
1	874	28	3	0
2	23	17	0	0
3	26	76	17	6.29195
4	338	18	1	0
11	39	19	1	0
12	48	56	13	0
13	4	15	0	0
14	10	51	11	0.789339
Instant	9
1	833	28	2	0.0358166
2	22	16	0	0
3	19	70	17	6.14478
4	336	17	1	0
11	36	19	0	0
12	42	53	12	0.163399
13	4	15	0	0
14	9	52	11	0.769979
Instant	10
1	831	28	2	0
2	29	15	0	0
3	35	63	20	5.93682
4	321	17	0	0
11	36	19	1	0
12	25	42	12	1.12613
13	4	15	0	0
14	9	48	10	0.592105
Instant	11
1	820	29	3	0.0343407
2	27	15	0	0
3	29	58	26	7.11184
4	346	18	1	0
11	37	18	0	0
12	34	46	14	0.898693
13	4	15	0	0
14	11	53	11	0.602912
Instant	12
1	744	28	2	0.764895
2	27	15	0	0
3	29	69	18	6.58333
4	315	17	0	0
11	32	19	0	0
12	35	58	12	0.571895
13	4	15	0	0
14	9	52	9	0.711277
Instant	13
1	747	27	2	0.231125
2	26	15	0	0
3	38	68	14	6.31635
4	324	17	0	0
11	33	19	1	0
12	38	51	9	0.396825
13	5	15	0	0
14	10	52	8	0.497949
Instant	14
1	752	27	2	0.315956
2	31	15	0	0
3	27	74	20	6.99301
4	328	17	0	0
11	32	18	0	0
12	51	52	9	0.0816993
13	4	15	0	0
14	10	53	11	0.522551
Instant	15
1	697	27	2	0
2	43	16	0	0
3	34	66	16	5.05465
4	343	17	1	0
11	31	20	1	0
12	39	61	11	0.898693
13	4	15	0	0
14	10	49	9	0.619835
Instant	16
1	750	27	1	0
2	31	16	0	0
3	29	73	22	6.2709
4	319	17	1	0
11	33	19	0	0
12	31	63	8	0.750751
13	4	15	0	0
14	9	46	9	0.577965
Instant	17
1	729	28	2	0.28135
2	29	15	0	0
3	27	66	14	4.36374
4	300	16	0	0
11	31	19	0	0
12	40	54	14	0.326797
13	4	15	0	0
14	9	47	10	0.635851
Instant	18
1	682	29	2	0.0423012
2	40	15	0	0
3	31	76	13	8.47603
4	309	17	0	0
11	30	19	0	0
12	31	56	14	0.816993
13	4	15	0	0
14	9	48	9	0.649351
Instant	19
1	714	29	2	0
2	33	17	0	0
3	29	71	20	5.65584
4	301	17	0	0
11	30	18	0	0
12	35	50	10	1.05105
13	4	15	0	0
14	9	53	9	0.671087
Instant	20
1	622	28	2	0.0463822
2	27	16	0	0
3	17	76	16	5.32646
4	304	17	0	0
11	27	20	1	0.56391
12	19	53	10	0.980392
13	4	15	0	0
14	9	47	8	0.499622
Instant	21
1	645	28	1	0
2	17	16	0	0
3	28	69	18	8.30574
4	291	16	0	0
11	27	20	1	0
12	32	61	15	1.55229
13	4	15	0	0
14	9	49	9	0.578902
Instant	22
1	632	27	2	0
2	21	17	0	0
3	29	76	15	5.1794
4	294	17	0	0
11	26	19	0	0.462963
12	31	56	15	0.975976
13	4	15	0	0
14	9	50	10	0.496343
Instant	23
1	538	28	1	0.890985
2	11	16	0	0
3	18	77	17	6.22222
4	311	17	0	0
11	24	19	0	0
12	33	77	10	0.816993
13	4	15	0	0
14	10	49	9	0.45177
Instant	24
1	601	27	3	0.389864
2	31	17	0	0
3	30	61	22	7.17514
4	301	17	0	0
11	26	19	0	0
12	42	54	9	0.326797
13	4	15	0	0
14	9	51	9	0.614164
Instant	25
1	767	26	2	0
2	32	17	0	0
3	25	78	27	7.11451
4	300	16	0	0
11	33	18	0	0
12	40	59	12	0.330688
13	4	15	0	0
14	10	48	9	0.511444
Instant	26
1	678	28	3	0
2	24	16	0	0
3	19	78	16	6.81287
4	314	17	0	0
11	31	19	0	0
12	46	62	10	0
13	4	15	0	0
14	10	45	10	0.574678
Instant	27
1	702	26	1	0.772358
2	20	16	0	0
3	34	63	24	6.13739
4	317	17	0	0
11	31	18	0	0
12	50	59	10	0.326797
13	4	15	0	0
14	10	51	9	0.45667
Instant	28
1	709	27	2	0.876461
2	26	17	0	0
3	21	62	28	6.51815
4	293	17	0	0
11	30	19	0	0
12	43	70	9	0.154321
13	4	15	0	0
14	9	52	11	0.523972
Instant	29
1	723	27	2	0
2	26	16	0	0
3	24	69	19	5.54608
4	291	16	0	0
11	32	19	0	0
12	38	50	11	0.653595
13	4	15	0	0
14	9	50	9	0.563227
Instant	30
1	716	27	2	0
2	23	16	0	0
3	23	70	19	7.17189
4	297	16	0	0
11	31	18	1	0
12	31	46	5	0.326797
13	4	15	0	0
14	9	47	10	0.577098
Instant	31
1	692	31	2	0.0413223
2	30	15	0	0
3	23	75	20	7.75386
4	297	17	0	0
11	30	18	0	0
12	32	55	11	1.57658
13	4	15	0	0
14	9	48	9	0.599276
Instant	32
1	707	28	2	0.249169
2	32	16	0	0
3	15	69	11	5.97372
4	311	17	0	0
11	30	18	0	0
12	17	48	18	1.63399
13	4	15	0	0
14	9	49	9	0.555004
Instant	33
1	670	28	2	0.424448
2	36	16	0	0
3	24	69	22	6.90236
4	309	17	0	0
11	30	19	0	0
12	39	59	7	0.653595
13	4	15	0	0
14	10	51	10	0.473225
Instant	34
1	694	26	1	0
2	33	16	0	0
3	26	71	21	4.03868
4	307	16	0	0
11	29	19	1	0.506757
12	41	51	9	0.45045
13	4	15	0	0
14	10	51	9	0.58267
Instant	35
1	586	29	1	0.343137
2	29	16	0	0
3	30	76	15	7.62527
4	311	17	0	0
11	26	20	1	0
12	22	61	16	1.38889
13	4	15	0	0
14	10	47	8	0.456706
Instant	36
1	655	25	1	0
2	32	15	0	0
3	20	63	22	7.28814
4	303	16	0	0
11	28	19	0	0
12	36	62	11	0.816993
13	4	15	0	0
14	9	52	8	0.540291
Instant	37
1	626	27	1	0.56926
2	28	15	0	0
3	27	67	20	6.82068
4	291	16	0	0
11	26	19	1	0
12	34	45	11	0.595238
13	4	15	0	0
14	9	47	8	0.646993
Instant	38
1	633	29	2	0
2	19	16	0	0
3	29	71	17	4.23542
4	304	17	0	0
11	28	20	1	0
12	31	56	13	1.22549
13	4	15	0	0
14	9	47	9	0.543752
Instant	39
1	565	29	2	0.360082
2	14	17	0	0
3	19	68	15	7.04698
4	278	16	0	0
11	25	20	1	0
12	45	57	10	0.571895
13	4	15	0	0
14	8	50	9	0.570776
Instant	40
1	694	27	1	0
2	14	15	0	0
3	25	64	21	9.73193
4	275	16	0	0
11	29	19	1	0
12	36	60	13	0.3003
13	4	15	0	0
14	8	50	10	0.544272
Instant	41
1	702	28	2	0.123355
2	23	14	0	0
3	21	73	15	5.08772
4	280	16	0	0
11	31	20	0	0
12	38	53	11	0.653595
13	4	15	0	0
14	8	53	10	0.625774
Instant	42
1	526	28	1	0.541126
2	32	15	0	0
3	36	64	25	3.86513
4	283	16	0	0
11	23	19	1	0.429185
12	39	60	10	0.816993
13	4	15	0	0
14	8	46	8	0.558393
Instant	43
1	593	27	1	0.296443
2	34	16	0	0
3	32	72	21	8.55482
4	292	16	0	0
11	25	19	0	0
12	28	60	11	0.600601
13	4	15	0	0
14	9	48	12	0.499573
Instant	44
1	599	28	1	0
2	43	16	0	0
3	27	72	16	6.37931
4	287	16	0	0
11	25	19	0	0
12	23	69	18	1.79739
13	4	15	0	0
14	9	49	9	0.579421
Instant	45
1	592	27	1	0
2	33	15	0	0
3	22	75	20	6.41026
4	269	16	0	0
11	25	19	1	0
12	32	53	10	0.980392
13	4	15	0	0
14	8	49	9	0.640431
Instant	46
1	609	28	2	0
2	26	17	0	0
3	32	69	19	5.70776
4	265	16	0	0
11	26	18	0	0
12	30	39	10	0.825826
13	4	15	0	0
14	8	48	9	0.570438
Instant	47
1	623	25	1	0
2	14	17	0	0
3	30	77	18	5.66202
4	299	16	0	0
11	27	20	1	0
12	32	54	21	1.38889
13	4	15	0	0
14	9	51	10	0.486093
Instant	48
1	620	26	1	0
2	17	16	0	0
3	24	71	20	6.06596
4	263	16	0	0
11	27	18	0	0
12	27	61	22	1.30719
13	4	15	0	0
14	8	50	10	0.620825
Instant	49
1	606	28	2	0
2	22	16	0	0
3	20	75	15	5.90858
4	294	17	0	0
11	26	19	1	0
12	32	43	6	0.529101
13	4	15	0	0
14	9	49	9	0.515716
Instant	50
1	588	27	1	0
2	28	16	0	0
3	21	75	18	7.57062
4	305	17	0	0
11	25	20	1	0
12	48	50	9	0
13	4	15	0	0
14	10	47	8	0.407361
Instant	51
1	591	28	2	0
2	25	16	0	0
3	20	70	22	7.85634
4	277	16	0	0
11	25	19	1	0
12	35	64	13	0.571895
13	4	15	0	0
14	8	54	11	0.604099
Instant	52
1	571	28	1	0
2	32	16	0	0
3	31	72	19	5
4	268	16	0	0
11	25	20	0	0
12	31	55	15	0.925926
13	4	15	0	0
14	8	51	8	0.625849
Instant	53
1	600	26	1	0.29703
2	29	16	0	0
3	18	73	17	7.73606
4	286	16	0	0
11	26	18	0	0
12	33	60	15	0.735294
13	4	15	0	0
14	9	50	10	0.509172
Instant	54
1	620	27	1	0
2	40	16	0	0
3	23	67	19	5.37825
4	279	16	0	0
11	27	18	0	0
12	26	67	19	1.87908
13	4	15	0	0
14	8	50	10	0.624054
Instant	55
1	610	27	2	0
2	22	15	0	0
3	34	69	21	7.10702
4	277	16	0	0
11	26	19	1	0
12	39	58	12	0.525526
13	4	15	0	0
14	8	45	11	0.623446
Instant	56
1	585	28	1	0
2	21	16	0	0
3	30	76	12	5.9247
4	293	16	0	0
11	26	19	1	0
12	34	54	17	0.816993
13	4	15	0	0
14	9	50	10	0.500296
Instant	57
1	566	27	2	0.607287
2	27	15	0	0
3	23	71	18	6.03544
4	285	16	0	0
11	25	19	1	0
12	44	61	13	0.326797
13	4	15	0	0
14	8	48	9	0.604717
Instant	58
1	494	28	2	0.884434
2	23	16	0	0
3	26	74	22	8.30479
4	325	17	0	0
11	21	18	0	0
12	30	59	7	0.750751
13	4	15	0	0
14	10	46	7	0.525503
Instant	59
1	585	27	1	0
2	40	17	0	0
3	28	73	21	5.34539
4	303	16	0	0
11	25	20	1	0
12	43	53	12	0.490196
13	4	15	0	0
14	9	51	10	0.551971
Instant	60
1	596	28	1	0
2	14	17	0	0
3	24	73	14	6.6092
4	295	16	0	0
11	26	19	1	0
12	44	60	12	0.245098
13	4	15	0	0
14	9	50	9	0.591398
Instant	61
1	613	27	1	0
2	25	16	0	0
3	38	70	13	4.42623
4	297	17	0	0
11	26	19	0	0
12	37	56	12	0.462963
13	4	15	0	0
14	9	50	9	0.463231
Instant	62
1	598	27	1	0
2	23	15	0	0
3	19	79	17	7.30634
4	281	16	0	0
11	26	19	1	0
12	33	54	17	0.898693
13	4	15	0	0
14	8	50	8	0.602513
Instant	63
1	592	28	2	0
2	24	16	0	0
3	36	62	23	6.30342
4	286	16	0	0
11	25	20	1	0
12	35	68	12	0.653595
13	5	15	0	0
14	8	47	9	0.572801
Instant	64
1	565	27	2	0
2	23	16	0	0
3	23	59	21	5.21542
4	283	16	0	0
11	24	19	1	0.3125
12	34	67	13	0.900901
13	4	15	0	0
14	9	51	10	0.64377
Instant	65
1	597	28	1	0
2	19	16	0	0
3	31	66	14	5.8223
4	289	16	0	0
11	26	18	0	0
12	30	63	15	1.30719
13	4	15	0	0
14	9	48	9	0.528968
Instant	66
1	621	27	1	0
2	22	17	0	0
3	21	65	18	8.08903
4	261	16	0	0
11	27	18	0	0
12	22	64	11	1.06209
13	4	15	0	0
14	7	56	9	0.647782
Instant	67
1	606	25	1	0.290698
2	39	15	0	0
3	25	71	26	5.41383
4	289	16	0	0
11	26	20	1	0
12	26	70	9	1.2012
13	4	15	0	0
14	9	52	10	0.521664
Instant	68
1	571	27	1	0
2	37	15	0	0
3	33	67	23	6.03448
4	271	16	0	0
11	25	19	0	0
12	44	64	9	0.78125
13	5	15	0	0
14	8	50	10	0.560665
Instant	69
1	577	28	2	0.351406
2	28	15	0	0
3	23	68	22	6.37584
4	283	16	0	0
11	25	19	0	0
12	32	60	14	0.898693
13	4	15	0	0
14	8	51	9	0.688602
Instant	70
1	576	29	2	0
2	23	16	0	0
3	21	67	23	6.58046
4	286	16	0	0
11	24	19	1	0
12	35	52	6	0.750751
13	4	15	0	0
14	9	46	9	0.521252
Instant	71
1	560	26	2	0.316456
2	22	14	0	0
3	22	72	20	9.32203
4	295	16	0	0
11	24	19	1	0
12	36	48	12	0.898693
13	4	15	0	0
14	9	51	9	0.53639
Instant	72
1	571	29	2	0.149105
2	27	16	0	0
3	28	69	19	5.40174
4	275	17	0	0
11	25	19	0	0
12	32	56	11	0.841751
13	4	15	0	0
14	8	49	10	0.613027
Instant	73
1	601	28	2	0
2	34	16	0	0
3	22	68	19	5.53653
4	289	16	0	0
11	26	19	0	0
12	28	47	14	0.813008
13	4	15	0	0
14	9	50	8	0.569011
Instant	74
1	606	28	1	0
2	28	16	0	0
3	24	72	16	5.85893
4	269	16	0	0
11	26	19	0	0
12	33	60	9	0.816993
13	4	15	0	0
14	8	49	9	0.566389
Instant	75
1	592	27	1	0
2	22	16	0	0
3	26	70	17	6.52174
4	302	17	1	0
11	25	20	1	0
12	46	68	15	0.589226
13	4	15	0	0
14	9	50	9	0.585327
Instant	76
1	585	27	2	0.504032
2	34	16	0	0
3	27	70	20	8.14081
4	272	17	0	0
11	25	19	1	0
12	41	58	10	0.385802
13	4	15	0	0
14	8	51	9	0.631998
Instant	77
1	563	27	2	0
2	27	16	0	0
3	22	75	21	6.466
4	265	16	0	0
11	24	20	1	0.3125
12	26	58	12	0.868056
13	4	15	0	0
14	8	51	9	0.641583
Instant	78
1	578	28	1	0.297619
2	20	15	0	0
3	24	74	13	3.86313
4	269	16	0	0
11	25	19	0	0
12	46	49	5	0.520833
13	4	15	0	0
14	7	55	9	0.633002
Instant	79
1	613	27	1	0
2	22	16	0	0
3	29	72	18	7.2165
4	288	16	0	0
11	26	18	0	0
12	32	51	10	0.825826
13	4	15	0	0
14	9	52	8	0.589411
Instant	80
1	531	30	2	0.749465
2	27	15	0	0
3	21	73	19	4.97312
4	270	16	0	0
11	24	18	0	0
12	44	59	11	0.0841751
13	4	15	0	0
14	8	54	9	0.572628
Instant	81
1	549	29	2	0.0520833
2	26	16	0	0
3	20	70	21	6.56214
4	280	17	0	0
11	24	19	0	0
12	45	64	11	0.0841751
13	4	15	0	0
14	8	48	9	0.569039
Instant	82
1	613	27	1	0
2	29	15	0	0
3	30	72	15	8.72093
4	265	16	0	0
11	25	20	1	0
12	35	56	16	0.634921
13	4	15	0	0
14	8	52	9	0.605699
Instant	83
1	569	28	2	0.151822
2	33	15	0	0
3	15	77	17	5.34699
4	285	16	0	0
11	25	19	1	0
12	23	66	12	1.3468
13	4	15	0	0
14	9	50	9	0.481838
Instant	84
1	592	29	2	0
2	18	16	0	0
3	31	78	17	5.22552
4	283	16	0	0
11	25	19	1	0
12	29	54	11	1.0101
13	4	15	0	0
14	8	46	10	0.588974
Instant	85
1	606	28	1	0
2	34	16	0	0
3	21	57	32	11.369
4	286	16	0	0
11	26	18	0	0
12	35	70	18	0.498575
13	4	15	0	0
14	9	49	11	0.463274
Instant	86
1	606	26	1	0
2	23	16	0	0
3	21	70	30	5.74324
4	295	16	0	0
11	26	18	0	0.290698
12	43	71	12	0.326797
13	4	15	0	0
14	9	48	9	0.505231
Instant	87
1	613	26	1	0
2	15	17	0	0
3	18	70	20	5.75601
4	292	17	0	0
11	26	19	1	0
12	23	69	12	1.47059
13	4	15	0	0
14	9	49	7	0.560331
Instant	88
1	619	27	1	0.0468165
2	26	16	0	0
3	21	76	18	6.64924
4	292	16	0	0
11	27	18	0	0
12	41	50	9	0.675676
13	4	15	0	0
14	9	47	8	0.450599
Instant	89
1	554	27	1	0.366876
2	23	16	0	0
3	24	70	19	8.27796
4	273	16	0	0
11	24	18	0	0
12	23	60	11	0.898693
13	4	15	0	0
14	8	53	9	0.644583
Instant	90
1	654	26	1	0
2	23	14	0	0
3	18	72	17	5.05226
4	257	16	0	0
11	28	20	1	0
12	40	52	13	0.954861
13	4	15	0	0
14	8	52	10	0.617284
Instant	91
1	588	29	2	0
2	27	16	0	0
3	22	68	17	8.51001
4	281	17	0	0
11	26	19	1	0
12	27	61	11	1.05105
13	4	15	0	0
14	9	52	9	0.482145
Instant	92
1	526	29	2	0.704989
2	31	17	0	0
3	25	66	17	6.25692
4	271	17	0	0
11	23	19	1	0
12	26	68	13	1.09428
13	4	15	0	0
14	8	46	12	0.550481
Instant	93
1	641	29	3	0
2	23	16	0	0
3	28	72	20	4.72222
4	280	16	0	0
11	27	19	0	0
12	35	64	16	0.841751
13	4	15	0	0
14	9	51	10	0.582707
Instant	94
1	715	26	1	0
2	21	15	0	0
3	30	69	17	6.96767
4	281	16	0	0
11	31	19	1	0
12	43	56	11	0.0750751
13	4	15	0	0
14	8	51	9	0.520655
Instant	95
1	602	30	2	0.590551
2	37	15	0	0
3	24	72	17	7.90378
4	284	16	0	0
11	26	19	1	0
12	39	64	11	0.326797
13	4	15	0	0
14	9	48	10	0.503174
Instant	96
1	702	27	2	0.250836
2	21	15	0	0
3	18	66	17	6.14508
4	288	16	0	0
11	30	21	2	0
12	44	42	5	0.245098
13	4	15	0	0
14	9	48	10	0.598262
Instant	97
1	734	27	2	0
2	30	15	0	0
3	25	74	16	6.34921
4	269	17	0	0
11	33	19	1	0
12	40	50	10	0.338753
13	4	15	0	0
14	8	47	9	0.526957
Instant	98
1	732	27	2	0.807754
2	25	16	0	0
3	27	65	19	6.41466
4	267	16	0	0
11	31	18	0	0
12	43	56	9	0.816993
13	4	15	0	0
14	8	52	9	0.650118
Instant	99
1	685	28	2	0.977199
2	24	16	0	0
3	21	68	22	7.73026
4	265	16	0	0
11	31	19	1	0
12	41	65	10	0.245098
13	4	15	0	0
14	8	52	10	0.586744
Instant	100
1	683	28	2	0
2	21	17	0	0
3	32	65	16	6.71296
4	252	16	0	0
11	29	20	1	0
12	34	52	11	0.375375
13	4	15	0	0
14	7	53	10	0.640977
Instant	101
1	700	27	2	0
2	28	16	0	0
3	18	70	17	6.22867
4	274	16	0	0
11	30	20	1	0
12	34	58	15	1.14379
13	4	15	0	0
14	8	49	9	0.562487
Instant	102
1	683	27	1	0.130435
2	30	16	0	0
3	22	72	17	6.92529
4	271	16	0	0
11	29	18	0	0
12	20	71	11	1.30719
13	4	15	0	0
14	8	51	8	0.544674
Instant	103
1	619	28	2	0.136861
2	20	15	0	0
3	19	65	17	6.4562
4	262	16	0	0
11	28	20	1	0
12	43	55	7	0.600601
13	4	15	0	0
14	8	47	9	0.606425
Instant	104
1	574	28	3	0.352823
2	27	15	0	0
3	26	71	21	5.75461
4	288	17	0	0
11	25	19	1	0
12	43	42	9	0.490196
13	4	15	0	0
14	9	49	9	0.502075
Instant	105
1	570	27	1	0.301811
2	23	17	0	0
3	26	69	14	7.41042
4	285	16	0	0
11	25	20	1	0
12	41	52	11	0.326797
13	4	15	0	0
14	9	50	8	0.611436
Instant	106
1	634	25	1	0.046729
2	34	16	0	0
3	26	63	25	5.76923
4	262	16	0	0
11	27	18	0	0
12	15	61	15	1.42643
13	4	15	0	0
14	7	49	10	0.619167
Instant	107
1	606	28	1	0
2	28	15	0	0
3	26	73	15	5.21858
4	294	17	0	0
11	25	19	1	0
12	27	54	12	1.30719
13	4	15	0	0
14	9	50	9	0.475044
Instant	108
1	602	28	1	0.0478927
2	19	15	0	0
3	25	70	14	5.07127
4	270	16	0	0
11	26	18	0	0
12	23	61	19	1.55229
13	4	15	0	0
14	8	48	8	0.583298
Instant	109
1	543	27	3	0.634249
2	25	16	0	0
3	23	71	21	8.48161
4	281	17	0	0
11	24	19	1	0
12	38	58	13	0.396825
13	4	15	0	0
14	9	49	10	0.500886
Instant	110
1	602	27	1	0
2	29	15	0	0
3	21	65	18	6.92529
4	276	16	0	0
11	26	18	0	0
12	24	55	12	1.12847
13	4	15	0	0
14	8	49	10	0.576429
Instant	111
1	599	28	1	0
2	31	16	0	0
3	23	79	22	7.31236
4	247	16	0	0
11	25	19	1	0
12	30	63	14	1.47059
13	4	15	0	0
14	8	53	9	0.631636
Instant	112
1	584	28	2	0
2	27	16	0	0
3	24	69	16	3.60656
4	276	16	0	0
11	25	20	1	0
12	36	67	13	0.900901
13	4	15	0	0
14	8	47	10	0.470879
Instant	113
1	621	28	2	0
2	22	18	0	0
3	40	65	22	7.17368
4	282	16	0	0
11	26	18	0	0
12	36	67	12	0.571895
13	4	15	0	0
14	9	49	9	0.529849
Instant	114
1	575	29	2	0
2	31	16	0	0
3	23	69	18	7.13898
4	263	16	0	0
11	25	19	0	0
12	37	56	10	0.408497
13	4	15	0	0
14	8	54	10	0.584053
Instant	115
1	588	28	1	0.050813
2	49	15	0	0
3	18	69	22	7.66317
4	271	16	0	0
11	25	20	1	0
12	38	60	10	0.375375
13	4	15	0	0
14	8	47	9	0.649351
Instant	116
1	593	28	2	0.0496032
2	36	16	0	0
3	34	65	23	6.32664
4	266	16	0	0
11	26	19	1	0
12	46	53	13	0.571895
13	4	15	0	0
14	8	52	8	0.570875
Instant	117
1	606	26	1	0
2	29	15	0	0
3	31	67	23	5.95647
4	271	16	0	0
11	27	19	1	0
12	25	63	13	1.47059
13	4	15	0	0
14	8	52	11	0.504061
Instant	118
1	620	26	1	0
2	26	15	0	0
3	24	65	22	5.89364
4	274	16	0	0
11	26	19	1	0
12	33	60	18	0.900901
13	4	15	0	0
14	8	50	9	0.564696
Instant	119
1	571	30	2	0
2	32	16	0	0
3	21	67	24	6.52299
4	284	16	0	0
11	24	19	1	0
12	33	54	16	0.735294
13	4	15	0	0
14	9	50	10	0.546199
