	T	D	J	LP
Instant	0
1	0	0	0	0
2	0	0	0	0
3	0	0	0	0
4	0	0	0	0
11	0	0	0	0
12	0	0	0	0
13	0	0	0	0
14	0	0	0	0
Instant	1
1	285	29	2	0
2	7	15	0	0
3	18	48	15	1.96759
4	71	16	0	0
11	11	19	0	0
12	25	55	7	4.86957
13	1	15	0	0
14	1	50	8	0.243262
Instant	2
1	1290	29	3	0.182482
2	27	15	0	0
3	11	68	24	6.07702
4	366	19	1	0.0392849
11	56	19	0	0
12	29	46	6	0.205882
13	3	15	0	0
14	9	53	11	0.898339
Instant	3
1	1355	30	3	0.187813
2	23	16	0	0
3	23	62	21	6.20713
4	379	20	1	0.0566335
11	62	18	0	0
12	23	63	9	0.0882353
13	3	15	0	0
14	10	54	11	0.71474
Instant	4
1	1219	27	2	0.197044
2	26	15	0	0
3	15	78	22	6.00394
4	365	18	1	0.0087594
11	52	19	0	0
12	18	51	11	0.513514
13	3	15	0	0
14	10	49	10	0.725114
Instant	5
1	993	30	3	0
2	25	15	0	0
3	11	73	16	6.23333
4	340	18	1	0.00351055
11	44	18	0	0
12	20	73	7	0.117647
13	3	15	0	0
14	9	48	9	0.840075
Instant	6
1	877	29	3	0
2	15	16	0	0
3	6	77	18	6.45586
4	333	18	1	0
11	38	18	0	0
12	23	61	11	0.382353
13	3	15	0	0
14	9	49	10	0.661735
Instant	7
1	833	29	2	0
2	24	15	0	0
3	11	69	17	7.63889
4	331	17	1	0
11	35	20	0	0
12	20	49	8	0.216216
13	3	15	0	0
14	9	51	11	0.633979
Instant	8
1	855	28	2	0.200803
2	27	17	0	0
3	5	80	26	5.37109
4	302	16	0	0
11	38	20	1	0
12	18	70	15	0.382353
13	3	15	0	0
14	8	51	11	1.00797
Instant	9
1	853	29	2	0.241713
2	13	16	0	0
3	11	73	15	13.0857
4	319	17	0	0
11	37	20	1	0
12	16	54	11	0.411765
13	4	15	0	0
14	10	52	10	0.504717
Instant	10
1	643	29	3	0.792253
2	27	17	0	0
3	13	75	25	6.81818
4	333	16	0	0
11	29	19	1	0
12	20	55	8	0.189189
13	3	15	0	0
14	10	54	10	0.511653
Instant	11
1	885	28	2	0
2	15	17	0	0
3	10	72	22	5.65596
4	314	17	0	0
11	39	19	1	0
12	12	55	20	0.529412
13	3	15	0	0
14	9	47	10	0.706223
Instant	12
1	756	29	2	0
2	31	16	0	0
3	14	69	24	8.62861
4	321	17	0	0
11	32	18	1	0
12	24	50	8	0.147059
13	4	15	0	0
14	9	48	9	0.661184
Instant	13
1	657	28	2	0.35524
2	27	16	0	0
3	13	73	28	5.95703
4	295	16	0	0
11	29	19	1	0
12	21	68	11	0.285714
13	3	15	0	0
14	8	53	11	0.692826
Instant	14
1	610	27	2	0.383142
2	29	16	0	0
3	14	61	22	5
4	290	16	0	0
11	27	19	1	0
12	22	61	8	0.235294
13	3	15	0	0
14	8	51	7	0.610039
Instant	15
1	585	28	1	0
2	23	16	0	0
3	11	72	28	6.40283
4	301	17	0	0
11	25	19	1	0
12	20	57	9	0.529412
13	3	15	0	0
14	9	48	11	0.551061
Instant	16
1	592	29	2	0
2	26	15	0	0
3	6	69	17	4.8
4	294	16	0	0
11	25	18	0	0
12	13	63	19	0.378378
13	4	15	0	0
14	9	50	10	0.640942
Instant	17
1	545	28	2	0.315126
2	31	16	0	0
3	11	69	17	14.6982
4	284	16	0	0
11	24	20	1	0
12	18	51	11	0.411765
13	3	15	0	0
14	7	51	10	0.817844
Instant	18
1	628	26	1	0
2	17	16	0	0
3	12	69	21	4.94186
4	287	16	0	0
11	26	18	0	0
12	15	83	3	0.558824
13	4	15	0	0
14	8	52	11	0.638369
Instant	19
1	599	27	1	0
2	23	16	0	0
3	12	65	18	8.20053
4	299	16	0	0
11	26	19	1	0
12	18	71	17	0.297297
13	3	15	0	0
14	8	52	9	0.696455
Instant	20
1	578	28	2	0.05
2	30	16	0	0
3	7	70	15	4.03333
4	294	16	0	0
11	25	20	1	0
12	14	63	13	0.441176
13	3	15	0	0
14	9	53	8	0.614781
Instant	21
1	562	28	2	0.309917
2	15	16	0	0
3	11	72	20	10.9496
4	288	16	0	0
11	24	20	0	0
12	26	52	5	0.147059
13	4	15	0	0
14	8	49	9	0.562755
Instant	22
1	584	29	1	0.050813
2	18	18	0	0
3	11	64	16	8.13802
4	272	17	0	0
11	25	19	1	0
12	17	46	16	0.378378
13	3	15	0	0
14	8	52	10	0.545806
Instant	23
1	606	27	2	0
2	18	16	0	0
3	6	81	19	6.67318
4	284	16	0	0
11	26	19	1	0
12	14	62	18	0.411765
13	3	15	0	0
14	8	53	9	0.759837
Instant	24
1	543	28	2	0.625
2	28	17	0	0
3	4	71	22	8.13878
4	286	16	0	0
11	24	20	1	0
12	19	76	12	0.5
13	3	15	0	0
14	9	52	10	0.570272
Instant	25
1	573	26	2	0.501002
2	24	16	0	0
3	5	65	24	4.16667
4	281	16	0	0
11	25	19	1	0
12	19	65	18	0.238095
13	3	15	0	0
14	8	55	8	0.568609
Instant	26
1	599	27	2	0.343137
2	27	16	0	0
3	8	68	15	8.66667
4	278	16	0	0
11	26	19	0	0
12	16	59	12	0.411765
13	4	15	0	0
14	8	50	7	0.720327
Instant	27
1	536	28	2	0.368421
2	25	15	0	0
3	11	74	24	11.5283
4	251	16	0	0
11	24	19	1	0
12	28	58	14	0.176471
13	4	15	0	0
14	7	52	10	0.659947
Instant	28
1	592	28	2	0
2	30	15	0	0
3	8	57	23	6.09834
4	265	16	0	0
11	26	18	0	0
12	12	54	17	0.444444
13	3	15	0	0
14	8	52	11	0.582658
Instant	29
1	560	28	2	0.366109
2	23	16	0	0
3	9	82	21	8.36763
4	277	16	0	0
11	24	20	1	0
12	20	63	7	0.294118
13	3	15	0	0
14	8	51	10	0.608705
Instant	30
1	592	27	1	0
2	35	15	0	0
3	11	69	19	7.15198
4	269	16	0	0
11	26	19	1	0
12	27	56	12	0.176471
13	3	15	0	0
14	8	52	9	0.595833
Instant	31
1	577	27	1	0.300601
2	28	15	0	0
3	5	70	11	4.21607
4	271	16	0	0
11	25	18	0	0
12	24	49	10	0.135135
13	3	15	0	0
14	8	50	10	0.640528
Instant	32
1	614	27	1	0.287356
2	11	15	1	0
3	7	76	27	9.58165
4	282	16	0	0
11	26	18	0	0
12	5	47	13	0.764706
13	3	15	0	0
14	8	53	8	0.548589
Instant	33
1	585	27	1	0
2	26	15	0	0
3	13	73	18	5.45752
4	282	16	0	0
11	25	19	1	0.301205
12	12	58	20	0.676471
13	3	15	0	0
14	8	49	10	0.61642
Instant	34
1	606	28	1	0
2	32	15	0	0
3	5	77	11	7.62769
4	283	16	0	0
11	26	19	1	0
12	13	64	6	0.432432
13	3	15	0	0
14	9	53	10	0.531879
Instant	35
1	594	28	2	0
2	32	15	0	0
3	7	69	28	8.46405
4	287	16	0	0
11	25	19	1	0
12	19	62	13	0.411765
13	4	15	0	0
14	9	50	9	0.584034
Instant	36
1	629	25	1	0
2	33	15	0	0
3	9	79	16	9.68468
4	259	16	0	0
11	27	19	1	0
12	19	64	14	0.294118
13	4	15	0	0
14	7	51	10	0.651997
Instant	37
1	620	26	1	0
2	27	17	0	0
3	12	71	14	6.32184
4	251	16	0	0
11	26	19	1	0
12	11	64	14	0.5
13	4	15	0	0
14	7	52	10	0.605299
Instant	38
1	620	26	2	0
2	32	16	0	0
3	12	64	23	8.12413
4	275	16	0	0
11	27	19	0	0
12	23	59	12	0.147059
13	3	15	0	0
14	8	49	10	0.58001
Instant	39
1	591	28	2	0
2	27	15	0	0
3	3	67	17	5.06971
4	250	16	0	0
11	26	18	0	0
12	18	57	11	0.352941
13	4	15	0	0
14	7	51	10	0.770255
Instant	40
1	621	27	1	0
2	30	15	0	0
3	16	70	23	7.86479
4	276	16	0	0
11	26	18	0	0
12	13	57	15	0.621622
13	4	15	0	0
14	8	52	9	0.520031
Instant	41
1	625	26	1	0
2	17	16	0	0
3	10	76	17	10.0775
4	269	16	0	0
11	26	18	0	0
12	11	58	18	0.529412
13	3	15	0	0
14	8	49	8	0.708452
Instant	42
1	553	30	3	0.416667
2	22	15	0	0
3	9	75	8	6.67989
4	270	16	0	0
11	24	18	0	0
12	29	58	5	0.176471
13	3	15	0	0
14	8	50	9	0.574835
Instant	43
1	586	29	2	0
2	30	16	0	0
3	18	68	17	6.3
4	250	16	0	0
11	25	18	0	0
12	15	57	19	0.405405
13	3	15	0	0
14	7	49	9	0.625048
Instant	44
1	587	27	2	0
2	18	16	0	0
3	8	76	13	7.01416
4	267	16	0	0
11	25	21	1	0
12	10	60	16	0.382353
13	3	15	0	0
14	8	50	9	0.668555
Instant	45
1	574	27	2	0.308008
2	40	17	0	0
3	3	76	9	5.83671
4	262	16	0	0
11	24	18	0	0
12	20	72	7	0.558824
13	3	15	0	0
14	8	49	10	0.575953
Instant	46
1	592	28	1	0
2	23	15	0	0
3	8	70	16	6.1622
4	270	16	0	0
11	25	19	1	0.297619
12	17	53	14	0.405405
13	3	15	0	0
14	8	49	9	0.661254
Instant	47
1	579	28	1	0.297619
2	32	15	0	0
3	5	77	15	8.49868
4	266	16	0	0
11	25	18	0	0
12	14	53	17	0.529412
13	3	15	0	0
14	7	47	10	0.707191
Instant	48
1	562	28	1	0.298211
2	22	15	0	0
3	11	76	18	10.1361
4	259	16	0	0
11	25	18	0	0
12	14	75	13	0.441176
13	3	15	0	0
14	7	52	9	0.730983
Instant	49
1	583	29	1	0.301811
2	35	15	0	0
3	17	76	19	6.48855
4	259	16	0	0
11	25	18	1	0
12	14	62	13	0.380952
13	3	15	0	0
14	7	51	12	0.658384
Instant	50
1	557	28	2	0.315789
2	17	16	0	0
3	7	72	14	7.96958
4	255	16	0	0
11	24	19	1	0
12	17	71	17	0.441176
13	3	15	0	0
14	7	53	9	0.595507
Instant	51
1	620	26	1	0
2	28	16	0	0
3	13	74	23	5.30612
4	263	16	0	0
11	26	19	1	0
12	28	72	9	0.176471
13	3	15	0	0
14	8	49	12	0.669415
Instant	52
1	513	26	2	0.698925
2	19	15	0	0
3	10	69	15	3.9897
4	264	16	0	0
11	24	19	0	0
12	24	46	6	0.138889
13	3	15	0	0
14	8	55	9	0.59178
Instant	53
1	596	28	2	0.909962
2	35	16	0	0
3	9	83	16	8.36627
4	260	16	0	0
11	26	19	0	0
12	17	56	19	0.441176
13	4	15	0	0
14	8	51	9	0.680524
Instant	54
1	859	28	2	0
2	21	16	0	0
3	8	71	15	7.8373
4	265	16	0	0
11	37	19	1	0
12	24	49	12	0.176471
13	3	15	0	0
14	8	50	9	0.619178
Instant	55
1	787	31	3	0.337331
2	29	15	0	0
3	11	70	23	9.02231
4	257	16	0	0
11	34	18	0	0
12	18	45	10	0.351351
13	3	15	0	0
14	7	55	10	0.634423
Instant	56
1	635	29	2	0
2	28	16	0	0
3	11	69	26	13.3333
4	261	16	0	0
11	28	19	1	0
12	28	47	7	0.0588235
13	4	15	0	0
14	8	56	10	0.609845
Instant	57
1	727	28	2	0.0392465
2	31	16	0	0
3	15	75	13	6.53846
4	269	16	0	0
11	32	19	0	0
12	15	49	4	0.323529
13	3	15	0	0
14	7	49	10	0.639598
Instant	58
1	693	30	3	0.0437063
2	31	17	0	0
3	9	62	24	4.79408
4	269	16	0	0
11	29	21	1	0
12	27	74	10	0.108108
13	3	15	0	0
14	8	53	10	0.676301
Instant	59
1	660	28	2	0
2	29	17	0	0
3	6	81	16	8.99471
4	241	16	0	0
11	28	19	1	0
12	22	57	5	0.235294
13	4	15	0	0
14	7	52	9	0.611354
Instant	60
1	725	26	1	0.237718
2	38	16	0	0
3	11	72	17	5.05465
4	249	16	0	0
11	32	18	0	0
12	26	76	9	0.117647
13	3	15	0	0
14	7	52	10	0.717095
Instant	61
1	717	27	2	0
2	13	16	0	0
3	13	70	15	6.16083
4	242	16	0	0
11	30	18	0	0
12	18	60	16	0.357143
13	3	15	0	0
14	6	47	10	0.775957
Instant	62
1	655	25	2	0.565217
2	22	16	0	0
3	7	74	8	6.60256
4	256	16	0	0
11	29	20	1	0
12	25	59	8	0.147059
13	3	15	0	0
14	8	53	9	0.595818
Instant	63
1	687	28	2	0
2	30	17	0	0
3	6	71	29	8.7415
4	268	16	0	0
11	29	19	1	0
12	31	65	8	0.117647
13	3	15	0	0
14	8	49	10	0.545383
Instant	64
1	685	28	2	0.0421585
2	29	16	0	0
3	8	71	16	12.6615
4	252	16	0	0
11	30	19	0	0
12	8	52	14	0.405405
13	3	15	0	0
14	7	53	10	0.667554
Instant	65
1	622	26	1	0.736648
2	29	16	0	0
3	6	61	17	6.03113
4	242	16	0	0
11	27	19	1	0.273723
12	16	62	10	0.441176
13	3	15	0	0
14	6	49	11	0.751657
Instant	66
1	548	29	3	0.479744
2	25	16	0	0
3	8	75	17	6.80894
4	267	16	0	0
11	24	18	0	0
12	13	53	19	0.852941
13	3	15	0	0
14	8	47	10	0.530124
Instant	67
1	592	27	1	0.390625
2	25	16	0	0
3	11	71	17	8.53018
4	260	16	0	0
11	26	20	1	0
12	23	56	11	0.162162
13	3	15	0	0
14	7	49	8	0.608766
Instant	68
1	595	28	2	0.0490196
2	28	16	0	0
3	9	77	24	6.43045
4	271	16	0	0
11	26	19	1	0
12	15	63	6	0.40625
13	4	15	0	0
14	9	53	8	0.572155
Instant	69
1	564	28	2	0
2	24	16	0	0
3	10	70	22	8.23606
4	265	16	0	0
11	25	20	1	0
12	17	65	15	0.5
13	4	15	0	0
14	7	51	9	0.651672
Instant	70
1	599	29	1	0
2	13	17	0	0
3	8	77	13	4.78088
4	265	16	0	0
11	25	18	0	0
12	25	63	14	0.0810811
13	3	15	0	0
14	8	49	9	0.616394
Instant	71
1	613	26	1	0
2	17	15	0	0
3	12	73	19	9.91436
4	269	16	0	0
11	27	19	1	0
12	18	63	13	0.294118
13	4	15	0	0
14	7	48	11	0.728415
Instant	72
1	599	27	1	0
2	22	15	0	0
3	15	70	21	7.90682
4	264	16	0	0
11	26	19	1	0
12	22	63	14	0.30303
13	3	15	0	0
14	8	56	11	0.521251
Instant	73
1	592	27	1	0.301205
2	38	15	0	0
3	6	74	15	5.97113
4	263	16	0	0
11	25	19	0	0
12	16	61	10	0.292683
13	3	15	0	0
14	8	53	11	0.540432
Instant	74
1	600	25	1	0
2	28	17	0	0
3	15	54	26	7.23514
4	274	16	0	0
11	26	19	0	0
12	3	49	27	0.882353
13	3	15	0	0
14	8	48	9	0.595321
Instant	75
1	592	28	2	0
2	29	15	0	0
3	4	82	14	3.75494
4	269	16	0	0
11	26	19	1	0
12	13	85	15	0.848485
13	3	15	0	0
14	8	55	9	0.562379
Instant	76
1	613	27	2	0
2	36	16	0	0
3	8	72	26	7.39972
4	253	16	0	0
11	26	19	1	0
12	23	47	11	0.0277778
13	3	15	0	0
14	7	51	10	0.659034
Instant	77
1	557	32	3	0
2	34	16	0	0
3	7	67	30	11.7684
4	277	16	0	0
11	24	19	1	0
12	15	58	23	0.5625
13	3	15	0	0
14	8	52	9	0.585951
Instant	78
1	592	28	1	0
2	30	17	0	0
3	7	74	16	5.73123
4	264	16	0	0
11	26	19	0	0
12	4	55	13	0.71875
13	4	15	0	0
14	8	53	10	0.617864
Instant	79
1	556	29	1	0.320513
2	28	16	0	0
3	14	62	32	5.67585
4	262	16	0	0
11	23	20	1	0
12	17	56	23	0.486486
13	3	15	0	0
14	7	50	11	0.626328
Instant	80
1	592	28	1	0
2	18	16	0	0
3	10	71	19	11.7248
4	254	16	0	0
11	26	19	1	0
12	9	64	14	0.515152
13	3	15	0	0
14	7	58	10	0.597392
Instant	81
1	587	27	1	0.389105
2	29	16	0	0
3	8	80	16	8.03453
4	277	16	0	0
11	26	18	0	0
12	15	58	7	0.636364
13	3	15	0	0
14	8	49	9	0.57905
Instant	82
1	603	28	2	0
2	24	16	0	0
3	9	68	21	7.27092
4	261	16	0	0
11	25	19	0	0
12	14	55	14	0.514286
13	3	15	0	0
14	7	52	10	0.545382
Instant	83
1	557	30	2	0
2	25	16	0	0
3	9	68	17	7.90344
4	261	16	0	0
11	24	19	1	0
12	13	55	4	0.424242
13	3	15	0	0
14	7	50	9	0.636732
Instant	84
1	556	29	2	0.316456
2	30	16	0	0
3	13	75	19	5.78431
4	266	16	0	0
11	24	20	1	0
12	16	61	12	0.454545
13	3	15	0	0
14	8	50	9	0.582566
Instant	85
1	597	27	1	0.0486381
2	36	16	0	0
3	8	66	14	8.30078
4	250	16	0	0
11	26	19	1	0
12	10	79	22	0.487179
13	3	15	0	0
14	7	53	11	0.593136
Instant	86
1	562	27	2	0.310559
2	17	16	0	0
3	13	70	16	5.11288
4	282	16	0	0
11	25	19	0	0
12	26	61	9	0.323529
13	3	15	0	0
14	8	48	9	0.585632
Instant	87
1	587	28	1	0
2	31	16	0	0
3	7	77	19	9.44669
4	269	16	0	0
11	25	20	1	0
12	19	59	7	0.147059
13	4	15	0	0
14	8	51	9	0.564177
Instant	88
1	604	27	2	0
2	30	17	0	0
3	11	75	18	7.36434
4	271	16	0	0
11	25	19	1	0
12	15	60	13	0.567568
13	4	15	0	0
14	8	50	10	0.65288
Instant	89
1	567	28	1	0.0504032
2	24	16	0	0
3	9	69	19	6.2
4	269	16	0	0
11	25	20	1	0
12	16	66	12	0.352941
13	3	15	0	0
14	8	47	9	0.515556
Instant	90
1	566	29	2	0.15625
2	23	16	0	0
3	9	70	11	9.04948
4	258	16	0	0
11	24	20	1	0
12	18	69	18	0.34375
13	4	15	0	0
14	8	53	10	0.657846
Instant	91
1	592	27	1	0.0484496
2	36	15	0	0
3	15	79	18	8.07087
4	261	16	0	0
11	26	19	1	0
12	19	42	9	0.405405
13	4	15	0	0
14	7	49	10	0.649088
Instant	92
1	598	28	1	0
2	20	17	0	0
3	7	60	36	5.869
4	250	16	0	0
11	25	20	1	0
12	23	63	8	0.121212
13	3	15	0	0
14	7	51	9	0.691949
Instant	93
1	584	28	2	0
2	24	16	0	0
3	12	76	17	10.2744
4	265	16	0	0
11	26	19	1	0
12	19	51	8	0.424242
13	3	15	0	0
14	8	52	8	0.613908
Instant	94
1	599	29	2	0
2	23	15	0	0
3	12	69	16	4.47471
4	265	16	0	0
11	26	18	0	0
12	22	56	13	0.135135
13	3	15	0	0
14	8	51	9	0.625771
Instant	95
1	611	27	2	0
2	29	16	0	0
3	10	68	26	7.9
4	263	16	0	0
11	26	19	1	0
12	11	66	13	0.441176
13	4	15	0	0
14	7	52	11	0.586451
Instant	96
1	581	28	2	0.0498008
2	37	17	0	0
3	11	76	16	7.50661
4	260	16	0	0
11	25	19	1	0
12	14	58	13	0.617647
13	3	15	0	0
14	7	53	10	0.739098
Instant	97
1	620	26	1	0
2	22	17	0	0
3	6	70	19	6.52174
4	269	16	0	0
11	26	19	0	0
12	16	60	15	0.317073
13	3	15	0	0
14	8	52	9	0.683782
Instant	98
1	569	27	1	0.298211
2	19	18	0	0
3	7	81	19	9.51444
4	255	16	0	0
11	25	19	1	0
12	22	54	9	0.411765
13	3	15	0	0
14	7	51	9	0.643971
Instant	99
1	606	27	1	0.342466
2	24	16	0	0
3	6	78	12	4.69577
4	263	16	0	0
11	26	19	0	0
12	26	48	9	0
13	3	15	0	0
14	7	49	10	0.626959
Instant	100
1	585	28	1	0
2	33	15	0	0
3	9	74	11	8.46253
4	282	16	0	0
11	25	19	1	0
12	7	55	15	0.405405
13	3	15	0	0
14	8	49	10	0.629423
Instant	101
1	534	28	2	0.478723
2	27	16	0	0
3	10	77	17	8.03922
4	270	16	0	0
11	24	18	0	0
12	22	56	6	0.323529
13	3	15	0	0
14	8	56	9	0.581975
Instant	102
1	593	28	2	0
2	25	16	0	0
3	9	68	21	9.85772
4	268	16	0	0
11	25	19	0	0
12	11	59	17	0.705882
13	3	15	0	0
14	8	54	10	0.569521
Instant	103
1	591	28	1	0.339147
2	19	16	0	0
3	13	64	17	5.16796
4	270	16	0	0
11	26	18	0	0
12	6	56	21	0.837838
13	3	15	0	0
14	7	48	9	0.596213
Instant	104
1	613	25	1	0
2	24	15	0	0
3	12	79	17	7.11942
4	272	17	0	0
11	26	20	1	0
12	24	59	10	0.264706
13	3	15	0	0
14	8	48	10	0.648338
Instant	105
1	584	28	2	0
2	25	15	0	0
3	5	74	13	5.4902
4	279	16	0	0
11	25	19	1	0
12	21	55	12	0.176471
13	3	15	0	0
14	9	53	9	0.486035
Instant	106
1	593	28	1	0
2	25	15	0	0
3	13	73	22	9.90814
4	251	16	0	0
11	26	19	1	0
12	18	62	17	0.378378
13	3	15	0	0
14	7	52	10	0.652622
Instant	107
1	611	28	1	0
2	30	15	0	0
3	9	69	13	7.29585
4	263	16	0	0
11	26	18	0	0
12	19	57	11	0.294118
13	3	15	0	0
14	8	53	10	0.584624
Instant	108
1	596	28	1	0
2	20	15	0	0
3	10	77	16	8.99734
4	255	16	0	0
11	26	18	0	0
12	18	67	9	0.5
13	3	15	0	0
14	7	50	10	0.692676
Instant	109
1	612	28	2	0.0478927
2	22	16	0	0
3	12	76	16	8.00395
4	268	16	0	0
11	26	18	0	0
12	12	61	15	0.333333
13	3	15	0	0
14	8	52	11	0.530124
Instant	110
1	571	29	2	0
2	31	15	0	0
3	12	67	23	8.16667
4	288	16	0	0
11	24	19	1	0
12	9	73	11	0.90625
13	3	15	0	0
14	9	51	9	0.566101
Instant	111
1	585	28	1	0
2	32	16	0	0
3	8	76	15	5.76416
4	281	16	0	0
11	24	20	1	0
12	23	55	9	0.117647
13	3	15	0	0
14	8	48	10	0.539176
Instant	112
1	589	27	1	0
2	29	16	0	0
3	9	63	23	6.46325
4	254	16	0	0
11	26	19	1	0
12	24	64	9	0.243243
13	3	15	0	0
14	7	51	10	0.691122
Instant	113
1	615	27	2	0
2	22	16	0	0
3	11	72	24	7.59898
4	264	16	0	0
11	26	19	1	0
12	19	52	12	0.264706
13	3	15	0	0
14	7	48	10	0.670909
Instant	114
1	578	27	1	0.297619
2	28	16	0	0
3	7	70	24	6.24157
4	292	16	0	0
11	25	19	1	0
12	16	57	12	0.352941
13	3	15	0	0
14	9	46	7	0.519528
Instant	115
1	577	28	2	0
2	21	16	0	0
3	10	72	12	6.5261
4	273	16	0	0
11	25	20	1	0
12	24	55	7	0.216216
13	3	15	0	0
14	8	52	9	0.625263
Instant	116
1	612	27	2	0
2	36	16	0	0
3	14	75	19	7.95019
4	274	16	0	0
11	26	19	1	0
12	23	53	10	0.147059
13	4	15	0	0
14	8	48	9	0.520833
Instant	117
1	588	29	2	0
2	28	16	0	0
3	12	65	13	8.79447
4	256	16	0	0
11	25	19	0	0
12	12	62	15	0.705882
13	3	15	0	0
14	7	52	8	0.526198
Instant	118
1	557	28	1	0.0518672
2	39	15	0	0
3	13	69	19	6.22568
4	275	16	0	0
11	24	20	1	0.316456
12	17	52	14	0.297297
13	4	15	0	0
14	8	52	10	0.597443
Instant	119
1	574	28	2	0.314465
2	24	15	0	0
3	9	77	15	5.58943
4	269	16	0	0
11	24	18	0	0
12	21	63	5	0.411765
13	3	15	0	0
14	8	51	10	0.620643
