	T	D	J	LP
Instant	0
1	0	0	0	0
2	0	0	0	0
3	0	0	0	0
4	0	0	0	0
11	0	0	0	0
12	0	0	0	0
13	0	0	0	0
14	0	0	0	0
Instant	1
1	344	27	1	0
2	17	16	0	0
3	21	54	16	1.23656
4	76	16	0	0
11	13	18	0	0
12	12	72	2	7.71961
13	1	15	0	0
14	2	51	12	0.163399
Instant	2
1	1507	28	2	0
2	34	17	0	0
3	8	64	31	6.07877
4	365	22	1	0.182821
11	66	19	0	0
12	5	67	12	1.80072
13	4	15	0	0
14	12	51	10	0.556758
Instant	3
1	1517	28	2	0.135135
2	16	15	0	0
3	18	67	25	6.2963
4	387	21	1	0.0586965
11	66	18	0	0
12	0	0	0	0
13	4	15	0	0
14	11	53	10	0.776525
Instant	4
1	1511	29	2	0.229183
2	30	16	0	0
3	10	66	21	4.32526
4	379	21	2	0.0209287
11	68	19	0	0
12	0	0	0	0
13	4	15	0	0
14	10	50	11	0.718167
Instant	5
1	1167	31	3	0.878514
2	27	16	0	0
3	7	63	19	9.76608
4	359	19	1	0.00536337
11	52	18	0	0
12	0	0	0	0
13	4	15	0	0
14	10	50	11	0.788415
Instant	6
1	964	26	1	0.241838
2	34	15	0	0
3	16	76	16	8.0117
4	342	18	1	0
11	43	19	0	0
12	0	0	0	0
13	4	15	0	0
14	9	50	10	0.639689
Instant	7
1	771	27	2	0
2	16	15	0	0
3	11	75	15	8.65839
4	351	18	1	0
11	35	21	0	0
12	0	0	0	0
13	4	15	0	0
14	10	50	11	0.676603
Instant	8
1	752	27	2	0.46729
2	19	16	0	0
3	11	75	17	6.596
4	354	18	1	0
11	32	19	1	0.386997
12	0	0	0	0
13	4	15	0	0
14	11	50	8	0.664294
Instant	9
1	780	26	1	0
2	30	15	0	0
3	6	81	27	5.68966
4	357	18	1	0.00134441
11	33	20	0	0
12	0	0	0	0
13	4	15	0	0
14	11	49	10	0.643174
Instant	10
1	754	26	2	0.153846
2	36	15	0	0
3	6	66	21	5.91873
4	343	18	1	0.00493152
11	33	18	1	0.232198
12	0	0	0	0
13	4	15	0	0
14	10	46	10	0.673711
Instant	11
1	760	25	1	0
2	24	16	0	0
3	14	68	15	9.97567
4	330	16	0	0
11	33	19	1	0
12	0	0	0	0
13	4	15	0	0
14	10	50	10	0.633335
Instant	12
1	726	27	1	0
2	24	16	0	0
3	19	75	15	9.16955
4	348	17	0	0
11	30	18	0	0
12	0	0	0	0
13	4	15	0	0
14	11	51	10	0.525222
Instant	13
1	895	27	2	0
2	13	16	0	0
3	12	74	22	7.23214
4	315	17	0	0
11	39	19	1	0
12	0	0	0	0
13	4	15	0	0
14	10	48	11	0.555589
Instant	14
1	795	26	2	0.219941
2	31	15	0	0
3	14	72	24	5.93972
4	312	17	0	0
11	35	19	0	0
12	0	0	0	0
13	4	15	0	0
14	9	51	9	0.572413
Instant	15
1	677	27	1	0.301724
2	24	16	0	0
3	13	72	16	4.37207
4	311	17	0	0
11	30	19	0	0
12	0	0	0	0
13	4	15	0	0
14	9	50	9	0.589455
Instant	16
1	598	26	1	0.436047
2	28	14	0	0
3	12	72	12	9.8538
4	296	17	0	0
11	26	19	1	0
12	0	0	0	0
13	4	15	0	0
14	9	51	9	0.629146
Instant	17
1	614	27	1	0.0471698
2	24	15	0	0
3	15	73	15	7.29537
4	302	17	0	0
11	27	18	1	0
12	0	0	0	0
13	4	15	0	0
14	10	50	9	0.47897
Instant	18
1	611	26	1	0
2	29	16	0	0
3	12	65	15	6.06884
4	296	16	0	0
11	26	20	1	0
12	0	0	0	0
13	4	15	0	0
14	9	49	9	0.507581
Instant	19
1	640	25	1	0
2	28	15	0	0
3	13	71	24	8.30325
4	308	17	0	0
11	27	19	0	0
12	0	0	0	0
13	4	15	0	0
14	10	50	12	0.500031
Instant	20
1	593	25	2	0.290698
2	27	16	0	0
3	19	73	19	8.45633
4	317	17	0	0
11	26	20	1	0
12	0	0	0	0
13	4	15	0	0
14	10	47	9	0.466395
Instant	21
1	620	26	1	0
2	27	17	0	0
3	14	80	18	7.55886
4	295	16	0	0
11	27	19	0	0
12	0	0	0	0
13	4	15	0	0
14	9	51	11	0.56209
Instant	22
1	577	27	2	0.45
2	13	16	0	0
3	23	75	17	7.01754
4	283	16	0	0
11	25	20	1	0
12	0	0	0	0
13	4	15	0	0
14	9	55	10	0.58009
Instant	23
1	594	27	1	0
2	30	16	0	0
3	11	77	19	5.35925
4	270	16	0	0
11	25	18	0	0.296443
12	0	0	0	0
13	4	15	0	0
14	8	51	9	0.553207
Instant	24
1	548	26	1	0.971922
2	22	16	0	0
3	18	65	20	7.68035
4	287	16	0	0
11	23	20	1	0
12	0	0	0	0
13	4	15	0	0
14	9	46	8	0.523446
Instant	25
1	627	26	1	0
2	28	16	0	0
3	10	75	19	7.66908
4	306	17	0	0
11	27	19	0	0
12	0	0	0	0
13	4	15	0	0
14	9	46	9	0.548535
Instant	26
1	591	26	1	0
2	31	15	0	0
3	13	73	17	6.10501
4	301	16	0	0
11	26	18	0	0
12	0	0	0	0
13	4	15	0	0
14	9	48	9	0.54699
Instant	27
1	614	27	1	0.339147
2	36	15	0	0
3	13	77	22	5.06716
4	299	17	0	0
11	26	19	1	0
12	0	0	0	0
13	4	15	0	0
14	9	53	9	0.527942
Instant	28
1	592	24	0	0.294118
2	25	15	0	0
3	19	73	18	10.2976
4	302	17	0	0
11	26	20	1	0
12	0	0	0	0
13	4	15	0	0
14	9	47	9	0.591922
Instant	29
1	609	27	2	0.0473485
2	30	16	0	0
3	20	72	22	5.879
4	315	17	0	0
11	26	20	1	0
12	0	0	0	0
13	4	15	0	0
14	10	50	9	0.528719
Instant	30
1	611	25	2	0.750469
2	26	15	0	0
3	9	76	15	6.30787
4	288	16	0	0
11	27	19	1	0
12	0	0	0	0
13	4	15	0	0
14	9	51	9	0.536917
Instant	31
1	577	25	1	0.722543
2	20	15	0	0
3	10	77	20	5.65476
4	277	17	0	0
11	26	20	1	0
12	0	0	0	0
13	4	15	0	0
14	8	50	8	0.705687
Instant	32
1	620	26	1	0
2	34	17	0	0
3	10	79	10	4.94048
4	277	16	0	0
11	26	20	1	0
12	0	0	0	0
13	4	15	0	0
14	8	47	9	0.542611
Instant	33
1	634	25	0	0
2	18	15	0	0
3	14	71	13	9.30164
4	284	16	0	0
11	27	18	0	0
12	0	0	0	0
13	4	15	0	0
14	9	50	8	0.566916
Instant	34
1	618	27	1	0.0490196
2	32	15	0	0
3	16	74	13	10.1526
4	295	16	0	0
11	25	19	0	0
12	0	0	0	0
13	4	15	0	0
14	9	50	10	0.528352
Instant	35
1	591	27	1	0
2	16	15	0	0
3	15	71	19	7.59456
4	300	16	0	0
11	26	20	1	0
12	0	0	0	0
13	4	15	0	0
14	9	50	9	0.484036
Instant	36
1	597	26	2	0.0484496
2	23	15	0	0
3	26	70	19	5.48636
4	305	16	0	0
11	26	19	1	0
12	0	0	0	0
13	4	15	0	0
14	9	48	10	0.586611
Instant	37
1	610	27	2	0.284091
2	18	16	0	0
3	16	73	19	8.48321
4	295	16	0	0
11	27	18	0	0
12	0	0	0	0
13	4	15	0	0
14	9	50	9	0.486084
Instant	38
1	626	25	1	0.0475285
2	20	14	0	0
3	9	66	17	5.04866
4	274	16	0	0
11	26	20	1	0
12	0	0	0	0
13	4	15	0	0
14	8	50	9	0.620313
Instant	39
1	600	28	1	0.0492126
2	29	15	0	0
3	18	71	22	9.4086
4	275	16	0	0
11	26	19	0	0
12	0	0	0	0
13	4	15	0	0
14	8	51	9	0.549374
Instant	40
1	629	25	0	0
2	23	16	0	0
3	16	68	17	6.86275
4	315	17	0	0
11	27	19	1	0
12	0	0	0	0
13	4	15	0	0
14	10	47	9	0.43865
Instant	41
1	615	26	1	0
2	33	15	0	0
3	11	79	12	7.42049
4	308	16	0	0
11	26	19	1	0
12	0	0	0	0
13	4	15	0	0
14	10	49	10	0.553753
Instant	42
1	627	25	1	0
2	26	17	0	0
3	12	71	16	6.67849
4	296	16	0	0
11	27	19	0	0
12	0	0	0	0
13	4	15	0	0
14	9	47	9	0.536571
Instant	43
1	627	25	1	0
2	28	15	0	0
3	13	69	21	7.37064
4	295	17	0	0
11	27	19	1	0
12	0	0	0	0
13	4	15	0	0
14	9	50	8	0.507392
Instant	44
1	641	25	1	0
2	38	16	0	0
3	10	80	17	7.0331
4	304	16	0	0
11	27	19	1	0
12	0	0	0	0
13	4	15	0	0
14	9	49	10	0.543995
Instant	45
1	613	26	1	0
2	29	15	0	0
3	17	81	14	7.65125
4	282	16	0	0
11	27	19	0	0
12	0	0	0	0
13	4	15	0	0
14	8	54	10	0.608675
Instant	46
1	627	26	1	0
2	22	15	0	0
3	14	69	22	6.66667
4	280	16	0	0
11	26	19	0	0
12	0	0	0	0
13	4	15	0	0
14	8	50	9	0.559204
Instant	47
1	611	28	1	0
2	24	16	0	0
3	11	70	23	8.18765
4	295	16	0	0
11	26	19	1	0
12	0	0	0	0
13	4	15	0	0
14	9	51	8	0.629496
Instant	48
1	620	26	1	0
2	30	16	0	0
3	19	68	23	6.90299
4	293	16	0	0
11	27	19	0	0
12	0	0	0	0
13	4	15	0	0
14	9	49	9	0.499051
Instant	49
1	551	27	2	0.519751
2	31	15	0	0
3	13	77	23	6.99659
4	279	16	0	0
11	24	19	1	0
12	0	0	0	0
13	4	15	0	0
14	8	47	8	0.585296
Instant	50
1	550	30	2	0.157895
2	24	15	0	0
3	11	72	18	6.74883
4	286	16	0	0
11	24	20	1	0
12	0	0	0	0
13	4	15	0	0
14	9	50	11	0.576988
Instant	51
1	600	26	1	0.29703
2	27	17	0	0
3	16	73	18	8.39002
4	281	16	0	0
11	25	19	1	0.290698
12	0	0	0	0
13	4	15	0	0
14	8	50	10	0.582311
Instant	52
1	604	26	1	0
2	20	18	0	0
3	14	70	29	7.88849
4	288	16	0	0
11	26	20	1	0
12	0	0	0	0
13	4	15	0	0
14	9	54	9	0.451203
Instant	53
1	613	26	1	0
2	21	14	0	0
3	12	80	22	5.81535
4	273	16	0	0
11	27	19	1	0
12	0	0	0	0
13	4	15	0	0
14	8	48	9	0.615858
Instant	54
1	615	25	1	0.288462
2	33	16	0	0
3	17	68	21	5.39906
4	289	16	0	0
11	26	19	1	0
12	0	0	0	0
13	4	15	0	0
14	9	51	10	0.522677
Instant	55
1	613	26	1	0
2	18	17	0	0
3	18	79	20	10.3518
4	287	16	0	0
11	27	19	1	0
12	0	0	0	0
13	4	15	0	0
14	9	47	8	0.519861
Instant	56
1	588	29	2	0
2	30	17	0	0
3	16	68	23	7.69231
4	287	17	0	0
11	25	19	1	0
12	0	0	0	0
13	4	15	0	0
14	9	51	10	0.563583
Instant	57
1	631	26	1	0
2	33	17	0	0
3	19	74	18	5.21915
4	281	16	0	0
11	27	19	1	0
12	0	0	0	0
13	4	15	0	0
14	8	52	10	0.532351
Instant	58
1	577	28	1	0
2	26	17	0	0
3	17	83	14	5.51601
4	275	16	0	0
11	25	20	1	0
12	0	0	0	0
13	4	15	0	0
14	8	49	9	0.597902
Instant	59
1	628	26	1	0
2	25	17	0	0
3	14	66	20	8.08823
4	294	17	0	0
11	27	19	1	0
12	0	0	0	0
13	4	15	0	0
14	8	48	9	0.597142
Instant	60
1	613	26	1	0
2	26	17	0	0
3	16	76	15	7.69006
4	266	16	0	0
11	26	19	1	0
12	0	0	0	0
13	4	15	0	0
14	8	54	10	0.677327
Instant	61
1	601	27	1	0.0972763
2	17	16	0	0
3	19	73	16	7.68758
4	290	17	0	0
11	26	19	0	0
12	0	0	0	0
13	4	15	0	0
14	9	51	9	0.467817
Instant	62
1	586	27	1	0.100806
2	31	16	0	0
3	16	74	20	5.8392
4	280	16	0	0
11	25	21	1	0
12	0	0	0	0
13	4	15	0	0
14	9	49	10	0.637117
Instant	63
1	574	26	1	0.292969
2	26	16	0	0
3	18	65	17	6.33214
4	288	16	0	0
11	25	20	1	0
12	0	0	0	0
13	4	15	0	0
14	9	50	9	0.465859
Instant	64
1	533	25	1	0.813449
2	26	15	0	0
3	15	78	23	9.10714
4	277	16	0	0
11	23	19	1	0
12	0	0	0	0
13	4	15	0	0
14	9	50	9	0.553945
Instant	65
1	613	26	2	0
2	29	15	0	0
3	19	74	18	5.71096
4	274	16	0	0
11	26	20	1	0
12	0	0	0	0
13	4	15	0	0
14	8	50	9	0.562054
Instant	66
1	627	25	1	0.0461255
2	27	16	0	0
3	14	70	13	5.73818
4	278	16	0	0
11	27	19	0	0
12	0	0	0	0
13	4	15	0	0
14	8	50	9	0.624395
Instant	67
1	620	27	1	0
2	29	16	0	0
3	12	75	15	8.0711
4	301	16	0	0
11	26	18	0	0
12	0	0	0	0
13	4	15	0	0
14	9	48	10	0.471819
Instant	68
1	598	26	1	0.331439
2	11	16	0	0
3	15	67	19	8.85609
4	288	17	0	0
11	27	18	0	0
12	0	0	0	0
13	4	15	0	0
14	9	46	8	0.562771
Instant	69
1	616	27	1	0
2	18	16	0	0
3	19	72	13	4.43503
4	284	16	0	0
11	26	18	0	0
12	0	0	0	0
13	4	15	0	0
14	9	50	9	0.562674
Instant	70
1	614	27	1	0
2	24	16	0	0
3	13	66	19	7.10227
4	284	16	0	0
11	26	19	1	0
12	0	0	0	0
13	4	15	0	0
14	9	55	9	0.468064
Instant	71
1	620	26	1	0
2	33	15	0	0
3	14	65	21	10.6678
4	283	16	0	0
11	27	19	0	0
12	0	0	0	0
13	4	15	0	0
14	9	50	9	0.519772
Instant	72
1	605	26	1	0
2	28	15	0	0
3	10	83	16	6.01526
4	303	17	0	0
11	25	20	1	0
12	0	0	0	0
13	4	15	0	0
14	10	48	9	0.497505
Instant	73
1	607	25	1	0.285171
2	28	15	0	0
3	19	75	14	7.84651
4	293	17	0	0
11	27	19	1	0
12	0	0	0	0
13	4	15	0	0
14	10	50	8	0.434468
Instant	74
1	585	26	1	0.296443
2	23	16	0	0
3	20	70	14	6.49466
4	269	16	0	0
11	25	19	1	0
12	0	0	0	0
13	4	15	0	0
14	8	49	9	0.639149
Instant	75
1	634	26	1	0
2	23	16	0	0
3	16	70	23	6.41026
4	280	17	0	0
11	27	18	0	0
12	0	0	0	0
13	4	15	0	0
14	9	51	8	0.521721
Instant	76
1	605	26	1	0.05
2	20	15	0	0
3	16	75	23	8.33333
4	268	16	0	0
11	25	19	0	0
12	0	0	0	0
13	4	15	0	0
14	8	48	9	0.598749
Instant	77
1	627	26	1	0.27881
2	20	15	0	0
3	25	66	23	5.84192
4	269	16	0	0
11	27	19	1	0
12	0	0	0	0
13	4	15	0	0
14	8	49	10	0.666144
Instant	78
1	613	25	1	0
2	28	17	0	0
3	17	70	15	6.88534
4	283	16	0	0
11	26	20	1	0
12	0	0	0	0
13	4	15	0	0
14	8	49	11	0.596655
Instant	79
1	625	26	1	0
2	27	18	0	0
3	14	76	22	5.3487
4	290	16	0	0
11	27	18	0	0
12	0	0	0	0
13	4	15	0	0
14	9	47	10	0.510204
Instant	80
1	641	24	0	0
2	35	16	0	0
3	14	66	21	5.08772
4	283	16	0	0
11	28	19	0	0
12	0	0	0	0
13	4	15	0	0
14	9	50	8	0.418481
Instant	81
1	627	25	1	0
2	23	15	0	0
3	15	67	19	8.05138
4	268	16	0	0
11	26	20	1	0
12	0	0	0	0
13	4	15	0	0
14	8	51	9	0.632209
Instant	82
1	620	26	1	0
2	36	15	0	0
3	14	68	22	6.61422
4	298	17	1	0
11	27	18	0	0
12	0	0	0	0
13	4	15	0	0
14	9	45	8	0.489088
Instant	83
1	598	26	1	0.291262
2	29	15	0	0
3	10	75	15	5.30587
4	287	16	0	0
11	26	19	1	0
12	0	0	0	0
13	4	15	0	0
14	9	51	10	0.518282
Instant	84
1	622	25	1	0
2	29	17	0	0
3	18	75	22	9.64452
4	284	16	0	0
11	26	20	1	0
12	0	0	0	0
13	4	15	0	0
14	9	51	9	0.53019
Instant	85
1	595	27	1	0
2	26	16	0	0
3	11	66	18	8.56562
4	281	16	0	0
11	25	19	1	0
12	0	0	0	0
13	4	15	0	0
14	9	51	9	0.426563
Instant	86
1	590	27	1	0.350701
2	32	16	0	0
3	14	73	18	7.85199
4	277	17	0	0
11	25	18	0	0.294118
12	0	0	0	0
13	4	15	0	0
14	8	48	11	0.589483
Instant	87
1	614	26	1	0
2	15	16	0	0
3	13	71	14	6.89046
4	260	16	0	0
11	27	18	0	0
12	0	0	0	0
13	4	15	0	0
14	8	48	11	0.625504
Instant	88
1	613	26	1	0
2	29	15	0	0
3	18	69	18	7.63158
4	281	16	0	0
11	26	20	1	0
12	0	0	0	0
13	4	15	0	0
14	9	52	9	0.480539
Instant	89
1	572	25	1	0.503018
2	35	15	0	0
3	16	69	19	5.7311
4	279	16	0	0
11	25	19	1	0
12	0	0	0	0
13	4	15	0	0
14	8	50	9	0.481626
Instant	90
1	578	27	1	0.301205
2	21	15	0	0
3	16	66	16	8.30399
4	285	17	0	0
11	25	20	1	0
12	0	0	0	0
13	4	15	0	0
14	9	52	8	0.475176
Instant	91
1	628	26	1	0
2	22	15	0	0
3	17	70	29	8.21513
4	269	16	0	0
11	27	19	1	0
12	0	0	0	0
13	4	15	0	0
14	8	50	10	0.637147
Instant	92
1	620	26	1	0
2	16	14	0	0
3	14	71	17	6.30869
4	290	16	0	0
11	26	19	1	0
12	0	0	0	0
13	4	15	0	0
14	9	51	10	0.45754
Instant	93
1	627	26	1	0
2	26	17	1	0
3	22	67	22	7.38506
4	305	16	0	0
11	27	18	0	0
12	0	0	0	0
13	4	15	0	0
14	10	52	9	0.534296
Instant	94
1	613	26	1	0
2	28	15	0	0
3	12	71	16	6.31673
4	271	17	0	0
11	26	19	0	0
12	0	0	0	0
13	4	15	0	0
14	8	48	12	0.592425
Instant	95
1	597	27	1	0
2	31	17	0	0
3	14	72	18	7.64411
4	283	16	0	0
11	27	19	1	0
12	0	0	0	0
13	4	15	0	0
14	8	52	9	0.622921
Instant	96
1	634	26	1	0
2	27	17	0	0
3	15	77	16	8.09352
4	274	16	0	0
11	27	19	0	0
12	0	0	0	0
13	4	15	0	0
14	8	49	9	0.587865
Instant	97
1	606	26	1	0
2	22	15	0	0
3	15	75	17	7.00824
4	293	17	0	0
11	26	20	1	0
12	0	0	0	0
13	4	15	0	0
14	9	45	9	0.528389
Instant	98
1	620	25	1	0
2	22	15	0	0
3	15	75	12	7.44048
4	275	16	0	0
11	26	20	1	0
12	0	0	0	0
13	4	15	0	0
14	8	52	10	0.606991
Instant	99
1	598	28	2	0.0484496
2	14	16	0	0
3	17	76	15	5.31915
4	280	16	0	0
11	26	19	1	0
12	0	0	0	0
13	4	15	0	0
14	9	51	9	0.564334
Instant	100
1	611	27	2	0
2	24	17	0	0
3	14	72	21	6.46446
4	284	17	0	0
11	26	19	0	0
12	0	0	0	0
13	4	15	0	0
14	9	49	11	0.441027
Instant	101
1	606	27	1	0
2	31	16	0	0
3	15	68	19	7.67622
4	274	16	0	0
11	25	19	0	0
12	0	0	0	0
13	4	15	0	0
14	9	54	12	0.559871
Instant	102
1	599	26	1	0
2	45	15	0	0
3	21	71	13	7.0679
4	289	16	0	0
11	26	20	1	0
12	0	0	0	0
13	4	15	0	0
14	9	50	8	0.485825
Instant	103
1	564	26	1	0.304878
2	20	16	0	0
3	16	69	20	6.80147
4	286	16	0	0
11	25	21	1	0
12	0	0	0	0
13	4	15	0	0
14	9	49	8	0.542241
Instant	104
1	634	27	1	0
2	24	16	0	0
3	10	77	12	6.9161
4	286	17	0	0
11	27	18	0	0
12	0	0	0	0
13	4	15	0	0
14	8	49	11	0.587978
Instant	105
1	624	25	1	0
2	26	16	0	0
3	15	77	14	6.53655
4	276	16	0	0
11	27	19	1	0
12	0	0	0	0
13	4	15	0	0
14	9	51	10	0.575595
Instant	106
1	607	26	1	0
2	13	15	0	0
3	16	74	15	7.14732
4	285	17	0	0
11	26	20	1	0
12	0	0	0	0
13	4	15	0	0
14	8	49	9	0.554283
Instant	107
1	613	25	1	0
2	25	15	0	0
3	13	65	12	8.74126
4	284	16	0	0
11	26	20	1	0
12	0	0	0	0
13	4	15	0	0
14	9	46	9	0.489899
Instant	108
1	634	25	1	0
2	33	15	0	0
3	11	75	24	4.74453
4	275	16	0	0
11	27	19	0	0
12	0	0	0	0
13	4	15	0	0
14	8	50	11	0.741408
Instant	109
1	613	27	2	0
2	32	16	0	0
3	17	66	24	6.7474
4	280	17	0	0
11	26	18	0	0
12	0	0	0	0
13	4	15	0	0
14	9	50	9	0.54415
Instant	110
1	622	27	1	0
2	25	16	0	0
3	13	68	19	8.30292
4	281	16	0	0
11	26	19	1	0
12	0	0	0	0
13	4	15	0	0
14	9	50	11	0.494071
Instant	111
1	601	26	1	0
2	37	15	0	0
3	16	73	14	7.14709
4	303	17	0	0
11	26	19	1	0
12	0	0	0	0
13	4	15	0	0
14	9	49	9	0.493933
Instant	112
1	634	25	1	0
2	29	15	0	0
3	18	69	24	9.29705
4	278	16	0	0
11	27	19	0	0
12	0	0	0	0
13	4	15	0	0
14	8	50	10	0.630931
Instant	113
1	613	26	2	0
2	20	15	0	0
3	21	69	23	6.58046
4	270	16	0	0
11	26	19	1	0
12	0	0	0	0
13	4	15	0	0
14	8	48	9	0.463458
Instant	114
1	557	28	2	0.262055
2	20	16	0	0
3	11	87	19	5.69395
4	285	16	0	0
11	24	20	1	0
12	0	0	0	0
13	4	15	0	0
14	9	46	9	0.498316
Instant	115
1	625	26	1	0.0474383
2	24	15	0	0
3	15	77	14	7.87713
4	291	17	0	0
11	27	18	0	0
12	0	0	0	0
13	4	15	0	0
14	9	46	10	0.464091
Instant	116
1	574	29	2	0.150602
2	15	16	0	0
3	23	76	13	7.03971
4	281	16	0	0
11	25	18	0	0
12	0	0	0	0
13	4	15	0	0
14	8	49	10	0.583977
Instant	117
1	686	26	1	0
2	16	15	0	0
3	16	73	11	7.19955
4	281	16	0	0
11	29	18	0	0
12	0	0	0	0
13	4	15	0	0
14	8	48	9	0.662737
Instant	118
1	570	27	1	0.541339
2	22	16	0	0
3	13	70	14	3.8207
4	283	16	0	0
11	26	20	1	0
12	0	0	0	0
13	4	15	0	0
14	9	51	10	0.495621
Instant	119
1	634	26	0	0
2	24	17	0	0
3	14	72	22	9.22414
4	289	16	0	0
11	26	18	0	0
12	0	0	0	0
13	4	15	0	0
14	9	46	8	0.576091
