	T	D	J	LP
Instant	0
1	0	0	0	0
2	0	0	0	0
3	0	0	0	0
4	0	0	0	0
11	0	0	0	0
12	0	0	0	0
13	0	0	0	0
14	0	0	0	0
Instant	1
1	285	29	2	0
2	14	17	0	0
3	37	57	14	1.18464
4	74	16	0	0
11	11	19	0	0
12	15	64	1	6.65761
13	2	15	0	0
14	2	48	11	0.208884
Instant	2
1	1369	30	3	0
2	36	17	0	0
3	43	67	22	5.88861
4	386	22	1	0.0785752
11	59	19	0	0
12	0	0	0	0
13	6	15	0	0
14	11	52	11	0.706977
Instant	3
1	1467	30	3	0.137471
2	28	16	0	0
3	58	66	20	3.83065
4	381	20	1	0.0223317
11	65	19	0	0
12	0	0	0	0
13	6	15	0	0
14	10	54	10	0.766227
Instant	4
1	1267	29	3	0.280636
2	30	15	0	0
3	37	72	19	5.29065
4	370	20	1	0.0110738
11	55	18	0	0
12	0	0	0	0
13	5	15	0	0
14	10	51	12	0.783877
Instant	5
1	1067	29	2	0.164294
2	24	16	0	0
3	55	61	16	5.4329
4	354	17	1	0
11	47	20	1	0
12	0	0	0	0
13	6	15	0	0
14	10	47	11	0.735414
Instant	6
1	1109	30	3	0
2	16	15	0	0
3	50	67	19	5.09138
4	356	18	1	0.0013837
11	48	18	0	0
12	0	0	0	0
13	6	15	0	0
14	10	49	11	0.722895
Instant	7
1	1121	30	2	0.157895
2	14	17	0	0
3	53	76	18	4.48198
4	339	18	1	0
11	49	18	0	0
12	0	0	0	0
13	5	15	0	0
14	9	50	11	0.736216
Instant	8
1	1049	30	3	0.0277778
2	20	16	0	0
3	49	73	20	5.44355
4	331	17	0	0
11	46	18	0	0
12	0	0	0	0
13	5	15	0	0
14	10	50	11	0.646652
Instant	9
1	1057	28	3	0.217628
2	25	16	0	0
3	63	66	18	6.99561
4	330	17	0	0
11	47	18	0	0
12	0	0	0	0
13	6	15	0	0
14	10	49	9	0.525149
Instant	10
1	1069	27	2	0
2	26	17	0	0
3	49	70	20	5.63063
4	335	17	0	0
11	45	19	0	0
12	0	0	0	0
13	5	15	0	0
14	10	49	10	0.633714
Instant	11
1	997	30	3	0.0865052
2	28	15	0	0
3	39	71	13	5.4723
4	315	16	0	0
11	44	19	1	0
12	0	0	0	0
13	5	15	0	0
14	9	48	9	0.684098
Instant	12
1	1094	29	3	0
2	27	15	0	0
3	57	66	17	5.60646
4	331	17	0	0
11	47	18	0	0
12	0	0	0	0
13	6	15	0	0
14	10	53	10	0.529185
Instant	13
1	875	27	2	0.294889
2	19	16	0	0
3	47	70	22	4.83059
4	318	16	0	0
11	39	20	0	0
12	0	0	0	0
13	5	15	0	0
14	10	52	9	0.559115
Instant	14
1	784	29	3	0.595238
2	26	16	0	0
3	38	74	18	5.19713
4	290	16	0	0
11	34	20	1	0
12	0	0	0	0
13	5	15	0	0
14	8	54	10	0.699556
Instant	15
1	850	28	2	0.0683995
2	29	17	0	0
3	51	74	14	5.76577
4	323	17	0	0
11	37	19	1	0
12	0	0	0	0
13	5	15	0	0
14	10	49	9	0.583398
Instant	16
1	807	29	2	0.215517
2	27	17	0	0
3	44	67	21	4.04963
4	293	17	0	0
11	35	19	1	0
12	0	0	0	0
13	5	15	0	0
14	8	48	9	0.637412
Instant	17
1	807	27	2	0
2	26	17	0	0
3	66	69	18	7.70563
4	303	16	0	0
11	35	20	1	0
12	0	0	0	0
13	6	15	0	0
14	9	50	9	0.676613
Instant	18
1	763	29	2	0.114155
2	21	16	0	0
3	59	75	12	4.34331
4	273	16	0	0
11	33	19	0	0
12	0	0	0	0
13	6	15	0	0
14	8	56	9	0.544544
Instant	19
1	795	27	2	0.329912
2	13	15	0	0
3	46	69	17	4.62441
4	282	16	0	0
11	35	19	0	0
12	0	0	0	0
13	5	15	0	0
14	8	52	9	0.620301
Instant	20
1	827	27	3	0
2	23	15	0	0
3	46	70	18	7.5
4	292	17	0	0
11	36	19	0	0
12	0	0	0	0
13	6	15	0	0
14	9	52	10	0.593598
Instant	21
1	722	29	3	0.480769
2	24	15	0	0
3	57	69	16	4.61741
4	283	16	0	0
11	31	19	1	0
12	0	0	0	0
13	5	15	0	0
14	9	50	10	0.529567
Instant	22
1	821	29	3	0
2	24	15	0	0
3	52	72	18	5.21645
4	295	16	0	0
11	35	18	1	0.428571
12	0	0	0	0
13	6	15	0	0
14	9	50	9	0.519341
Instant	23
1	792	29	2	0.639205
2	26	17	0	0
3	32	60	22	5.43071
4	295	16	0	0
11	36	18	0	0
12	0	0	0	0
13	5	15	0	0
14	8	50	9	0.586931
Instant	24
1	879	29	2	0.293734
2	28	16	0	0
3	54	65	14	4.37018
4	296	16	0	0
11	39	18	0	0
12	0	0	0	0
13	6	15	0	0
14	9	52	9	0.627969
Instant	25
1	893	28	2	0.0332447
2	24	15	0	0
3	60	63	18	4.2876
4	282	16	0	0
11	38	19	0	0
12	0	0	0	0
13	5	15	0	0
14	8	46	8	0.634802
Instant	26
1	802	27	2	0
2	28	18	0	0
3	45	68	16	3.72191
4	294	17	0	0
11	34	19	0	0
12	0	0	0	0
13	5	15	0	0
14	9	49	9	0.544866
Instant	27
1	688	27	1	0.254237
2	34	17	0	0
3	55	66	24	6.85626
4	266	16	0	0
11	30	19	0	0
12	0	0	0	0
13	6	15	0	0
14	7	49	9	0.669723
Instant	28
1	663	28	2	0.263158
2	40	15	0	0
3	50	68	19	5.01319
4	258	16	0	0
11	29	20	0	0
12	0	0	0	0
13	6	15	0	0
14	7	53	10	0.720621
Instant	29
1	668	27	2	0
2	30	16	0	0
3	39	72	27	4.95924
4	288	17	0	0
11	29	19	0	0
12	0	0	0	0
13	5	15	0	0
14	8	52	10	0.595438
Instant	30
1	665	27	1	0
2	28	15	0	0
3	67	70	14	8.07888
4	278	16	0	0
11	27	19	1	0.443262
12	0	0	0	0
13	6	15	0	0
14	8	52	9	0.650339
Instant	31
1	645	27	1	0
2	14	15	0	0
3	45	67	20	4.47695
4	276	16	0	0
11	28	19	1	0
12	0	0	0	0
13	5	15	0	0
14	8	53	8	0.602472
Instant	32
1	742	28	1	0
2	28	16	0	0
3	45	70	18	7.49037
4	289	16	0	0
11	32	18	0	0
12	0	0	0	0
13	5	15	0	0
14	9	45	8	0.593536
Instant	33
1	741	28	2	0.117188
2	46	15	0	0
3	53	67	20	4.97382
4	275	16	0	0
11	32	19	0	0
12	0	0	0	0
13	6	15	0	0
14	8	54	9	0.5517
Instant	34
1	762	29	2	0
2	30	16	0	0
3	43	68	18	6.08428
4	275	17	0	0
11	32	19	0	0
12	0	0	0	0
13	5	15	0	0
14	8	51	10	0.512632
Instant	35
1	673	28	2	0.295608
2	32	17	0	0
3	49	68	19	5.57006
4	258	16	0	0
11	30	19	0	0
12	0	0	0	0
13	6	15	0	0
14	7	52	11	0.633688
Instant	36
1	669	30	3	0.0428816
2	32	18	0	0
3	62	60	16	3.36453
4	284	16	0	0
11	29	20	1	0
12	0	0	0	0
13	6	15	0	0
14	8	49	10	0.728417
Instant	37
1	649	27	2	0.326493
2	27	17	0	0
3	60	68	17	5.84609
4	281	17	0	0
11	27	20	0	0
12	0	0	0	0
13	6	15	0	0
14	7	53	10	0.745016
Instant	38
1	668	27	1	0.0432526
2	26	16	0	0
3	64	71	16	3.42759
4	281	16	0	0
11	29	19	0	0
12	0	0	0	0
13	6	15	0	0
14	8	52	10	0.597275
Instant	39
1	648	27	2	0.30541
2	28	17	0	0
3	63	67	19	6.15385
4	293	17	0	0
11	29	18	0	0
12	0	0	0	0
13	6	15	0	0
14	9	48	8	0.619835
Instant	40
1	715	27	3	0
2	24	15	0	0
3	59	68	23	6.26599
4	276	16	0	0
11	31	18	1	0
12	0	0	0	0
13	6	15	0	0
14	8	50	8	0.605133
Instant	41
1	662	28	2	0
2	25	16	0	0
3	47	75	13	4.22164
4	271	16	0	0
11	28	19	1	0.353357
12	0	0	0	0
13	6	15	0	0
14	8	49	8	0.585827
Instant	42
1	662	30	2	0
2	22	15	0	0
3	46	73	15	5.70776
4	274	16	0	0
11	28	18	0	0
12	0	0	0	0
13	5	15	0	0
14	8	45	10	0.717888
Instant	43
1	691	27	2	0
2	16	16	0	0
3	56	70	15	6.62281
4	302	17	0	0
11	29	20	1	0
12	0	0	0	0
13	5	15	0	0
14	9	51	10	0.58095
Instant	44
1	651	28	2	0
2	24	16	0	0
3	53	65	17	4.40252
4	274	16	0	0
11	28	21	1	0
12	0	0	0	0
13	5	15	0	0
14	8	50	9	0.648852
Instant	45
1	623	29	3	0
2	39	17	0	0
3	51	63	24	5.73809
4	272	16	0	0
11	26	20	1	0
12	0	0	0	0
13	5	15	0	0
14	8	50	10	0.564202
Instant	46
1	645	28	2	0
2	37	16	0	0
3	70	67	17	4.27189
4	275	16	0	0
11	28	19	0	0
12	0	0	0	0
13	6	15	0	0
14	8	56	11	0.527691
Instant	47
1	638	28	2	0.0910747
2	17	15	0	0
3	51	74	16	3.47961
4	282	16	0	0
11	28	19	1	0
12	0	0	0	0
13	6	15	0	0
14	8	55	8	0.655922
Instant	48
1	648	28	3	0
2	38	16	0	0
3	54	69	17	5.05642
4	285	16	0	0
11	28	20	1	0
12	0	0	0	0
13	6	15	0	0
14	9	51	9	0.56481
Instant	49
1	616	30	2	0
2	23	16	0	0
3	47	64	19	7.97872
4	300	16	0	0
11	26	19	0	0
12	0	0	0	0
13	6	15	0	0
14	9	50	9	0.538993
Instant	50
1	647	27	2	0
2	28	16	0	0
3	53	64	15	5.37919
4	279	16	0	0
11	28	19	1	0
12	0	0	0	0
13	6	15	0	0
14	8	48	9	0.590875
Instant	51
1	660	29	2	0
2	22	16	0	0
3	55	71	16	4.00433
4	264	16	0	0
11	29	18	1	0
12	0	0	0	0
13	6	15	0	0
14	8	50	8	0.624817
Instant	52
1	631	27	2	0.27881
2	20	17	0	0
3	46	71	16	6.36082
4	272	16	0	0
11	27	19	0	0
12	0	0	0	0
13	6	15	0	0
14	8	51	9	0.612295
Instant	53
1	656	29	1	0
2	16	17	0	0
3	65	66	16	5.0211
4	294	16	0	0
11	28	20	1	0
12	0	0	0	0
13	6	15	0	0
14	9	49	10	0.521342
Instant	54
1	611	29	2	0.0477099
2	27	16	0	0
3	41	68	23	3.87701
4	284	17	0	0
11	26	20	1	0
12	0	0	0	0
13	5	15	0	0
14	9	51	9	0.580414
Instant	55
1	654	27	2	0
2	21	15	0	0
3	55	74	17	5.47364
4	261	16	0	0
11	28	19	1	0
12	0	0	0	0
13	5	15	0	0
14	7	50	10	0.677766
Instant	56
1	664	26	1	0
2	22	16	0	0
3	48	66	22	6.22032
4	270	16	0	0
11	28	20	1	0
12	0	0	0	0
13	5	15	0	0
14	8	50	10	0.634581
Instant	57
1	633	27	2	0.187617
2	21	16	0	0
3	67	70	17	5.50633
4	274	16	0	0
11	27	19	0	0
12	0	0	0	0
13	6	15	0	0
14	8	49	9	0.651341
Instant	58
1	672	28	2	0
2	12	17	0	0
3	60	67	16	4.49507
4	271	16	0	0
11	29	18	0	0
12	0	0	0	0
13	6	15	0	0
14	8	51	8	0.49915
Instant	59
1	647	28	2	0
2	32	15	0	0
3	52	71	22	7.03552
4	287	16	0	0
11	28	19	1	0
12	0	0	0	0
13	5	15	0	0
14	8	55	9	0.626554
Instant	60
1	606	29	3	0.191205
2	25	16	0	0
3	50	69	18	4.36937
4	277	16	0	0
11	26	19	1	0
12	0	0	0	0
13	5	15	0	0
14	8	53	11	0.614017
Instant	61
1	577	27	2	1.12305
2	23	16	0	0
3	44	71	20	4.69613
4	273	16	0	0
11	26	19	1	0
12	0	0	0	0
13	5	15	0	0
14	8	51	11	0.666386
Instant	62
1	569	28	2	0.199601
2	23	17	0	0
3	61	59	22	5
4	276	16	0	0
11	25	19	1	0
12	0	0	0	0
13	6	15	0	0
14	8	49	9	0.66179
Instant	63
1	606	28	1	0.1
2	25	17	0	0
3	48	71	16	5.82413
4	261	16	0	0
11	25	19	1	0
12	0	0	0	0
13	5	15	0	0
14	7	51	8	0.712977
Instant	64
1	571	30	2	0
2	30	17	0	0
3	49	66	15	3.24444
4	271	16	0	0
11	25	19	1	0
12	0	0	0	0
13	6	15	0	0
14	8	52	9	0.561996
Instant	65
1	592	28	1	0
2	16	16	0	0
3	54	76	14	7.05664
4	274	17	0	0
11	25	19	1	0
12	0	0	0	0
13	5	15	0	0
14	8	49	10	0.657386
Instant	66
1	598	28	2	0
2	27	16	0	0
3	43	62	20	3.42882
4	271	16	0	0
11	26	19	1	0
12	0	0	0	0
13	6	15	0	0
14	8	47	10	0.614203
Instant	67
1	589	29	2	0
2	30	16	0	0
3	50	70	17	7.78796
4	260	16	0	0
11	25	19	1	0
12	0	0	0	0
13	6	15	0	0
14	7	48	11	0.737398
Instant	68
1	599	27	2	0.0484496
2	21	16	0	0
3	64	73	16	2.79931
4	276	16	0	0
11	26	19	0	0
12	0	0	0	0
13	6	15	0	0
14	8	49	9	0.597811
Instant	69
1	560	28	2	0.462963
2	24	17	0	0
3	52	66	16	4.80769
4	267	16	0	0
11	24	19	1	0
12	0	0	0	0
13	5	15	0	0
14	7	47	9	0.713364
Instant	70
1	580	27	2	0.203252
2	22	16	0	0
3	50	65	16	6.95592
4	259	16	0	0
11	24	20	0	0
12	0	0	0	0
13	5	15	0	0
14	7	51	10	0.629257
Instant	71
1	592	29	2	0
2	20	17	0	0
3	46	74	19	7.93011
4	266	16	0	0
11	26	18	0	0
12	0	0	0	0
13	5	15	0	0
14	8	48	9	0.418139
Instant	72
1	592	27	1	0
2	21	16	0	0
3	47	66	22	4.67206
4	282	16	0	0
11	25	19	1	0
12	0	0	0	0
13	5	15	0	0
14	9	50	9	0.52866
Instant	73
1	593	26	1	0.292969
2	37	16	0	0
3	63	68	17	4.30242
4	271	16	0	0
11	26	19	1	0
12	0	0	0	0
13	6	15	0	0
14	8	53	9	0.5695
Instant	74
1	571	29	2	0.0502008
2	17	18	0	0
3	40	67	20	5.96847
4	265	16	0	0
11	25	19	1	0
12	0	0	0	0
13	5	15	0	0
14	7	53	9	0.609315
Instant	75
1	599	28	1	0
2	27	16	0	0
3	57	71	24	4.88981
4	258	16	0	0
11	25	18	0	0
12	0	0	0	0
13	5	15	0	0
14	7	50	9	0.648821
Instant	76
1	584	27	1	0.347222
2	22	15	0	0
3	57	68	16	6.35905
4	275	16	0	0
11	26	19	1	0
12	0	0	0	0
13	5	15	0	0
14	8	49	9	0.634128
Instant	77
1	581	26	1	0.299401
2	20	16	0	0
3	37	68	15	6.2559
4	295	16	0	0
11	25	20	1	0
12	0	0	0	0
13	5	15	0	0
14	9	48	8	0.610511
Instant	78
1	612	27	1	0
2	15	14	0	0
3	65	70	18	4.41308
4	285	16	0	0
11	26	19	1	0
12	0	0	0	0
13	5	15	0	0
14	8	49	9	0.544174
Instant	79
1	551	29	1	0.369198
2	25	15	0	0
3	52	64	20	4.46429
4	283	16	0	0
11	24	20	1	0
12	0	0	0	0
13	5	15	0	0
14	8	50	9	0.614616
Instant	80
1	556	30	1	0
2	39	15	0	0
3	46	73	14	5.13889
4	284	16	0	0
11	25	19	1	0
12	0	0	0	0
13	5	15	0	0
14	8	54	9	0.668947
Instant	81
1	574	27	1	0.30303
2	29	16	0	0
3	54	69	17	6.49351
4	272	16	0	0
11	25	19	1	0
12	0	0	0	0
13	6	15	0	0
14	8	47	7	0.583658
Instant	82
1	592	29	1	0
2	33	16	0	0
3	70	72	17	4.34303
4	268	16	0	0
11	25	19	1	0
12	0	0	0	0
13	5	15	0	0
14	8	54	9	0.706316
Instant	83
1	571	29	2	0
2	27	15	0	0
3	55	69	14	6.00621
4	291	17	0	0
11	25	20	1	0
12	0	0	0	0
13	6	15	0	0
14	9	49	8	0.557836
Instant	84
1	578	27	1	0.297619
2	31	15	0	0
3	55	69	18	4.11419
4	286	16	0	0
11	25	19	0	0
12	0	0	0	0
13	6	15	0	0
14	9	52	9	0.55686
Instant	85
1	604	26	1	0
2	31	17	0	0
3	38	59	19	5.54788
4	284	16	0	0
11	26	20	1	0
12	0	0	0	0
13	5	15	0	0
14	9	48	11	0.577066
Instant	86
1	630	26	1	0
2	30	16	0	0
3	34	73	22	6.8314
4	279	16	0	0
11	27	18	0	0
12	0	0	0	0
13	5	15	0	0
14	8	50	9	0.532832
Instant	87
1	582	27	1	0.295276
2	29	16	0	0
3	63	76	13	4.35417
4	267	16	0	0
11	25	18	1	0
12	0	0	0	0
13	6	15	0	0
14	8	52	9	0.655491
Instant	88
1	605	27	1	0
2	36	14	0	0
3	59	63	22	4.76496
4	265	16	0	0
11	25	20	1	0
12	0	0	0	0
13	6	15	0	0
14	8	52	11	0.555115
Instant	89
1	584	29	2	0
2	18	15	0	0
3	42	61	22	5.39216
4	266	16	0	0
11	25	19	1	0
12	0	0	0	0
13	5	15	0	0
14	8	48	8	0.64472
Instant	90
1	592	28	2	0
2	23	15	0	0
3	47	71	15	8.17439
4	277	16	0	0
11	26	19	1	0
12	0	0	0	0
13	5	15	0	0
14	8	47	8	0.597995
Instant	91
1	592	29	1	0
2	23	17	0	0
3	49	67	22	4.33245
4	264	16	0	0
11	25	19	1	0
12	0	0	0	0
13	6	15	0	0
14	8	47	8	0.611958
Instant	92
1	585	28	1	0
2	18	15	0	0
3	39	77	20	6.10517
4	251	16	0	0
11	24	19	1	0
12	0	0	0	0
13	5	15	0	0
14	7	52	9	0.622769
Instant	93
1	592	27	2	0.290698
2	29	15	0	0
3	49	68	15	4.67642
4	275	16	0	0
11	26	18	1	0
12	0	0	0	0
13	6	15	0	0
14	8	51	9	0.619195
Instant	94
1	591	29	2	0.050813
2	22	16	0	0
3	49	73	18	4.98652
4	270	16	0	0
11	25	19	0	0
12	0	0	0	0
13	5	15	0	0
14	8	54	10	0.569068
Instant	95
1	627	24	0	0
2	29	16	0	0
3	54	70	19	5.4768
4	250	16	0	0
11	28	19	1	0
12	0	0	0	0
13	6	15	0	0
14	6	49	12	0.816342
Instant	96
1	597	28	2	0
2	27	16	0	0
3	42	69	16	6.59824
4	279	16	0	0
11	25	19	1	0
12	0	0	0	0
13	5	15	0	0
14	8	47	10	0.505626
Instant	97
1	613	26	1	0
2	37	15	0	0
3	42	73	22	6.60622
4	279	16	0	0
11	26	19	0	0
12	0	0	0	0
13	5	15	0	0
14	8	48	10	0.585399
Instant	98
1	585	29	2	0
2	21	16	0	0
3	48	73	18	5.79133
4	283	16	0	0
11	25	19	1	0
12	0	0	0	0
13	6	15	0	0
14	8	43	9	0.608766
Instant	99
1	620	25	1	0
2	29	16	0	0
3	55	67	17	3.7627
4	271	16	0	0
11	26	19	1	0
12	0	0	0	0
13	5	15	0	0
14	8	49	10	0.6894
Instant	100
1	606	27	1	0
2	18	17	0	0
3	47	71	18	5.94595
4	292	16	0	0
11	26	19	0	0
12	0	0	0	0
13	6	15	0	0
14	9	51	9	0.534759
Instant	101
1	585	27	2	0.297619
2	34	16	0	0
3	47	63	18	5.56306
4	287	16	0	0
11	25	19	1	0
12	0	0	0	0
13	5	15	0	0
14	9	50	11	0.507648
Instant	102
1	620	26	1	0
2	41	16	0	0
3	49	71	17	6.29433
4	285	16	0	0
11	26	19	1	0
12	0	0	0	0
13	5	15	0	0
14	8	52	9	0.633189
Instant	103
1	599	27	1	0
2	24	16	0	0
3	51	74	19	3.6533
4	284	16	0	0
11	26	20	1	0
12	0	0	0	0
13	5	15	0	0
14	8	51	10	0.648868
Instant	104
1	620	27	1	0
2	27	16	0	0
3	56	71	20	4.03153
4	283	16	0	0
11	26	18	0	0
12	0	0	0	0
13	6	15	0	0
14	9	50	10	0.58262
Instant	105
1	578	29	2	0
2	23	16	0	0
3	61	69	25	8.07888
4	271	16	0	0
11	25	18	1	0
12	0	0	0	0
13	6	15	0	0
14	8	51	7	0.630624
Instant	106
1	607	27	3	0.0488281
2	32	16	0	0
3	49	69	20	4.60232
4	273	16	0	0
11	25	19	1	0.289575
12	0	0	0	0
13	6	15	0	0
14	8	51	9	0.562035
Instant	107
1	585	29	2	0
2	21	16	0	0
3	69	67	18	3.18565
4	262	16	0	0
11	25	20	1	0
12	0	0	0	0
13	6	15	0	0
14	7	52	10	0.643879
Instant	108
1	577	28	2	0
2	22	15	0	0
3	65	67	16	6.03154
4	265	16	0	0
11	25	19	1	0
12	0	0	0	0
13	6	15	0	0
14	8	49	10	0.588426
Instant	109
1	609	27	2	0
2	28	15	0	0
3	53	66	15	4.9954
4	274	16	0	0
11	26	18	0	0
12	0	0	0	0
13	5	15	0	0
14	8	48	9	0.639314
Instant	110
1	599	27	1	0
2	12	15	0	0
3	49	72	17	4.87589
4	267	16	0	0
11	26	19	1	0
12	0	0	0	0
13	6	15	0	0
14	8	52	9	0.572231
Instant	111
1	592	29	2	0
2	17	17	0	0
3	50	73	16	6.56966
4	268	16	0	0
11	25	18	1	0
12	0	0	0	0
13	6	15	0	0
14	8	52	8	0.591017
Instant	112
1	620	27	2	0
2	22	15	0	0
3	46	65	18	5.57129
4	269	16	0	0
11	26	19	0	0
12	0	0	0	0
13	5	15	0	0
14	8	52	9	0.508607
Instant	113
1	585	28	1	0
2	20	16	0	0
3	58	69	21	4.5671
4	275	16	0	0
11	25	19	1	0
12	0	0	0	0
13	6	15	0	0
14	8	50	11	0.631801
Instant	114
1	613	27	1	0
2	27	16	0	0
3	44	68	19	4.44588
4	287	16	0	0
11	27	19	0	0
12	0	0	0	0
13	6	15	0	0
14	9	48	9	0.570692
Instant	115
1	613	26	1	0
2	17	15	0	0
3	51	74	10	3.74659
4	261	16	0	0
11	26	19	1	0
12	0	0	0	0
13	5	15	0	0
14	8	50	8	0.628471
Instant	116
1	592	27	1	0
2	27	16	0	0
3	40	67	18	6.90067
4	252	16	0	0
11	26	18	1	0
12	0	0	0	0
13	5	15	0	0
14	7	51	9	0.656397
Instant	117
1	581	28	1	0.352113
2	21	17	0	0
3	60	67	20	7.30453
4	261	16	0	0
11	25	19	1	0
12	0	0	0	0
13	6	15	0	0
14	7	52	8	0.631822
Instant	118
1	613	28	1	0
2	30	16	0	0
3	50	75	12	6.27793
4	268	16	0	0
11	26	18	0	0
12	0	0	0	0
13	6	15	0	0
14	8	52	11	0.652158
Instant	119
1	592	27	1	0
2	31	17	0	0
3	70	64	18	3.32909
4	277	16	0	0
11	25	19	1	0
12	0	0	0	0
13	6	15	0	0
14	8	53	8	0.579017
