	T	D	J	LP
Instant	0
1	0	0	0	0
2	0	0	0	0
3	0	0	0	0
4	0	0	0	0
11	0	0	0	0
12	0	0	0	0
13	0	0	0	0
14	0	0	0	0
Instant	1
1	236	29	3	0
2	22	13	0	0
3	66	51	14	1.46684
4	169	13	0	0
11	10	18	1	0
12	66	69	10	3.53261
13	3	13	0	0
14	5	45	9	0.121753
Instant	2
1	912	29	3	0
2	17	13	0	0
3	175	59	16	4.09292
4	966	13	0	0
11	39	18	0	0
12	84	65	20	6.70956
13	11	13	0	0
14	35	47	3	0.908607
Instant	3
1	1182	28	2	0.172414
2	18	13	0	0
3	187	56	19	4.06725
4	864	13	0	0
11	52	19	0	0
12	62	73	20	5.1011
13	11	13	0	0
14	33	46	4	0.77171
Instant	4
1	1349	29	3	0.0216826
2	34	13	0	0
3	182	60	18	3.94456
4	602	13	0	0
11	59	17	0	0
12	56	62	13	0.971284
13	11	13	0	0
14	22	48	6	1.01929
Instant	5
1	1066	28	2	0
2	21	13	0	0
3	176	63	19	4.19463
4	568	13	0	0
11	47	19	0	0
12	70	60	18	5.1011
13	11	13	0	0
14	22	44	5	0.554124
Instant	6
1	1082	28	2	0
2	13	13	0	0
3	187	59	18	4.07489
4	539	13	0	0
11	47	19	0	0
12	73	63	17	1.42463
13	11	13	0	0
14	21	48	5	0.614083
Instant	7
1	993	28	2	0
2	23	13	0	0
3	178	58	17	3.61617
4	499	13	0	0
11	43	19	0	0
12	63	59	13	2.06926
13	10	13	0	0
14	19	45	6	0.556858
Instant	8
1	867	28	3	0.341064
2	16	13	0	0
3	177	60	17	3.78104
4	494	13	0	0
11	37	18	0	0
12	61	53	17	2.02206
13	11	13	0	0
14	19	46	6	0.533808
Instant	9
1	800	29	2	0
2	25	13	0	0
3	179	55	18	3.96608
4	499	13	0	0
11	35	18	0	0
12	59	67	12	13.4651
13	11	13	0	0
14	19	46	7	0.58548
Instant	10
1	759	30	2	0.797872
2	21	13	0	0
3	172	59	19	4.54793
4	456	13	0	0
11	33	18	0	0
12	56	69	17	3.71622
13	11	13	0	0
14	17	46	6	0.731041
Instant	11
1	765	29	2	0.153374
2	21	13	0	0
3	181	61	18	4.20379
4	477	13	0	0
11	33	18	0	0
12	69	56	15	1.79228
13	11	13	0	0
14	18	45	6	0.515068
Instant	12
1	837	28	3	0
2	12	13	0	0
3	171	60	18	4.28731
4	464	13	0	0
11	37	18	0	0
12	81	68	20	20.7261
13	11	13	0	0
14	17	47	7	0.605346
Instant	13
1	759	28	3	0.71644
2	31	13	0	0
3	189	57	16	3.65789
4	472	14	0	0
11	33	17	0	0
12	67	69	14	4.09226
13	11	13	0	0
14	18	46	7	0.59857
Instant	14
1	644	32	4	0.897666
2	30	13	0	0
3	187	60	17	4.06459
4	417	13	0	0
11	28	18	0	0
12	74	64	15	1.79228
13	11	13	0	0
14	16	50	8	0.60654
Instant	15
1	662	28	2	0.598291
2	17	13	0	0
3	182	57	17	3.83554
4	435	13	0	0
11	30	17	0	0
12	76	66	19	27.6195
13	11	13	0	0
14	17	48	6	0.47043
Instant	16
1	609	30	3	0.578035
2	23	13	0	0
3	157	58	19	4.57459
4	429	13	0	0
11	26	19	1	0
12	81	67	21	9.20608
13	10	13	0	0
14	16	47	6	0.663265
Instant	17
1	753	29	2	0.419847
2	22	13	0	0
3	201	60	17	3.27696
4	446	13	0	0
11	33	17	0	0
12	92	65	20	27.5276
13	11	13	0	0
14	17	47	7	0.709103
Instant	18
1	904	28	1	0
2	40	13	0	0
3	169	62	17	4.29234
4	453	13	0	0
11	39	18	0	0
12	108	57	22	6.43382
13	10	13	0	0
14	17	47	7	0.662145
Instant	19
1	1009	29	2	0.173812
2	24	13	0	0
3	173	61	16	4.07366
4	418	13	0	0
11	45	18	0	0
12	62	63	19	3.71622
13	11	13	0	0
14	16	48	7	0.560224
Instant	20
1	995	27	2	0.348028
2	20	13	0	0
3	164	63	15	4.32353
4	411	13	0	0
11	44	19	0	0
12	87	63	17	5.79044
13	10	13	0	0
14	15	48	6	0.826814
Instant	21
1	869	28	1	0.494723
2	23	13	0	0
3	191	62	16	4.04968
4	457	13	0	0
11	39	18	0	0
12	84	64	19	7.99632
13	11	13	0	0
14	17	44	6	0.498713
Instant	22
1	833	30	2	0.213068
2	29	13	0	0
3	165	60	16	4.10156
4	426	13	0	0
11	36	18	0	0
12	94	59	16	12.5
13	11	13	0	0
14	16	46	8	0.721154
Instant	23
1	633	28	2	0.555556
2	23	13	0	0
3	165	57	17	4.73856
4	394	13	0	0
11	27	18	0	0.543478
12	90	63	21	39.7978
13	11	13	0	0
14	14	50	7	0.780089
Instant	24
1	745	28	2	0.234375
2	20	13	0	0
3	178	61	17	4.12118
4	396	13	0	0
11	32	17	0	0
12	121	65	18	6.11213
13	11	13	0	0
14	15	46	8	0.572378
Instant	25
1	658	27	1	0.262238
2	13	13	0	0
3	180	57	17	4.05556
4	421	13	0	0
11	29	19	1	0
12	105	65	18	7.7753
13	11	13	0	0
14	16	47	6	0.514296
Instant	26
1	766	27	2	0.225904
2	22	13	0	0
3	176	54	18	4.05481
4	397	13	0	0
11	34	18	1	0
12	125	59	20	7.21507
13	11	13	0	0
14	15	44	7	0.727172
Instant	27
1	720	29	3	0.477707
2	24	13	0	0
3	176	64	18	4.3722
4	410	13	0	0
11	31	19	1	0.240385
12	130	65	16	7.62868
13	11	13	0	0
14	16	48	8	0.589286
Instant	28
1	689	27	2	0.709516
2	17	13	0	0
3	163	58	17	4.65909
4	415	13	0	0
11	30	18	1	0
12	102	64	16	6.07639
13	11	13	0	0
14	16	48	7	0.458392
Instant	29
1	490	29	3	1.62556
2	19	13	0	0
3	159	59	16	4.44573
4	387	13	0	0
11	23	17	0	0
12	70	62	15	3.17096
13	10	13	0	0
14	14	50	8	0.547583
Instant	30
1	584	28	1	0.301205
2	31	13	0	0
3	176	62	17	4.15761
4	391	13	0	0
11	25	18	0	0
12	87	70	18	5.19301
13	11	13	0	0
14	15	50	8	0.68506
Instant	31
1	505	28	2	1.01351
2	19	13	0	0
3	157	61	16	4.8913
4	398	13	0	0
11	22	18	1	0
12	67	67	14	9.375
13	10	13	0	0
14	15	48	7	0.616716
Instant	32
1	455	31	2	1.03406
2	32	13	0	0
3	176	58	20	4.04736
4	391	13	0	0
11	20	17	0	0.369458
12	69	60	22	13.9706
13	11	13	0	0
14	14	45	6	0.839552
Instant	33
1	544	32	3	0.0545852
2	18	13	0	0
3	191	64	17	3.62554
4	397	13	0	0
11	23	18	1	0
12	76	70	20	6.70956
13	11	13	0	0
14	15	48	7	0.716912
Instant	34
1	588	28	2	0.0482625
2	23	13	0	0
3	157	60	18	4.54023
4	398	13	0	0
11	26	18	0	0
12	99	65	15	14.527
13	10	13	0	0
14	15	47	8	0.662739
Instant	35
1	582	32	2	0.0515464
2	22	13	0	0
3	173	59	17	4.35649
4	402	13	0	0
11	24	17	0	0
12	104	66	23	12.454
13	10	13	0	0
14	15	45	6	0.56652
Instant	36
1	586	28	1	0
2	24	13	0	0
3	167	60	16	4.47802
4	387	13	0	0
11	26	18	1	0
12	125	69	15	7.99632
13	11	13	0	0
14	14	48	7	0.841528
Instant	37
1	526	28	2	0.714286
2	30	13	0	0
3	177	64	17	4.11932
4	406	13	0	0
11	23	18	0	0
12	117	62	16	5.72917
13	11	13	0	0
14	15	45	6	0.721501
Instant	38
1	561	30	3	0
2	23	13	0	0
3	164	57	18	4.39815
4	394	13	0	0
11	24	19	1	0
12	107	60	15	6.57169
13	10	13	0	0
14	14	48	6	0.716146
Instant	39
1	584	29	2	0.351406
2	32	13	0	0
3	170	54	18	4.19482
4	384	13	0	0
11	25	18	0	0
12	139	63	17	9.65073
13	11	13	0	0
14	14	48	6	0.734733
Instant	40
1	596	29	1	0
2	18	13	0	0
3	197	59	18	3.68852
4	384	13	0	0
11	26	17	0	0
12	138	64	18	6.6723
13	12	13	0	0
14	14	45	6	1.00191
Instant	41
1	527	28	1	0.37961
2	31	13	0	0
3	181	63	15	4.07428
4	403	13	0	0
11	23	19	1	0
12	142	60	20	6.29596
13	11	13	0	0
14	16	49	7	0.516304
Instant	42
1	512	29	2	0.513699
2	29	13	0	0
3	172	61	14	4.35022
4	397	13	0	0
11	22	18	0	0
12	144	65	19	7.12316
13	11	13	0	0
14	14	46	7	0.729321
Instant	43
1	545	29	2	0
2	37	13	0	0
3	164	64	14	4.40141
4	373	13	0	0
11	24	19	1	0
12	107	66	21	7.60135
13	10	13	0	0
14	14	50	7	0.665102
Instant	44
1	592	28	2	0.343811
2	15	13	0	0
3	172	55	16	4.1573
4	421	13	0	0
11	26	18	1	0
12	100	64	20	5.05515
13	11	13	0	0
14	15	45	7	0.757312
Instant	45
1	586	27	2	0.30426
2	38	13	0	0
3	187	62	16	4.05405
4	408	13	0	0
11	25	17	0	0
12	155	64	18	9.83456
13	11	13	0	0
14	15	49	7	0.529053
Instant	46
1	592	30	1	0
2	28	13	0	0
3	194	59	16	3.88655
4	408	13	0	0
11	25	17	0	0
12	131	62	17	6.25
13	11	13	0	0
14	15	47	7	0.743195
Instant	47
1	545	28	2	0.632911
2	8	13	0	0
3	180	61	18	4.0855
4	417	13	0	0
11	24	18	0	0
12	105	68	19	6.29596
13	11	13	0	0
14	16	47	7	0.672137
Instant	48
1	510	29	3	0.663717
2	21	13	0	0
3	154	57	17	4.7209
4	419	13	0	0
11	23	17	0	0
12	78	64	16	8.08823
13	10	13	0	0
14	15	44	7	0.743007
Instant	49
1	538	28	2	0.642398
2	21	13	0	0
3	144	61	19	5.02451
4	411	13	0	0
11	23	17	0	0
12	83	71	16	6.77083
13	10	13	0	0
14	15	46	7	0.767857
Instant	50
1	614	28	1	0.0478011
2	40	13	0	0
3	175	59	18	4.20429
4	409	13	0	0
11	26	18	0	0
12	143	57	18	10.6618
13	11	13	0	0
14	15	43	6	0.803571
Instant	51
1	590	29	1	0.0490196
2	25	13	0	0
3	194	61	18	3.83403
4	402	13	0	0
11	26	17	0	0
12	171	61	16	5.60662
13	11	13	0	0
14	15	48	7	0.592201
Instant	52
1	582	27	2	0.301811
2	36	13	0	0
3	165	60	16	4.59932
4	402	13	0	0
11	25	18	0	0
12	113	57	19	7.8125
13	11	13	0	0
14	15	45	7	0.526125
Instant	53
1	539	28	2	0.679916
2	21	13	0	0
3	173	61	17	4.11111
4	381	13	0	0
11	24	18	1	0
12	47	71	27	7.49081
13	11	13	0	0
14	14	46	7	0.698698
Instant	54
1	560	29	2	0.363825
2	23	13	0	0
3	157	60	17	4.68384
4	399	13	0	0
11	24	18	0	0
12	106	65	18	7.67463
13	10	13	0	0
14	15	45	8	0.622255
Instant	55
1	608	26	2	0.291829
2	20	13	0	0
3	178	55	16	4.13996
4	401	13	0	0
11	26	18	0	0
12	118	57	16	10.7264
13	11	13	0	0
14	15	47	7	0.719752
Instant	56
1	556	29	1	0.609756
2	39	13	0	0
3	186	64	16	4.19444
4	430	13	0	0
11	25	18	1	0
12	87	62	18	6.34191
13	11	13	0	0
14	17	47	7	0.434264
Instant	57
1	597	28	1	0
2	35	13	0	0
3	183	61	18	3.42163
4	419	13	0	0
11	25	18	1	0
12	130	58	19	9.19118
13	11	13	0	0
14	16	49	6	0.576117
Instant	58
1	600	26	2	0
2	29	13	0	0
3	182	56	18	3.98107
4	456	13	0	0
11	26	19	1	0
12	115	66	19	7.98142
13	11	13	0	0
14	17	44	7	0.569641
Instant	59
1	538	29	2	0.701944
2	33	13	0	0
3	172	57	18	4.45243
4	447	13	0	0
11	23	17	0	0
12	131	61	20	6.6636
13	11	13	0	0
14	17	45	7	0.540629
Instant	60
1	575	31	2	0.050813
2	35	13	0	0
3	193	60	16	3.65919
4	422	13	0	0
11	25	18	0	0
12	131	67	17	7.85846
13	11	13	0	0
14	16	46	7	0.727147
Instant	61
1	568	31	2	0
2	27	13	0	0
3	180	60	17	3.93415
4	395	13	0	0
11	24	18	1	0
12	92	65	20	5.09673
13	11	13	0	0
14	15	47	7	0.75
Instant	62
1	613	27	1	0
2	5	13	0	0
3	180	54	17	3.93415
4	420	13	0	0
11	26	18	1	0
12	129	65	18	8.9614
13	11	13	0	0
14	16	46	7	0.532472
Instant	63
1	519	29	3	0.591398
2	15	13	0	0
3	165	64	16	4.2426
4	417	13	0	0
11	24	18	0	0
12	92	67	21	7.35294
13	10	13	0	0
14	15	45	6	0.632023
Instant	64
1	608	27	1	0.292969
2	26	13	0	0
3	176	56	18	4.2756
4	400	13	0	0
11	26	17	0	0
12	127	68	16	10.1774
13	11	13	0	0
14	15	45	7	0.767544
Instant	65
1	512	27	2	0.765864
2	25	13	0	0
3	176	57	18	4.29954
4	406	13	0	0
11	23	18	0	0
12	76	69	21	6.52574
13	11	13	0	0
14	15	47	8	0.495317
Instant	66
1	575	27	2	0.598802
2	43	13	0	0
3	167	60	19	4.40022
4	389	13	0	0
11	25	17	0	0
12	85	65	17	8.68566
13	11	13	0	0
14	14	48	7	0.836466
Instant	67
1	603	28	2	0
2	28	13	0	0
3	174	54	16	3.85057
4	382	13	0	0
11	25	18	0	0
12	128	58	18	9.41723
13	10	13	0	0
14	14	47	8	0.746554
Instant	68
1	558	30	2	0.358607
2	30	13	0	0
3	185	55	19	3.9488
4	402	13	0	0
11	24	18	0	0
12	120	67	19	7.22656
13	11	13	0	0
14	15	49	6	0.611314
Instant	69
1	544	27	2	0.37234
2	26	13	0	0
3	184	56	18	3.75536
4	385	13	0	0
11	24	19	1	0
12	108	65	18	8.13419
13	11	13	0	0
14	14	47	6	0.818113
Instant	70
1	572	30	2	0
2	32	13	0	0
3	154	53	17	4.85941
4	400	13	0	0
11	24	18	0	0
12	159	61	16	6.41892
13	10	13	0	0
14	14	47	8	0.658858
Instant	71
1	617	28	2	0
2	31	13	0	0
3	178	59	18	4.27419
4	393	13	0	0
11	27	17	0	0
12	131	61	19	6.43382
13	11	13	0	0
14	15	49	8	0.63244
Instant	72
1	541	30	2	0.32538
2	26	13	0	0
3	167	55	19	4.26402
4	395	13	0	0
11	23	19	1	0
12	110	75	20	7.10227
13	10	13	0	0
14	15	49	7	0.862389
Instant	73
1	591	30	2	0
2	21	13	0	0
3	177	63	20	3.94168
4	376	13	0	0
11	25	18	1	0.298805
12	107	64	17	5.98323
13	11	13	0	0
14	14	48	8	0.553183
Instant	74
1	585	29	2	0.301205
2	22	13	0	0
3	188	58	20	3.96146
4	370	13	0	0
11	25	18	0	0
12	157	57	18	7.44485
13	11	13	0	0
14	13	47	8	0.921157
Instant	75
1	518	31	2	0.322581
2	24	13	0	0
3	168	62	17	4.4265
4	387	13	0	0
11	23	18	1	0
12	118	64	23	7.62311
13	11	13	0	0
14	14	47	7	0.757576
Instant	76
1	572	27	1	0.316456
2	36	13	0	0
3	171	60	14	4.37359
4	400	13	0	0
11	24	17	0	0
12	125	66	19	8.15972
13	10	13	0	0
14	15	49	8	0.648757
Instant	77
1	568	28	2	0.295858
2	35	13	0	0
3	157	61	17	4.69838
4	406	13	0	0
11	26	17	0	0
12	135	69	20	6.05469
13	10	13	0	0
14	16	49	9	0.399129
Instant	78
1	546	31	2	0.32538
2	34	13	0	0
3	167	60	16	4.61409
4	395	13	0	0
11	23	17	0	0
12	124	58	24	6.68945
13	11	13	0	0
14	14	47	7	0.859837
Instant	79
1	514	30	2	0.665188
2	21	13	0	0
3	170	62	18	4.35912
4	423	13	0	0
11	22	19	1	0
12	98	68	19	7.17905
13	10	13	0	0
14	15	44	6	0.665629
Instant	80
1	582	29	1	0.0504032
2	37	13	0	0
3	168	57	16	4.0127
4	384	13	0	0
11	25	17	0	0
12	94	68	21	5.20833
13	10	13	0	0
14	14	48	6	0.838415
Instant	81
1	566	29	2	0.353535
2	23	13	0	0
3	161	66	15	4.3379
4	392	13	0	0
11	25	18	0	0
12	125	65	19	10.7955
13	10	13	0	0
14	15	49	8	0.45709
Instant	82
1	556	27	1	0.608519
2	34	13	0	0
3	182	57	18	4.22185
4	389	13	0	0
11	25	18	0	0
12	107	60	17	7.67857
13	11	13	0	0
14	14	46	7	0.818901
Instant	83
1	529	30	1	0
2	22	13	0	0
3	171	59	18	4.01054
4	410	13	0	0
11	23	18	1	0
12	142	61	21	6.20265
13	10	13	0	0
14	16	46	7	0.64194
Instant	84
1	472	30	3	1.57767
2	31	13	0	0
3	152	58	17	4.62085
4	403	13	0	0
11	21	17	0	0
12	89	63	21	9.65909
13	10	13	0	0
14	15	47	7	0.698476
Instant	85
1	602	28	1	0
2	25	13	0	0
3	188	59	17	3.61349
4	400	13	0	0
11	26	17	0	0
12	130	60	27	6.57051
13	11	13	0	0
14	15	47	7	0.529971
Instant	86
1	556	28	1	0.660569
2	29	13	0	0
3	188	63	19	4.14882
4	376	13	0	0
11	25	18	0	0
12	155	60	16	6.02022
13	11	13	0	0
14	14	48	8	0.806765
Instant	87
1	540	29	2	0.374732
2	41	13	0	0
3	157	54	17	4.58528
4	370	14	0	0
11	23	18	0	0
12	100	65	18	6.57169
13	10	13	0	0
14	13	47	8	0.839257
Instant	88
1	599	29	2	0
2	24	13	0	0
3	164	58	14	4.32464
4	396	13	0	0
11	26	18	1	0
12	121	66	17	9.45946
13	10	13	0	0
14	15	47	7	0.711908
Instant	89
1	613	28	1	0
2	34	13	0	0
3	192	57	18	3.88298
4	424	13	0	0
11	26	17	0	0
12	143	64	16	6.11213
13	11	13	0	0
14	16	45	7	0.562673
Instant	90
1	543	29	1	0.319829
2	16	13	0	0
3	174	62	19	4.13978
4	412	13	0	0
11	24	18	1	0
12	146	62	14	6.49414
13	11	13	0	0
14	15	46	6	0.745739
Instant	91
1	598	28	1	0
2	16	13	0	0
3	176	62	17	4.60674
4	410	13	0	0
11	26	18	0	0
12	109	69	18	4.94088
13	11	13	0	0
14	15	48	8	0.579529
Instant	92
1	602	29	2	0.0498008
2	26	13	0	0
3	158	60	17	4.21412
4	394	13	0	0
11	25	17	0	0
12	164	63	17	8.28598
13	11	13	0	0
14	14	49	7	0.825297
Instant	93
1	606	28	1	0.0468165
2	16	13	0	0
3	148	60	18	5.223
4	405	13	0	0
11	27	17	0	0
12	126	60	20	7.19697
13	10	13	0	0
14	15	49	7	0.48984
Instant	94
1	571	28	1	0
2	10	13	0	0
3	172	58	15	4.24058
4	415	13	0	0
11	24	18	0	0
12	147	58	19	5.27872
13	11	13	0	0
14	15	45	6	0.679732
Instant	95
1	585	28	2	0.60241
2	25	13	0	0
3	165	64	15	4.93274
4	390	13	0	0
11	25	17	0	0
12	139	59	17	7.16912
13	11	13	0	0
14	14	47	8	0.677711
Instant	96
1	519	27	2	0.604396
2	21	13	0	0
3	173	59	19	4.08221
4	384	13	0	0
11	23	18	0	0
12	110	70	16	7.21507
13	11	13	0	0
14	15	48	7	0.569909
Instant	97
1	586	28	1	0.0978474
2	25	13	0	0
3	162	52	17	4.49536
4	392	13	0	0
11	26	19	1	0
12	150	68	15	5.75457
13	10	13	0	0
14	14	45	7	0.866244
Instant	98
1	563	29	2	0.465839
2	35	13	0	0
3	174	56	17	4.22185
4	401	13	0	0
11	25	18	1	0
12	109	64	18	6.02022
13	11	13	0	0
14	15	45	7	0.720803
Instant	99
1	556	28	2	0
2	31	13	0	0
3	182	59	17	3.63272
4	407	13	0	0
11	24	18	1	0
12	115	68	11	9.23713
13	11	13	0	0
14	15	48	7	0.598214
Instant	100
1	598	28	2	0.347913
2	40	13	0	0
3	165	60	17	4.34417
4	412	13	0	0
11	25	18	0	0
12	125	62	14	6.54561
13	11	13	0	0
14	16	47	7	0.499287
Instant	101
1	585	29	1	0
2	25	13	0	0
3	186	64	15	3.93258
4	398	13	0	0
11	25	19	1	0
12	143	60	18	8.27206
13	11	13	0	0
14	15	45	6	0.716912
Instant	102
1	561	30	2	0.627615
2	38	13	0	0
3	160	56	17	4.33612
4	380	13	0	0
11	24	16	0	0
12	117	57	17	7.16912
13	10	13	0	0
14	14	48	7	0.731895
Instant	103
1	529	31	2	0.321199
2	26	13	0	0
3	165	62	16	4.39342
4	380	13	0	0
11	24	18	0	0
12	76	62	20	6.84122
13	11	13	0	0
14	14	49	8	0.682692
Instant	104
1	537	29	2	0.747863
2	16	13	0	0
3	181	54	19	3.85033
4	385	13	0	0
11	23	18	0	0
12	98	67	20	10.4779
13	11	13	0	0
14	14	47	7	0.694444
Instant	105
1	579	29	2	0
2	33	13	0	0
3	147	63	17	5
4	423	13	0	0
11	25	19	1	0
12	122	65	14	6.75551
13	10	13	0	0
14	16	46	6	0.652855
Instant	106
1	572	26	2	0
2	26	13	0	0
3	171	58	17	4.30233
4	379	13	0	0
11	24	20	1	0
12	120	59	16	6.54561
13	10	13	0	0
14	14	45	6	0.728528
Instant	107
1	592	28	1	0.294118
2	39	13	0	0
3	167	60	15	4.17614
4	398	13	0	0
11	26	18	0	0
12	159	63	22	7.99632
13	11	13	0	0
14	15	49	8	0.477941
Instant	108
1	539	28	2	0.326087
2	19	13	0	0
3	167	62	17	4.79303
4	397	13	0	0
11	23	18	0	0.320513
12	121	65	19	7.49081
13	11	13	0	0
14	15	44	7	0.719027
Instant	109
1	569	29	2	0.302419
2	28	13	0	0
3	187	58	16	3.71696
4	382	13	0	0
11	25	18	0	0
12	119	67	13	4.27827
13	11	13	0	0
14	14	45	7	0.851838
Instant	110
1	586	27	2	0.337187
2	28	13	0	0
3	185	61	16	3.73094
4	391	13	0	0
11	26	17	0	0
12	117	66	18	9.86328
13	11	13	0	0
14	14	50	7	0.720434
Instant	111
1	592	29	2	0
2	32	13	0	0
3	168	58	15	4.44381
4	403	13	0	0
11	25	18	1	0
12	121	63	21	6.20404
13	10	13	0	0
14	15	49	7	0.517054
Instant	112
1	577	29	2	0.15121
2	19	13	0	0
3	194	60	17	3.57143
4	414	13	0	0
11	25	18	0	0
12	121	63	20	9.29054
13	11	13	0	0
14	16	48	6	0.59313
Instant	113
1	612	28	2	0.0486381
2	24	13	0	0
3	168	58	18	4.72738
4	398	13	0	0
11	26	19	1	0
12	136	66	18	6.38787
13	10	13	0	0
14	15	51	7	0.680147
Instant	114
1	571	28	1	0.297619
2	24	13	0	0
3	191	58	16	3.51891
4	404	13	0	0
11	25	18	1	0
12	151	64	21	5.65257
13	11	13	0	0
14	15	45	7	0.65123
Instant	115
1	589	28	1	0
2	21	13	0	0
3	171	57	16	4.6286
4	439	13	0	0
11	25	19	1	0.298805
12	140	63	16	6.79899
13	11	13	0	0
14	16	46	7	0.669344
Instant	116
1	557	29	2	0.315789
2	26	13	0	0
3	176	59	19	3.72517
4	397	13	0	0
11	24	18	0	0
12	90	66	22	5.97426
13	11	13	0	0
14	14	46	7	0.919118
Instant	117
1	542	30	2	0.316456
2	28	13	0	0
3	164	61	17	4.74942
4	396	13	0	0
11	24	17	0	0
12	113	71	17	10.9835
13	10	13	0	0
14	15	48	8	0.62963
Instant	118
1	599	28	1	0
2	35	13	0	0
3	175	55	17	4.06725
4	386	13	0	0
11	25	18	1	0
12	132	68	17	6.50338
13	11	13	0	0
14	14	46	7	0.838415
Instant	119
1	515	31	2	0.656455
2	27	13	0	0
3	185	60	19	4.25705
4	385	13	0	0
11	23	18	0	0
12	99	56	21	6.84743
13	11	13	0	0
14	14	49	8	0.656393
