	T	D	J	LP
Instant	0
1	0	0	0	0
2	0	0	0	0
3	0	0	0	0
4	0	0	0	0
11	0	0	0	0
12	0	0	0	0
13	0	0	0	0
14	0	0	0	0
Instant	1
1	245	29	3	0
2	6	13	0	0
3	77	53	10	0.738636
4	200	13	0	0
11	10	18	1	0
12	83	61	16	3.05707
13	3	13	0	0
14	6	46	7	0.0868056
Instant	2
1	836	28	3	0.275482
2	38	14	1	0
3	180	66	17	5.11928
4	1165	14	0	0
11	37	18	0	0
12	139	69	13	5.33088
13	12	13	0	0
14	46	45	3	0.371724
Instant	3
1	1268	29	3	0
2	34	13	0	0
3	198	54	13	3.42205
4	857	14	0	0
11	55	17	0	0
12	130	69	14	4.77941
13	13	13	0	0
14	35	45	4	0.505483
Instant	4
1	1042	30	3	0.971143
2	27	13	0	0
3	213	57	13	4.69682
4	711	13	0	0
11	47	20	0	0
12	95	65	12	3.58953
13	12	13	0	0
14	28	44	4	0.412201
Instant	5
1	1141	26	3	0.397614
2	22	13	0	0
3	237	59	16	3.0914
4	677	13	0	0
11	51	18	0	0
12	122	61	19	17.8768
13	13	13	0	0
14	27	43	5	0.428231
Instant	6
1	921	29	3	1.04167
2	20	13	0	0
3	223	59	15	3.35425
4	622	13	0	0
11	42	19	0	0
12	110	69	15	6.43382
13	13	13	0	0
14	25	44	5	0.442217
Instant	7
1	859	30	3	0.275482
2	15	13	0	0
3	230	60	17	3.86852
4	603	13	0	0
11	37	18	0	0
12	150	60	14	7.13682
13	14	13	0	0
14	24	44	6	0.400875
Instant	8
1	847	28	3	0.340599
2	21	13	0	0
3	220	59	16	3.37902
4	626	13	0	0
11	37	18	0	0
12	142	61	16	6.98529
13	13	13	0	0
14	25	42	6	0.410798
Instant	9
1	1059	30	3	0
2	29	13	0	0
3	207	55	15	4.19922
4	592	13	0	0
11	45	17	0	0
12	137	65	20	6.15809
13	12	13	0	0
14	23	43	5	0.513106
Instant	10
1	1083	27	2	0
2	28	13	0	0
3	241	59	16	2.97952
4	624	13	0	0
11	48	18	0	0
12	134	59	15	6.16554
13	13	13	0	0
14	25	44	6	0.370066
Instant	11
1	959	27	3	0.567503
2	16	13	0	0
3	205	62	17	3.79594
4	542	13	0	0
11	43	18	0	0
12	127	59	18	7.03125
13	13	13	0	0
14	22	45	6	0.379198
Instant	12
1	728	28	2	1.10518
2	16	13	0	0
3	198	59	16	3.88277
4	489	13	0	0
11	33	17	0	0.626959
12	124	65	19	7.49081
13	12	13	0	0
14	19	44	7	0.426136
Instant	13
1	706	29	2	0.297619
2	33	13	0	0
3	204	62	14	4.16667
4	549	13	0	0
11	30	19	0	0
12	128	60	14	5.84077
13	13	13	0	0
14	21	43	5	0.481283
Instant	14
1	619	28	2	0.608614
2	27	13	0	0
3	208	59	16	3.97839
4	498	13	0	0
11	27	18	0	0
12	174	61	14	5.14706
13	12	13	0	0
14	20	47	6	0.501771
Instant	15
1	554	26	2	0.595238
2	34	13	0	0
3	219	59	17	3.73346
4	523	13	0	0
11	25	18	0	0
12	147	64	16	6.93934
13	13	13	0	0
14	20	41	5	0.330056
Instant	16
1	681	30	2	0.260417
2	19	13	0	0
3	197	60	18	3.66876
4	456	13	0	0
11	29	18	0	0
12	128	57	19	6.84122
13	12	13	0	0
14	18	44	7	0.505456
Instant	17
1	768	28	1	0
2	27	13	0	0
3	224	58	18	3.40909
4	441	13	0	0
11	34	17	0	0
12	160	57	19	4.91728
13	13	13	0	0
14	17	45	6	0.570437
Instant	18
1	498	29	3	1.20413
2	29	13	0	0
3	224	57	15	3.54442
4	441	13	0	0
11	22	19	0	0
12	118	65	17	6.29596
13	13	13	0	0
14	17	43	7	0.698138
Instant	19
1	551	30	2	0.60241
2	14	13	0	0
3	219	61	14	3.2598
4	459	13	0	0
11	25	18	0	0
12	126	68	15	7.89696
13	12	13	0	0
14	18	44	7	0.422513
Instant	20
1	639	30	2	0.326493
2	14	13	0	0
3	219	58	20	3.327
4	463	13	0	0
11	27	17	0	0
12	129	65	17	7.67463
13	13	13	0	0
14	18	44	6	0.490506
Instant	21
1	619	31	3	0.28463
2	13	13	0	0
3	210	61	17	3.79902
4	462	13	0	0
11	26	18	0	0
12	126	62	18	7.3989
13	12	13	0	0
14	18	44	6	0.412961
Instant	22
1	497	28	3	0.833333
2	22	13	0	0
3	215	57	14	3.7
4	468	13	0	0
11	22	17	0	0.44843
12	117	63	17	6.71453
13	12	13	0	0
14	18	41	6	0.48377
Instant	23
1	532	30	3	0.767544
2	37	13	0	0
3	215	59	17	3.08185
4	468	13	0	0
11	23	17	0	0
12	153	60	17	6.06618
13	12	13	0	0
14	17	41	6	0.518216
Instant	24
1	522	29	1	0
2	20	13	0	0
3	228	62	16	3.47481
4	435	13	0	0
11	22	18	1	0.446429
12	175	63	15	5.46875
13	13	13	0	0
14	17	45	6	0.536193
Instant	25
1	512	28	2	1.3363
2	37	13	0	0
3	214	51	15	3.6368
4	427	13	0	0
11	23	19	1	0
12	125	56	16	5.76637
13	13	13	0	0
14	16	46	6	0.566621
Instant	26
1	513	29	2	0.492341
2	35	13	0	0
3	200	66	15	4.01139
4	432	13	0	0
11	23	18	1	0
12	130	63	18	6.52574
13	12	13	0	0
14	17	45	7	0.599662
Instant	27
1	504	30	2	0.452489
2	17	13	0	0
3	220	57	16	3.36355
4	449	13	0	0
11	22	17	0	0
12	158	64	16	6.20404
13	13	13	0	0
14	17	46	6	0.319045
Instant	28
1	546	30	2	1.01713
2	29	13	0	0
3	208	59	16	3.85742
4	443	13	0	0
11	23	18	0	0
12	144	64	19	6.90104
13	12	13	0	0
14	17	43	6	0.643989
Instant	29
1	582	29	2	0
2	16	13	0	0
3	227	63	15	3.13102
4	434	13	0	0
11	25	18	0	0
12	171	61	17	5.28493
13	13	13	0	0
14	16	43	6	0.641026
Instant	30
1	558	30	2	0.414079
2	25	13	0	0
3	216	57	18	3.56473
4	422	13	0	0
11	24	19	1	0
12	142	63	16	6.52574
13	13	13	0	0
14	16	45	6	0.512865
Instant	31
1	479	31	3	0.876168
2	23	13	0	0
3	208	61	16	3.85956
4	430	13	0	0
11	21	18	1	0
12	119	63	12	7.30574
13	12	13	0	0
14	17	43	6	0.527211
Instant	32
1	600	29	2	0.242248
2	22	13	0	0
3	237	61	16	3.31353
4	448	13	0	0
11	26	17	0	0
12	135	60	20	7.3989
13	13	13	0	0
14	17	43	6	0.530352
Instant	33
1	596	29	1	0
2	19	13	0	0
3	238	63	16	3.11347
4	470	13	0	0
11	26	18	0	0
12	163	63	17	6.11213
13	13	13	0	0
14	18	41	6	0.453692
Instant	34
1	566	27	1	0.622407
2	27	13	0	0
3	216	60	17	3.37838
4	408	13	0	0
11	24	18	0	0
12	145	56	18	5.53209
13	13	13	0	0
14	16	47	6	0.591822
Instant	35
1	811	27	2	0
2	47	13	0	0
3	224	61	17	3.60251
4	416	13	0	0
11	35	18	0	0
12	115	63	23	6.89338
13	12	13	0	0
14	16	46	7	0.440141
Instant	36
1	554	33	3	0.326087
2	24	13	0	0
3	254	60	16	2.76786
4	424	13	0	0
11	23	19	1	0
12	127	68	15	7.53676
13	14	13	0	0
14	16	46	7	0.491379
Instant	37
1	576	27	1	0.291262
2	30	13	0	0
3	238	60	15	3.06648
4	454	13	0	0
11	26	17	0	0
12	132	57	18	5.87798
13	13	13	0	0
14	18	44	6	0.541021
Instant	38
1	571	32	2	0.156904
2	27	13	0	0
3	186	52	16	4.36225
4	485	13	0	0
11	24	18	0	0
12	164	56	17	6.11213
13	12	13	0	0
14	19	46	6	0.362757
Instant	39
1	546	28	2	0.995807
2	20	13	0	0
3	196	59	15	3.8522
4	416	13	0	0
11	24	18	0	0
12	151	58	14	5.92831
13	12	13	0	0
14	15	44	6	0.879044
Instant	40
1	480	29	1	0.748848
2	30	13	0	0
3	200	60	16	3.65112
4	458	13	0	0
11	22	18	0	0
12	138	64	26	7.51689
13	12	13	0	0
14	18	42	7	0.439578
Instant	41
1	516	28	1	0.391499
2	24	13	0	0
3	217	60	15	3.26621
4	488	13	0	0
11	22	18	1	0
12	140	63	20	6.15809
13	12	13	0	0
14	18	44	6	0.533353
Instant	42
1	527	29	2	0.963597
2	30	13	0	0
3	208	58	17	3.48485
4	422	13	0	0
11	23	18	0	0
12	136	61	16	6.02022
13	12	13	0	0
14	16	45	7	0.798611
Instant	43
1	610	28	2	0
2	34	13	0	0
3	209	59	17	3.85956
4	441	13	0	0
11	26	18	1	0
12	154	60	21	5.91216
13	12	13	0	0
14	17	42	6	0.438161
Instant	44
1	592	28	1	0
2	21	13	0	0
3	214	56	14	3.59922
4	426	13	0	0
11	25	19	0	0
12	139	55	16	6.47978
13	12	13	0	0
14	17	48	8	0.438446
Instant	45
1	531	29	2	0.320513
2	20	13	0	0
3	192	57	16	3.98773
4	406	13	0	0
11	24	19	0	0
12	123	66	16	7.07721
13	12	13	0	0
14	15	48	8	0.622294
Instant	46
1	595	27	1	0
2	17	13	0	0
3	215	57	17	3.36155
4	414	13	0	0
11	25	18	0	0
12	159	62	17	6.20777
13	12	13	0	0
14	16	45	7	0.503178
Instant	47
1	507	28	2	0.725446
2	22	13	0	0
3	229	60	15	3.2882
4	411	13	0	0
11	23	17	0	0
12	142	60	16	6.61765
13	13	13	0	0
14	16	48	6	0.482143
Instant	48
1	522	26	1	0.925926
2	27	13	0	0
3	224	57	16	2.93689
4	425	13	0	0
11	23	18	1	0
12	147	52	16	5.8364
13	12	13	0	0
14	17	49	7	0.257555
Instant	49
1	505	29	2	0.677201
2	26	13	0	0
3	204	58	14	3.76984
4	439	13	0	0
11	22	19	1	0
12	113	69	15	4.7619
13	12	13	0	0
14	17	42	6	0.543115
Instant	50
1	559	28	2	0.35
2	19	13	0	0
3	224	55	15	3.5609
4	449	13	0	0
11	25	17	0	0
12	129	62	18	6.70956
13	12	13	0	0
14	17	42	6	0.568182
Instant	51
1	542	28	2	0.946548
2	19	13	0	0
3	203	59	15	3.15631
4	427	13	0	0
11	22	18	0	0
12	169	62	19	8.08823
13	12	13	0	0
14	16	46	7	0.542355
Instant	52
1	396	28	2	1.6
2	29	13	0	0
3	203	60	15	3.98773
4	423	13	0	0
11	19	17	0	0
12	142	67	18	6.38021
13	12	13	0	0
14	16	45	6	0.570539
Instant	53
1	572	27	1	0.304878
2	19	13	0	0
3	224	58	13	3.45077
4	450	13	0	0
11	25	20	1	0
12	163	59	16	5.37684
13	13	13	0	0
14	18	45	6	0.38199
Instant	54
1	563	26	1	0.613497
2	30	13	0	0
3	248	58	15	2.91667
4	456	13	0	0
11	24	19	1	0
12	181	60	14	4.6875
13	14	13	0	0
14	18	44	7	0.410232
Instant	55
1	555	27	1	0.052521
2	24	13	0	0
3	184	61	14	4.57317
4	439	13	0	0
11	24	19	1	0
12	153	63	15	5.70101
13	12	13	0	0
14	17	45	7	0.474367
Instant	56
1	585	28	2	0.290698
2	23	13	0	0
3	216	60	18	3.389
4	416	13	0	0
11	26	18	0	0
12	157	62	17	6.20404
13	12	13	0	0
14	15	47	7	0.642606
Instant	57
1	620	28	2	0
2	40	13	0	0
3	209	63	15	3.61056
4	427	13	0	0
11	26	18	0	0
12	142	65	16	6.52574
13	12	13	0	0
14	17	45	6	0.506525
Instant	58
1	570	29	2	0.4
2	30	13	0	0
3	220	52	15	3.41599
4	431	13	0	0
11	25	18	0	0
12	148	61	22	5.70101
13	12	13	0	0
14	17	45	6	0.457317
Instant	59
1	566	31	2	0.0516529
2	22	13	0	0
3	221	60	17	2.84533
4	438	13	0	0
11	24	17	0	0
12	152	63	18	6.15809
13	12	13	0	0
14	17	44	6	0.436242
Instant	60
1	591	29	2	0
2	17	13	0	0
3	212	61	19	3.92157
4	447	13	0	0
11	25	19	0	0
12	154	67	16	6.43382
13	12	13	0	0
14	18	45	6	0.344488
Instant	61
1	535	29	3	0.376344
2	19	13	0	0
3	204	59	17	3.77734
4	424	13	0	0
11	23	18	0	0
12	128	62	14	4.50149
13	12	13	0	0
14	16	43	6	0.62931
Instant	62
1	533	28	2	0.437637
2	32	13	0	0
3	212	56	15	3.72596
4	454	13	0	0
11	23	19	1	0
12	144	63	18	8.91544
13	13	13	0	0
14	17	43	6	0.580645
Instant	63
1	519	29	2	0.695931
2	28	13	0	0
3	244	57	15	2.92208
4	514	13	0	0
11	23	19	1	0
12	148	61	18	5.92831
13	13	13	0	0
14	21	43	6	0.320696
Instant	64
1	580	28	1	0.0506073
2	29	13	0	0
3	221	55	16	3.28185
4	449	13	0	0
11	25	18	0	0
12	137	64	20	7.85473
13	13	13	0	0
14	18	44	6	0.531046
Instant	65
1	534	28	2	0.652174
2	32	13	0	0
3	227	58	14	3.56132
4	423	13	0	0
11	23	18	0	0
12	157	61	14	5.42279
13	13	13	0	0
14	16	48	7	0.449516
Instant	66
1	539	30	2	0.315126
2	27	13	0	0
3	213	57	16	3.44311
4	406	13	0	0
11	24	18	0	0
12	166	60	16	5.74449
13	12	13	0	0
14	15	42	7	0.665468
Instant	67
1	589	27	1	0
2	41	13	0	0
3	232	58	16	3.09546
4	433	13	0	0
11	25	18	0	0
12	173	60	18	4.94088
13	13	13	0	0
14	16	44	7	0.550474
Instant	68
1	592	29	2	0.297619
2	27	13	0	0
3	216	63	16	3.07579
4	453	13	0	0
11	25	17	0	0
12	166	57	16	5.27344
13	12	13	0	0
14	17	45	6	0.502594
Instant	69
1	562	30	2	0.364583
2	23	13	0	0
3	217	59	17	3.89887
4	430	13	0	0
11	24	18	0	0
12	143	65	23	6.98529
13	13	13	0	0
14	16	44	6	0.596862
Instant	70
1	592	29	1	0
2	38	13	0	0
3	208	60	15	3.49899
4	419	13	0	0
11	26	17	0	0
12	158	57	16	5.74324
13	12	13	0	0
14	16	43	6	0.426532
Instant	71
1	594	28	1	0.303644
2	22	13	0	0
3	226	62	18	3.14246
4	446	13	0	0
11	25	17	0	0
12	175	56	15	5.65257
13	13	13	0	0
14	17	45	7	0.583882
Instant	72
1	592	29	1	0
2	15	13	0	0
3	211	59	16	4.16667
4	469	13	0	0
11	26	17	0	0
12	153	63	18	5.53977
13	12	13	0	0
14	18	45	6	0.391114
Instant	73
1	579	28	2	0.150905
2	30	13	0	0
3	230	57	16	2.86204
4	469	13	0	0
11	25	17	0	0
12	155	66	19	4.19207
13	12	13	0	0
14	18	45	7	0.396949
Instant	74
1	559	29	2	0.307377
2	35	13	0	0
3	204	61	17	3.58607
4	440	13	0	0
11	25	18	0	0
12	165	52	14	5.79044
13	12	13	0	0
14	17	46	7	0.509012
Instant	75
1	607	29	2	0.290698
2	28	13	0	0
3	230	54	16	3.45489
4	401	13	0	0
11	26	17	0	0
12	167	59	19	5.49242
13	13	13	0	0
14	14	45	7	0.813231
Instant	76
1	585	27	3	0.301205
2	24	13	0	0
3	224	58	15	3.02303
4	411	13	0	0
11	25	18	0	0
12	140	63	17	6.98785
13	13	13	0	0
14	16	46	7	0.480769
Instant	77
1	621	28	1	0
2	33	13	0	0
3	209	58	15	3.58887
4	424	13	0	0
11	26	17	0	0
12	145	63	18	5.61523
13	12	13	0	0
14	16	47	6	0.589459
Instant	78
1	570	29	2	0.306122
2	22	13	0	0
3	229	58	15	3.11891
4	408	13	0	0
11	25	18	1	0
12	152	63	17	5.81055
13	12	13	0	0
14	15	47	6	0.466954
Instant	79
1	553	27	2	0.0520833
2	20	13	0	0
3	217	59	14	3.2045
4	440	13	0	0
11	24	19	1	0
12	129	66	19	6.92568
13	12	13	0	0
14	17	44	6	0.649135
Instant	80
1	587	30	2	0
2	23	13	0	0
3	226	59	17	3.22816
4	412	13	0	0
11	25	18	0	0
12	166	63	16	5.53977
13	12	13	0	0
14	15	46	6	0.645332
Instant	81
1	528	30	1	0.331126
2	21	13	0	0
3	221	55	15	3.57824
4	429	13	0	0
11	23	18	0	0
12	159	63	14	5.30303
13	13	13	0	0
14	17	46	6	0.383697
Instant	82
1	558	30	2	0.363071
2	24	13	0	0
3	204	62	17	3.50302
4	415	13	0	0
11	24	19	1	0
12	117	62	18	6.47321
13	12	13	0	0
14	16	46	7	0.380127
Instant	83
1	618	27	2	0.0469925
2	28	13	0	0
3	218	57	19	3.35671
4	447	13	0	0
11	27	18	0	0
12	176	60	16	5.58712
13	12	13	0	0
14	18	43	6	0.475722
Instant	84
1	606	28	1	0
2	24	13	0	0
3	232	52	16	3.22356
4	410	13	0	0
11	26	18	0	0
12	163	62	18	5.01894
13	13	13	0	0
14	15	46	7	0.587607
Instant	85
1	527	31	2	0.343249
2	29	13	0	0
3	194	57	16	3.93229
4	435	13	0	0
11	22	18	1	0
12	124	65	16	4.36699
13	12	13	0	0
14	17	44	7	0.546035
Instant	86
1	594	27	2	0
2	14	13	0	0
3	219	56	15	3.20513
4	419	13	0	0
11	26	17	0	0
12	155	61	21	8.40993
13	12	13	0	0
14	16	46	7	0.463287
Instant	87
1	561	30	2	0.317797
2	40	13	0	0
3	212	58	17	3.51796
4	412	14	0	0
11	24	18	0	0
12	140	66	15	6.93934
13	12	13	0	0
14	16	45	6	0.54078
Instant	88
1	594	30	2	0
2	15	13	0	0
3	220	59	15	3.11255
4	428	13	0	0
11	25	17	0	0
12	144	59	17	6.84122
13	12	13	0	0
14	16	45	7	0.617284
Instant	89
1	533	29	1	0.37961
2	29	13	0	0
3	205	59	14	3.71901
4	442	13	0	0
11	23	18	0	0
12	148	62	14	5.74449
13	12	13	0	0
14	17	45	6	0.504299
Instant	90
1	589	29	1	0
2	34	13	0	0
3	227	56	16	3.2845
4	430	13	0	0
11	25	18	0	0
12	156	63	13	5.46875
13	13	13	0	0
14	16	42	5	0.690655
Instant	91
1	589	30	2	0.0491159
2	26	13	0	0
3	230	58	15	2.98861
4	505	13	0	0
11	26	17	0	0
12	162	57	14	5.40541
13	13	13	0	0
14	20	43	6	0.376593
Instant	92
1	565	29	2	0.308008
2	29	13	0	0
3	237	58	15	3.29068
4	438	13	0	0
11	25	18	0	0
12	148	61	16	5.35038
13	13	13	0	0
14	17	44	6	0.644244
Instant	93
1	582	27	1	0.302419
2	24	13	0	0
3	251	58	14	2.82847
4	458	13	0	0
11	25	18	0	0
12	144	64	18	6.96023
13	13	13	0	0
14	18	45	6	0.384615
Instant	94
1	493	27	2	0.833333
2	28	13	0	0
3	237	57	16	3.26087
4	441	13	0	0
11	23	18	0	0
12	125	67	16	6.79899
13	13	13	0	0
14	17	46	6	0.340305
Instant	95
1	591	29	1	0.306122
2	19	13	0	0
3	214	56	16	3.60672
4	433	13	0	0
11	24	18	0	0
12	126	61	17	7.16912
13	12	13	0	0
14	17	46	6	0.532815
Instant	96
1	608	28	1	0
2	22	13	0	0
3	232	59	14	2.92056
4	413	13	0	0
11	26	17	0	0
12	151	60	18	6.52574
13	13	13	0	0
14	15	45	7	0.639205
Instant	97
1	606	28	1	0
2	12	13	0	0
3	197	57	19	4.17542
4	450	13	0	0
11	27	18	1	0
12	151	63	15	5.03049
13	12	13	0	0
14	18	45	6	0.334094
Instant	98
1	606	28	1	0
2	21	13	0	0
3	203	53	16	3.48196
4	441	13	0	0
11	25	18	0	0
12	164	62	17	5.1011
13	12	13	0	0
14	17	44	6	0.473737
Instant	99
1	529	28	2	0.321199
2	19	13	0	0
3	218	60	17	3.35249
4	438	13	0	0
11	24	19	1	0
12	157	62	18	5.92831
13	13	13	0	0
14	17	44	6	0.501337
Instant	100
1	576	28	1	0
2	15	13	0	0
3	183	59	13	4.8344
4	401	13	0	0
11	25	20	1	0
12	139	66	15	7.34797
13	11	13	0	0
14	15	47	7	0.636827
Instant	101
1	616	27	1	0
2	37	13	0	0
3	217	56	17	2.94402
4	420	13	0	0
11	26	18	0	0
12	165	57	16	4.91728
13	12	13	0	0
14	16	48	7	0.515014
Instant	102
1	560	29	2	0.306748
2	36	13	0	0
3	231	57	15	3.3046
4	430	13	0	0
11	25	18	0	0
12	144	68	15	6.52574
13	13	13	0	0
14	17	46	7	0.401847
Instant	103
1	614	28	1	0
2	31	13	0	0
3	222	61	19	3.125
4	430	13	0	0
11	26	18	0	0
12	126	67	18	6.92568
13	12	13	0	0
14	16	44	6	0.483379
Instant	104
1	542	28	2	0.365344
2	43	13	0	0
3	215	59	17	3.70741
4	459	13	0	0
11	24	18	1	0
12	149	64	19	6.75551
13	12	13	0	0
14	18	44	6	0.335678
Instant	105
1	596	27	1	0.24558
2	27	13	0	0
3	223	58	18	3.10078
4	404	13	0	0
11	26	17	0	0
12	145	57	14	6.80147
13	13	13	0	0
14	15	46	7	0.658369
Instant	106
1	606	27	1	0
2	25	13	0	0
3	212	55	19	3.8371
4	446	14	0	0
11	26	19	1	0
12	108	59	13	6.6723
13	13	13	0	0
14	17	43	6	0.451115
Instant	107
1	613	27	1	0
2	25	13	0	0
3	200	59	18	3.78866
4	439	13	0	0
11	26	18	0	0
12	163	63	18	6.11213
13	12	13	0	0
14	17	45	6	0.408879
Instant	108
1	580	30	2	0
2	17	13	0	0
3	225	56	15	2.86145
4	452	13	0	0
11	25	18	1	0
12	157	63	16	5.97426
13	12	13	0	0
14	18	43	6	0.541721
Instant	109
1	531	29	2	0.321888
2	22	13	0	0
3	224	57	14	3.21759
4	427	13	0	0
11	24	18	0	0
12	135	66	14	5.35714
13	13	13	0	0
14	17	43	8	0.403503
Instant	110
1	621	27	1	0
2	25	13	0	0
3	214	62	16	3.83104
4	456	13	0	0
11	27	18	0	0
12	170	57	16	5.81055
13	12	13	0	0
14	17	41	6	0.554306
Instant	111
1	599	28	1	0
2	29	13	0	0
3	227	60	13	3.33333
4	437	13	0	0
11	26	18	0	0
12	169	63	16	5.33088
13	13	13	0	0
14	17	46	6	0.553691
Instant	112
1	606	28	1	0
2	26	13	0	0
3	253	57	18	3.11935
4	458	13	0	0
11	27	17	0	0
12	155	60	15	5.95439
13	14	13	0	0
14	18	45	7	0.264085
Instant	113
1	613	28	1	0
2	32	13	0	0
3	214	60	16	3.65385
4	409	13	0	0
11	26	18	0	0
12	139	56	22	6.11213
13	13	13	0	0
14	16	46	7	0.500715
Instant	114
1	600	29	2	0.0488281
2	29	13	0	0
3	221	59	16	3.5058
4	432	13	0	0
11	26	17	0	0
12	157	64	15	5.51471
13	13	13	0	0
14	17	44	7	0.450068
Instant	115
1	592	30	2	0
2	31	13	0	0
3	194	57	14	3.90782
4	454	13	0	0
11	25	17	0	0
12	160	58	17	5.23649
13	12	13	0	0
14	17	45	7	0.387597
Instant	116
1	574	28	2	0
2	30	13	0	0
3	180	60	19	3.96341
4	429	13	0	0
11	24	20	1	0
12	132	63	15	7.67463
13	11	13	0	0
14	16	46	6	0.597678
Instant	117
1	574	27	2	0.606061
2	29	13	0	0
3	226	55	14	2.98096
4	460	13	0	0
11	25	18	0	0
12	120	65	18	7.21507
13	12	13	0	0
14	18	44	7	0.383142
Instant	118
1	507	29	2	0.7287
2	32	13	0	0
3	207	61	18	3.73996
4	452	13	0	0
11	23	18	0	0
12	135	64	13	6.25
13	12	13	0	0
14	18	43	6	0.453368
Instant	119
1	629	26	1	0
2	28	13	0	0
3	200	58	15	3.7
4	436	13	0	0
11	27	17	0	0
12	181	59	17	5.19301
13	12	13	0	0
14	16	47	7	0.511745
