	T	D	J	LP
Instant	0
1	0	0	0	0
2	0	0	0	0
3	0	0	0	0
4	0	0	0	0
11	0	0	0	0
12	0	0	0	0
13	0	0	0	0
14	0	0	0	0
Instant	1
1	236	29	3	0
2	11	13	0	0
3	106	45	10	0.883838
4	257	13	0	0
11	10	18	1	0
12	65	72	13	3.9929
13	5	13	0	0
14	8	42	8	0.0680828
Instant	2
1	912	29	2	0
2	21	13	0	0
3	154	68	16	6.3835
4	2091	14	0	0
11	38	18	0	0
12	79	63	17	8.88355
13	13	13	0	0
14	83	44	3	0.395458
Instant	3
1	1183	29	2	0
2	29	14	0	0
3	174	58	17	2.35405
4	1838	14	0	0
11	53	18	0	0
12	38	79	22	4.02161
13	13	13	0	0
14	77	46	4	0.455126
Instant	4
1	966	31	3	0.738007
2	27	13	0	0
3	227	63	16	7.27788
4	1479	14	0	0
11	42	19	0	0
12	38	65	14	8.76999
13	13	13	0	0
14	60	45	5	0.457075
Instant	5
1	1103	28	3	0.157563
2	27	13	0	0
3	226	60	17	2.93834
4	1076	13	0	0
11	49	17	0	0
12	56	59	21	3.42137
13	13	13	0	0
14	44	42	6	0.422343
Instant	6
1	1159	28	2	0
2	19	13	0	0
3	202	56	14	3.64583
4	703	13	0	0
11	51	18	0	0
12	70	57	14	3.42137
13	12	13	0	0
14	29	45	5	0.4375
Instant	7
1	1132	29	2	0.0786164
2	22	13	0	0
3	208	53	14	3.13147
4	619	13	0	0
11	49	17	0	0
12	59	64	15	3.30943
13	12	13	0	0
14	24	46	7	0.361032
Instant	8
1	1021	29	3	0.0858124
2	28	13	0	0
3	210	56	17	3.8499
4	473	13	0	0
11	45	18	0	0
12	81	58	16	2.10084
13	12	13	0	0
14	19	46	7	0.48913
Instant	9
1	940	29	2	0
2	24	13	0	0
3	223	62	15	3.07579
4	462	13	0	0
11	40	18	0	0
12	79	59	14	2.46098
13	12	13	0	0
14	17	43	6	0.497788
Instant	10
1	1003	29	2	0
2	38	13	0	0
3	209	59	17	3.62319
4	462	13	0	0
11	44	18	0	0
12	82	62	16	18.9189
13	12	13	0	0
14	18	43	6	0.565287
Instant	11
1	956	27	3	0.444313
2	23	13	0	0
3	225	58	17	2.80464
4	471	13	0	0
11	43	18	0	0
12	65	57	21	2.94118
13	13	13	0	0
14	18	46	6	0.544154
Instant	12
1	941	29	2	0.72327
2	21	13	0	0
3	239	53	16	2.85844
4	438	13	0	0
11	41	18	0	0
12	61	72	15	2.70108
13	13	13	0	0
14	16	48	6	0.643382
Instant	13
1	800	28	1	0.360231
2	22	13	0	0
3	227	56	16	3.57815
4	436	13	0	0
11	35	18	0	0
12	78	60	13	2.18659
13	13	13	0	0
14	17	44	6	0.687919
Instant	14
1	679	28	3	0.714286
2	15	13	0	0
3	221	57	17	3.16937
4	421	13	0	0
11	30	18	0	0
12	78	57	17	2.82113
13	12	13	0	0
14	16	47	7	0.609331
Instant	15
1	692	27	1	0.250417
2	15	13	0	0
3	246	57	16	2.96533
4	406	13	0	0
11	30	18	0	0
12	68	68	17	9.03515
13	13	13	0	0
14	15	47	7	0.423271
Instant	16
1	570	29	3	1.1811
2	11	13	0	0
3	235	60	16	3.17096
4	417	13	0	0
11	26	18	0	0
12	49	66	21	2.7027
13	13	13	0	0
14	16	49	7	0.632023
Instant	17
1	721	27	2	0.557325
2	25	13	0	0
3	255	56	17	2.70687
4	411	13	0	0
11	32	17	0	0
12	39	55	18	1.19485
13	14	13	0	0
14	16	48	7	0.615193
Instant	18
1	741	29	3	0.419207
2	28	13	0	0
3	249	57	16	3.06979
4	427	13	0	0
11	33	17	0	0
12	61	73	25	4.04412
13	14	13	0	0
14	17	48	7	0.273973
Instant	19
1	659	29	2	0.752212
2	23	13	0	0
3	271	57	15	2.53975
4	413	13	0	0
11	28	18	0	0
12	45	62	16	0.929054
13	14	13	0	0
14	15	44	6	0.790128
Instant	20
1	734	28	2	0.469484
2	21	13	0	0
3	224	58	17	3.61474
4	424	13	0	0
11	32	18	0	0
12	66	67	13	45.6342
13	13	13	0	0
14	16	42	5	0.525862
Instant	21
1	711	32	2	0
2	33	13	0	0
3	231	57	13	3.19549
4	404	13	0	0
11	31	19	0	0
12	49	72	16	4.13603
13	13	13	0	0
14	15	48	7	0.57971
Instant	22
1	525	28	2	1.18026
2	31	13	0	0
3	220	59	16	3.28947
4	431	13	0	0
11	24	18	0	0
12	42	62	18	3.04054
13	12	13	0	0
14	16	44	6	0.721807
Instant	23
1	487	28	3	0.941176
2	37	13	0	0
3	240	60	15	3.30275
4	414	13	0	0
11	21	18	0	0.462963
12	70	67	16	11.3971
13	13	13	0	0
14	16	48	7	0.618812
Instant	24
1	527	28	2	0.656455
2	41	13	0	0
3	271	60	15	2.38501
4	439	13	0	0
11	23	18	0	0
12	67	67	18	3.5386
13	14	13	0	0
14	17	45	6	0.518048
Instant	25
1	507	28	2	1.00446
2	36	13	0	0
3	213	57	16	3.34008
4	402	13	0	0
11	23	18	0	0
12	72	64	20	45.9449
13	12	13	0	0
14	15	49	7	0.519315
Instant	26
1	516	28	2	0.694444
2	31	13	0	0
3	218	58	16	3.49617
4	428	13	0	0
11	23	19	1	0
12	68	71	20	10.2022
13	13	13	0	0
14	16	44	6	0.58299
Instant	27
1	577	27	2	0.557809
2	25	13	0	0
3	232	57	15	3.61163
4	414	13	0	0
11	25	17	0	0
12	86	59	19	8.36397
13	13	13	0	0
14	16	48	7	0.60911
Instant	28
1	574	29	3	0.588235
2	35	13	0	0
3	217	60	16	3.18004
4	404	13	0	0
11	25	17	0	0
12	73	67	22	6.51042
13	12	13	0	0
14	15	46	6	0.490552
Instant	29
1	678	28	2	0.735294
2	31	13	0	0
3	191	57	15	4.00943
4	405	13	0	0
11	29	19	1	0
12	63	68	14	1.9761
13	11	13	0	0
14	15	45	7	0.85802
Instant	30
1	746	31	3	0.490937
2	23	13	0	0
3	244	59	15	2.6487
4	393	13	0	0
11	33	18	0	0
12	58	71	21	7.03125
13	13	13	0	0
14	15	49	8	0.604539
Instant	31
1	750	27	2	0.533537
2	21	13	0	0
3	225	56	16	3.59223
4	427	13	0	0
11	33	18	0	0
12	65	71	15	1.90034
13	12	13	0	0
14	16	44	6	0.539384
Instant	32
1	591	31	2	0.54672
2	18	13	0	0
3	201	53	17	3.38983
4	431	13	0	0
11	26	18	0	0
12	85	62	18	12.2243
13	11	13	0	0
14	17	46	6	0.560462
Instant	33
1	551	28	2	0.315126
2	19	13	0	0
3	246	54	16	2.78533
4	435	13	0	0
11	24	19	1	0
12	100	65	19	8.45588
13	13	13	0	0
14	17	46	6	0.479475
Instant	34
1	530	27	1	0.649351
2	12	13	0	0
3	220	58	16	3.28542
4	447	13	0	0
11	23	17	0	0
12	82	56	16	4.22297
13	12	13	0	0
14	17	43	6	0.609354
Instant	35
1	561	29	2	0
2	30	13	0	0
3	215	60	17	2.84205
4	435	13	0	0
11	25	17	0	0
12	72	72	18	7.8125
13	12	13	0	0
14	17	44	6	0.462651
Instant	36
1	542	29	2	0.913979
2	20	13	0	0
3	222	57	17	3.54697
4	430	13	0	0
11	23	18	1	0
12	72	70	13	4.87132
13	12	13	0	0
14	16	45	7	0.433673
Instant	37
1	481	29	2	1.06635
2	21	13	0	0
3	244	60	13	2.87786
4	409	13	0	0
11	21	18	0	0
12	52	72	16	3.42262
13	14	13	0	0
14	16	47	7	0.599928
Instant	38
1	548	30	2	0.309278
2	26	13	0	0
3	226	57	21	3.51338
4	421	13	0	0
11	24	17	0	0
12	81	65	20	7.99632
13	13	13	0	0
14	16	46	7	0.549163
Instant	39
1	467	29	2	1.14458
2	14	13	0	0
3	244	60	14	2.7933
4	432	13	0	0
11	21	18	0	0
12	83	68	22	4.64154
13	13	13	0	0
14	16	45	7	0.55197
Instant	40
1	578	29	2	0.2
2	23	13	0	0
3	231	60	16	3.23475
4	423	13	0	0
11	25	17	0	0
12	76	54	20	25.6757
13	13	13	0	0
14	16	46	6	0.63018
Instant	41
1	556	27	2	0.363825
2	19	13	0	0
3	250	56	16	2.68022
4	407	13	0	0
11	24	19	1	0
12	64	68	20	8.45588
13	13	13	0	0
14	15	46	7	0.815997
Instant	42
1	554	28	2	0.931677
2	30	13	0	0
3	230	59	16	3.33333
4	414	13	0	0
11	24	17	0	0
12	97	67	21	5.37684
13	13	13	0	0
14	16	45	6	0.476695
Instant	43
1	577	28	1	0.299401
2	35	13	0	0
3	204	57	16	3.65854
4	412	13	0	0
11	25	18	1	0
12	140	65	16	13.8936
13	12	13	0	0
14	16	49	8	0.479403
Instant	44
1	567	30	2	0.305499
2	19	13	0	0
3	253	56	15	2.79982
4	450	13	0	0
11	25	17	0	0
12	96	65	21	5.88235
13	14	13	0	0
14	17	44	6	0.611945
Instant	45
1	584	29	1	0.050813
2	30	13	0	0
3	228	60	18	3.43866
4	389	13	0	0
11	25	18	1	0
12	101	65	17	3.5386
13	13	13	0	0
14	15	45	6	0.487256
Instant	46
1	591	29	1	0.0502008
2	17	13	0	0
3	247	58	16	3.11927
4	412	13	0	0
11	25	18	1	0
12	70	60	17	4.34966
13	13	13	0	0
14	16	47	7	0.443262
Instant	47
1	520	30	2	0.484914
2	34	13	0	0
3	233	57	16	2.9454
4	421	13	0	0
11	23	18	0	0.334821
12	67	63	19	8.08823
13	13	13	0	0
14	16	42	6	0.539694
Instant	48
1	523	29	1	0.280899
2	33	13	0	0
3	221	53	14	3.56473
4	415	13	0	0
11	22	18	0	0
12	90	69	11	75.9191
13	13	13	0	0
14	16	43	6	0.757042
Instant	49
1	611	27	1	0
2	40	13	0	0
3	202	57	14	3.86179
4	417	13	0	0
11	27	18	1	0
12	112	62	22	15.6622
13	12	13	0	0
14	16	48	6	0.40436
Instant	50
1	592	28	2	0.050813
2	22	13	0	0
3	223	60	16	3.15582
4	404	13	0	0
11	25	20	1	0
12	106	64	21	7.8125
13	12	13	0	0
14	15	44	6	0.697464
Instant	51
1	526	29	2	0.369979
2	18	13	0	0
3	224	54	15	3.56814
4	403	13	0	0
11	24	18	0	0
12	110	69	20	6.89338
13	13	13	0	0
14	16	44	7	0.560781
Instant	52
1	546	29	2	0.326797
2	34	13	0	0
3	214	57	17	3.53206
4	453	13	0	0
11	23	19	1	0
12	130	63	20	9.3316
13	12	13	0	0
14	17	44	7	0.476421
Instant	53
1	618	27	1	0
2	23	13	0	0
3	253	55	14	2.63864
4	435	13	0	0
11	26	18	0	0
12	148	60	17	6.20404
13	14	13	0	0
14	17	46	6	0.547507
Instant	54
1	620	27	1	0
2	31	13	0	0
3	218	59	16	3.14327
4	429	13	0	0
11	27	17	0	0
12	155	61	20	5.92831
13	12	13	0	0
14	16	41	6	0.554986
Instant	55
1	573	30	2	0.408163
2	20	13	0	0
3	219	56	15	3.61713
4	415	13	0	0
11	25	17	0	0
12	106	68	17	7.85473
13	12	13	0	0
14	16	46	7	0.706215
Instant	56
1	540	28	2	0.687104
2	31	13	0	0
3	214	60	16	3.36725
4	428	13	0	0
11	24	18	1	0
12	112	64	24	7.85846
13	12	13	0	0
14	16	43	6	0.667808
Instant	57
1	530	29	2	0.37155
2	21	14	0	0
3	214	58	16	3.46116
4	402	13	0	0
11	24	17	0	0
12	89	59	21	8.63971
13	12	13	0	0
14	14	46	7	1.00219
Instant	58
1	565	29	2	0.359343
2	24	13	0	0
3	241	55	15	2.98757
4	423	13	0	0
11	24	17	0	0
12	68	73	19	7.93919
13	13	13	0	0
14	16	44	7	0.746528
Instant	59
1	612	28	2	0.335249
2	19	13	0	0
3	238	61	18	2.53868
4	430	13	0	0
11	26	17	0	0
12	89	65	23	6.89338
13	13	13	0	0
14	16	44	7	0.635163
Instant	60
1	514	27	1	0.720621
2	32	13	0	0
3	185	57	15	3.86905
4	427	13	0	0
11	22	19	1	0
12	61	76	23	6.75551
13	11	13	0	0
14	16	46	7	0.601788
Instant	61
1	580	28	1	0.147348
2	20	13	0	0
3	223	58	15	3.075
4	442	13	0	0
11	26	18	1	0
12	68	63	20	8.96577
13	12	13	0	0
14	17	44	6	0.596026
Instant	62
1	591	29	2	0
2	27	13	0	0
3	256	56	16	2.61628
4	462	13	0	0
11	25	18	1	0
12	105	61	19	3.44669
13	14	13	0	0
14	18	45	7	0.396574
Instant	63
1	556	33	2	0
2	30	13	0	0
3	223	56	15	3.15582
4	450	13	0	0
11	23	18	0	0
12	118	65	16	9.69669
13	12	13	0	0
14	17	45	7	0.594076
Instant	64
1	613	28	2	0.0478927
2	34	13	0	0
3	241	57	15	3.18309
4	415	13	0	0
11	26	18	0	0
12	89	67	19	7.60135
13	13	13	0	0
14	15	46	7	0.69051
Instant	65
1	620	27	2	0
2	38	13	0	0
3	234	56	16	2.74857
4	402	13	0	0
11	27	18	0	0
12	76	68	25	19.1176
13	13	13	0	0
14	15	44	6	0.644985
Instant	66
1	578	30	1	0
2	8	13	0	0
3	233	56	15	2.99904
4	402	13	0	0
11	25	17	0	0
12	123	62	19	8.45588
13	13	13	0	0
14	15	46	6	0.562409
Instant	67
1	556	29	2	0.269978
2	27	13	0	0
3	241	54	17	3.18671
4	423	13	0	0
11	23	18	0	0
12	92	64	17	7.17905
13	14	13	0	0
14	15	42	6	0.708852
Instant	68
1	557	31	2	0.0509165
2	27	13	0	0
3	231	55	13	3.22581
4	457	13	0	0
11	25	18	0	0
12	99	68	19	10.0098
13	13	13	0	0
14	18	44	6	0.50741
Instant	69
1	581	29	1	0.301811
2	16	13	0	0
3	238	60	15	2.75629
4	416	13	0	0
11	25	17	0	0
12	112	67	16	6.61765
13	12	13	0	0
14	15	45	7	0.720816
Instant	70
1	505	26	1	0.609756
2	33	13	0	0
3	275	54	15	2.44932
4	401	13	0	0
11	23	18	1	0
12	65	67	15	6.12331
13	14	13	0	0
14	15	47	8	0.520833
Instant	71
1	572	29	1	0.616016
2	35	13	0	0
3	278	60	17	2.36135
4	424	13	0	0
11	24	17	0	0
12	120	65	18	13.0974
13	14	13	0	0
14	16	44	7	0.62931
Instant	72
1	560	28	2	0.308008
2	29	13	0	0
3	233	52	16	3.33952
4	443	13	0	0
11	25	18	0	0
12	86	68	16	6.58144
13	13	13	0	0
14	17	45	6	0.372517
Instant	73
1	573	30	2	0
2	25	13	0	0
3	231	58	15	2.83531
4	398	13	0	0
11	24	18	1	0
12	97	61	23	6.21189
13	12	13	0	0
14	15	46	7	0.713763
Instant	74
1	523	29	2	0.609756
2	24	13	0	0
3	209	53	18	3.25651
4	420	13	0	0
11	23	18	0	0
12	113	67	20	10.9375
13	12	13	0	0
14	16	48	7	0.488145
Instant	75
1	564	29	1	0.308642
2	33	13	0	0
3	243	60	14	3.01887
4	405	13	0	0
11	24	18	0	0
12	125	70	18	7.43371
13	13	13	0	0
14	15	48	7	0.695448
Instant	76
1	561	27	1	0.309917
2	31	13	0	0
3	231	64	14	3.01724
4	426	13	0	0
11	24	19	1	0
12	85	71	20	9.15799
13	13	13	0	0
14	16	44	6	0.480769
Instant	77
1	612	28	1	0
2	33	13	0	0
3	223	60	17	2.87879
4	422	13	0	0
11	27	17	0	0
12	116	64	19	7.56836
13	12	13	0	0
14	17	49	7	0.451389
Instant	78
1	569	30	2	0.050813
2	29	13	0	0
3	237	50	15	2.99065
4	430	13	0	0
11	25	19	1	0
12	74	69	19	6.05469
13	13	13	0	0
14	16	42	6	0.536444
Instant	79
1	591	31	2	0
2	27	13	0	0
3	251	58	17	2.38971
4	410	13	0	0
11	25	17	0	0
12	71	67	17	6.29223
13	13	13	0	0
14	16	46	7	0.560897
Instant	80
1	628	28	1	0
2	34	13	0	0
3	247	59	16	2.94118
4	417	13	0	0
11	27	17	0	0
12	116	67	23	11.5057
13	13	13	0	0
14	16	44	6	0.536217
Instant	81
1	598	28	1	0.0484496
2	13	13	0	0
3	231	54	17	2.71845
4	449	13	0	0
11	26	18	0	0
12	149	61	18	9.375
13	12	13	0	0
14	17	45	6	0.513364
Instant	82
1	606	28	1	0
2	13	13	0	0
3	252	58	18	2.63636
4	451	13	0	0
11	26	18	1	0
12	128	65	18	5.625
13	13	13	0	0
14	18	42	6	0.593303
Instant	83
1	585	29	2	0
2	22	13	0	0
3	235	56	18	2.97965
4	434	13	0	0
11	26	18	0	0
12	148	63	18	7.00758
13	13	13	0	0
14	16	45	6	0.565878
Instant	84
1	586	30	2	0.203666
2	20	13	0	0
3	235	55	17	2.95238
4	417	13	0	0
11	25	17	0	0
12	99	62	20	7.24432
13	13	13	0	0
14	16	47	7	0.72756
Instant	85
1	569	27	2	0.305499
2	22	13	0	0
3	234	59	16	2.61516
4	427	13	0	0
11	25	19	1	0
12	77	66	16	3.84615
13	12	13	0	0
14	16	46	6	0.412088
Instant	86
1	618	28	1	0
2	45	13	0	0
3	233	54	16	3.35923
4	430	13	0	0
11	27	17	0	0
12	79	65	20	4.22794
13	13	13	0	0
14	16	44	6	0.613915
Instant	87
1	606	29	2	0
2	24	13	0	0
3	254	57	17	3.00179
4	414	13	0	0
11	26	17	0	0
12	111	67	21	18.4743
13	14	13	0	0
14	16	45	7	0.743626
Instant	88
1	592	29	1	0
2	14	13	0	0
3	242	58	14	2.82847
4	404	13	0	0
11	24	19	1	0
12	85	66	27	9.24831
13	13	13	0	0
14	15	46	7	0.632225
Instant	89
1	558	27	2	0.30426
2	25	13	0	0
3	217	55	15	3.55392
4	414	13	0	0
11	25	19	1	0
12	75	65	18	6.43382
13	12	13	0	0
14	16	47	7	0.548867
Instant	90
1	569	29	1	0.0514403
2	31	13	0	0
3	258	58	17	2.74869
4	417	13	0	0
11	25	18	1	0
12	74	63	14	8.83789
13	14	13	0	0
14	16	46	6	0.500351
Instant	91
1	594	28	1	0.289575
2	40	13	0	0
3	259	51	15	2.78509
4	437	13	0	0
11	26	18	1	0
12	108	65	18	5.95439
13	14	13	0	0
14	17	46	7	0.478188
Instant	92
1	599	28	1	0
2	24	13	0	0
3	239	57	16	3.40909
4	432	13	0	0
11	26	19	1	0
12	111	64	19	6.58144
13	13	13	0	0
14	17	43	6	0.551221
Instant	93
1	562	32	2	0
2	18	13	0	0
3	220	59	20	3.58818
4	400	13	0	0
11	23	18	1	0
12	80	65	17	5.68182
13	13	13	0	0
14	15	46	7	0.475146
Instant	94
1	592	26	2	0.29703
2	20	13	0	0
3	229	58	15	2.95802
4	426	13	0	0
11	25	19	1	0
12	88	69	21	5.70101
13	13	13	0	0
14	16	44	7	0.558036
Instant	95
1	599	28	1	0
2	11	13	0	0
3	251	58	17	2.92793
4	444	13	0	0
11	26	18	0	0
12	97	68	18	10.4779
13	13	13	0	0
14	17	46	7	0.32157
Instant	96
1	554	30	1	0.313152
2	26	13	0	0
3	231	57	18	3.18998
4	429	13	0	0
11	24	18	1	0
12	113	67	18	18.4743
13	13	13	0	0
14	16	44	6	0.582192
Instant	97
1	572	29	1	0.363071
2	24	13	0	0
3	222	61	18	3.30882
4	414	13	0	0
11	24	17	0	0
12	96	62	16	4.80183
13	13	13	0	0
14	16	47	8	0.610836
Instant	98
1	551	29	1	0
2	17	13	0	0
3	238	57	16	3.02958
4	435	13	0	0
11	24	19	1	0
12	106	68	18	7.53676
13	13	13	0	0
14	16	44	7	0.588829
Instant	99
1	608	28	1	0
2	15	13	0	0
3	245	55	17	2.33645
4	412	13	0	0
11	26	18	1	0
12	85	67	16	6.43382
13	13	13	0	0
14	15	47	7	0.635593
Instant	100
1	509	29	2	0.730337
2	30	13	0	0
3	201	61	19	3.68421
4	407	13	0	0
11	23	18	0	0
12	77	69	16	5.02534
13	12	13	0	0
14	15	47	6	0.60513
Instant	101
1	545	29	2	0.314465
2	36	13	0	0
3	205	57	16	3.56776
4	436	13	0	0
11	24	17	0	0
12	124	67	15	14.2923
13	12	13	0	0
14	17	45	7	0.503356
Instant	102
1	576	27	2	0.603622
2	26	13	0	0
3	220	58	21	3.0506
4	421	13	0	0
11	25	19	1	0
12	112	70	19	11.9945
13	12	13	0	0
14	16	45	8	0.529514
Instant	103
1	599	31	2	0
2	38	13	0	0
3	248	53	15	2.97952
4	413	13	0	0
11	26	17	0	0
12	92	68	15	6.12331
13	13	13	0	0
14	15	45	7	0.620567
Instant	104
1	613	27	1	0
2	20	13	0	0
3	249	52	15	2.47302
4	422	13	0	0
11	27	18	0	0
12	120	58	17	10.3401
13	13	13	0	0
14	16	44	6	0.572122
Instant	105
1	519	31	2	0.390625
2	28	13	0	0
3	220	61	16	4.05282
4	411	13	0	0
11	22	17	0	0
12	92	71	14	8.2261
13	13	13	0	0
14	15	45	6	0.580357
Instant	106
1	563	29	2	0.360825
2	23	13	0	0
3	270	57	17	2.6113
4	415	13	0	0
11	24	17	0	0
12	53	71	18	10.473
13	14	13	0	0
14	16	42	7	0.738397
Instant	107
1	578	29	2	0.198413
2	29	13	0	0
3	228	57	17	3.35714
4	442	13	0	0
11	25	18	0	0
12	110	58	21	7.99632
13	13	13	0	0
14	17	45	6	0.47248
Instant	108
1	598	28	2	0.295858
2	21	13	0	0
3	230	52	18	2.9943
4	411	13	0	0
11	26	17	0	0
12	147	65	16	6.75551
13	13	13	0	0
14	15	46	7	0.53267
Instant	109
1	547	28	2	0.3125
2	20	13	0	0
3	220	63	18	3.21285
4	395	13	0	0
11	24	18	1	0
12	74	73	18	7.40327
13	12	13	0	0
14	15	48	7	0.695475
Instant	110
1	600	29	1	0
2	20	13	0	0
3	256	57	15	2.73091
4	396	13	0	0
11	25	18	0	0
12	139	58	15	6.83594
13	14	13	0	0
14	15	49	7	0.589971
Instant	111
1	585	29	1	0
2	20	13	0	0
3	227	56	17	3.24612
4	411	13	0	0
11	25	19	1	0
12	120	66	17	7.35294
13	13	13	0	0
14	15	46	7	0.490371
Instant	112
1	562	28	1	0.451807
2	31	13	0	0
3	218	62	16	3.36345
4	413	13	0	0
11	25	19	1	0
12	99	65	16	7.22128
13	12	13	0	0
14	16	47	7	0.574611
Instant	113
1	599	28	1	0
2	37	13	0	0
3	222	58	17	3.37379
4	418	13	0	0
11	25	18	0	0
12	87	64	18	8.63971
13	12	13	0	0
14	16	48	8	0.561798
Instant	114
1	608	28	1	0.28626
2	23	13	0	0
3	241	54	17	3.16996
4	422	13	0	0
11	26	17	0	0
12	119	64	19	6.61765
13	13	13	0	0
14	16	45	7	0.492739
Instant	115
1	606	28	1	0
2	20	13	0	0
3	224	60	16	3.48891
4	434	13	0	0
11	26	18	1	0
12	68	70	16	8.31926
13	13	13	0	0
14	17	44	7	0.548986
Instant	116
1	562	29	2	0.360082
2	13	13	0	0
3	237	59	15	3.31492
4	400	13	0	0
11	24	18	1	0
12	83	70	20	11.1213
13	13	13	0	0
14	15	45	6	0.656934
Instant	117
1	548	28	2	0.626305
2	34	13	0	0
3	259	58	15	2.61989
4	407	13	0	0
11	24	17	0	0
12	80	68	22	5.92831
13	14	13	0	0
14	15	44	7	0.810519
Instant	118
1	627	27	2	0
2	25	13	0	0
3	228	58	16	2.99228
4	432	13	0	0
11	27	18	1	0
12	70	65	13	3.67399
13	13	13	0	0
14	16	46	6	0.568954
Instant	119
1	575	27	1	0.298211
2	18	13	0	0
3	250	59	16	2.65909
4	420	13	0	0
11	25	18	1	0.301205
12	96	63	19	5.23897
13	13	13	0	0
14	17	45	7	0.425939
