	T	D	J	LP
Instant	0
1	0	0	0	0
2	0	0	0	0
3	0	0	0	0
4	0	0	0	0
11	0	0	0	0
12	0	0	0	0
13	0	0	0	0
14	0	0	0	0
Instant	1
1	236	29	3	0
2	19	13	0	0
3	68	47	8	0.717703
4	209	13	0	0
11	10	18	1	0
12	73	65	10	3.39674
13	3	13	0	0
14	6	45	8	0.0833333
Instant	2
1	775	31	3	0.507983
2	21	13	0	0
3	152	62	12	5.72581
4	1189	13	0	0
11	35	18	0	0
12	118	67	21	5.74449
13	11	13	0	0
14	47	46	4	0.490983
Instant	3
1	1132	27	2	0.210748
2	17	13	0	0
3	143	60	18	5.56818
4	1026	13	0	0
11	48	17	0	0
12	129	73	16	9.28309
13	11	13	0	0
14	41	46	4	0.397337
Instant	4
1	1031	28	3	0.137514
2	27	13	0	0
3	174	61	18	4.36374
4	788	14	0	0
11	46	18	0	0
12	91	61	19	6.08108
13	11	13	0	0
14	31	47	6	0.837677
Instant	5
1	824	29	2	0.815603
2	33	13	0	0
3	170	60	15	4.28571
4	660	13	0	0
11	36	18	0	0
12	106	66	15	5.79044
13	11	13	0	0
14	26	46	8	0.537933
Instant	6
1	717	28	2	0.96
2	40	13	0	0
3	181	61	18	4.32692
4	617	13	0	0
11	32	19	1	0
12	114	66	15	5.79044
13	11	13	0	0
14	25	46	6	0.338641
Instant	7
1	753	31	3	0.380518
2	13	13	0	0
3	195	59	16	3.68896
4	581	13	0	0
11	33	18	0	0
12	114	71	16	4.05405
13	11	13	0	0
14	22	45	5	0.548688
Instant	8
1	731	29	2	0.283172
2	29	13	0	0
3	181	62	16	3.96013
4	489	13	0	0
11	31	18	0	0
12	121	65	15	10.9835
13	11	13	0	0
14	19	46	7	0.5892
Instant	9
1	781	27	2	0
2	27	13	0	0
3	169	61	16	4.55298
4	483	13	0	0
11	35	18	0	0
12	143	62	18	14.8897
13	11	13	0	0
14	18	46	7	0.6691
Instant	10
1	760	29	1	0
2	20	13	0	0
3	211	59	18	3.71486
4	425	13	0	0
11	32	17	0	0
12	153	61	18	5.65878
13	12	13	0	0
14	16	48	7	0.714532
Instant	11
1	780	29	2	0
2	35	13	0	0
3	186	61	18	3.86513
4	443	13	0	0
11	33	18	0	0
12	127	61	13	6.52574
13	11	13	0	0
14	17	49	6	0.57947
Instant	12
1	810	29	2	0
2	22	13	0	0
3	188	61	17	3.88478
4	463	13	0	0
11	36	18	0	0
12	150	59	16	6.80147
13	11	13	0	0
14	17	45	6	0.662879
Instant	13
1	694	27	2	0.673401
2	16	13	0	0
3	214	60	16	3.34821
4	472	13	0	0
11	30	17	0	0
12	150	66	15	4.6131
13	12	13	0	0
14	18	46	6	0.583022
Instant	14
1	624	27	1	0.324074
2	24	13	0	0
3	165	57	16	4.55317
4	457	13	0	0
11	27	19	1	0
12	145	65	14	6.38787
13	10	13	0	0
14	17	48	7	0.544174
Instant	15
1	588	30	3	0.712928
2	30	13	0	0
3	210	61	16	3.29218
4	455	13	0	0
11	27	18	0	0
12	120	66	15	5.97426
13	12	13	0	0
14	17	44	6	0.693548
Instant	16
1	642	29	1	0.356506
2	33	13	0	0
3	193	63	17	3.62818
4	416	13	0	0
11	28	18	0	0
12	124	63	18	9.67061
13	11	13	0	0
14	15	47	6	0.895365
Instant	17
1	648	28	1	0.275735
2	12	13	0	0
3	169	58	16	5.20153
4	419	13	0	0
11	27	17	0	0
12	150	64	15	5.69853
13	11	13	0	0
14	16	50	8	0.566597
Instant	18
1	594	28	2	0.336538
2	25	13	0	0
3	182	59	17	3.73377
4	441	13	0	0
11	26	17	0	0
12	145	61	16	5.60662
13	11	13	0	0
14	16	43	6	0.641667
Instant	19
1	600	27	1	0.574713
2	33	13	0	0
3	181	61	16	4.09436
4	427	13	0	0
11	26	18	0	0
12	134	58	20	6.37669
13	11	13	0	0
14	16	43	6	0.538646
Instant	20
1	561	28	2	0.929752
2	20	13	0	0
3	170	62	16	4.30743
4	412	13	0	0
11	24	18	0	0
12	137	64	16	6.93934
13	11	13	0	0
14	16	46	7	0.565771
Instant	21
1	574	29	2	0
2	26	13	0	0
3	194	58	17	3.28526
4	464	13	0	0
11	25	19	1	0
12	127	66	21	7.3989
13	11	13	0	0
14	18	45	7	0.496532
Instant	22
1	560	29	2	0.364583
2	28	13	0	0
3	174	62	17	4.40529
4	453	14	0	0
11	24	17	0	0
12	132	65	16	6.37669
13	11	13	0	0
14	17	46	7	0.574062
Instant	23
1	529	28	1	0.638298
2	43	13	0	0
3	190	61	16	4.28266
4	392	13	0	0
11	24	18	1	0
12	158	57	18	6.38787
13	11	13	0	0
14	15	47	7	0.810358
Instant	24
1	528	29	3	0.774336
2	24	13	0	0
3	184	55	16	3.70066
4	378	13	0	0
11	23	18	1	0
12	103	68	13	7.26103
13	11	13	0	0
14	14	50	8	0.715944
Instant	25
1	596	27	2	0.288462
2	31	13	0	0
3	193	57	19	3.59071
4	407	13	0	0
11	26	18	1	0
12	111	61	13	5.61756
13	11	13	0	0
14	15	47	6	0.632225
Instant	26
1	812	27	1	0.0714286
2	39	13	0	0
3	202	62	18	3.6157
4	414	13	0	0
11	35	18	0	0
12	135	63	16	8.54779
13	12	13	0	0
14	16	45	7	0.510563
Instant	27
1	632	28	2	0.669643
2	21	13	0	0
3	181	60	18	3.68943
4	412	13	0	0
11	28	18	0	0
12	99	75	18	6.89338
13	11	13	0	0
14	16	49	7	0.516382
Instant	28
1	639	29	2	0.275735
2	33	13	0	0
3	193	61	17	4.04255
4	416	13	0	0
11	27	17	0	0
12	107	64	17	7.98611
13	11	13	0	0
14	16	44	7	0.569776
Instant	29
1	626	27	2	0.282486
2	32	13	0	0
3	175	59	16	3.93873
4	376	13	0	0
11	27	19	1	0
12	106	67	16	6.80147
13	11	13	0	0
14	14	50	8	0.639535
Instant	30
1	473	30	3	1.18765
2	12	13	0	0
3	201	60	16	3.58628
4	412	13	0	0
11	21	18	1	0
12	98	66	18	10.2941
13	11	13	0	0
14	15	47	7	0.5601
Instant	31
1	545	29	3	0.309917
2	16	13	0	0
3	194	59	15	3.88655
4	421	13	0	0
11	24	17	0	0
12	129	59	18	8.2348
13	11	13	0	0
14	16	46	6	0.626741
Instant	32
1	533	29	2	0.701944
2	35	13	0	0
3	189	61	17	3.81944
4	397	13	0	0
11	23	18	0	0
12	129	60	20	7.49081
13	11	13	0	0
14	14	46	6	0.717968
Instant	33
1	551	29	2	0.634249
2	25	13	0	0
3	185	57	16	4.20259
4	427	13	0	0
11	24	17	0	0
12	139	57	19	7.35294
13	11	13	0	0
14	16	44	7	0.65427
Instant	34
1	544	29	2	0.0511247
2	25	13	0	0
3	196	57	15	3.34395
4	413	13	0	0
11	24	17	0	0
12	149	61	18	3.84291
13	11	13	0	0
14	15	47	7	0.663013
Instant	35
1	530	27	1	1.31579
2	20	13	0	0
3	184	61	15	4.05914
4	408	13	0	0
11	23	18	0	0
12	127	64	19	8.40993
13	11	13	0	0
14	16	50	7	0.538793
Instant	36
1	599	28	1	0.636008
2	17	13	0	0
3	194	59	16	3.85417
4	395	13	0	0
11	26	17	0	0
12	180	66	15	6.02022
13	11	13	0	0
14	14	44	6	0.83457
Instant	37
1	585	29	1	0
2	23	13	0	0
3	165	54	16	4.80556
4	379	13	0	0
11	26	18	1	0
12	150	58	17	4.38988
13	11	13	0	0
14	14	49	7	0.835253
Instant	38
1	580	28	2	0.403226
2	25	13	0	0
3	173	61	18	4.03409
4	397	13	0	0
11	25	18	0	0
12	154	60	19	6.02022
13	11	13	0	0
14	14	46	7	0.666667
Instant	39
1	579	28	2	0.448207
2	28	13	0	0
3	186	57	18	4.28341
4	386	13	0	0
11	25	18	0	0
12	159	67	20	6.25
13	11	13	0	0
14	14	48	7	0.720789
Instant	40
1	517	30	2	0.982533
2	24	13	0	0
3	177	58	17	3.60262
4	402	13	0	0
11	23	17	0	0
12	114	62	15	6.79899
13	11	13	0	0
14	15	47	6	0.646866
Instant	41
1	553	28	1	0.367647
2	24	13	0	0
3	168	62	14	4.65457
4	410	13	0	0
11	24	17	0	0
12	126	58	17	8.68566
13	10	13	0	0
14	15	46	7	0.590129
Instant	42
1	625	27	1	0
2	29	13	0	0
3	207	58	17	3.58264
4	373	13	0	0
11	26	17	0	0
12	149	59	18	5.8364
13	12	13	0	0
14	13	47	8	0.859375
Instant	43
1	557	29	2	0.308008
2	28	13	0	0
3	201	61	17	3.01996
4	401	13	0	0
11	24	17	0	0
12	133	64	15	7.01014
13	11	13	0	0
14	15	46	7	0.821168
Instant	44
1	599	28	1	0
2	21	13	0	0
3	188	58	15	3.85439
4	386	13	0	0
11	26	18	1	0
12	157	55	19	5.65257
13	11	13	0	0
14	14	46	8	0.538956
Instant	45
1	526	27	1	0.712719
2	19	13	0	0
3	202	59	15	3.55263
4	408	13	0	0
11	23	19	1	0
12	125	65	19	7.49081
13	11	13	0	0
14	16	48	6	0.510387
Instant	46
1	526	28	2	0.77951
2	30	13	0	0
3	197	62	16	3.33851
4	410	13	0	0
11	23	18	0	0
12	123	61	17	6.46115
13	12	13	0	0
14	15	46	7	0.605413
Instant	47
1	591	28	2	0
2	19	13	0	0
3	198	60	18	3.83612
4	417	13	0	0
11	26	18	1	0
12	152	62	18	6.6636
13	11	13	0	0
14	16	48	8	0.536972
Instant	48
1	592	28	1	0
2	24	13	0	0
3	197	56	18	3.74732
4	398	13	0	0
11	25	19	1	0
12	126	63	15	7.26103
13	11	13	0	0
14	15	49	7	0.513196
Instant	49
1	585	28	2	0.351406
2	21	13	0	0
3	196	61	16	3.81002
4	392	13	0	0
11	25	17	0	0
12	128	60	19	6.10119
13	12	13	0	0
14	14	47	7	0.803438
Instant	50
1	585	29	1	0
2	11	13	0	0
3	194	58	15	3.91906
4	419	13	0	0
11	25	17	0	0
12	131	63	16	4.91728
13	12	13	0	0
14	16	43	7	0.699301
Instant	51
1	546	29	2	0.619835
2	29	13	0	0
3	204	59	17	3.04418
4	387	13	0	0
11	24	17	0	0
12	148	63	16	9.00735
13	11	13	0	0
14	14	47	6	0.654401
Instant	52
1	621	27	1	0
2	33	13	0	0
3	206	59	19	3.53774
4	402	13	0	0
11	26	17	0	0
12	154	65	18	5.85938
13	12	13	0	0
14	14	45	8	0.756195
Instant	53
1	593	28	1	0.286807
2	35	13	0	0
3	197	60	17	3.63825
4	424	13	0	0
11	26	17	0	0
12	147	58	19	5.74449
13	12	13	0	0
14	17	48	8	0.389004
Instant	54
1	569	29	1	0.313152
2	32	13	0	0
3	205	63	17	3.31478
4	418	13	0	0
11	24	18	0	0
12	150	64	20	6.6636
13	12	13	0	0
14	16	45	6	0.609331
Instant	55
1	587	29	2	0
2	12	13	0	0
3	151	59	16	5.19596
4	407	13	0	0
11	25	19	1	0
12	126	60	19	6.54561
13	10	13	0	0
14	15	49	8	0.521583
Instant	56
1	574	27	1	0.302419
2	14	13	0	0
3	199	55	15	3.36639
4	389	13	0	0
11	25	18	1	0
12	157	63	18	6.47978
13	11	13	0	0
14	15	48	7	0.68506
Instant	57
1	480	27	1	0.829384
2	26	13	0	0
3	193	60	17	4.01596
4	387	13	0	0
11	21	17	0	0
12	137	59	20	5.97426
13	11	13	0	0
14	14	49	8	0.739757
Instant	58
1	568	29	1	0
2	32	13	0	0
3	179	62	16	4.25647
4	401	13	0	0
11	25	18	0	0
12	133	58	20	7.47466
13	11	13	0	0
14	15	45	6	0.618632
Instant	59
1	605	29	2	0.444664
2	23	13	0	0
3	200	63	16	3.24642
4	434	13	0	0
11	26	17	0	0
12	119	61	21	7.8125
13	12	13	0	0
14	16	44	7	0.608931
Instant	60
1	589	29	2	0
2	40	13	0	0
3	192	60	16	4.13978
4	402	13	0	0
11	26	18	0	0
12	142	65	17	6.11213
13	11	13	0	0
14	15	48	6	0.635901
Instant	61
1	551	29	1	0.315789
2	12	13	0	0
3	174	60	18	4.44079
4	398	13	0	0
11	24	18	0	0
12	126	65	19	6.2872
13	11	13	0	0
14	14	45	7	0.859837
Instant	62
1	585	29	1	0
2	26	13	0	0
3	178	56	15	3.97478
4	363	13	0	0
11	25	19	1	0
12	140	57	16	6.02022
13	11	13	0	0
14	13	52	8	0.754831
Instant	63
1	526	29	2	0.330396
2	37	13	0	0
3	175	61	17	4.23866
4	430	13	0	0
11	23	20	1	0
12	162	67	23	7.72059
13	11	13	0	0
14	16	45	6	0.493197
Instant	64
1	599	27	1	0.287356
2	22	13	0	0
3	170	57	17	4.55817
4	405	13	0	0
11	26	17	0	0
12	159	64	18	6.29223
13	11	13	0	0
14	16	47	7	0.660275
Instant	65
1	538	28	4	1.00849
2	27	13	0	0
3	171	60	18	4.50549
4	393	13	0	0
11	24	19	1	0
12	136	63	18	6.38787
13	11	13	0	0
14	14	46	7	0.769659
Instant	66
1	551	29	2	0.321199
2	38	13	0	0
3	173	59	16	4.28731
4	392	13	0	0
11	24	17	0	0
12	117	60	16	7.44485
13	11	13	0	0
14	15	47	6	0.532511
Instant	67
1	559	28	2	0
2	35	13	0	0
3	201	58	17	3.60477
4	394	13	0	0
11	24	18	1	0
12	117	58	16	5.65878
13	11	13	0	0
14	15	48	7	0.621291
Instant	68
1	579	27	1	0.300601
2	28	13	0	0
3	171	57	18	4.21317
4	412	13	0	0
11	25	19	1	0
12	124	65	18	9.0332
13	11	13	0	0
14	15	45	6	0.648082
Instant	69
1	585	27	1	0.294695
2	24	13	0	0
3	189	55	16	4.01401
4	440	13	0	0
11	26	18	1	0
12	129	61	19	6.06618
13	11	13	0	0
14	16	44	6	0.724035
Instant	70
1	554	27	2	0.304878
2	27	13	0	0
3	216	61	19	3.37972
4	404	13	0	0
11	25	18	0	0
12	104	66	20	8.65709
13	12	13	0	0
14	14	43	6	0.71558
Instant	71
1	584	29	1	0
2	15	13	0	0
3	187	60	15	3.78708
4	402	13	0	0
11	24	18	0	0.302419
12	158	59	17	6.52574
13	11	13	0	0
14	15	46	6	0.737974
Instant	72
1	592	28	1	0
2	32	13	0	0
3	174	59	16	4.11111
4	378	13	0	0
11	25	19	1	0
12	166	62	20	5.87121
13	11	13	0	0
14	14	49	7	0.708463
Instant	73
1	563	29	1	0.308642
2	30	13	0	0
3	186	59	17	4.1122
4	369	13	0	0
11	25	18	0	0
12	137	65	18	5.0686
13	11	13	0	0
14	13	45	7	1.05983
Instant	74
1	598	30	2	0
2	12	13	0	0
3	185	65	16	3.87744
4	361	13	0	0
11	26	17	0	0
12	137	60	16	5.19301
13	11	13	0	0
14	13	50	8	0.733521
Instant	75
1	522	29	2	0.324675
2	26	13	0	0
3	177	58	14	3.83523
4	398	13	0	0
11	23	18	1	0
12	146	65	19	8.33333
13	11	13	0	0
14	15	46	7	0.690353
Instant	76
1	587	29	1	0.253036
2	27	13	0	0
3	190	60	19	3.81944
4	389	13	0	0
11	25	18	0	0
12	102	59	17	8.37674
13	11	13	0	0
14	14	46	7	0.750751
Instant	77
1	558	28	2	0.31185
2	26	13	0	0
3	172	59	18	4.31416
4	417	13	0	0
11	24	18	1	0
12	169	59	15	4.93164
13	11	13	0	0
14	15	46	7	0.896624
Instant	78
1	590	29	2	0.0490196
2	35	13	0	0
3	195	60	18	3.64256
4	397	14	0	0
11	26	17	0	0
12	124	61	16	6.88477
13	12	13	0	0
14	14	47	8	0.777778
Instant	79
1	606	29	2	0
2	20	13	0	0
3	192	60	16	3.96868
4	406	13	0	0
11	25	18	0	0
12	152	55	16	6.37669
13	11	13	0	0
14	15	48	7	0.712482
Instant	80
1	579	29	1	0.147638
2	24	13	0	0
3	184	58	17	3.69256
4	392	13	0	0
11	26	18	0	0
12	122	65	17	7.29167
13	11	13	0	0
14	14	43	5	0.801043
Instant	81
1	616	28	2	0.0480769
2	27	13	0	0
3	187	57	15	4.26195
4	378	13	0	0
11	26	17	0	0
12	136	60	17	6.86553
13	11	13	0	0
14	13	46	7	0.861068
Instant	82
1	599	28	1	0
2	32	13	0	0
3	182	62	17	3.88889
4	393	13	0	0
11	25	19	0	0
12	152	57	17	4.95536
13	11	13	0	0
14	14	50	7	0.803438
Instant	83
1	599	28	2	0
2	27	13	0	0
3	171	56	15	4.31319
4	391	13	0	0
11	26	17	1	0
12	134	51	18	6.77083
13	11	13	0	0
14	15	46	8	0.552021
Instant	84
1	527	29	2	0.75594
2	43	13	0	0
3	175	60	15	4.84307
4	399	13	0	0
11	23	18	1	0.323276
12	118	67	18	7.29167
13	11	13	0	0
14	15	50	7	0.505515
Instant	85
1	597	30	2	0
2	36	13	0	0
3	179	59	14	4.04891
4	394	13	0	0
11	25	17	0	0
12	89	63	22	6.25
13	11	13	0	0
14	15	46	7	0.62963
Instant	86
1	549	29	2	0.365344
2	27	13	0	0
3	177	59	17	4.04968
4	391	13	0	0
11	24	18	0	0
12	114	57	17	6.20404
13	11	13	0	0
14	14	43	6	0.804641
Instant	87
1	553	28	2	0.313152
2	19	13	0	0
3	172	59	16	4.53767
4	390	13	0	0
11	24	18	0	0
12	126	64	19	9.51287
13	10	13	0	0
14	14	45	7	0.851422
Instant	88
1	498	31	2	0.576037
2	20	13	0	0
3	182	55	18	3.51307
4	410	13	0	0
11	22	18	0	0
12	108	64	21	7.85473
13	11	13	0	0
14	15	45	6	0.78125
Instant	89
1	514	30	2	0.7287
2	28	13	0	0
3	167	57	19	4.82306
4	378	13	0	0
11	22	18	0	0
12	120	63	18	6.84743
13	10	13	0	0
14	13	46	6	0.811437
Instant	90
1	448	31	2	0.490196
2	13	13	0	0
3	174	57	18	3.69955
4	369	13	0	0
11	20	17	0	0
12	112	65	15	7.95898
13	11	13	0	0
14	14	49	8	0.820807
Instant	91
1	595	29	1	0.296443
2	28	13	0	0
3	213	56	16	3.59252
4	402	13	0	0
11	25	17	0	0
12	144	56	14	7.8125
13	12	13	0	0
14	15	47	7	0.527656
Instant	92
1	571	29	1	0.3125
2	23	13	0	0
3	168	61	16	4.89011
4	406	13	0	0
11	24	18	0	0
12	131	57	15	7.19697
13	11	13	0	0
14	15	48	8	0.693444
Instant	93
1	605	27	2	0
2	16	13	0	0
3	174	60	17	4.41017
4	457	13	0	0
11	26	19	1	0
12	147	65	17	6.01326
13	11	13	0	0
14	17	46	7	0.416133
Instant	94
1	555	31	2	0.472689
2	28	13	0	0
3	180	61	15	4.06789
4	379	13	0	0
11	24	17	0	0
12	146	58	19	5.23649
13	11	13	0	0
14	14	53	7	0.870743
Instant	95
1	490	28	2	0.570776
2	36	13	0	0
3	182	58	15	4.3617
4	403	13	0	0
11	22	17	1	0
12	146	63	21	6.52574
13	11	13	0	0
14	15	44	6	0.625
Instant	96
1	426	30	2	1.28866
2	26	13	0	0
3	186	57	18	3.94592
4	422	13	0	0
11	20	18	0	0
12	122	67	13	5.33088
13	11	13	0	0
14	16	47	8	0.599791
Instant	97
1	579	29	1	0
2	16	13	0	0
3	189	57	18	3.70671
4	412	13	0	0
11	24	18	0	0
12	134	61	17	7.50762
13	11	13	0	0
14	16	46	6	0.57706
Instant	98
1	562	27	1	0.610998
2	29	13	0	0
3	179	63	17	3.93415
4	393	13	0	0
11	25	18	0	0
12	158	62	19	5.79044
13	11	13	0	0
14	14	51	9	0.809152
Instant	99
1	619	29	3	0.327715
2	28	13	0	0
3	193	57	18	3.90295
4	402	13	0	0
11	27	17	0	0
12	158	69	18	6.02022
13	11	13	0	0
14	15	47	7	0.775547
Instant	100
1	708	28	2	0.242326
2	22	13	0	0
3	179	54	18	3.83369
4	414	13	0	0
11	31	18	0	0
12	135	58	21	7.77027
13	11	13	0	0
14	15	48	6	0.727983
Instant	101
1	659	29	1	0.0448029
2	34	13	0	0
3	185	58	16	4.23729
4	408	13	0	0
11	28	17	0	0
12	111	65	23	7.49081
13	11	13	0	0
14	15	45	7	0.697425
Instant	102
1	584	28	1	0.39604
2	25	13	0	0
3	193	56	15	3.73134
4	401	13	0	0
11	25	17	0	0
12	121	61	19	7.03125
13	11	13	0	0
14	15	46	8	0.767544
Instant	103
1	611	27	2	0
2	29	13	0	0
3	198	61	17	3.55603
4	384	13	0	0
11	26	19	1	0
12	122	63	17	7.43243
13	11	13	0	0
14	14	46	7	0.665906
Instant	104
1	555	29	2	0.3125
2	24	13	0	0
3	180	59	17	3.5793
4	404	13	0	0
11	24	19	1	0
12	130	69	23	6.93934
13	11	13	0	0
14	15	48	7	0.48913
Instant	105
1	581	28	2	0.30303
2	37	13	0	0
3	191	61	17	4.22993
4	386	13	0	0
11	25	18	1	0
12	152	56	16	5.88235
13	11	13	0	0
14	14	47	7	0.852273
Instant	106
1	558	30	2	0
2	18	13	0	0
3	180	61	16	4.01401
4	407	13	0	0
11	24	18	0	0
12	106	63	20	7.64358
13	11	13	0	0
14	15	47	6	0.621398
Instant	107
1	592	29	1	0
2	22	13	0	0
3	195	59	15	3.7422
4	421	13	0	0
11	26	18	0	0
12	120	66	19	7.85846
13	12	13	0	0
14	16	47	7	0.591099
Instant	108
1	596	29	1	0
2	35	13	0	0
3	188	59	18	4.13202
4	404	13	0	0
11	26	18	0	0
12	167	63	15	5.92831
13	12	13	0	0
14	16	47	7	0.634058
Instant	109
1	498	29	2	0.856164
2	14	13	0	0
3	167	58	17	4.40181
4	409	13	0	0
11	22	18	0	0
12	144	63	14	4.83631
13	11	13	0	0
14	15	48	7	0.5
Instant	110
1	478	32	2	1.42518
2	26	13	0	0
3	186	59	17	4.27215
4	406	13	0	0
11	21	17	0	0
12	104	64	18	8.00781
13	11	13	0	0
14	15	47	7	0.596098
Instant	111
1	506	29	2	0.331858
2	30	13	0	0
3	170	59	13	4.36947
4	403	13	0	0
11	23	18	0	0
12	124	62	15	8.13419
13	11	13	0	0
14	15	45	6	0.65312
Instant	112
1	629	26	1	0
2	26	13	0	0
3	173	59	19	4.63062
4	390	13	0	0
11	26	18	1	0
12	126	64	14	7.13682
13	11	13	0	0
14	14	46	6	0.823353
Instant	113
1	587	28	2	0.0494071
2	20	13	0	0
3	181	61	18	3.98352
4	406	13	0	0
11	25	19	1	0
12	141	63	15	6.15809
13	11	13	0	0
14	15	47	7	0.630403
Instant	114
1	566	28	2	0.310559
2	26	13	0	0
3	194	59	17	3.74449
4	422	13	0	0
11	25	18	1	0
12	130	59	18	7.30699
13	11	13	0	0
14	16	46	7	0.599791
Instant	115
1	597	27	1	0
2	28	13	0	0
3	182	55	15	3.71991
4	394	13	0	0
11	25	18	1	0.295276
12	135	59	18	4.72973
13	11	13	0	0
14	14	46	8	0.818452
Instant	116
1	599	28	2	0.1
2	24	13	0	0
3	170	60	16	4.33559
4	406	13	0	0
11	25	19	1	0
12	145	61	16	8.18015
13	10	13	0	0
14	15	46	6	0.631313
Instant	117
1	594	28	1	0
2	32	13	0	0
3	164	63	16	4.1476
4	405	13	0	0
11	26	18	0	0
12	135	57	20	6.84743
13	10	13	0	0
14	15	49	7	0.623194
Instant	118
1	613	28	1	0
2	25	13	0	0
3	186	63	19	3.96277
4	396	13	0	0
11	26	17	0	0
12	135	64	16	6.71453
13	11	13	0	0
14	15	47	7	0.537037
Instant	119
1	541	30	1	0.313808
2	30	13	0	0
3	185	60	17	4.2663
4	412	13	0	0
11	24	17	0	0
12	147	56	16	6.52574
13	11	13	0	0
14	15	47	8	0.612571
