	T	D	J	LP
Instant	0
1	0	0	0	0
2	0	0	0	0
3	0	0	0	0
4	0	0	0	0
11	0	0	0	0
12	0	0	0	0
13	0	0	0	0
14	0	0	0	0
Instant	1
1	236	29	3	0
2	18	13	0	0
3	72	50	11	1.51163
4	217	13	0	0
11	10	18	1	0
12	61	74	14	3.9929
13	3	13	0	0
14	7	40	7	0.111893
Instant	2
1	903	30	2	0
2	26	13	0	0
3	141	63	18	4.94333
4	944	14	0	0
11	38	18	0	0
12	34	59	29	8.82353
13	9	13	0	0
14	36	44	4	0.642523
Instant	3
1	1180	30	2	0
2	16	13	0	0
3	143	58	20	4.24584
4	916	13	0	0
11	52	19	0	0
12	34	59	17	2.64106
13	10	13	0	0
14	38	44	4	0.248716
Instant	4
1	1247	29	2	0.143403
2	21	13	0	0
3	173	59	16	5.19912
4	832	13	0	0
11	53	18	0	0
12	24	73	11	3.36459
13	11	13	0	0
14	34	44	5	0.383192
Instant	5
1	1213	29	3	0.0240154
2	42	13	0	0
3	152	58	18	5.01208
4	753	13	0	0
11	53	17	0	0
12	21	73	24	1.02041
13	10	13	0	0
14	31	46	5	0.302734
Instant	6
1	1366	29	3	0
2	17	13	0	0
3	148	58	16	4.51555
4	646	13	0	0
11	60	17	0	0
12	23	59	25	5.28211
13	10	13	0	0
14	26	45	7	0.322983
Instant	7
1	1376	27	2	0.106838
2	18	13	0	0
3	172	59	18	4.18632
4	552	13	0	0
11	60	18	0	0
12	41	63	18	1.98566
13	10	13	0	0
14	22	46	6	0.318471
Instant	8
1	1271	29	3	0
2	43	13	0	0
3	153	61	15	4.29878
4	565	13	0	0
11	56	17	0	0
12	20	60	20	0.960384
13	10	13	0	0
14	22	41	6	0.474272
Instant	9
1	1102	28	3	0
2	37	13	0	0
3	149	56	16	4.76896
4	560	13	0	0
11	48	18	0	0
12	38	64	14	4.20168
13	10	13	0	0
14	22	42	5	0.425393
Instant	10
1	997	28	2	0.087822
2	26	13	0	0
3	151	58	16	4.79858
4	518	13	0	0
11	44	18	0	0
12	43	64	25	2.37176
13	10	13	0	0
14	20	45	6	0.515537
Instant	11
1	1101	26	2	0.027027
2	32	13	0	0
3	163	58	15	4.97738
4	506	13	0	0
11	47	19	1	0
12	43	61	22	2.10084
13	11	13	0	0
14	20	44	6	0.449536
Instant	12
1	960	27	2	0
2	27	13	0	0
3	156	62	18	4.75768
4	451	13	0	0
11	43	18	0	0
12	34	69	23	2.16086
13	10	13	0	0
14	17	45	6	0.487013
Instant	13
1	660	32	3	0.623886
2	38	13	0	0
3	151	57	16	4.14663
4	431	13	0	0
11	29	19	1	0
12	25	68	26	2.23518
13	10	13	0	0
14	16	46	7	0.578231
Instant	14
1	593	29	3	0.243665
2	35	13	0	0
3	168	61	17	4.83871
4	431	13	0	0
11	26	17	0	0
12	21	66	21	1.02041
13	10	13	0	0
14	16	45	6	0.592818
Instant	15
1	538	32	3	0.892857
2	14	13	0	0
3	137	60	17	4.58015
4	453	13	0	0
11	24	17	0	0
12	25	66	22	0.720288
13	9	13	0	0
14	18	46	6	0.404793
Instant	16
1	510	30	2	0.331858
2	33	13	0	0
3	135	60	20	5.42804
4	459	13	0	0
11	23	17	0	0
12	22	59	17	1.21346
13	10	13	0	0
14	18	45	6	0.519501
Instant	17
1	568	30	2	0.809717
2	23	13	0	0
3	156	61	16	4.40821
4	439	13	0	0
11	25	18	0	0
12	24	58	22	0.720288
13	10	13	0	0
14	17	44	8	0.549268
Instant	18
1	585	30	1	0
2	17	13	0	0
3	148	64	16	4.62846
4	453	13	0	0
11	25	19	1	0
12	42	62	19	10.5642
13	9	13	0	0
14	17	44	6	0.532946
Instant	19
1	511	30	2	0.952915
2	21	13	0	0
3	170	62	17	4.26009
4	451	13	0	0
11	22	17	0	0
12	14	81	17	3.69553
13	11	13	0	0
14	17	45	6	0.56299
Instant	20
1	580	29	1	0.0492126
2	17	13	0	0
3	150	60	19	4.6683
4	471	13	0	0
11	25	18	0	0
12	33	71	15	2.22089
13	10	13	0	0
14	19	42	6	0.395963
Instant	21
1	526	31	3	0.656455
2	11	13	0	0
3	156	63	20	4.51878
4	444	13	0	0
11	23	18	1	0
12	46	67	22	2.10084
13	10	13	0	0
14	16	44	7	0.469368
Instant	22
1	453	29	3	1.06516
2	23	13	0	0
3	155	59	18	4.74239
4	442	13	0	0
11	20	18	0	0
12	32	72	13	2.37176
13	10	13	0	0
14	18	46	7	0.547082
Instant	23
1	579	27	1	0.0506073
2	31	13	0	0
3	179	54	16	4.14786
4	461	13	0	0
11	25	18	1	0
12	42	66	29	46.5786
13	11	13	0	0
14	18	46	7	0.350318
Instant	24
1	502	29	2	0.678733
2	31	13	0	0
3	154	57	17	4.70623
4	443	13	0	0
11	23	18	0	0
12	28	65	23	5.22209
13	10	13	0	0
14	17	45	6	0.568931
Instant	25
1	557	27	2	0.462963
2	33	13	0	0
3	159	56	16	4.40141
4	449	13	0	0
11	24	19	1	0
12	37	61	15	3.69291
13	10	13	0	0
14	17	43	7	0.55483
Instant	26
1	495	28	1	0.689655
2	17	13	0	0
3	147	59	18	5
4	422	13	0	0
11	22	19	1	0
12	46	68	23	4.14166
13	10	13	0	0
14	16	48	7	0.493421
Instant	27
1	566	27	1	0.309917
2	22	13	0	0
3	151	60	19	4.46429
4	465	13	0	0
11	25	17	0	0
12	60	72	16	3.18127
13	10	13	0	0
14	18	45	7	0.51165
Instant	28
1	437	29	3	1.20865
2	27	13	0	0
3	149	58	16	4.83577
4	475	13	0	0
11	20	18	0	0.380711
12	18	74	22	3.40136
13	10	13	0	0
14	18	47	6	0.455247
Instant	29
1	487	29	2	0.34965
2	40	13	0	0
3	157	57	18	4.80769
4	443	13	0	0
11	21	17	0	0.117925
12	30	73	17	5.10204
13	10	13	0	0
14	17	47	7	0.453496
Instant	30
1	571	28	2	0.3125
2	27	13	0	0
3	145	55	17	4.99402
4	443	13	0	0
11	24	19	1	0
12	43	73	12	2.22089
13	10	13	0	0
14	17	43	7	0.659631
Instant	31
1	506	29	3	0.948661
2	22	13	0	0
3	156	59	17	4.4665
4	428	13	0	0
11	23	17	0	0
12	43	76	12	11.2882
13	9	13	0	0
14	17	49	7	0.359589
Instant	32
1	560	28	2	0.506073
2	27	13	0	0
3	161	57	17	3.93293
4	475	13	0	0
11	25	18	0	0
12	30	71	19	2.98713
13	10	13	0	0
14	19	44	7	0.385802
Instant	33
1	598	30	3	0
2	28	13	0	0
3	150	56	14	4.60526
4	492	13	0	0
11	25	19	1	0
12	32	56	20	3.58456
13	10	13	0	0
14	19	45	7	0.358423
Instant	34
1	575	28	2	0.298805
2	16	13	0	0
3	164	63	15	4.22662
4	469	13	0	0
11	25	19	1	0
12	43	66	20	1.68919
13	10	13	0	0
14	18	44	7	0.484375
Instant	35
1	585	30	2	0
2	27	13	0	0
3	154	62	14	4.4686
4	455	13	0	0
11	24	18	1	0
12	60	69	18	10.0184
13	10	13	0	0
14	17	46	6	0.579151
Instant	36
1	464	32	3	0.598086
2	24	13	0	0
3	171	59	17	4.35912
4	500	13	0	0
11	21	17	0	0
12	35	78	20	4.41176
13	10	13	0	0
14	20	42	5	0.402989
Instant	37
1	568	29	1	0.357143
2	40	13	0	0
3	170	59	16	4.28977
4	504	13	0	0
11	24	17	0	0
12	34	69	27	3.1622
13	10	13	0	0
14	20	42	7	0.486919
Instant	38
1	547	29	1	0.369979
2	19	13	0	0
3	141	63	18	4.4708
4	462	13	0	0
11	24	19	1	0
12	35	76	15	6.02022
13	10	13	0	0
14	18	47	7	0.490506
Instant	39
1	558	30	1	0.464876
2	21	13	0	0
3	162	60	21	4.69128
4	436	13	0	0
11	24	18	0	0
12	40	73	18	5.23897
13	10	13	0	0
14	16	43	6	0.63004
Instant	40
1	565	30	2	0
2	16	13	0	0
3	153	63	19	4.7093
4	417	13	0	0
11	24	19	1	0
12	44	70	10	3.16723
13	10	13	0	0
14	16	49	6	0.445804
Instant	41
1	539	26	2	0.601751
2	18	13	0	0
3	163	61	17	4.32578
4	459	13	0	0
11	23	18	0	0
12	38	62	16	2.89522
13	10	13	0	0
14	18	44	6	0.496795
Instant	42
1	496	28	2	0.625
2	23	13	0	0
3	157	57	15	4.48113
4	449	13	0	0
11	22	18	1	0
12	27	66	23	2.15993
13	10	13	0	0
14	18	43	6	0.342689
Instant	43
1	493	29	2	1.14943
2	35	13	0	0
3	148	63	18	4.92788
4	462	13	0	0
11	22	17	0	0
12	17	64	19	0.675676
13	10	13	0	0
14	17	41	6	0.594106
Instant	44
1	513	27	1	1.10132
2	33	13	0	0
3	133	60	18	5.29716
4	456	13	0	0
11	23	18	0	0
12	38	68	18	3.07904
13	9	13	0	0
14	17	45	6	0.706941
Instant	45
1	522	29	2	0.492341
2	21	13	0	0
3	160	60	19	3.31754
4	475	13	0	0
11	23	19	1	0
12	20	64	22	0.643382
13	10	13	0	0
14	18	45	6	0.45581
Instant	46
1	582	29	1	0.355691
2	25	13	0	0
3	152	63	17	5.54556
4	476	13	0	0
11	25	18	1	0
12	23	65	19	0.633446
13	10	13	0	0
14	19	42	5	0.531096
Instant	47
1	479	28	1	0.680272
2	22	13	0	0
3	168	59	18	4.20481
4	476	13	0	0
11	22	19	1	0
12	24	66	18	0.551471
13	10	13	0	0
14	19	43	6	0.345941
Instant	48
1	541	29	2	0.327511
2	21	13	0	0
3	148	61	16	5.0063
4	466	13	0	0
11	23	19	1	0
12	17	66	17	0.827206
13	9	13	0	0
14	17	44	6	0.630517
Instant	49
1	495	29	1	0.681818
2	25	13	0	0
3	153	56	16	4.68023
4	470	13	0	0
11	22	17	0	0
12	27	59	17	17.4107
13	10	13	0	0
14	18	44	7	0.546192
Instant	50
1	516	33	2	0.328947
2	30	13	0	0
3	165	57	16	4.35035
4	439	13	0	0
11	23	17	0	0
12	39	64	21	2.80331
13	10	13	0	0
14	17	46	6	0.458945
Instant	51
1	548	28	2	0.642398
2	26	13	0	0
3	141	63	16	4.70698
4	446	13	0	0
11	24	18	0	0
12	47	64	17	2.80331
13	10	13	0	0
14	16	46	7	0.674342
Instant	52
1	523	28	2	0.762527
2	28	13	0	0
3	142	59	19	5.03778
4	458	13	0	0
11	23	18	1	0
12	25	61	23	2.30035
13	9	13	0	0
14	18	46	7	0.430485
Instant	53
1	627	27	2	0
2	22	13	0	0
3	155	59	18	4.68377
4	446	13	0	0
11	27	18	1	0
12	46	65	17	4.73346
13	10	13	0	0
14	17	44	6	0.509198
Instant	54
1	572	28	3	0.30426
2	25	13	0	0
3	166	65	17	4.10839
4	430	13	0	0
11	25	17	0	0
12	41	65	21	2.61949
13	10	13	0	0
14	16	46	6	0.536444
Instant	55
1	588	29	1	0
2	8	13	0	0
3	171	57	21	3.65566
4	442	13	0	0
11	25	18	0	0
12	46	56	24	2.57601
13	10	13	0	0
14	16	45	7	0.687086
Instant	56
1	544	28	1	0.373134
2	29	13	0	0
3	167	64	15	4.20534
4	456	13	0	0
11	24	18	1	0
12	67	67	17	2.57353
13	10	13	0	0
14	18	46	7	0.433805
Instant	57
1	607	27	2	0.144231
2	30	13	0	0
3	154	54	17	5.02336
4	415	13	0	0
11	26	18	1	0
12	57	62	14	1.70037
13	10	13	0	0
14	16	48	8	0.583451
Instant	58
1	564	31	2	0
2	14	13	0	0
3	150	59	19	4.76335
4	460	13	0	0
11	24	19	1	0
12	48	55	13	2.57601
13	10	13	0	0
14	18	43	6	0.540025
Instant	59
1	561	28	2	0
2	34	13	0	0
3	176	60	16	4.28731
4	453	13	0	0
11	25	17	0	0
12	53	63	25	2.43566
13	11	13	0	0
14	16	44	6	0.59987
Instant	60
1	486	30	2	1.07656
2	35	13	0	0
3	164	63	15	3.99061
4	420	13	0	0
11	21	18	1	0
12	45	69	14	37.2702
13	10	13	0	0
14	16	47	6	0.643255
Instant	61
1	561	29	1	0.0520833
2	7	13	0	0
3	169	55	16	4.1173
4	443	13	0	0
11	24	19	1	0
12	34	67	15	1.5253
13	10	13	0	0
14	17	45	7	0.489058
Instant	62
1	575	27	1	0.55332
2	16	13	0	0
3	152	59	16	4.44511
4	459	13	0	0
11	25	18	0	0
12	48	64	20	4.45772
13	10	13	0	0
14	18	42	5	0.494891
Instant	63
1	594	27	2	0
2	18	13	0	0
3	165	64	19	4.12679
4	437	13	0	0
11	26	17	0	0
12	51	59	18	7.67463
13	10	13	0	0
14	17	45	7	0.552209
Instant	64
1	500	29	1	1.01124
2	30	13	0	0
3	147	62	17	4.91706
4	473	13	0	0
11	22	18	0	0
12	27	66	32	3.84291
13	10	13	0	0
14	18	43	6	0.449195
Instant	65
1	574	29	2	0
2	19	13	0	0
3	151	64	17	4.96454
4	477	13	0	0
11	24	18	0	0
12	65	69	13	5.14706
13	10	13	0	0
14	18	45	7	0.529791
Instant	66
1	528	27	1	0.642398
2	21	13	0	0
3	118	60	20	5.66406
4	453	13	0	0
11	24	18	1	0
12	39	62	17	4.36581
13	9	13	0	0
14	18	44	6	0.485751
Instant	67
1	613	29	1	0
2	19	13	0	0
3	152	62	18	4.66418
4	465	13	0	0
11	26	17	0	0
12	46	66	20	4.34966
13	10	13	0	0
14	18	45	6	0.37831
Instant	68
1	578	29	2	0
2	30	13	0	0
3	159	56	18	4.65457
4	443	13	0	0
11	25	19	1	0
12	42	66	18	4.39453
13	10	13	0	0
14	16	44	6	0.702712
Instant	69
1	487	27	2	1.11502
2	32	13	0	0
3	160	59	19	4.33373
4	467	13	0	0
11	22	18	0	0
12	33	73	22	1.65441
13	10	13	0	0
14	18	44	6	0.446429
Instant	70
1	587	29	2	0
2	31	13	0	0
3	167	60	18	4.20673
4	459	13	0	0
11	25	17	0	0
12	40	57	18	7.85473
13	10	13	0	0
14	18	45	6	0.462963
Instant	71
1	550	30	1	0.316456
2	25	13	0	0
3	159	65	18	4.33612
4	440	13	0	0
11	24	18	0	0
12	32	77	16	2.98713
13	10	13	0	0
14	16	44	6	0.689827
Instant	72
1	569	28	1	0.603622
2	28	13	0	0
3	150	67	17	4.59057
4	460	13	0	0
11	25	18	0	0
12	69	71	16	5.25568
13	9	13	0	0
14	17	44	6	0.439017
Instant	73
1	589	28	3	0.298805
2	29	13	0	0
3	165	57	19	4.1762
4	446	13	0	0
11	25	18	0	0
12	28	70	30	3.9253
13	10	13	0	0
14	17	45	6	0.492126
Instant	74
1	492	31	2	0.334821
2	29	13	0	0
3	145	61	17	5.22042
4	429	13	0	0
11	22	18	0	0
12	33	63	17	3.44669
13	10	13	0	0
14	16	45	6	0.68306
Instant	75
1	600	27	2	0.244618
2	37	13	0	0
3	155	59	18	4.95227
4	440	13	0	0
11	26	19	1	0
12	42	71	15	4.6875
13	10	13	0	0
14	16	43	6	0.664894
Instant	76
1	572	28	1	0.308008
2	19	13	0	0
3	157	63	16	4.31763
4	431	13	0	0
11	24	18	1	0
12	31	78	16	117.448
13	10	13	0	0
14	17	47	6	0.542741
Instant	77
1	590	30	2	0.302419
2	19	13	0	0
3	169	62	18	3.97196
4	458	13	0	0
11	25	17	0	0
12	38	76	23	6.64062
13	10	13	0	0
14	17	44	6	0.528169
Instant	78
1	596	28	1	0
2	23	13	0	0
3	157	59	16	4.37352
4	424	13	0	0
11	26	18	1	0
12	63	71	30	6.44531
13	10	13	0	0
14	16	46	6	0.708852
Instant	79
1	599	27	1	0.297619
2	19	13	0	0
3	169	63	16	4.6875
4	452	13	0	0
11	25	18	0	0
12	99	68	19	5.19426
13	11	13	0	0
14	18	47	7	0.501294
Instant	80
1	562	27	1	0.360082
2	32	13	0	0
3	151	59	16	4.90964
4	424	13	0	0
11	25	17	0	0
12	50	73	18	5.53977
13	10	13	0	0
14	16	46	6	0.509323
Instant	81
1	608	26	1	0
2	30	13	0	0
3	167	60	17	3.7844
4	450	13	0	0
11	26	18	0	0
12	76	68	18	4.54545
13	10	13	0	0
14	18	42	6	0.462662
Instant	82
1	578	30	1	0
2	29	13	0	0
3	164	57	17	4.38389
4	488	13	0	0
11	24	18	0	0
12	78	63	23	4.0625
13	10	13	0	0
14	19	42	6	0.517707
Instant	83
1	498	30	2	0.348837
2	21	13	0	0
3	147	60	16	5.28382
4	460	13	0	0
11	21	18	1	0
12	46	65	17	6.1553
13	10	13	0	0
14	17	45	6	0.646552
Instant	84
1	531	30	2	0.706522
2	15	13	0	0
3	179	61	17	3.4396
4	515	13	0	0
11	23	17	0	0
12	36	67	11	3.26705
13	11	13	0	0
14	20	44	5	0.277304
Instant	85
1	514	29	1	0.765864
2	34	13	0	0
3	144	63	15	5.02481
4	498	13	0	0
11	23	18	0	0
12	30	60	23	1.48237
13	10	13	0	0
14	20	43	5	0.544118
Instant	86
1	573	29	1	0.303644
2	33	13	0	0
3	155	61	18	4.65802
4	479	13	0	0
11	25	18	0	0
12	48	57	19	4.13603
13	10	13	0	0
14	19	46	6	0.343826
Instant	87
1	577	30	2	0.308642
2	23	13	0	0
3	151	61	18	5.00592
4	467	13	0	0
11	24	17	0	0
12	50	75	19	8.77757
13	10	13	0	0
14	18	45	7	0.471106
Instant	88
1	578	31	2	0
2	32	13	0	0
3	167	59	17	4.15684
4	414	13	0	0
11	25	17	0	0
12	36	79	19	135.22
13	10	13	0	0
14	15	47	6	0.636492
Instant	89
1	585	28	2	0.297619
2	27	13	0	0
3	154	56	16	4.07407
4	466	13	0	0
11	25	19	1	0
12	32	69	16	3.35478
13	10	13	0	0
14	18	41	6	0.535939
Instant	90
1	548	28	2	0.376344
2	31	13	0	0
3	157	58	17	4.51878
4	455	13	0	0
11	23	18	0	0
12	41	71	21	5.71289
13	10	13	0	0
14	18	44	6	0.417738
Instant	91
1	538	30	3	0.265393
2	23	13	0	0
3	158	61	19	4.69858
4	426	13	0	0
11	23	18	0	0
12	40	68	10	3.29392
13	10	13	0	0
14	16	45	7	0.671488
Instant	92
1	551	28	1	0.37234
2	31	13	0	0
3	157	58	16	4.59906
4	423	13	0	0
11	24	19	1	0
12	25	68	14	3.26705
13	10	13	0	0
14	16	47	6	0.527317
Instant	93
1	616	27	1	0
2	34	13	0	0
3	147	55	19	5.18365
4	441	13	0	0
11	27	18	0	0
12	71	67	18	25.5682
13	10	13	0	0
14	17	44	6	0.473737
Instant	94
1	551	29	2	0.373932
2	36	13	0	0
3	161	52	18	4.34272
4	432	13	0	0
11	24	17	0	0
12	43	77	21	4.64527
13	10	13	0	0
14	16	49	7	0.457317
Instant	95
1	595	27	2	0.291262
2	31	13	0	0
3	148	60	18	5.13822
4	465	13	0	0
11	26	18	0	0
12	47	64	17	5.97426
13	10	13	0	0
14	18	44	6	0.676952
Instant	96
1	560	28	2	0.308008
2	21	13	0	0
3	158	61	17	3.82716
4	446	13	0	0
11	25	17	0	0
12	70	68	16	158.272
13	10	13	0	0
14	17	45	6	0.566689
Instant	97
1	587	29	2	0
2	30	13	0	0
3	149	58	19	5.08373
4	428	13	0	0
11	25	19	1	0
12	37	56	19	4.07774
13	10	13	0	0
14	16	45	5	0.625
Instant	98
1	598	28	1	0.287908
2	21	13	0	0
3	174	61	16	4.19482
4	440	13	0	0
11	26	17	0	0
12	54	73	22	7.30699
13	11	13	0	0
14	17	45	6	0.449401
Instant	99
1	551	29	2	0.3125
2	14	13	0	0
3	173	56	17	3.7178
4	427	13	0	0
11	24	18	0	0
12	59	68	21	7.07721
13	10	13	0	0
14	16	47	6	0.539384
Instant	100
1	616	27	1	0
2	26	13	0	0
3	152	59	18	4.56204
4	452	13	0	0
11	26	18	1	0
12	94	67	20	21.1149
13	10	13	0	0
14	18	45	6	0.438312
Instant	101
1	614	28	1	0
2	23	13	0	0
3	156	59	17	4.68384
4	422	13	0	0
11	27	17	0	0
12	110	66	17	4.41176
13	10	13	0	0
14	16	44	6	0.544606
Instant	102
1	641	27	1	0
2	31	13	0	0
3	146	55	17	4.68009
4	463	13	0	0
11	27	17	0	0
12	87	67	18	12.2702
13	10	13	0	0
14	18	44	7	0.490506
Instant	103
1	554	29	2	0.626305
2	35	13	0	0
3	150	61	17	5.28043
4	488	13	0	0
11	24	17	0	0
12	69	65	20	5.02534
13	10	13	0	0
14	19	45	6	0.346386
Instant	104
1	587	27	2	0
2	48	13	0	0
3	142	63	18	5.09146
4	480	14	0	0
11	26	17	0	0
12	53	69	17	8.82353
13	10	13	0	0
14	19	41	5	0.487211
Instant	105
1	595	29	2	0.298805
2	33	13	0	0
3	169	62	17	4.07175
4	481	13	0	0
11	25	17	0	0
12	67	71	18	6.80147
13	10	13	0	0
14	19	46	6	0.365408
Instant	106
1	555	28	2	0.661914
2	29	13	0	0
3	175	58	20	4.17627
4	494	13	0	0
11	25	17	1	0
12	31	72	21	5.99662
13	10	13	0	0
14	19	44	7	0.40874
Instant	107
1	575	27	2	0.555556
2	12	13	0	0
3	154	59	17	4.57536
4	456	13	0	0
11	25	17	0	0
12	46	69	23	7.95037
13	10	13	0	0
14	18	47	6	0.569641
Instant	108
1	566	32	2	0.0506073
2	17	13	0	0
3	143	58	17	4.84634
4	449	13	0	0
11	25	17	0	0
12	32	83	11	11.9945
13	10	13	0	0
14	17	47	7	0.497066
Instant	109
1	588	29	1	0
2	18	13	0	0
3	163	65	18	4.44118
4	463	13	0	0
11	25	17	0	0
12	104	63	21	5.05952
13	10	13	0	0
14	18	43	6	0.428299
Instant	110
1	563	28	1	0.609756
2	22	13	0	0
3	145	60	19	5.48926
4	445	13	0	0
11	25	18	0	0
12	71	63	22	7.08008
13	10	13	0	0
14	17	44	6	0.60112
Instant	111
1	577	30	2	0.305499
2	23	13	0	0
3	158	62	19	4.41176
4	467	13	0	0
11	25	17	0	0
12	101	69	18	4.91728
13	10	13	0	0
14	18	41	5	0.56391
Instant	112
1	563	30	2	0
2	28	13	0	0
3	159	59	16	4.53199
4	440	13	0	0
11	24	19	1	0
12	74	65	23	6.96791
13	10	13	0	0
14	17	44	6	0.61421
Instant	113
1	492	28	2	1.34228
2	28	13	0	0
3	166	58	17	4.27252
4	432	13	0	0
11	23	18	1	0
12	83	69	20	5.69853
13	10	13	0	0
14	16	42	5	0.525068
Instant	114
1	561	28	2	0.3125
2	22	13	0	0
3	163	62	18	4.30328
4	428	13	0	0
11	24	18	1	0
12	47	67	17	5.1011
13	10	13	0	0
14	16	45	7	0.623292
Instant	115
1	599	27	1	0
2	35	13	0	0
3	157	60	19	4.62854
4	454	13	0	0
11	26	19	1	0
12	104	66	18	20.3547
13	10	13	0	0
14	18	42	7	0.468952
Instant	116
1	556	30	2	0.368421
2	28	13	0	0
3	169	61	17	4.02844
4	458	13	0	0
11	24	18	0	0
12	86	68	18	9.05331
13	10	13	0	0
14	18	44	7	0.352113
Instant	117
1	606	27	1	0
2	29	13	0	0
3	170	62	16	4.35393
4	457	13	0	0
11	26	18	1	0
12	102	66	23	9.19118
13	10	13	0	0
14	18	46	7	0.25641
Instant	118
1	578	30	2	0
2	16	13	0	0
3	141	59	17	4.98166
4	454	13	0	0
11	25	19	1	0
12	106	65	20	179.561
13	10	13	0	0
14	18	47	7	0.387597
Instant	119
1	584	29	1	0
2	29	13	0	0
3	154	62	18	4.88876
4	460	13	0	0
11	25	18	1	0
12	103	61	22	8.2261
13	10	13	0	0
14	18	45	6	0.334821
