	T	D	J	LP
Instant	0
1	0	0	0	0
2	0	0	0	0
3	0	0	0	0
4	0	0	0	0
11	0	0	0	0
12	0	0	0	0
13	0	0	0	0
14	0	0	0	0
Instant	1
1	236	29	3	0
2	10	13	0	0
3	73	48	11	1.19048
4	140	13	0	0
11	10	18	1	0
12	73	72	15	3.28305
13	3	13	0	0
14	4	50	9	0.243191
Instant	2
1	847	29	2	0.308219
2	23	13	0	0
3	130	61	17	5.88235
4	635	13	0	0
11	37	18	0	0
12	115	60	18	6.44068
13	10	13	0	0
14	22	49	4	0.940674
Instant	3
1	1168	30	3	0.171737
2	27	13	0	0
3	129	61	16	5.63725
4	596	13	0	0
11	52	17	0	0
12	96	61	21	4.50368
13	10	13	0	0
14	22	47	6	0.958702
Instant	4
1	1305	29	3	0
2	30	14	0	0
3	175	59	17	4.18618
4	613	13	0	0
11	55	18	0	0
12	94	63	18	8.9527
13	10	13	0	0
14	24	47	5	0.611218
Instant	5
1	1164	29	3	0.0978474
2	23	13	0	0
3	191	60	17	3.20513
4	501	13	0	0
11	52	17	0	0
12	89	74	19	10.7996
13	11	13	0	0
14	18	50	6	0.773949
Instant	6
1	990	28	3	0.210084
2	26	13	0	0
3	178	59	16	4.1954
4	428	13	0	0
11	43	18	0	0
12	89	66	24	6.02022
13	11	13	0	0
14	16	51	7	0.958904
Instant	7
1	963	28	2	0
2	16	13	0	0
3	172	62	18	3.87931
4	362	13	0	0
11	43	19	0	0
12	90	64	21	3.63176
13	10	13	0	0
14	13	50	7	0.927419
Instant	8
1	952	30	3	0
2	16	13	0	0
3	170	55	16	4.20455
4	392	13	0	0
11	41	17	0	0
12	81	68	13	7.90441
13	11	13	0	0
14	14	49	7	0.73694
Instant	9
1	812	29	3	0.364432
2	18	13	0	0
3	180	60	16	3.90271
4	432	13	0	0
11	35	17	0	0
12	77	72	16	7.49081
13	10	13	0	0
14	16	47	7	0.652985
Instant	10
1	758	31	3	0.447094
2	21	13	0	0
3	168	60	18	3.81455
4	379	13	0	0
11	34	17	0	0
12	81	60	17	2.7027
13	10	13	0	0
14	12	47	7	1.27512
Instant	11
1	887	30	2	0.263852
2	26	13	0	0
3	150	58	15	5.14881
4	362	13	0	0
11	39	18	0	0
12	84	68	12	4.13603
13	10	13	0	0
14	12	51	7	1.13086
Instant	12
1	990	29	2	0
2	38	13	0	0
3	157	62	17	4.1151
4	343	13	0	0
11	42	17	0	0
12	79	67	20	9.19118
13	9	13	0	0
14	12	51	8	0.914116
Instant	13
1	973	28	2	0.330132
2	39	13	0	0
3	168	61	18	3.90625
4	359	13	0	0
11	43	18	0	0
12	86	69	21	15.5134
13	10	13	0	0
14	12	49	7	1.13173
Instant	14
1	698	29	2	0.685484
2	32	13	0	0
3	163	58	17	4.86597
4	364	13	0	0
11	32	19	0	0
12	113	67	12	11.3971
13	10	13	0	0
14	13	47	8	0.882825
Instant	15
1	573	29	3	0.715746
2	25	13	0	0
3	177	58	23	3.67978
4	385	13	0	0
11	25	18	1	0
12	124	65	13	5.97426
13	11	13	0	0
14	14	48	7	0.730273
Instant	16
1	762	28	1	0
2	29	13	0	0
3	185	59	13	3.95465
4	386	13	0	0
11	33	17	0	0
12	123	61	17	22.7196
13	11	13	0	0
14	14	48	7	0.861742
Instant	17
1	676	27	2	0.260417
2	22	13	0	0
3	177	56	19	4.09341
4	360	13	0	0
11	29	18	0	0
12	100	59	17	7.35294
13	11	13	0	0
14	12	48	7	1.29065
Instant	18
1	545	31	2	0.883576
2	19	13	0	0
3	160	59	18	4.12708
4	349	13	0	0
11	24	19	0	0
12	117	65	18	6.29596
13	10	13	0	0
14	12	54	8	0.942211
Instant	19
1	558	28	2	0.60241
2	31	13	0	0
3	158	60	15	4.79651
4	363	13	0	0
11	25	18	0	0
12	104	65	16	4.34966
13	10	13	0	0
14	13	51	8	0.696688
Instant	20
1	567	29	2	0.318471
2	39	13	0	0
3	180	57	20	4.16667
4	338	13	0	0
11	23	18	0	0.306122
12	83	69	25	8.68566
13	11	13	0	0
14	11	50	9	1.15501
Instant	21
1	559	28	2	0.350701
2	17	13	0	0
3	174	58	17	4.07303
4	366	13	0	0
11	25	18	0	0
12	125	63	18	6.93934
13	11	13	0	0
14	12	47	7	1.15815
Instant	22
1	514	28	2	0.694444
2	37	13	0	0
3	161	60	18	4.48944
4	349	13	0	0
11	22	18	1	0
12	137	60	20	11.9932
13	10	13	0	0
14	12	53	10	0.837521
Instant	23
1	551	28	2	0.31185
2	36	13	0	0
3	183	59	17	3.7257
4	377	13	0	0
11	24	18	0	0
12	117	67	18	7.76654
13	11	13	0	0
14	13	51	8	0.852713
Instant	24
1	581	29	2	0.049505
2	21	13	0	0
3	171	59	17	4.61276
4	362	13	0	0
11	25	17	0	0
12	121	69	19	7.90441
13	10	13	0	0
14	13	52	7	0.849515
Instant	25
1	585	28	1	0.294695
2	40	13	0	0
3	176	59	16	3.75854
4	359	13	0	0
11	25	18	1	0
12	121	65	24	4.87351
13	10	13	0	0
14	13	51	8	0.926303
Instant	26
1	605	28	1	0
2	27	13	0	0
3	175	59	18	4.0127
4	349	13	0	0
11	25	18	0	0
12	131	69	15	8.08823
13	10	13	0	0
14	13	52	8	0.891359
Instant	27
1	545	31	3	0.260417
2	8	13	0	0
3	172	63	15	3.79051
4	373	13	0	0
11	24	19	1	0
12	120	74	16	8.2261
13	10	13	0	0
14	13	49	6	0.870501
Instant	28
1	560	29	3	0.306748
2	38	13	0	0
3	162	61	16	4.51807
4	375	13	0	0
11	25	19	1	0
12	122	63	14	7.94271
13	10	13	0	0
14	13	48	8	1.01246
Instant	29
1	579	28	1	0.30426
2	24	13	0	0
3	165	59	18	4.18618
4	386	13	0	0
11	25	17	0	0
12	98	66	17	7.85846
13	10	13	0	0
14	14	50	7	0.803707
Instant	30
1	553	28	2	0.619835
2	41	13	0	0
3	181	57	17	3.31808
4	413	13	0	0
11	24	18	1	0
12	112	70	16	6.57169
13	10	13	0	0
14	16	52	6	0.488281
Instant	31
1	543	29	2	0.208768
2	34	13	0	0
3	178	59	15	4.03409
4	368	13	0	0
11	24	18	1	0
12	81	75	16	5.57432
13	10	13	0	0
14	12	48	8	1.28764
Instant	32
1	579	29	2	0.304878
2	27	13	0	0
3	164	60	20	4.44965
4	367	13	0	0
11	25	18	0	0
12	111	64	18	6.89338
13	10	13	0	0
14	13	50	7	1.01837
Instant	33
1	553	30	3	0
2	18	13	0	0
3	165	59	16	3.77415
4	367	13	0	0
11	24	17	0	0
12	105	69	15	6.70956
13	10	13	0	0
14	13	49	8	0.945462
Instant	34
1	618	27	1	0
2	22	13	0	0
3	173	60	18	3.96689
4	346	13	0	0
11	26	18	1	0
12	116	67	19	14.2736
13	10	13	0	0
14	12	47	8	0.959106
Instant	35
1	544	29	2	0.319829
2	23	13	0	0
3	197	55	16	3.70763
4	379	13	0	0
11	24	17	0	0
12	120	59	21	8.36397
13	11	13	0	0
14	13	50	7	0.765504
Instant	36
1	570	29	2	0.304878
2	28	13	0	0
3	178	59	16	3.81403
4	365	13	0	0
11	25	18	0	0
12	121	65	18	6.43382
13	11	13	0	0
14	13	49	8	0.921474
Instant	37
1	554	27	1	0.619835
2	30	13	0	0
3	166	58	15	4.52733
4	353	13	0	0
11	24	19	0	0
12	88	65	23	6.02679
13	10	13	0	0
14	12	48	6	1.06758
Instant	38
1	606	28	1	0
2	11	13	0	0
3	165	62	18	3.65202
4	360	13	0	0
11	26	18	1	0
12	134	62	19	5.8364
13	10	13	0	0
14	13	52	8	0.831981
Instant	39
1	567	31	2	0
2	30	13	0	0
3	187	59	19	3.84174
4	378	13	0	0
11	25	18	1	0
12	115	66	20	4.54963
13	10	13	0	0
14	14	49	8	0.736434
Instant	40
1	583	30	1	0
2	25	13	0	0
3	163	59	19	4.25469
4	371	13	0	0
11	25	18	1	0
12	101	68	19	7.34797
13	10	13	0	0
14	13	51	9	0.935039
Instant	41
1	563	30	2	0
2	45	13	0	0
3	174	59	19	3.71854
4	363	13	0	0
11	24	17	0	0.311203
12	116	55	17	7.21507
13	10	13	0	0
14	13	48	7	0.93599
Instant	42
1	545	31	3	0.326797
2	25	13	0	0
3	164	59	16	4.55849
4	359	13	0	0
11	23	18	0	0
12	114	70	19	6.34191
13	10	13	0	0
14	13	47	7	0.839401
Instant	43
1	524	29	3	0.320513
2	24	13	0	0
3	164	59	19	4.48276
4	359	13	0	0
11	23	19	1	0
12	76	62	20	2.78716
13	10	13	0	0
14	13	46	7	0.987378
Instant	44
1	599	28	2	0
2	29	13	0	0
3	181	60	21	4.02685
4	365	13	0	0
11	25	18	0	0
12	121	63	22	8.31802
13	11	13	0	0
14	13	48	7	0.92
Instant	45
1	535	29	2	0.318471
2	36	13	0	0
3	163	57	16	4.38497
4	375	13	0	0
11	24	20	1	0
12	129	68	19	22.5643
13	10	13	0	0
14	13	46	7	0.906786
Instant	46
1	584	30	2	0
2	21	13	0	0
3	180	60	19	3.84838
4	351	13	0	0
11	25	18	0	0
12	101	59	21	6.46115
13	10	13	0	0
14	12	52	10	0.989583
Instant	47
1	573	27	2	0.594059
2	17	13	0	0
3	178	57	17	3.52349
4	378	13	0	0
11	25	18	0	0
12	104	68	18	10.386
13	11	13	0	0
14	14	49	8	0.83912
Instant	48
1	592	29	2	0
2	24	13	0	0
3	170	59	16	4.44191
4	388	13	0	0
11	25	18	0	0
12	98	64	15	5.88235
13	10	13	0	0
14	14	49	7	1.00867
Instant	49
1	598	29	1	0
2	23	13	0	0
3	182	62	18	4.35855
4	378	13	0	0
11	26	18	0	0
12	109	70	13	8.48214
13	11	13	0	0
14	13	49	8	0.85841
Instant	50
1	586	27	1	0.147059
2	22	13	0	0
3	179	55	17	3.74424
4	372	13	0	0
11	26	18	1	0
12	138	60	16	6.61765
13	10	13	0	0
14	13	51	7	0.885827
Instant	51
1	487	27	2	0.934579
2	39	13	0	0
3	166	58	20	4.0407
4	349	13	0	0
11	22	19	1	0
12	108	67	19	8.54779
13	10	13	0	0
14	12	50	8	1.05042
Instant	52
1	556	27	1	0.617284
2	28	13	0	0
3	180	55	13	3.95323
4	388	13	0	0
11	24	19	0	0
12	107	71	20	8.37674
13	11	13	0	0
14	14	49	7	0.810709
Instant	53
1	558	28	2	0.315789
2	27	13	0	0
3	178	57	15	4.01584
4	370	13	0	0
11	24	18	1	0
12	91	63	22	5.28493
13	10	13	0	0
14	13	49	8	0.873234
Instant	54
1	524	28	2	0.588865
2	37	13	0	0
3	167	59	17	3.70261
4	369	13	0	0
11	24	18	0	0
12	93	68	15	10.5239
13	10	13	0	0
14	13	47	8	0.802298
Instant	55
1	602	28	2	0
2	16	13	0	0
3	170	65	14	4.01163
4	350	13	0	0
11	25	17	0	0
12	108	67	23	9.20608
13	10	13	0	0
14	12	50	8	1.04341
Instant	56
1	607	30	1	0
2	26	13	0	0
3	170	57	19	4.37063
4	342	13	0	0
11	26	17	0	0
12	113	60	16	8.18015
13	10	13	0	0
14	12	51	8	0.973887
Instant	57
1	592	28	1	0
2	22	13	0	0
3	163	64	21	4.16667
4	338	13	0	0
11	26	18	0	0
12	128	61	19	6.80147
13	10	13	0	0
14	11	50	8	1.18534
Instant	58
1	571	30	2	0
2	19	13	0	0
3	200	62	16	3.39703
4	352	13	0	0
11	25	18	0	0
12	104	66	17	7.85473
13	11	13	0	0
14	13	49	7	0.866027
Instant	59
1	545	28	2	0.681342
2	18	13	0	0
3	177	63	16	3.91667
4	346	13	0	0
11	24	17	0	0
12	99	70	17	6.98529
13	11	13	0	0
14	11	49	8	1.1699
Instant	60
1	558	27	1	0.315789
2	18	13	0	0
3	161	61	18	4.56958
4	361	13	0	0
11	24	18	1	0
12	117	61	19	6.15809
13	10	13	0	0
14	12	48	9	1.00969
Instant	61
1	538	29	2	0.425532
2	23	13	0	0
3	192	58	16	3.93469
4	342	13	0	0
11	23	17	0	0.320513
12	117	66	18	9.07738
13	11	13	0	0
14	12	50	8	1.06474
Instant	62
1	571	30	2	0.205761
2	41	13	0	0
3	159	58	16	4.23529
4	389	13	0	0
11	24	17	0	0
12	146	61	17	6.89338
13	10	13	0	0
14	14	48	6	0.755287
Instant	63
1	573	27	1	0.301205
2	29	13	0	0
3	173	61	17	3.87731
4	374	13	0	0
11	25	18	1	0
12	146	62	19	6.43382
13	10	13	0	0
14	13	49	7	0.966797
Instant	64
1	577	30	2	0
2	23	13	0	0
3	175	60	16	4.00458
4	363	13	0	0
11	25	18	0	0
12	131	64	18	6.25
13	10	13	0	0
14	12	47	7	1.09047
Instant	65
1	614	28	1	0
2	23	13	0	0
3	154	62	17	4.34272
4	368	13	0	0
11	26	17	0	0
12	111	66	19	5.60662
13	10	13	0	0
14	13	49	7	0.776274
Instant	66
1	613	28	2	0
2	24	13	0	0
3	170	61	19	4.54023
4	354	13	0	0
11	26	18	0	0
12	96	63	18	5.60662
13	10	13	0	0
14	12	48	8	1.20668
Instant	67
1	599	28	1	0
2	36	13	0	0
3	160	54	18	4.5977
4	341	13	0	0
11	26	17	0	0
12	96	67	19	14.3159
13	10	13	0	0
14	12	54	9	0.868353
Instant	68
1	602	28	1	0
2	35	13	0	0
3	180	61	16	3.85057
4	362	13	0	0
11	25	18	1	0
12	109	63	20	7.56836
13	11	13	0	0
14	13	52	8	0.78629
Instant	69
1	501	29	2	1.09649
2	28	13	0	0
3	183	56	16	3.6105
4	380	13	0	0
11	23	18	0	0
12	79	64	23	9.14522
13	11	13	0	0
14	13	48	6	0.868056
Instant	70
1	581	28	1	0.0516529
2	26	13	0	0
3	160	64	18	4.32243
4	361	13	0	0
11	24	18	1	0
12	72	73	18	7.51689
13	10	13	0	0
14	13	46	7	0.942058
Instant	71
1	578	30	2	0
2	31	13	0	0
3	174	58	19	4.32913
4	338	13	0	0
11	25	18	1	0
12	104	64	23	9.00735
13	10	13	0	0
14	11	51	9	1.13538
Instant	72
1	599	28	1	0
2	28	13	0	0
3	172	63	14	3.7178
4	353	13	0	0
11	26	18	0	0
12	113	65	17	10.0379
13	10	13	0	0
14	13	50	8	0.853207
Instant	73
1	606	29	1	0
2	26	13	0	0
3	182	60	14	3.82709
4	347	13	0	0
11	25	17	0	0
12	142	58	18	4.49695
13	11	13	0	0
14	12	51	8	0.867174
Instant	74
1	526	32	2	0.166297
2	26	13	0	0
3	170	60	17	4.22619
4	366	13	0	0
11	23	18	0	0
12	147	56	13	7.16912
13	10	13	0	0
14	13	49	8	1.01
Instant	75
1	559	26	2	0.551102
2	41	13	0	0
3	176	60	17	3.86971
4	342	13	0	0
11	25	19	1	0
12	131	66	22	7.38636
13	11	13	0	0
14	12	52	9	0.949232
Instant	76
1	603	27	1	0
2	14	13	0	0
3	168	63	18	4.01891
4	362	13	0	0
11	25	18	1	0
12	143	57	20	6.94444
13	10	13	0	0
14	13	49	7	0.959208
Instant	77
1	573	28	1	0.352113
2	22	13	0	0
3	164	56	15	4.54023
4	380	13	0	0
11	25	17	0	0
12	152	61	20	5.76172
13	10	13	0	0
14	13	47	6	0.876348
Instant	78
1	575	27	1	0.400802
2	22	13	0	0
3	172	62	18	3.51744
4	346	13	0	0
11	25	18	1	0
12	94	63	22	8.1543
13	10	13	0	0
14	12	52	8	1.09983
Instant	79
1	554	29	2	0.618557
2	30	13	0	0
3	168	62	16	4.81651
4	362	13	0	0
11	24	17	0	0
12	85	61	20	5.53209
13	11	13	0	0
14	13	52	8	0.817851
Instant	80
1	559	29	1	0
2	27	13	0	0
3	168	57	17	4.06178
4	348	13	0	0
11	24	18	0	0
12	104	63	18	8.47538
13	10	13	0	0
14	12	48	8	1.20192
Instant	81
1	623	27	2	0
2	21	13	0	0
3	180	57	20	3.84187
4	377	13	0	0
11	27	18	1	0
12	108	65	18	10.9375
13	11	13	0	0
14	13	49	8	0.664062
Instant	82
1	613	28	1	0
2	29	13	0	0
3	183	58	17	4.01481
4	354	13	0	0
11	26	17	0	0
12	131	63	20	6.65179
13	11	13	0	0
14	12	49	8	1.04852
Instant	83
1	625	27	1	0
2	18	13	0	0
3	174	51	15	3.81549
4	354	13	0	0
11	27	17	0	0
12	119	61	18	7.43371
13	10	13	0	0
14	12	47	8	0.997122
Instant	84
1	598	27	1	0.290698
2	36	13	0	0
3	165	57	18	4.48864
4	354	13	0	0
11	26	18	0	0
12	161	61	20	6.3447
13	11	13	0	0
14	12	50	8	0.959158
Instant	85
1	559	33	4	0.052521
2	28	13	0	0
3	170	59	16	3.89688
4	348	13	0	0
11	24	18	0	0
12	114	59	20	5.12821
13	10	13	0	0
14	11	49	8	1.17647
Instant	86
1	576	30	2	0
2	14	13	0	0
3	154	58	18	4.34243
4	356	13	0	0
11	25	18	0	0
12	101	63	22	9.42096
13	10	13	0	0
14	12	51	8	1.13449
Instant	87
1	605	27	1	0.287908
2	16	13	0	0
3	174	59	19	3.91876
4	368	13	0	0
11	26	18	0	0
12	131	71	20	7.85846
13	10	13	0	0
14	12	49	7	1.05494
Instant	88
1	641	26	1	0
2	26	13	0	0
3	167	57	16	3.89688
4	342	13	0	0
11	27	18	0	0
12	109	69	16	8.36149
13	10	13	0	0
14	12	47	7	1.1354
Instant	89
1	569	30	2	0.050813
2	28	13	0	0
3	172	56	20	4.04656
4	382	13	0	0
11	25	18	0	0
12	101	62	18	7.58272
13	11	13	0	0
14	14	50	8	0.662442
Instant	90
1	572	28	2	0
2	21	13	0	0
3	150	63	17	5.13658
4	373	13	0	0
11	24	18	1	0
12	124	64	17	7.56836
13	10	13	0	0
14	13	49	8	0.78125
Instant	91
1	599	28	1	0.290698
2	26	13	0	0
3	177	54	17	4.15711
4	364	13	0	0
11	26	17	0	0
12	110	64	19	7.09459
13	10	13	0	0
14	13	50	8	1.06855
Instant	92
1	578	29	2	0
2	16	13	0	0
3	172	62	17	3.69385
4	357	13	0	0
11	25	18	1	0
12	109	56	23	8.04924
13	10	13	0	0
14	12	48	8	1.14192
Instant	93
1	586	29	2	0.05
2	25	13	0	0
3	176	58	14	3.96205
4	378	13	0	0
11	25	18	0	0
12	80	67	21	8.66477
13	10	13	0	0
14	14	51	7	0.952566
Instant	94
1	527	28	1	0.382932
2	22	13	0	0
3	180	56	18	4.05405
4	396	13	0	0
11	23	18	0	0
12	100	66	16	7.13682
13	11	13	0	0
14	13	45	7	0.992211
Instant	95
1	559	27	2	0.319829
2	18	13	0	0
3	167	60	18	3.82353
4	364	13	0	0
11	23	18	1	0.311203
12	113	53	21	10.2022
13	10	13	0	0
14	12	51	8	0.912921
Instant	96
1	567	28	1	0.304878
2	16	13	0	0
3	180	62	17	3.88403
4	352	13	0	0
11	25	18	1	0
12	136	60	21	6.15809
13	11	13	0	0
14	12	49	7	1.08651
Instant	97
1	588	29	1	0
2	32	13	0	0
3	154	59	17	4.67626
4	365	13	0	0
11	25	18	0	0
12	125	72	23	5.8689
13	10	13	0	0
14	12	50	7	1.03
Instant	98
1	565	29	2	0.3
2	12	13	0	0
3	168	59	18	4.1762
4	366	13	0	0
11	25	18	1	0
12	115	60	17	5.69853
13	10	13	0	0
14	13	49	8	0.86861
Instant	99
1	626	28	1	0
2	28	13	0	0
3	178	60	18	4.22336
4	356	13	0	0
11	26	17	0	0
12	132	66	20	9.28309
13	10	13	0	0
14	12	52	8	0.950413
Instant	100
1	578	29	1	0.301205
2	29	13	0	0
3	174	62	18	3.94432
4	357	13	0	0
11	25	17	0	0
12	142	61	14	7.55912
13	10	13	0	0
14	12	49	8	0.97018
Instant	101
1	605	29	2	0
2	27	13	0	0
3	162	60	18	4.53233
4	365	13	0	0
11	26	17	0	0
12	135	63	17	6.20404
13	10	13	0	0
14	13	50	7	0.971554
Instant	102
1	621	27	1	0
2	22	13	0	0
3	173	60	18	3.7037
4	377	13	0	0
11	27	18	0	0
12	106	63	21	8.08823
13	10	13	0	0
14	13	49	7	0.824922
Instant	103
1	575	28	3	0.604839
2	33	13	0	0
3	173	57	15	4.15724
4	364	13	0	0
11	25	18	0	0
12	86	62	22	5.44764
13	10	13	0	0
14	14	52	8	0.633039
Instant	104
1	542	27	1	0.623701
2	37	13	0	0
3	165	58	17	4.18632
4	342	14	0	0
11	24	19	1	0
12	122	65	17	11.2132
13	10	13	0	0
14	12	50	8	0.876068
Instant	105
1	550	27	2	0.267666
2	19	13	0	0
3	166	58	18	4.39498
4	334	13	0	0
11	24	18	1	0
12	107	58	18	7.62868
13	10	13	0	0
14	12	55	8	0.892857
Instant	106
1	519	29	2	0.32967
2	17	13	0	0
3	158	61	19	4.42217
4	339	13	0	0
11	23	19	1	0
12	108	63	17	5.40541
13	10	13	0	0
14	11	49	8	1.04526
Instant	107
1	606	28	1	0.291262
2	17	13	0	0
3	188	62	16	3.77203
4	368	13	0	0
11	26	18	0	0
12	106	69	15	5.92831
13	11	13	0	0
14	13	50	8	0.963831
Instant	108
1	613	29	2	0
2	41	13	0	0
3	174	54	19	4.27778
4	360	13	0	0
11	26	17	0	0
12	81	68	19	6.47978
13	11	13	0	0
14	13	52	8	1.0061
Instant	109
1	537	29	2	0.631579
2	49	13	0	0
3	170	55	17	4.1476
4	354	13	0	0
11	24	17	0	0
12	99	63	18	6.91964
13	10	13	0	0
14	13	51	7	0.792834
Instant	110
1	620	26	1	0
2	27	13	0	0
3	179	52	17	4.02299
4	385	13	0	0
11	26	18	1	0
12	139	56	20	15.918
13	10	13	0	0
14	14	49	7	0.790777
Instant	111
1	569	28	1	0.305499
2	32	13	0	0
3	166	59	17	4.10839
4	378	13	0	0
11	25	19	1	0
12	113	64	18	7.16912
13	10	13	0	0
14	14	50	7	0.81983
Instant	112
1	614	28	2	0
2	23	13	0	0
3	165	59	16	3.77976
4	366	13	0	0
11	26	18	0	0
12	120	59	19	6.54561
13	10	13	0	0
14	13	52	8	0.732343
Instant	113
1	568	30	1	0
2	30	13	0	0
3	194	59	18	3.43681
4	361	13	0	0
11	24	18	0	0
12	119	63	20	4.2739
13	11	13	0	0
14	13	52	9	0.942058
Instant	114
1	556	28	2	0.598802
2	22	13	0	0
3	180	57	18	3.99113
4	361	13	0	0
11	25	17	0	0
12	133	68	15	8.08823
13	11	13	0	0
14	13	49	8	0.827948
Instant	115
1	614	28	1	0.241779
2	25	13	0	0
3	185	57	17	3.93319
4	357	13	0	0
11	26	17	0	0
12	145	62	17	4.47635
13	11	13	0	0
14	12	50	7	0.995484
Instant	116
1	551	34	3	0.107296
2	42	13	0	0
3	169	64	17	4.13832
4	351	13	0	0
11	23	18	0	0
12	105	66	18	13.0974
13	10	13	0	0
14	12	46	7	1.06581
Instant	117
1	595	28	2	0
2	29	13	0	0
3	161	57	17	4.44118
4	352	13	0	0
11	26	18	0	0
12	80	70	17	5.88235
13	10	13	0	0
14	12	46	7	1.03648
Instant	118
1	599	28	1	0
2	25	13	0	0
3	171	57	17	4.46833
4	376	13	0	0
11	25	19	1	0
12	126	63	17	7.34797
13	10	13	0	0
14	14	48	7	0.804264
Instant	119
1	592	27	1	0
2	6	13	0	0
3	172	58	18	4.13773
4	362	13	0	0
11	26	17	0	0
12	155	55	16	9.375
13	11	13	0	0
14	12	48	6	0.982577
