	T	D	J	LP
Instant	0
1	0	0	0	0
2	0	0	0	0
3	0	0	0	0
4	0	0	0	0
11	0	0	0	0
12	0	0	0	0
13	0	0	0	0
14	0	0	0	0
Instant	1
1	293	30	2	0
2	15	13	0	0
3	80	47	10	0.982533
4	134	13	0	0
11	12	19	0	0
12	72	71	13	4.08163
13	3	13	0	0
14	4	51	11	0.327869
Instant	2
1	1389	30	3	0.320513
2	29	13	0	0
3	198	61	15	3.84814
4	857	13	0	0
11	60	18	0	0
12	53	72	25	7.24576
13	12	13	0	0
14	30	50	4	0.956938
Instant	3
1	1127	29	3	0.228659
2	37	13	0	0
3	223	59	18	3.50753
4	749	13	0	0
11	51	18	0	0
12	41	65	21	1.28676
13	13	13	0	0
14	27	49	5	1.1786
Instant	4
1	1290	27	3	0.112309
2	25	13	0	0
3	230	59	16	3.40265
4	630	13	0	0
11	57	18	0	0
12	32	57	10	0.126689
13	13	13	0	0
14	23	50	6	0.920317
Instant	5
1	1002	30	3	0.382353
2	29	13	0	0
3	215	63	14	3.55114
4	496	13	0	0
11	44	19	0	0
12	34	48	6	0.229779
13	13	13	0	0
14	17	44	5	1.17465
Instant	6
1	957	28	3	0
2	30	13	0	0
3	238	59	16	3.38828
4	441	13	0	0
11	41	19	0	0
12	23	59	8	0.597426
13	13	13	0	0
14	16	49	6	1.00993
Instant	7
1	908	28	3	0.749064
2	20	13	0	0
3	239	59	20	3.15934
4	372	13	0	0
11	41	18	0	0
12	32	49	7	0.0844595
13	13	13	0	0
14	13	49	6	1.05965
Instant	8
1	919	28	3	0
2	40	13	0	0
3	208	60	18	3.93939
4	367	14	0	0
11	40	18	0	0
12	34	49	13	0.0919118
13	12	13	0	0
14	13	47	8	0.905653
Instant	9
1	732	30	3	0.195925
2	25	13	0	0
3	204	56	20	3.57843
4	336	13	0	0
11	32	18	0	0
12	18	49	14	0.735294
13	12	13	0	0
14	11	50	9	1.28484
Instant	10
1	704	28	2	0
2	26	13	0	0
3	205	63	16	3.43434
4	345	13	0	0
11	30	18	0	0
12	17	63	10	0.548986
13	12	13	0	0
14	12	51	7	1.0681
Instant	11
1	719	27	2	0.478469
2	36	13	0	0
3	189	57	17	4.2382
4	379	13	0	0
11	32	18	0	0
12	24	54	14	0.78125
13	11	13	0	0
14	13	48	7	0.896991
Instant	12
1	734	28	3	0.478469
2	19	13	0	0
3	208	62	14	3.51096
4	356	13	0	0
11	32	18	0	0
12	23	52	11	0.459559
13	12	13	0	0
14	12	48	7	1.07936
Instant	13
1	844	30	1	0.411523
2	38	13	0	0
3	212	58	17	3.73281
4	364	13	0	0
11	37	18	0	0
12	24	62	15	0.409226
13	12	13	0	0
14	13	51	9	0.801282
Instant	14
1	630	30	3	0.802139
2	29	13	0	0
3	179	56	18	4.13113
4	349	13	0	0
11	29	18	0	0
12	23	61	13	0.689338
13	11	13	0	0
14	12	50	8	1.22487
Instant	15
1	659	26	1	0
2	37	13	0	0
3	227	59	18	3.22978
4	362	13	0	0
11	28	19	0	0
12	32	56	8	21.2776
13	12	13	0	0
14	13	52	8	1.00121
Instant	16
1	634	28	3	0.320513
2	34	13	0	0
3	203	60	16	3.16973
4	384	13	0	0
11	27	18	0	0
12	17	62	15	23.1841
13	12	13	0	0
14	14	49	7	0.703957
Instant	17
1	589	29	1	0.302419
2	26	13	0	0
3	225	56	16	3.13131
4	393	13	0	0
11	25	17	0	0.392157
12	32	66	21	4.45772
13	12	13	0	0
14	14	52	8	0.903502
Instant	18
1	492	29	2	0.788288
2	25	13	0	0
3	204	57	17	3.56436
4	390	13	0	0
11	22	17	0	0
12	27	69	11	2.06801
13	12	13	0	0
14	14	52	8	0.975976
Instant	19
1	534	27	1	0.662252
2	34	13	0	0
3	229	58	15	3.66257
4	379	13	0	0
11	23	19	1	0
12	46	72	13	4.34966
13	13	13	0	0
14	13	49	7	1.04808
Instant	20
1	497	29	3	0.896861
2	21	13	0	0
3	253	60	16	2.52708
4	392	13	0	0
11	22	19	0	0
12	34	72	33	3.125
13	13	13	0	0
14	14	47	7	0.822123
Instant	21
1	677	27	2	0
2	21	13	0	0
3	224	60	18	3.29696
4	341	13	0	0
11	29	19	0	0
12	36	65	15	1.93015
13	13	13	0	0
14	12	50	9	0.871599
Instant	22
1	620	28	2	0.280899
2	22	13	0	0
3	237	56	17	3.19444
4	371	13	0	0
11	27	18	0	0
12	43	61	17	1.30912
13	13	13	0	0
14	14	51	8	0.662579
Instant	23
1	491	28	1	1.30682
2	11	13	0	0
3	214	59	17	3.65308
4	367	13	0	0
11	22	17	0	0
12	32	72	15	6.52574
13	12	13	0	0
14	13	49	8	0.804849
Instant	24
1	537	29	2	0.894737
2	26	13	0	0
3	211	62	16	3.73535
4	342	13	0	0
11	24	20	1	0
12	46	52	15	2.52757
13	12	13	0	0
14	12	51	8	0.92632
Instant	25
1	567	25	2	0.655242
2	24	13	0	0
3	245	61	15	2.60129
4	356	13	0	0
11	25	18	0	0
12	47	70	18	2.38095
13	13	13	0	0
14	12	51	8	0.831281
Instant	26
1	512	28	2	0.331126
2	31	13	0	0
3	207	59	18	3.56405
4	333	13	0	0
11	23	17	0	0
12	42	60	16	1.42463
13	12	13	0	0
14	11	51	8	1.13336
Instant	27
1	583	28	2	0.304878
2	39	13	0	0
3	195	59	17	4.12371
4	351	13	0	0
11	25	18	0	0
12	50	78	19	3.86029
13	12	13	0	0
14	12	50	8	1.13542
Instant	28
1	582	30	2	0
2	20	13	0	0
3	192	61	17	3.67021
4	358	13	0	0
11	25	18	0	0
12	26	66	18	2.25694
13	11	13	0	0
14	13	52	9	0.922131
Instant	29
1	495	30	3	0.799087
2	22	13	0	0
3	221	57	15	2.75206
4	385	13	0	0
11	22	18	0	0
12	46	64	15	3.5386
13	12	13	0	0
14	14	48	7	0.759878
Instant	30
1	487	30	3	0.821596
2	25	13	0	0
3	235	60	15	3.01233
4	363	13	0	0
11	22	21	2	0
12	34	75	9	4.50368
13	13	13	0	0
14	13	49	8	0.927419
Instant	31
1	484	29	2	0.648585
2	28	13	0	0
3	232	59	16	3.33021
4	372	13	0	0
11	21	19	0	0
12	32	83	14	3.125
13	13	13	0	0
14	13	50	7	0.766509
Instant	32
1	538	29	2	0.37797
2	29	13	0	0
3	206	56	18	3.51338
4	346	13	0	0
11	23	19	1	0
12	39	49	21	2.94118
13	13	13	0	0
14	12	47	7	1.24368
Instant	33
1	371	27	2	2.2997
2	24	13	0	0
3	208	63	15	3.76238
4	338	13	0	0
11	17	18	1	0
12	48	61	13	1.33272
13	12	13	0	0
14	11	48	8	1.09536
Instant	34
1	459	31	2	1.29717
2	26	13	0	0
3	248	61	18	2.85581
4	367	13	0	0
11	21	19	1	0
12	36	62	24	1.35135
13	13	13	0	0
14	13	49	8	0.885748
Instant	35
1	599	29	1	0
2	27	13	0	0
3	208	61	17	3.41837
4	363	13	0	0
11	25	18	1	0
12	33	72	17	1.60846
13	12	13	0	0
14	12	49	8	0.996377
Instant	36
1	571	28	2	0.298211
2	23	13	0	0
3	236	56	18	3.03172
4	395	13	0	0
11	25	18	1	0
12	55	69	14	62.8217
13	13	13	0	0
14	14	48	8	0.883557
Instant	37
1	541	29	2	0.636943
2	26	13	0	0
3	235	58	18	3.22727
4	382	13	0	0
11	24	18	0	0
12	43	70	17	2.45536
13	13	13	0	0
14	13	49	8	0.946101
Instant	38
1	565	26	2	0.358607
2	13	13	0	0
3	210	64	16	3.8
4	388	13	0	0
11	24	18	1	0
12	52	60	14	2.57353
13	12	13	0	0
14	13	50	7	0.892857
Instant	39
1	575	28	1	0.301205
2	25	13	0	0
3	219	59	17	3.10078
4	384	13	0	0
11	25	18	0	0
12	62	62	15	2.34375
13	12	13	0	0
14	13	49	8	1.04008
Instant	40
1	497	27	1	1.13379
2	23	13	0	0
3	204	59	17	4.26892
4	361	13	0	0
11	22	18	0	0
12	40	67	16	3.08277
13	12	13	0	0
14	13	52	8	0.882711
Instant	41
1	543	30	2	0.0544662
2	32	13	0	0
3	228	59	14	3.06734
4	344	13	0	0
11	23	17	0	0
12	51	65	18	1.19485
13	13	13	0	0
14	12	51	9	0.962352
Instant	42
1	558	27	2	0.609756
2	14	13	0	0
3	231	60	18	3.44507
4	330	13	0	0
11	25	18	0	0
12	45	59	16	4.18199
13	13	13	0	0
14	11	51	9	1.24113
Instant	43
1	533	28	2	0.986842
2	19	13	0	0
3	229	55	16	3.46698
4	339	13	0	0
11	23	18	1	0
12	40	78	11	11.8243
13	13	13	0	0
14	12	53	9	0.763769
Instant	44
1	561	28	2	0.360082
2	25	13	0	0
3	220	61	19	3.16176
4	352	13	0	0
11	25	18	0	0
12	42	58	21	5.92831
13	12	13	0	0
14	12	48	8	0.96393
Instant	45
1	552	29	1	0.363825
2	13	13	0	0
3	208	57	17	3.33333
4	332	13	0	0
11	24	19	1	0
12	43	63	18	3.40074
13	12	13	0	0
14	11	53	7	1.17325
Instant	46
1	584	29	2	0.0490196
2	21	13	0	0
3	224	59	18	3.19253
4	370	13	0	0
11	26	18	1	0
12	43	70	16	69.5101
13	12	13	0	0
14	14	52	9	0.782488
Instant	47
1	519	30	2	0.391499
2	26	13	0	0
3	213	60	17	3.98058
4	370	13	0	0
11	22	18	1	0
12	67	64	22	7.16912
13	12	13	0	0
14	13	49	7	0.888626
Instant	48
1	574	31	2	0
2	30	13	0	0
3	233	56	20	2.70793
4	359	13	0	0
11	24	17	0	0
12	57	68	13	2.06801
13	12	13	0	0
14	13	50	7	0.853659
Instant	49
1	558	30	1	0
2	32	13	0	0
3	249	57	16	2.74164
4	374	13	0	0
11	24	19	1	0
12	50	67	26	7.47768
13	13	13	0	0
14	13	48	8	0.990973
Instant	50
1	620	27	1	0.284091
2	27	13	0	0
3	200	63	19	3.65497
4	379	13	0	0
11	26	18	1	0
12	67	74	13	5.05515
13	12	13	0	0
14	13	50	8	0.906636
Instant	51
1	612	28	1	0.0484496
2	26	13	0	0
3	195	58	15	3.88769
4	377	13	0	0
11	26	18	0	0
12	72	63	21	4.87132
13	11	13	0	0
14	14	48	7	0.746124
Instant	52
1	522	29	2	0.319829
2	30	13	0	0
3	232	60	15	3.28704
4	374	13	0	0
11	24	18	1	0
12	49	63	20	4.21007
13	13	13	0	0
14	13	49	8	0.929186
Instant	53
1	589	29	2	0
2	35	13	0	0
3	190	60	16	4.12177
4	378	13	0	0
11	25	19	1	0
12	52	73	21	4.22794
13	11	13	0	0
14	13	50	8	0.724498
Instant	54
1	520	30	2	0.666667
2	23	13	0	0
3	195	59	20	3.80208
4	362	13	0	0
11	23	19	1	0
12	47	68	20	87.1783
13	12	13	0	0
14	13	49	7	1.09047
Instant	55
1	478	29	1	0.7109
2	16	13	0	0
3	244	56	18	2.63158
4	346	13	0	0
11	21	18	0	0
12	39	64	22	1.47804
13	13	13	0	0
14	12	48	8	0.812922
Instant	56
1	589	29	1	0
2	22	13	0	0
3	220	65	16	3.45745
4	367	13	0	0
11	25	17	0	0
12	53	74	13	4.18199
13	13	13	0	0
14	13	48	7	1.02508
Instant	57
1	570	29	1	0.308642
2	15	13	0	0
3	211	64	16	3.39537
4	340	13	0	0
11	24	18	0	0
12	68	65	22	16.5901
13	12	13	0	0
14	12	50	8	1.04167
Instant	58
1	621	27	1	0
2	25	13	0	0
3	212	59	16	3.58961
4	350	13	0	0
11	27	17	0	0
12	110	64	19	9.41723
13	12	13	0	0
14	12	48	7	0.967138
Instant	59
1	557	29	2	0.316456
2	23	13	0	0
3	210	59	21	3.08081
4	369	13	0	0
11	24	18	1	0
12	91	67	21	99.6783
13	12	13	0	0
14	13	49	7	0.960777
Instant	60
1	546	28	1	0.314465
2	30	13	0	0
3	232	59	15	2.9541
4	393	13	0	0
11	24	18	0	0
12	65	60	17	5.8364
13	12	13	0	0
14	14	47	6	0.831465
Instant	61
1	538	28	1	0.373134
2	35	13	0	0
3	227	55	17	3.00601
4	366	13	0	0
11	24	18	0	0
12	75	65	18	6.62202
13	12	13	0	0
14	13	50	6	0.945462
Instant	62
1	586	29	2	0
2	26	13	0	0
3	214	60	16	3.0607
4	347	13	0	0
11	25	17	0	0
12	49	67	22	6.75551
13	12	13	0	0
14	12	51	8	1.15741
Instant	63
1	592	27	1	0.588235
2	19	13	0	0
3	231	57	17	3.28212
4	343	13	0	0
11	26	18	1	0
12	67	65	22	3.90625
13	13	13	0	0
14	11	53	8	1.10231
Instant	64
1	592	29	1	0
2	23	13	0	0
3	230	57	16	3.04119
4	357	13	0	0
11	26	17	0	0
12	66	63	15	9.03716
13	13	13	0	0
14	13	49	8	1.06383
Instant	65
1	538	30	3	0.323276
2	24	13	0	0
3	233	58	17	3.34699
4	351	13	0	0
11	23	18	0	0
12	41	53	24	6.06618
13	13	13	0	0
14	12	50	7	0.986296
Instant	66
1	614	27	1	0
2	35	13	0	0
3	227	60	18	3.40909
4	337	13	0	0
11	26	19	1	0
12	65	68	21	7.44485
13	13	13	0	0
14	11	50	9	1.09075
Instant	67
1	562	29	1	0.313152
2	32	13	0	0
3	225	56	18	3.39419
4	347	13	0	0
11	24	18	1	0
12	59	66	22	17.3142
13	13	13	0	0
14	12	52	8	0.785176
Instant	68
1	606	28	1	0
2	31	13	0	0
3	193	60	16	3.64583
4	351	13	0	0
11	25	18	1	0
12	117	68	20	10.2539
13	11	13	0	0
14	12	51	8	1.05033
Instant	69
1	519	30	3	0.498891
2	26	13	0	0
3	241	54	15	2.94659
4	357	13	0	0
11	23	18	0	0
12	64	76	17	7.62868
13	13	13	0	0
14	13	49	7	0.961538
Instant	70
1	594	28	1	0
2	34	13	0	0
3	198	61	15	3.83065
4	350	13	0	0
11	26	18	0	0
12	72	73	18	4.85642
13	12	13	0	0
14	12	52	9	0.92437
Instant	71
1	546	31	2	0.378788
2	45	13	0	0
3	184	64	17	4.08654
4	342	13	0	0
11	23	18	0	0
12	92	68	19	7.67463
13	11	13	0	0
14	12	49	7	1.02215
Instant	72
1	601	29	2	0
2	18	13	0	0
3	200	59	16	3.68421
4	348	13	0	0
11	26	18	0	0
12	49	69	16	5.39773
13	11	13	0	0
14	12	50	9	0.933305
Instant	73
1	482	30	2	0.570776
2	28	13	0	0
3	213	58	19	2.94859
4	358	13	0	0
11	22	17	0	0
12	56	72	16	100.114
13	12	13	0	0
14	12	50	9	1.01434
Instant	74
1	593	29	1	0.3
2	29	13	0	0
3	216	59	15	2.9908
4	354	13	0	0
11	25	18	0	0
12	67	59	20	13.511
13	12	13	0	0
14	12	51	7	0.925164
Instant	75
1	578	29	2	0.35497
2	15	13	0	0
3	205	60	16	4.01139
4	331	13	0	0
11	25	18	1	0
12	83	66	24	6.06061
13	12	13	0	0
14	11	53	8	1.19258
Instant	76
1	600	30	1	0
2	17	13	0	0
3	209	56	18	3.09917
4	353	13	0	0
11	25	18	0	0
12	89	60	27	18.6632
13	12	13	0	0
14	12	47	7	1.07438
Instant	77
1	592	28	1	0
2	22	13	0	0
3	206	59	16	3.43876
4	344	13	0	0
11	26	17	0	0
12	93	68	18	6.5918
13	12	13	0	0
14	12	52	8	1.00427
Instant	78
1	572	28	1	0.30426
2	34	13	0	0
3	227	57	17	3.16176
4	351	13	0	0
11	25	19	1	0
12	77	68	17	7.71484
13	12	13	0	0
14	12	52	8	1.17512
Instant	79
1	585	28	1	0.301205
2	32	13	0	0
3	230	56	17	3.28947
4	352	13	0	0
11	25	18	0	0
12	83	66	24	10.5997
13	13	13	0	0
14	12	51	8	0.78125
Instant	80
1	545	29	2	0.315126
2	22	13	0	0
3	223	60	19	2.82101
4	335	13	0	0
11	24	18	1	0
12	77	71	21	8.42803
13	12	13	0	0
14	11	51	9	1.08131
Instant	81
1	586	27	1	0.300601
2	23	13	0	0
3	176	53	16	3.98822
4	375	13	0	0
11	25	17	0	0
12	82	67	22	8.90152
13	11	13	0	0
14	13	51	8	0.933126
Instant	82
1	614	28	1	0
2	17	13	0	0
3	214	60	16	3.52041
4	353	13	0	0
11	26	18	0	0
12	74	72	19	10.1786
13	12	13	0	0
14	12	49	8	0.807119
Instant	83
1	533	28	2	0.626305
2	25	13	0	0
3	206	60	16	3.57143
4	395	13	0	0
11	24	18	0	0
12	85	67	23	9.23295
13	12	13	0	0
14	14	48	7	1.04785
Instant	84
1	621	28	2	0
2	26	13	0	0
3	187	59	19	4.06725
4	356	13	0	0
11	27	17	0	0
12	116	67	15	7.95455
13	11	13	0	0
14	12	49	8	1.13916
Instant	85
1	545	31	3	0.527426
2	34	13	0	0
3	214	58	17	3.39537
4	345	13	0	0
11	24	18	0	0
12	42	75	21	6.85096
13	12	13	0	0
14	11	49	7	1.32415
Instant	86
1	596	29	2	0
2	10	13	0	0
3	207	55	16	3.38855
4	359	13	0	0
11	26	18	0	0
12	29	61	25	5.05515
13	12	13	0	0
14	12	49	8	0.992226
Instant	87
1	598	29	2	0
2	14	13	0	0
3	198	59	17	4.20842
4	347	13	0	0
11	25	19	1	0
12	70	80	14	15.1195
13	12	13	0	0
14	12	49	7	1.02062
Instant	88
1	572	30	2	0.304878
2	23	13	0	0
3	217	55	17	3.08765
4	348	13	0	0
11	25	17	0	0
12	59	69	14	8.74155
13	12	13	0	0
14	11	49	7	1.18697
Instant	89
1	575	29	2	0.0504032
2	19	13	0	0
3	202	58	20	3.65344
4	380	13	0	0
11	25	18	1	0
12	78	63	22	8.13419
13	12	13	0	0
14	13	48	8	0.938468
Instant	90
1	517	29	2	0.844595
2	18	13	0	0
3	225	58	15	3.22115
4	378	13	0	0
11	22	18	1	0.331858
12	66	61	25	10.3027
13	12	13	0	0
14	13	49	7	0.851393
Instant	91
1	586	28	1	0
2	27	13	0	0
3	202	58	18	3.57516
4	353	13	0	0
11	26	18	1	0
12	68	65	21	14.7804
13	11	13	0	0
14	12	53	7	0.98303
Instant	92
1	538	30	2	0.382932
2	40	13	0	0
3	198	61	16	3.92057
4	361	13	0	0
11	23	17	0	0
12	62	72	17	8.61742
13	12	13	0	0
14	13	49	8	0.940534
Instant	93
1	617	26	1	0.191571
2	28	13	0	0
3	207	58	16	3.22581
4	362	13	0	0
11	26	19	1	0
12	55	67	15	3.50379
13	12	13	0	0
14	13	47	8	0.889968
Instant	94
1	485	33	3	1
2	16	13	0	0
3	207	58	16	3.77066
4	334	13	0	0
11	22	18	0	0
12	49	70	30	9.375
13	12	13	0	0
14	11	53	8	1.14729
Instant	95
1	542	28	2	0
2	18	13	0	0
3	222	58	16	2.99904
4	353	13	0	0
11	24	18	0	0
12	83	71	21	18.1066
13	12	13	0	0
14	13	54	9	0.715174
Instant	96
1	568	28	2	0.627615
2	32	13	0	0
3	207	57	17	3.52434
4	347	13	0	0
11	24	18	1	0
12	108	67	21	6.61765
13	12	13	0	0
14	12	50	8	0.777311
Instant	97
1	607	28	1	0
2	36	13	0	0
3	210	60	18	3.36934
4	365	13	0	0
11	26	18	0	0
12	86	58	22	5.29726
13	12	13	0	0
14	13	50	7	0.921474
Instant	98
1	501	29	1	0.700431
2	26	13	0	0
3	224	56	17	3.16901
4	329	13	0	0
11	23	17	0	0
12	109	66	18	11.3511
13	12	13	0	0
14	11	48	9	1.15248
Instant	99
1	604	28	1	0.295858
2	28	13	0	0
3	192	58	16	3.826
4	343	13	0	0
11	25	18	1	0
12	87	64	21	5.65257
13	11	13	0	0
14	11	49	8	1.0523
Instant	100
1	601	28	2	0.298211
2	28	13	0	0
3	189	58	18	3.51217
4	356	13	0	0
11	25	18	0	0
12	62	68	25	5.78547
13	11	13	0	0
14	13	53	8	0.814769
Instant	101
1	562	31	2	0
2	29	13	0	0
3	225	59	16	3.26195
4	355	13	0	0
11	25	18	1	0
12	64	62	27	6.98529
13	12	13	0	0
14	13	50	9	0.990099
Instant	102
1	606	29	1	0
2	39	13	0	0
3	195	58	17	3.11828
4	348	13	0	0
11	25	17	0	0
12	66	69	21	7.58272
13	11	13	0	0
14	12	50	9	0.94697
Instant	103
1	620	28	1	0
2	32	13	0	0
3	220	61	16	3.0642
4	355	13	0	0
11	27	17	0	0
12	110	60	20	14.2736
13	12	13	0	0
14	12	49	6	1.02627
Instant	104
1	549	30	2	0.319829
2	32	13	0	0
3	203	63	15	4.175
4	350	13	0	0
11	23	17	0	0
12	73	59	17	15.579
13	12	13	0	0
14	12	50	10	0.928631
Instant	105
1	596	27	2	0.0492126
2	31	13	0	0
3	229	61	17	3.41981
4	357	13	0	0
11	26	18	0	0
12	86	67	20	9.23713
13	13	13	0	0
14	13	53	9	0.97018
Instant	106
1	509	28	2	0.655022
2	19	13	0	0
3	206	57	16	3.36735
4	343	13	0	0
11	23	19	1	0
12	50	59	18	7.05236
13	12	13	0	0
14	12	48	8	0.775935
Instant	107
1	593	28	2	0.29703
2	21	13	0	0
3	209	58	16	3.83663
4	333	13	0	0
11	25	18	1	0
12	62	69	25	11.8566
13	12	13	0	0
14	11	51	7	1.12939
Instant	108
1	532	29	2	0.331858
2	14	13	0	0
3	215	61	17	3.44059
4	327	13	0	0
11	23	18	0	0.324675
12	60	67	17	10.432
13	12	13	0	0
14	11	48	8	1.05838
Instant	109
1	566	27	1	0.309917
2	28	13	0	0
3	212	57	17	3.21146
4	361	13	0	0
11	24	18	1	0
12	98	74	17	8.40774
13	12	13	0	0
14	12	50	8	0.850891
Instant	110
1	582	28	2	0.0486381
2	26	13	0	0
3	195	60	16	4.0272
4	343	13	0	0
11	26	19	0	0
12	114	64	20	5.12695
13	12	13	0	0
14	11	51	9	1.30963
Instant	111
1	592	28	1	0
2	33	13	0	0
3	196	57	15	3.54478
4	375	13	0	0
11	25	18	1	0
12	97	65	15	8.31802
13	11	13	0	0
14	13	47	7	0.981726
Instant	112
1	568	29	2	0.153689
2	29	13	0	0
3	219	58	16	3.06275
4	354	13	0	0
11	25	20	1	0
12	52	52	22	5.32095
13	12	13	0	0
14	13	53	8	0.924003
Instant	113
1	588	27	2	0.502008
2	32	13	0	0
3	188	56	17	3.91832
4	359	13	0	0
11	25	19	2	0
12	43	65	21	1.33272
13	11	13	0	0
14	12	49	8	0.862419
Instant	114
1	681	29	2	0
2	34	13	0	0
3	204	59	19	3.49899
4	358	13	0	0
11	30	18	0	0
12	37	55	13	6.06618
13	12	13	0	0
14	13	48	7	1.05188
Instant	115
1	636	28	2	0.22686
2	28	13	0	0
3	212	61	17	3.68976
4	338	13	0	0
11	28	17	0	0
12	38	66	18	2.87162
13	12	13	0	0
14	11	48	8	1.224
Instant	116
1	585	29	3	0.357143
2	35	13	0	0
3	220	54	16	3.21146
4	353	13	0	0
11	25	18	1	0
12	47	61	15	5.8364
13	12	13	0	0
14	12	51	7	1.09012
Instant	117
1	643	29	2	0.0445633
2	33	13	0	0
3	220	57	18	3.17345
4	356	13	0	0
11	28	18	0	0
12	43	66	18	2.57353
13	12	13	0	0
14	13	52	8	0.911885
Instant	118
1	665	27	1	0
2	36	13	0	0
3	200	66	16	3.54839
4	368	13	0	0
11	28	19	1	0
12	65	68	19	15.4983
13	11	13	0	0
14	13	49	8	0.704365
Instant	119
1	709	27	3	0
2	29	13	0	0
3	198	59	19	3.40665
4	346	13	0	0
11	30	17	0	0
12	46	61	20	6.25
13	11	13	0	0
14	12	51	8	0.874789
