	T	D	J	LP
Instant	0
1	0	0	0	0
2	0	0	0	0
3	0	0	0	0
4	0	0	0	0
11	0	0	0	0
12	0	0	0	0
13	0	0	0	0
14	0	0	0	0
Instant	1
1	236	29	3	0
2	16	13	0	0
3	70	49	9	1.65094
4	193	13	0	0
11	10	18	1	0
12	91	59	15	2.75067
13	3	13	0	0
14	6	44	8	0.107143
Instant	2
1	848	29	3	0
2	18	13	0	0
3	107	68	14	6.62129
4	995	13	0	0
11	36	17	0	0
12	163	69	19	7.14286
13	10	13	0	0
14	35	47	3	0.90708
Instant	3
1	1079	29	2	0.453575
2	27	13	0	0
3	122	65	18	5.81395
4	977	13	0	0
11	47	18	0	0
12	145	67	12	7.62305
13	9	13	0	0
14	39	48	4	0.673135
Instant	4
1	1314	30	2	0.661376
2	36	13	0	0
3	156	58	17	4.83577
4	799	14	0	0
11	58	17	0	0
12	121	66	18	5.12962
13	10	13	0	0
14	31	46	4	0.692915
Instant	5
1	1246	29	2	0.0230203
2	43	13	0	0
3	153	58	17	4.07609
4	600	13	0	0
11	56	18	0	0
12	143	60	18	12.2449
13	10	13	0	0
14	24	47	5	0.580969
Instant	6
1	1293	30	2	0.299816
2	19	13	0	0
3	151	63	18	5.04866
4	552	13	0	0
11	55	17	0	0
12	152	65	16	8.29493
13	10	13	0	0
14	22	48	6	0.444062
Instant	7
1	1274	28	2	0.0223414
2	27	13	0	0
3	162	57	19	4.662
4	555	13	0	0
11	58	18	0	0
12	175	62	21	5.36318
13	10	13	0	0
14	21	48	7	0.621693
Instant	8
1	1200	28	2	0
2	28	13	0	0
3	137	65	15	5.12048
4	536	13	0	0
11	52	18	0	0
12	155	62	19	6.06618
13	10	13	0	0
14	21	46	6	0.485503
Instant	9
1	1032	29	1	0
2	23	13	0	0
3	169	59	16	4.29234
4	535	13	0	0
11	44	18	0	0
12	157	64	17	5.46875
13	10	13	0	0
14	20	47	6	0.760691
Instant	10
1	862	29	2	0.208333
2	26	13	0	0
3	136	60	17	5.11642
4	504	13	0	0
11	37	18	0	0
12	157	58	15	5.91216
13	10	13	0	0
14	20	46	7	0.494186
Instant	11
1	809	29	2	0
2	27	13	0	0
3	141	59	17	5.04279
4	484	13	0	0
11	35	18	0	0
12	151	58	18	5.69853
13	10	13	0	0
14	18	46	6	0.567494
Instant	12
1	696	28	2	0.250417
2	17	13	0	0
3	144	56	20	4.72716
4	460	13	0	0
11	30	18	0	0
12	162	58	14	5.79044
13	9	13	0	0
14	17	47	7	0.739504
Instant	13
1	849	28	2	0
2	23	13	0	0
3	152	61	17	4.67233
4	454	13	0	0
11	36	17	0	0.623269
12	150	65	16	4.79911
13	10	13	0	0
14	17	45	6	0.564516
Instant	14
1	752	27	2	0.229709
2	10	13	0	0
3	145	60	18	5.04332
4	405	13	0	0
11	34	19	0	0
12	159	60	16	6.38787
13	10	13	0	0
14	15	48	7	0.864553
Instant	15
1	648	28	1	0.272727
2	17	13	0	0
3	133	62	17	4.96231
4	439	13	0	0
11	28	19	0	0
12	150	64	19	6.75551
13	9	13	0	0
14	17	44	6	0.667557
Instant	16
1	581	29	2	0.30303
2	16	13	0	0
3	161	62	17	4.44313
4	418	13	0	0
11	25	18	0	0
12	134	64	16	6.50338
13	10	13	0	0
14	15	45	6	0.707053
Instant	17
1	548	27	2	0.305499
2	16	13	0	0
3	163	64	18	4.28487
4	420	13	0	0
11	25	18	0	0
12	149	64	19	6.02022
13	10	13	0	0
14	16	46	6	0.774721
Instant	18
1	600	29	2	0.34585
2	29	13	0	0
3	169	61	17	3.88825
4	417	13	0	0
11	25	18	1	0
12	127	60	19	5.28493
13	10	13	0	0
14	15	47	7	0.693469
Instant	19
1	613	27	1	0
2	36	13	0	0
3	154	59	17	5.15777
4	407	13	0	0
11	26	18	0	0
12	139	62	17	8.10811
13	10	13	0	0
14	15	48	8	0.842898
Instant	20
1	577	29	2	0.297619
2	40	13	0	0
3	153	63	16	4.41005
4	407	13	0	0
11	25	18	0	0
12	141	60	16	6.20404
13	10	13	0	0
14	15	49	8	0.692446
Instant	21
1	544	30	2	0.324675
2	41	13	0	0
3	142	62	21	5.07614
4	406	13	0	0
11	23	19	1	0
12	161	59	18	5.14706
13	9	13	0	0
14	15	46	8	0.685426
Instant	22
1	570	28	1	0.301811
2	20	13	0	0
3	134	57	18	5.02481
4	408	13	0	0
11	25	18	1	0
12	156	65	16	5.91216
13	9	13	0	0
14	15	49	6	0.743195
Instant	23
1	515	30	2	1.2959
2	27	13	0	0
3	151	62	18	5.006
4	415	13	0	0
11	23	18	1	0
12	147	66	16	6.52574
13	10	13	0	0
14	15	46	7	0.794492
Instant	24
1	556	30	2	0.360082
2	25	13	0	0
3	173	65	18	3.8439
4	429	13	0	0
11	24	17	0	0
12	150	55	16	6.25
13	10	13	0	0
14	16	44	7	0.835607
Instant	25
1	562	28	2	0.314465
2	35	13	0	0
3	137	59	17	5.10266
4	393	13	0	0
11	24	18	1	0
12	167	57	17	4.35268
13	10	13	0	0
14	15	48	7	0.614754
Instant	26
1	594	28	1	0
2	19	13	0	0
3	158	59	19	4.53747
4	413	13	0	0
11	25	18	0	0
12	157	62	16	5.88235
13	10	13	0	0
14	15	43	6	0.889047
Instant	27
1	536	29	2	0.328228
2	17	13	0	0
3	159	65	17	4.43841
4	418	13	0	0
11	23	18	1	0
12	182	63	18	5.14706
13	10	13	0	0
14	15	46	7	0.803073
Instant	28
1	613	27	1	0
2	22	13	0	0
3	143	57	21	5.07614
4	415	13	0	0
11	26	19	1	0
12	133	61	19	6.68403
13	9	13	0	0
14	15	43	6	0.941901
Instant	29
1	602	28	1	0.0480769
2	15	13	0	0
3	177	59	18	4.13889
4	420	13	0	0
11	26	18	0	0
12	194	58	19	4.09007
13	10	13	0	0
14	16	48	7	0.481443
Instant	30
1	572	27	2	0.601202
2	32	13	0	0
3	155	65	16	4.12592
4	419	13	0	0
11	25	17	0	0
12	143	62	14	7.07721
13	10	13	0	0
14	16	49	7	0.628492
Instant	31
1	568	32	3	0
2	28	13	0	0
3	157	58	17	4.84634
4	401	13	0	0
11	24	18	0	0
12	140	60	19	6.63007
13	10	13	0	0
14	15	48	7	0.775547
Instant	32
1	585	29	1	0
2	18	13	0	0
3	140	59	17	5.36145
4	410	13	0	0
11	25	18	0	0
12	157	57	19	5.8364
13	10	13	0	0
14	15	46	7	0.714286
Instant	33
1	486	28	2	1.04167
2	24	13	0	0
3	134	63	23	4.88184
4	416	13	0	0
11	22	18	0	0
12	153	68	15	4.54963
13	9	13	0	0
14	15	46	6	0.729606
Instant	34
1	557	29	1	0.368421
2	28	13	0	0
3	158	62	16	4.66152
4	397	13	0	0
11	24	17	0	0
12	168	59	18	6.46115
13	10	13	0	0
14	15	48	7	0.598306
Instant	35
1	592	28	1	0
2	27	13	0	0
3	155	61	20	4.60829
4	398	13	0	0
11	26	18	1	0
12	163	52	19	5.42279
13	10	13	0	0
14	15	48	7	0.833944
Instant	36
1	554	28	2	0.36157
2	26	13	0	0
3	162	60	14	4.76862
4	438	13	0	0
11	24	18	0	0
12	140	66	16	6.84743
13	10	13	0	0
14	16	45	5	0.62751
Instant	37
1	611	28	2	0.285171
2	22	13	0	0
3	151	61	17	5.01803
4	445	13	0	0
11	26	17	0	0
12	116	68	17	5.69196
13	10	13	0	0
14	17	47	7	0.469987
Instant	38
1	625	28	1	0
2	26	13	0	0
3	142	60	18	4.52261
4	445	13	0	0
11	26	17	0	0
12	149	61	18	7.26103
13	9	13	0	0
14	16	45	6	0.715461
Instant	39
1	526	29	1	1.01279
2	26	13	0	0
3	147	64	15	5.04808
4	425	13	0	0
11	24	17	0	0
12	174	62	17	5.00919
13	10	13	0	0
14	16	51	7	0.689655
Instant	40
1	593	28	2	0.29703
2	21	13	0	0
3	158	60	18	4.42584
4	429	13	0	0
11	25	18	0	0
12	121	59	17	7.85473
13	10	13	0	0
14	16	45	7	0.665984
Instant	41
1	529	28	1	0.426439
2	21	13	0	0
3	157	57	18	4.65116
4	417	13	0	0
11	24	18	0	0
12	166	61	16	5.00919
13	10	13	0	0
14	16	46	8	0.611888
Instant	42
1	614	28	2	0.0480769
2	26	13	0	0
3	169	63	17	4.27036
4	422	13	0	0
11	26	18	0	0
12	160	62	17	6.11213
13	11	13	0	0
14	16	47	6	0.731198
Instant	43
1	551	27	1	0.368421
2	32	13	0	0
3	154	58	19	4.52063
4	423	13	0	0
11	24	18	0	0
12	157	62	19	5.27872
13	10	13	0	0
14	16	43	6	0.681035
Instant	44
1	564	29	2	0.470711
2	18	13	0	0
3	150	65	17	4.65328
4	425	13	0	0
11	24	19	1	0
12	147	61	18	6.15809
13	10	13	0	0
14	16	45	7	0.577586
Instant	45
1	539	29	2	0.0527426
2	29	13	0	0
3	149	66	19	4.70698
4	394	13	0	0
11	24	18	1	0
12	121	70	16	7.8125
13	9	13	0	0
14	14	42	7	0.937964
Instant	46
1	569	29	2	0.412371
2	37	13	0	0
3	162	58	20	4.17627
4	403	13	0	0
11	25	18	1	0
12	136	65	14	5.02534
13	10	13	0	0
14	15	47	6	0.606884
Instant	47
1	634	27	1	0
2	11	13	0	0
3	145	59	18	5.34841
4	400	13	0	0
11	27	17	0	0
12	177	57	19	7.07721
13	10	13	0	0
14	15	47	7	0.448389
Instant	48
1	574	28	2	0.300601
2	20	13	0	0
3	161	60	19	4.48276
4	368	13	0	0
11	25	18	1	0
12	145	60	16	6.15809
13	10	13	0	0
14	13	49	7	0.93551
Instant	49
1	609	27	2	0
2	18	13	0	0
3	145	59	17	5.11229
4	396	13	0	0
11	26	18	1	0
12	140	61	15	4.94792
13	10	13	0	0
14	15	49	7	0.658383
Instant	50
1	540	29	3	0.583864
2	20	13	0	0
3	155	55	15	4.63287
4	404	13	0	0
11	24	19	1	0
12	167	62	19	5.65257
13	10	13	0	0
14	15	49	7	0.497467
Instant	51
1	592	29	1	0
2	25	13	0	0
3	149	55	21	4.99395
4	383	13	0	0
11	25	17	0	0
12	167	56	16	5.56066
13	10	13	0	0
14	14	47	8	0.714558
Instant	52
1	545	27	2	0.376344
2	26	13	0	0
3	164	58	18	3.9261
4	405	13	0	0
11	23	19	1	0
12	150	57	16	6.25
13	10	13	0	0
14	15	47	7	0.587066
Instant	53
1	625	27	2	0.409836
2	12	13	0	0
3	150	56	16	5.30213
4	414	13	0	0
11	28	18	0	0
12	115	61	17	3.07904
13	10	13	0	0
14	15	46	7	0.628541
Instant	54
1	590	29	2	0.343811
2	26	13	0	0
3	148	64	15	4.87952
4	393	13	0	0
11	26	17	0	0
12	151	63	19	10.386
13	10	13	0	0
14	14	46	8	0.724369
Instant	55
1	693	27	3	0.250417
2	43	13	0	0
3	153	60	17	4.75768
4	418	13	0	0
11	30	18	0	0
12	145	66	19	7.01014
13	10	13	0	0
14	16	47	8	0.576923
Instant	56
1	536	29	2	0.955414
2	14	13	0	0
3	146	57	18	5.07908
4	397	13	0	0
11	24	18	0	0
12	146	60	16	6.25
13	10	13	0	0
14	15	47	7	0.682153
Instant	57
1	596	28	1	0.295276
2	16	13	0	0
3	156	63	17	4.65802
4	384	13	0	0
11	26	18	0	0
12	177	62	15	5.33088
13	10	13	0	0
14	14	49	7	0.770548
Instant	58
1	546	30	2	0.319149
2	27	13	0	0
3	145	55	18	5.24879
4	382	13	0	0
11	23	18	0	0
12	149	62	16	5.23649
13	10	13	0	0
14	15	48	7	0.581174
Instant	59
1	509	30	3	0.595238
2	19	13	0	0
3	143	61	20	4.58937
4	415	13	0	0
11	23	17	0	0
12	151	60	18	6.43382
13	10	13	0	0
14	15	46	6	0.733734
Instant	60
1	600	27	1	0.295858
2	27	13	0	0
3	174	60	21	4.05251
4	424	13	0	0
11	25	19	1	0
12	169	61	18	6.02022
13	10	13	0	0
14	16	48	6	0.585399
Instant	61
1	582	30	2	0
2	32	13	0	0
3	174	64	15	4.28082
4	376	13	0	0
11	25	18	0	0
12	152	68	15	4.98512
13	10	13	0	0
14	14	48	7	0.895639
Instant	62
1	573	26	1	0.362319
2	34	13	0	0
3	171	63	17	4.36681
4	402	14	0	0
11	24	18	1	0
12	173	64	18	5.23897
13	11	13	0	0
14	15	47	7	0.675182
Instant	63
1	582	30	1	0
2	11	13	0	0
3	158	58	17	4.60993
4	401	13	0	0
11	25	18	1	0
12	225	62	14	4.36581
13	10	13	0	0
14	15	46	7	0.812044
Instant	64
1	570	29	1	0.308008
2	24	13	0	0
3	145	54	20	4.69136
4	396	13	0	0
11	25	17	0	0
12	156	60	17	5.99662
13	10	13	0	0
14	15	47	7	0.618538
Instant	65
1	526	31	2	0.215983
2	24	13	0	0
3	149	60	17	4.63183
4	410	13	0	0
11	23	18	1	0
12	177	60	16	4.6875
13	10	13	0	0
14	15	47	6	0.697425
Instant	66
1	607	28	1	0
2	26	13	0	0
3	172	56	18	4.27928
4	393	13	0	0
11	25	18	0	0
12	171	59	14	4.45772
13	10	13	0	0
14	14	49	7	0.687221
Instant	67
1	512	30	2	0.444444
2	24	13	0	0
3	154	60	17	5.04127
4	375	13	0	0
11	23	18	1	0
12	140	60	22	6.58784
13	10	13	0	0
14	13	48	8	0.837227
Instant	68
1	544	31	2	0.323974
2	18	13	0	0
3	156	62	20	4.1866
4	387	13	0	0
11	23	17	0	0
12	175	66	17	4.93164
13	10	13	0	0
14	14	47	6	0.861742
Instant	69
1	589	27	1	0.291829
2	30	13	0	0
3	151	59	19	5.13447
4	379	13	0	0
11	26	18	0	0
12	130	68	16	5.46875
13	10	13	0	0
14	13	45	7	1.04969
Instant	70
1	603	29	1	0
2	34	13	0	0
3	166	58	19	4.53233
4	361	13	0	0
11	25	17	0	0
12	152	65	19	7.89696
13	10	13	0	0
14	13	51	7	0.879854
Instant	71
1	560	29	1	0.309278
2	23	13	0	0
3	146	61	22	4.39024
4	385	13	0	0
11	25	18	1	0
12	159	57	18	5.92831
13	10	13	0	0
14	14	46	7	0.720789
Instant	72
1	600	27	1	0
2	29	13	0	0
3	155	63	16	4.62085
4	399	13	0	0
11	26	19	1	0
12	151	63	20	6.1553
13	10	13	0	0
14	15	47	6	0.604839
Instant	73
1	634	27	1	0
2	13	13	0	0
3	147	63	18	5.02421
4	403	13	0	0
11	27	17	0	0
12	160	61	13	4.45884
13	10	13	0	0
14	15	48	7	0.697464
Instant	74
1	554	27	2	0.610998
2	22	13	0	0
3	154	59	19	4.99409
4	383	13	0	0
11	25	18	0	0
12	167	60	17	5.14706
13	10	13	0	0
14	13	47	7	0.887405
Instant	75
1	607	28	1	0
2	23	13	0	0
3	161	64	18	4.05958
4	393	13	0	0
11	26	18	0	0
12	173	67	15	6.58144
13	10	13	0	0
14	15	52	7	0.719357
Instant	76
1	542	30	2	0.324675
2	17	13	0	0
3	164	60	17	4.18618
4	405	13	0	0
11	23	17	0	0
12	138	63	23	6.16319
13	10	13	0	0
14	15	48	6	0.606006
Instant	77
1	576	27	1	0.300601
2	35	13	0	0
3	141	58	18	5.18518
4	393	13	0	0
11	25	18	0	0
12	179	60	18	2.88086
13	10	13	0	0
14	14	44	8	0.771949
Instant	78
1	557	28	2	0.670103
2	20	13	0	0
3	149	59	17	4.914
4	400	13	0	0
11	24	17	0	0
12	137	59	21	7.51953
13	10	13	0	0
14	15	45	7	0.693431
Instant	79
1	552	28	2	0.311203
2	16	13	0	0
3	161	55	17	4.26402
4	429	13	0	0
11	24	18	1	0
12	182	57	16	4.89865
13	10	13	0	0
14	16	45	7	0.563525
Instant	80
1	626	28	1	0.0478927
2	30	13	0	0
3	160	59	20	4.61765
4	382	13	0	0
11	26	17	0	0
12	162	56	16	5.68182
13	10	13	0	0
14	14	48	7	0.739247
Instant	81
1	591	28	1	0
2	16	13	0	0
3	144	61	18	5.04751
4	393	13	0	0
11	26	19	1	0
12	122	57	16	7.00758
13	10	13	0	0
14	14	47	8	0.712963
Instant	82
1	595	30	2	0
2	28	13	0	0
3	166	63	19	4.25408
4	391	13	0	0
11	25	17	0	0
12	155	64	19	5.17857
13	10	13	0	0
14	14	45	7	0.870135
Instant	83
1	515	32	2	0.684932
2	24	13	0	0
3	160	60	19	4.40141
4	396	13	0	0
11	22	17	0	0
12	129	59	18	7.19697
13	10	13	0	0
14	15	48	8	0.526219
Instant	84
1	534	30	1	0.632911
2	21	13	0	0
3	167	54	21	4.27928
4	414	13	0	0
11	24	18	1	0
12	140	62	16	6.96023
13	11	13	0	0
14	15	47	6	0.761331
Instant	85
1	596	28	2	0.339806
2	22	13	0	0
3	156	58	16	4.67995
4	394	13	0	0
11	26	17	0	0
12	155	61	19	4.6875
13	10	13	0	0
14	14	45	6	0.854383
Instant	86
1	571	27	2	0.609756
2	23	13	0	0
3	145	63	17	4.73716
4	398	13	0	0
11	25	17	0	0
12	119	62	16	7.62868
13	10	13	0	0
14	14	46	6	0.698529
Instant	87
1	578	28	2	0
2	25	13	0	0
3	170	60	15	4.4265
4	435	13	0	0
11	25	18	0	0
12	162	63	19	6.06618
13	11	13	0	0
14	16	44	6	0.580417
Instant	88
1	597	27	1	0.291829
2	15	13	0	0
3	150	61	19	4.70972
4	384	13	0	0
11	26	19	1	0
12	172	55	18	5.70101
13	10	13	0	0
14	14	48	7	0.772901
Instant	89
1	611	27	2	0
2	24	13	0	0
3	157	62	18	4.85294
4	399	13	0	0
11	26	18	1	0
12	148	48	17	6.02022
13	10	13	0	0
14	15	48	7	0.640556
Instant	90
1	603	28	1	0
2	27	13	0	0
3	144	61	13	4.93421
4	375	13	0	0
11	26	18	0	0
12	160	62	19	5.12695
13	10	13	0	0
14	14	48	7	0.759346
Instant	91
1	575	29	1	0.2
2	31	13	0	0
3	161	61	18	4.91803
4	390	13	0	0
11	25	19	1	0
12	164	61	16	4.98311
13	10	13	0	0
14	14	48	7	0.724774
Instant	92
1	585	28	1	0
2	40	13	0	0
3	160	61	18	4.42004
4	404	13	0	0
11	25	18	1	0
12	163	63	17	5.91856
13	11	13	0	0
14	15	46	7	0.660275
Instant	93
1	588	28	1	0.153061
2	34	13	0	0
3	165	62	16	4.64206
4	386	13	0	0
11	25	19	1	0
12	172	64	14	4.97159
13	11	13	0	0
14	14	46	7	0.777693
Instant	94
1	539	29	2	0.685654
2	28	13	0	0
3	180	64	17	4.33114
4	418	13	0	0
11	24	18	1	0
12	124	64	21	6.75676
13	11	13	0	0
14	15	46	7	0.70028
Instant	95
1	625	27	1	0
2	26	13	0	0
3	156	66	16	4.57746
4	398	13	0	0
11	27	18	0	0
12	167	58	14	5.8364
13	10	13	0	0
14	14	44	6	0.884956
Instant	96
1	601	28	2	0
2	27	13	0	0
3	170	58	15	3.9966
4	395	13	0	0
11	26	17	0	0
12	177	63	16	4.87132
13	11	13	0	0
14	15	49	7	0.630564
Instant	97
1	586	29	2	0.339147
2	26	13	0	0
3	156	64	18	4.95892
4	381	13	0	0
11	26	18	0	0
12	137	62	14	5.4878
13	10	13	0	0
14	14	48	6	0.747699
Instant	98
1	565	28	2	0.773196
2	35	13	0	0
3	165	58	17	4.65183
4	414	13	0	0
11	24	17	0	0
12	147	59	15	6.11213
13	10	13	0	0
14	15	45	7	0.46034
Instant	99
1	524	29	2	0.647948
2	29	13	0	0
3	159	59	19	4.22494
4	392	13	0	0
11	23	18	0	0
12	177	67	16	5.51471
13	10	13	0	0
14	14	47	8	0.819672
Instant	100
1	565	30	2	0.30426
2	31	13	0	0
3	152	60	18	4.86779
4	413	13	0	0
11	25	18	0	0
12	146	58	21	6.50338
13	10	13	0	0
14	15	48	6	0.52305
Instant	101
1	527	31	3	0.334076
2	32	13	0	0
3	144	61	19	4.85075
4	406	13	0	0
11	23	17	0	0
12	122	62	21	7.21507
13	10	13	0	0
14	15	46	7	0.865801
Instant	102
1	597	27	2	0.576923
2	25	13	0	0
3	153	58	20	4.81438
4	423	13	0	0
11	26	18	0	0
12	147	61	17	5.42279
13	10	13	0	0
14	16	46	6	0.631925
Instant	103
1	604	28	2	0
2	30	13	0	0
3	158	58	15	4.41176
4	397	13	0	0
11	25	18	0	0
12	144	61	17	7.30574
13	10	13	0	0
14	15	48	7	0.579044
Instant	104
1	477	30	3	0.981524
2	20	13	0	0
3	148	60	17	4.96368
4	404	13	0	0
11	22	18	0	0
12	133	59	21	6.6636
13	10	13	0	0
14	15	47	6	0.65312
Instant	105
1	586	30	2	0.0998004
2	16	13	0	0
3	142	60	19	4.90544
4	380	13	0	0
11	25	18	1	0
12	139	61	17	7.26103
13	10	13	0	0
14	14	45	7	0.935571
Instant	106
1	529	29	1	0.328228
2	31	13	0	0
3	161	60	20	4.74453
4	403	13	0	0
11	23	19	1	0
12	146	60	17	6.25
13	10	13	0	0
14	15	47	7	0.696454
Instant	107
1	592	28	1	0
2	20	13	0	0
3	171	60	16	4.33839
4	409	13	0	0
11	25	18	1	0
12	162	61	17	5.51471
13	11	13	0	0
14	15	45	7	0.68947
Instant	108
1	614	30	3	0.0482625
2	37	13	0	0
3	162	59	18	4.63183
4	407	13	0	0
11	26	17	0	0
12	156	61	15	5.74449
13	10	13	0	0
14	15	44	7	0.625
Instant	109
1	587	29	2	0
2	29	13	0	0
3	156	60	20	4.25595
4	415	13	0	0
11	26	18	0	0
12	149	58	16	4.6503
13	10	13	0	0
14	16	48	6	0.634697
Instant	110
1	552	28	2	0.315789
2	18	13	0	0
3	163	60	20	3.90995
4	416	13	0	0
11	24	18	1	0
12	123	60	18	7.66602
13	10	13	0	0
14	15	46	6	0.55536
Instant	111
1	542	29	2	0.382096
2	30	13	0	0
3	148	59	17	5.39568
4	395	13	0	0
11	23	20	1	0
12	138	66	17	7.30699
13	10	13	0	0
14	15	45	6	0.684172
Instant	112
1	562	29	1	0.355691
2	22	13	0	0
3	153	59	17	4.72028
4	410	13	0	0
11	25	17	0	0
12	150	62	17	6.6723
13	10	13	0	0
14	15	46	7	0.608883
Instant	113
1	507	26	2	0.659341
2	20	13	0	0
3	191	61	16	3.85638
4	397	13	0	0
11	23	19	0	0
12	139	58	19	5.79044
13	11	13	0	0
14	15	46	7	0.599189
Instant	114
1	615	27	2	0.285714
2	19	13	0	0
3	144	64	18	5.05515
4	414	13	0	0
11	27	18	1	0
12	147	65	16	6.25
13	10	13	0	0
14	16	45	6	0.564972
Instant	115
1	606	29	2	0
2	31	13	0	0
3	160	57	18	4.36921
4	395	13	0	0
11	26	17	1	0
12	134	62	16	4.81419
13	10	13	0	0
14	14	48	7	0.666667
Instant	116
1	599	29	2	0
2	37	13	0	0
3	140	61	18	5.34826
4	398	13	0	0
11	26	17	0	0
12	162	67	18	7.8125
13	10	13	0	0
14	15	48	8	0.649707
Instant	117
1	522	30	2	0.656455
2	24	13	0	0
3	164	63	17	4.10959
4	396	13	0	0
11	23	17	0	0
12	158	60	14	6.43382
13	10	13	0	0
14	15	49	6	0.572378
Instant	118
1	548	27	2	0.516529
2	17	13	0	0
3	162	58	18	4.90544
4	386	13	0	0
11	24	18	1	0
12	162	65	18	4.81419
13	10	13	0	0
14	14	44	6	0.954992
Instant	119
1	573	28	1	0.208768
2	26	13	0	0
3	159	62	16	4.12844
4	391	13	0	0
11	24	18	1	0
12	144	56	22	6.70956
13	10	13	0	0
14	14	47	7	0.807057
