	T	D	J	LP
Instant	0
1	0	0	0	0
2	0	0	0	0
3	0	0	0	0
4	0	0	0	0
11	0	0	0	0
12	0	0	0	0
13	0	0	0	0
14	0	0	0	0
Instant	1
1	316	31	2	0
2	22	13	0	0
3	90	47	9	0.912017
4	168	13	0	0
11	12	16	0	0
12	62	67	14	3.87228
13	4	13	0	0
14	5	46	9	0.266393
Instant	2
1	1240	30	3	0
2	16	14	0	0
3	233	66	14	3.51962
4	1342	14	0	0
11	55	17	0	0
12	33	81	37	4.50368
13	15	13	0	0
14	52	46	4	0.443301
Instant	3
1	1242	31	3	0.351453
2	30	13	0	0
3	236	61	14	3.55872
4	1160	14	0	0
11	55	17	0	0
12	21	58	15	0.735294
13	13	13	0	0
14	46	46	4	0.626265
Instant	4
1	1162	29	3	0.204708
2	28	13	0	0
3	254	62	15	3.7116
4	994	14	0	0
11	50	16	0	0
12	20	65	18	0.760135
13	14	13	0	0
14	40	45	4	0.605434
Instant	5
1	1038	28	3	0.167224
2	25	13	0	0
3	256	60	15	3.54624
4	817	13	0	0
11	46	16	0	0
12	23	54	18	0.643382
13	16	13	0	0
14	34	45	6	0.36844
Instant	6
1	972	29	2	0.332126
2	19	13	0	0
3	293	62	14	2.88766
4	633	13	0	0
11	42	16	0	0
12	20	68	20	0.735294
13	15	13	0	0
14	25	47	6	0.428241
Instant	7
1	1086	26	2	0.159405
2	18	13	0	0
3	279	60	13	2.93033
4	577	13	0	0
11	48	16	0	0
12	17	72	21	0.675676
13	15	13	0	0
14	23	44	5	0.425992
Instant	8
1	1033	29	2	0
2	30	13	0	0
3	283	57	14	2.66426
4	536	13	0	0
11	45	17	0	0
12	31	58	15	0.413603
13	15	13	0	0
14	21	42	5	0.45082
Instant	9
1	945	29	1	0.09375
2	30	13	0	0
3	289	57	13	2.57235
4	490	13	0	0
11	41	16	0	0
12	25	58	22	0.551471
13	15	13	0	0
14	19	41	6	0.642943
Instant	10
1	912	28	1	0
2	30	13	0	0
3	250	58	16	3.22862
4	455	14	0	0
11	39	17	0	0
12	20	60	19	0.591216
13	14	13	0	0
14	17	45	7	0.570373
Instant	11
1	821	28	2	0
2	19	13	0	0
3	269	57	16	2.85596
4	482	13	0	0
11	37	17	0	0
12	23	62	20	0.597426
13	15	13	0	0
14	19	44	5	0.501215
Instant	12
1	850	29	3	0.575881
2	20	13	0	0
3	254	57	15	3.223
4	493	13	0	0
11	37	17	0	0
12	21	64	22	0.689338
13	14	13	0	0
14	19	43	5	0.63912
Instant	13
1	1022	28	2	0.2331
2	14	14	0	0
3	298	56	14	2.45676
4	470	13	0	0
11	44	16	0	0
12	19	73	20	0.446429
13	16	13	0	0
14	18	46	7	0.389651
Instant	14
1	1054	30	2	0.496141
2	28	14	0	0
3	267	60	13	2.95769
4	454	13	0	0
11	46	16	0	0
12	22	60	18	0.78125
13	14	13	0	0
14	17	44	7	0.394144
Instant	15
1	1125	29	2	0.3
2	35	13	0	0
3	275	57	16	2.62295
4	451	13	0	0
11	51	16	0	0
12	29	73	14	43.9338
13	15	13	0	0
14	17	46	7	0.635593
Instant	16
1	1143	30	2	0.28616
2	23	13	0	0
3	265	57	18	3.02453
4	437	13	0	0
11	49	16	0	0
12	25	66	25	2.40709
13	15	13	0	0
14	17	45	6	0.492981
Instant	17
1	1113	30	2	0.0265393
2	21	13	0	0
3	261	58	16	2.96167
4	431	13	0	0
11	48	16	0	0
12	36	55	18	31.0662
13	14	13	0	0
14	16	45	7	0.669946
Instant	18
1	879	29	2	0
2	22	13	0	0
3	265	54	15	2.63722
4	466	13	0	0
11	39	16	0	0
12	45	61	24	4.31985
13	14	13	0	0
14	17	41	5	0.503778
Instant	19
1	748	31	2	0
2	11	13	0	0
3	252	57	13	3.19056
4	439	13	0	0
11	31	17	0	0
12	40	59	19	4.47635
13	14	13	0	0
14	17	46	7	0.640812
Instant	20
1	629	29	2	0.321101
2	21	13	0	0
3	270	57	15	2.64831
4	443	13	0	0
11	28	17	0	0
12	58	63	21	34.7426
13	14	13	0	0
14	16	45	7	0.511889
Instant	21
1	659	28	2	0.262697
2	14	13	0	0
3	287	60	13	2.74245
4	470	13	0	0
11	29	16	0	0
12	72	69	17	36.0294
13	15	13	0	0
14	18	43	7	0.459788
Instant	22
1	694	27	2	0.168067
2	14	13	0	0
3	260	58	14	3.4375
4	449	13	0	0
11	30	16	0	0
12	55	67	28	4.98311
13	15	13	0	0
14	17	44	7	0.685379
Instant	23
1	657	30	1	0
2	24	13	0	0
3	286	58	14	2.0485
4	447	13	0	0
11	28	16	0	0
12	60	62	19	9.19118
13	15	13	0	0
14	17	44	6	0.548102
Instant	24
1	642	29	2	0.410584
2	20	13	0	0
3	274	56	14	2.78017
4	414	13	0	0
11	28	17	0	0
12	93	64	19	78.9982
13	14	13	0	0
14	16	44	6	0.761331
Instant	25
1	621	30	2	0.552486
2	27	13	0	0
3	277	54	16	2.59121
4	480	13	0	0
11	27	17	0	0
12	97	67	21	5.98958
13	14	13	0	0
14	18	43	5	0.536152
Instant	26
1	573	29	3	0.722543
2	22	13	0	0
3	249	58	18	3.26087
4	476	13	0	0
11	26	16	0	0
12	57	70	26	6.6636
13	13	13	0	0
14	19	45	8	0.429975
Instant	27
1	619	29	2	0.332068
2	19	13	0	0
3	241	56	16	2.6721
4	452	13	0	0
11	27	17	0	0
12	61	66	23	5.37684
13	13	13	0	0
14	17	45	6	0.730519
Instant	28
1	645	28	2	0.541516
2	35	13	0	0
3	278	54	15	2.5729
4	471	13	0	0
11	28	16	0	0
12	36	79	12	5.38194
13	14	13	0	0
14	19	47	7	0.450311
Instant	29
1	556	28	2	1.02459
2	37	13	0	0
3	276	55	15	2.44975
4	522	13	0	0
11	25	16	0	0
12	17	74	12	2.11397
13	14	13	0	0
14	21	46	7	0.328579
Instant	30
1	611	27	1	0.283019
2	33	13	0	0
3	268	58	15	2.60776
4	552	13	0	0
11	26	17	0	0
12	35	60	22	1.79228
13	14	13	0	0
14	22	47	6	0.425985
Instant	31
1	635	29	1	0.0460405
2	34	13	0	0
3	290	53	15	2.36928
4	554	13	0	0
11	27	17	0	0
12	30	65	21	1.64696
13	15	13	0	0
14	23	45	6	0.357521
Instant	32
1	652	29	2	0.269784
2	29	13	0	0
3	276	56	15	2.60417
4	571	13	0	0
11	28	16	0	0
12	40	68	22	8.18015
13	15	13	0	0
14	23	47	7	0.217949
Instant	33
1	592	29	2	0.614367
2	31	13	0	0
3	279	55	17	2.85417
4	548	13	0	0
11	26	17	0	0
12	47	72	13	19.3934
13	15	13	0	0
14	21	42	6	0.467914
Instant	34
1	639	29	2	0.277778
2	21	13	0	0
3	252	57	17	3.1036
4	509	13	0	0
11	28	17	0	0
12	51	70	20	15.2872
13	14	13	0	0
14	21	45	6	0.423851
Instant	35
1	574	28	2	0.582524
2	26	13	0	0
3	253	56	16	3.15836
4	511	13	0	0
11	26	16	0	0
12	41	58	30	9.28309
13	14	13	0	0
14	20	43	5	0.460299
Instant	36
1	628	29	2	0.562852
2	18	13	0	0
3	265	54	16	2.50865
4	428	13	0	0
11	27	16	0	0
12	78	70	27	9.375
13	14	13	0	0
14	17	46	7	0.580601
Instant	37
1	650	27	2	0.261324
2	22	13	0	0
3	279	54	14	2.51278
4	472	13	0	0
11	29	16	0	0
12	33	73	15	5.80357
13	14	13	0	0
14	18	44	6	0.558313
Instant	38
1	677	29	2	0
2	20	13	0	0
3	270	58	14	2.37258
4	478	13	0	0
11	28	16	0	0
12	82	63	20	27.1599
13	14	13	0	0
14	18	45	6	0.391104
Instant	39
1	691	27	1	0
2	33	13	0	0
3	246	58	18	3.08471
4	432	13	0	0
11	30	16	0	0
12	110	69	20	6.38787
13	13	13	0	0
14	17	48	6	0.592818
Instant	40
1	659	29	2	0
2	17	13	0	0
3	270	56	16	2.48746
4	445	13	0	0
11	28	17	0	0
12	79	67	23	6.84122
13	14	13	0	0
14	16	42	6	0.64314
Instant	41
1	580	30	2	0.358607
2	25	13	0	0
3	271	51	15	2.49118
4	440	13	0	0
11	24	16	0	0
12	54	72	17	6.70956
13	14	13	0	0
14	17	45	7	0.515979
Instant	42
1	685	28	1	0.254669
2	15	13	0	0
3	238	54	16	3.29422
4	401	13	0	0
11	30	16	0	0
12	95	67	15	10.5239
13	13	13	0	0
14	15	46	6	0.545058
Instant	43
1	597	29	2	0
2	35	13	0	0
3	279	57	16	2.78232
4	437	13	0	0
11	25	17	0	0
12	75	66	23	35.7264
13	15	13	0	0
14	17	41	6	0.527108
Instant	44
1	578	28	2	0.305499
2	31	13	0	0
3	258	57	15	2.90647
4	439	13	0	0
11	24	16	0	0.401606
12	76	57	20	9.23713
13	14	13	0	0
14	17	44	7	0.550734
Instant	45
1	577	27	2	0.35497
2	25	13	0	0
3	253	58	17	2.99824
4	400	13	0	0
11	25	16	0	0.301205
12	75	66	24	8.31802
13	14	13	0	0
14	14	45	7	0.720803
Instant	46
1	514	29	2	0.714286
2	10	13	0	0
3	236	59	14	3.33935
4	391	13	0	0
11	23	17	0	0
12	55	68	24	4.98311
13	13	13	0	0
14	15	48	7	0.68506
Instant	47
1	563	28	3	0.300601
2	29	13	0	0
3	252	53	14	2.75229
4	418	13	0	0
11	25	16	0	0
12	25	75	17	2.20588
13	13	13	0	0
14	16	44	6	0.623244
Instant	48
1	558	28	1	0.366876
2	38	13	0	0
3	258	53	16	2.49558
4	423	13	0	0
11	24	17	0	0
12	55	62	23	12.5919
13	14	13	0	0
14	16	45	7	0.559573
Instant	49
1	586	29	1	0.448207
2	22	13	0	0
3	239	58	15	3.54242
4	417	13	0	0
11	25	16	0	0
12	57	65	23	10.8631
13	13	13	0	0
14	16	46	7	0.501055
Instant	50
1	501	29	3	0.85034
2	31	13	0	0
3	237	60	13	3.07301
4	450	13	0	0
11	22	17	0	0
12	44	76	18	5.8364
13	13	13	0	0
14	17	43	6	0.586701
Instant	51
1	585	28	1	0
2	29	13	0	0
3	248	56	15	3.27905
4	423	13	0	0
11	25	16	0	0
12	91	72	28	7.95037
13	14	13	0	0
14	16	46	6	0.580791
Instant	52
1	549	30	2	0.672878
2	27	13	0	0
3	271	56	14	2.84757
4	434	13	0	0
11	24	17	0	0
12	47	76	21	17.0139
13	15	13	0	0
14	16	43	6	0.539084
Instant	53
1	561	29	2	0.631579
2	28	13	0	0
3	260	58	13	2.41652
4	409	13	0	0
11	24	16	0	0
12	50	76	21	9.28309
13	14	13	0	0
14	15	46	7	0.68947
Instant	54
1	490	28	3	0.981524
2	38	13	0	0
3	298	54	15	2.38581
4	425	13	0	0
11	22	16	0	0
12	43	74	22	7.53676
13	15	13	0	0
14	17	42	6	0.506525
Instant	55
1	508	28	1	0.604396
2	29	13	0	0
3	248	59	14	2.98043
4	442	13	0	0
11	23	16	0	0
12	33	74	21	4.85642
13	14	13	0	0
14	17	47	6	0.414456
Instant	56
1	594	31	2	0.147059
2	20	13	0	0
3	245	59	14	3.04054
4	419	13	0	0
11	25	17	0	0
12	47	67	30	2.43566
13	13	13	0	0
14	15	44	7	0.804196
Instant	57
1	579	28	2	0
2	32	13	0	0
3	251	55	15	2.81025
4	433	13	0	0
11	25	17	0	0
12	49	67	21	7.3989
13	13	13	0	0
14	16	44	7	0.592818
Instant	58
1	560	29	2	0.621118
2	23	13	0	0
3	256	60	15	2.78533
4	451	13	0	0
11	24	16	0	0
12	57	76	15	17.3986
13	13	13	0	0
14	18	46	6	0.365735
Instant	59
1	596	28	2	0.0487329
2	19	13	0	0
3	295	61	15	2.19622
4	439	13	0	0
11	26	16	0	0
12	55	65	18	10.4779
13	15	13	0	0
14	17	45	6	0.70739
Instant	60
1	589	28	1	0.294695
2	29	13	0	0
3	298	57	15	2.21169
4	437	13	0	0
11	25	17	0	0.296443
12	52	71	21	6.02022
13	16	13	0	0
14	16	43	6	0.578083
Instant	61
1	620	29	1	0
2	22	13	0	0
3	262	58	16	2.99569
4	475	13	0	0
11	26	16	0	0
12	56	64	26	9.4122
13	14	13	0	0
14	18	43	6	0.362654
Instant	62
1	606	29	2	0
2	30	13	0	0
3	262	57	16	2.72021
4	442	13	0	0
11	26	17	0	0
12	69	61	26	5.60662
13	14	13	0	0
14	17	45	6	0.47123
Instant	63
1	627	26	1	0.277778
2	28	13	0	0
3	283	58	14	2.61383
4	485	13	0	0
11	27	17	0	0
12	80	61	18	32.3529
13	14	13	0	0
14	19	43	5	0.453446
Instant	64
1	650	27	2	0.267857
2	27	13	0	0
3	249	57	17	2.89823
4	446	13	0	0
11	28	16	0	0
12	60	73	23	14.8226
13	14	13	0	0
14	18	45	6	0.417212
Instant	65
1	689	27	2	0
2	25	13	0	0
3	277	55	12	2.69199
4	447	13	0	0
11	29	16	0	0
12	41	73	23	4.41176
13	15	13	0	0
14	17	43	5	0.539216
Instant	66
1	750	27	2	0.232558
2	34	13	0	0
3	285	57	12	2.21332
4	423	13	0	0
11	32	16	0	0
12	46	75	19	4.22794
13	14	13	0	0
14	15	45	7	0.784483
Instant	67
1	680	28	2	0.716695
2	42	13	0	0
3	238	56	14	3.125
4	415	13	0	0
11	30	17	0	0
12	32	63	22	2.06926
13	13	13	0	0
14	16	44	6	0.662076
Instant	68
1	659	27	2	0.434783
2	34	13	0	0
3	248	56	15	2.71938
4	416	13	0	0
11	29	17	0	0
12	39	69	22	16.7969
13	13	13	0	0
14	16	45	6	0.536217
Instant	69
1	678	30	3	0
2	11	13	0	0
3	266	56	16	3.02901
4	413	13	0	0
11	30	17	0	0
12	77	69	23	4.91728
13	14	13	0	0
14	15	44	6	0.691489
Instant	70
1	535	28	2	0.824176
2	28	13	0	0
3	264	62	15	2.78014
4	416	13	0	0
11	23	16	0	0
12	39	68	25	2.78716
13	14	13	0	0
14	16	45	7	0.554577
Instant	71
1	641	28	2	0
2	18	13	0	0
3	268	55	14	2.67857
4	399	13	0	0
11	28	16	0	0
12	42	58	17	4.73346
13	14	13	0	0
14	15	46	7	0.743392
Instant	72
1	592	29	2	0.294118
2	29	13	0	0
3	261	56	16	3.06166
4	423	13	0	0
11	25	16	0	0
12	42	75	13	3.07765
13	14	13	0	0
14	16	43	7	0.544606
Instant	73
1	613	30	2	0
2	26	13	0	0
3	288	59	15	2.62726
4	429	13	0	0
11	26	16	0	0
12	59	73	17	5.41159
13	15	13	0	0
14	16	44	7	0.589945
Instant	74
1	634	28	1	0
2	18	13	0	0
3	256	59	14	2.90799
4	396	13	0	0
11	27	16	0	0
12	59	59	24	27.9412
13	14	13	0	0
14	14	49	7	0.722222
Instant	75
1	595	28	2	0.285714
2	33	13	0	0
3	241	57	13	2.73876
4	426	13	0	0
11	27	16	0	0
12	63	75	23	5.82386
13	13	13	0	0
14	16	44	6	0.516529
Instant	76
1	634	27	1	0.284091
2	28	13	0	0
3	275	57	15	2.62712
4	394	13	0	0
11	26	16	0	0
12	86	62	22	7.46528
13	15	13	0	0
14	15	49	7	0.810358
Instant	77
1	522	29	2	0.641026
2	27	13	0	0
3	256	57	16	2.85904
4	435	13	0	0
11	23	16	0	0
12	52	59	23	5.61523
13	14	13	0	0
14	16	43	7	0.41218
Instant	78
1	606	30	2	0
2	27	13	0	0
3	309	57	14	2.27623
4	413	13	0	0
11	26	16	0	0
12	60	65	23	35.498
13	16	13	0	0
14	16	45	8	0.54078
Instant	79
1	535	27	1	0.847458
2	28	13	0	0
3	251	53	14	3.18141
4	427	13	0	0
11	24	17	0	0
12	55	68	22	3.92736
13	14	13	0	0
14	16	43	6	0.643004
Instant	80
1	628	28	1	0
2	22	13	0	0
3	244	58	13	2.66204
4	403	13	0	0
11	27	16	0	0
12	95	62	22	36.8845
13	13	13	0	0
14	14	46	7	0.763081
Instant	81
1	608	29	2	0
2	18	13	0	0
3	214	61	22	3.67357
4	416	13	0	0
11	26	17	0	0
12	73	72	14	7.52841
13	12	13	0	0
14	16	49	7	0.642606
Instant	82
1	592	30	2	0
2	31	13	0	0
3	273	53	14	2.35849
4	402	13	0	0
11	25	17	0	0
12	97	70	23	6.83036
13	14	13	0	0
14	15	47	6	0.589623
Instant	83
1	634	29	2	0
2	21	13	0	0
3	264	56	18	2.83703
4	408	13	0	0
11	27	16	0	0
12	83	68	20	7.05492
13	14	13	0	0
14	16	46	7	0.600789
Instant	84
1	605	29	1	0
2	26	13	0	0
3	280	55	14	2.77553
4	434	13	0	0
11	26	16	0	0
12	87	71	17	16.9034
13	15	13	0	0
14	16	44	6	0.498985
Instant	85
1	595	31	2	0
2	22	13	0	0
3	268	58	14	2.52174
4	434	13	0	0
11	25	16	0	0
12	65	70	24	6.85096
13	14	13	0	0
14	17	45	6	0.631739
Instant	86
1	549	31	2	0.626305
2	31	13	0	0
3	243	56	16	3.07971
4	412	13	0	0
11	24	17	0	0
12	63	70	27	8.40993
13	14	13	0	0
14	16	46	7	0.551994
Instant	87
1	558	27	2	0.363071
2	41	13	0	0
3	270	58	17	2.71368
4	430	13	0	0
11	24	16	0	0
12	45	68	25	7.67463
13	14	13	0	0
14	16	44	6	0.434857
Instant	88
1	528	30	2	0.544662
2	34	13	0	0
3	254	57	16	2.9265
4	425	13	0	0
11	23	16	0	0
12	37	75	37	3.16723
13	13	13	0	0
14	17	47	6	0.516529
Instant	89
1	564	28	1	0.561224
2	15	13	0	0
3	264	56	15	2.72766
4	424	13	0	0
11	25	16	0	0
12	24	61	21	1.74632
13	14	13	0	0
14	16	45	7	0.509323
Instant	90
1	588	29	2	0.343137
2	23	13	0	0
3	269	55	18	2.83333
4	419	13	0	0
11	26	16	0	0
12	58	70	24	11.1328
13	15	13	0	0
14	16	44	6	0.672137
Instant	91
1	655	26	1	0
2	28	13	0	0
3	245	55	14	3.28829
4	436	13	0	0
11	28	16	0	0
12	59	63	24	15.3716
13	13	13	0	0
14	16	44	6	0.377517
Instant	92
1	627	29	1	0
2	21	13	0	0
3	266	56	14	2.39547
4	427	13	0	0
11	27	16	0	0
12	102	65	19	27.4148
13	14	13	0	0
14	16	44	7	0.643887
Instant	93
1	587	28	2	0.735294
2	25	13	0	0
3	288	55	15	2.63158
4	406	13	0	0
11	26	16	0	0
12	81	66	20	8.66477
13	15	13	0	0
14	15	47	7	0.694444
Instant	94
1	565	29	1	0.0507099
2	30	13	0	0
3	223	60	16	3.28212
4	410	13	0	0
11	25	16	0	0
12	75	68	17	9.29054
13	13	13	0	0
14	15	46	7	0.518598
Instant	95
1	599	28	2	0.290698
2	28	13	0	0
3	287	50	14	2.24196
4	411	13	0	0
11	26	16	0	0
12	107	61	20	8.63971
13	14	13	0	0
14	16	47	8	0.614316
Instant	96
1	600	27	1	0
2	12	13	0	0
3	245	61	14	3.04054
4	424	13	0	0
11	26	17	0	0
12	90	66	21	9.05331
13	14	13	0	0
14	16	46	7	0.535961
Instant	97
1	595	28	1	0.336538
2	15	13	0	0
3	241	57	15	3.06075
4	434	13	0	0
11	26	16	0	0
12	134	62	16	5.71646
13	13	13	0	0
14	17	45	6	0.422869
Instant	98
1	634	29	2	0
2	25	13	0	0
3	263	55	15	2.49566
4	413	13	0	0
11	26	16	0	0
12	75	66	22	8.27206
13	14	13	0	0
14	15	46	7	0.645332
Instant	99
1	625	29	2	0
2	21	13	0	0
3	229	52	16	3.40056
4	423	13	0	0
11	27	16	0	0
12	88	64	20	8.40993
13	13	13	0	0
14	16	45	8	0.57133
Instant	100
1	626	28	1	0
2	15	13	0	0
3	282	55	15	2.67402
4	410	13	0	0
11	27	16	0	0
12	91	68	17	7.77027
13	14	13	0	0
14	16	44	7	0.688484
Instant	101
1	568	29	2	0.408163
2	16	13	0	0
3	250	54	16	2.66245
4	423	13	0	0
11	25	16	0	0
12	47	70	14	5.60662
13	14	13	0	0
14	16	45	7	0.434028
Instant	102
1	566	29	2	0.357143
2	35	13	0	0
3	263	54	14	2.84675
4	418	13	0	0
11	24	17	0	0
12	38	78	13	7.67463
13	14	13	0	0
14	16	45	6	0.559441
Instant	103
1	613	29	1	0.290698
2	35	13	0	0
3	255	59	15	2.76786
4	431	13	0	0
11	26	16	0	0
12	46	80	14	7.05236
13	14	13	0	0
14	16	44	6	0.434264
Instant	104
1	592	30	2	0
2	32	13	0	0
3	236	64	13	3.25279
4	415	13	0	0
11	26	16	0	0
12	60	65	18	8.63971
13	13	13	0	0
14	15	46	6	0.626766
Instant	105
1	574	31	3	0.305499
2	16	13	0	0
3	255	59	15	2.91156
4	382	13	0	0
11	25	16	0	0
12	58	66	13	18.1526
13	14	13	0	0
14	14	47	7	0.698698
Instant	106
1	548	28	2	0.736842
2	32	13	0	0
3	228	59	16	2.47148
4	398	13	0	0
11	24	17	0	0
12	53	67	18	7.77027
13	13	13	0	0
14	15	48	8	0.62592
Instant	107
1	578	28	2	0.298805
2	43	13	0	0
3	284	53	15	3.0348
4	443	13	0	0
11	26	16	0	0
12	64	60	31	17.5092
13	14	13	0	0
14	17	44	6	0.330688
Instant	108
1	590	28	1	0.300601
2	35	13	0	0
3	272	56	17	2.53295
4	446	13	0	0
11	25	16	0	0
12	70	66	24	11.443
13	15	13	0	0
14	17	43	6	0.51538
Instant	109
1	585	27	2	0.578035
2	25	13	0	0
3	255	57	15	3.15836
4	432	13	0	0
11	26	16	0	0
12	114	62	20	7.7381
13	14	13	0	0
14	17	46	6	0.432497
Instant	110
1	432	28	1	1.37076
2	20	13	0	0
3	244	54	15	3.26186
4	429	13	0	0
11	19	16	0	0
12	93	74	17	9.17969
13	13	13	0	0
14	17	43	7	0.408163
Instant	111
1	614	28	1	0.0471698
2	25	13	0	0
3	222	57	17	3.07692
4	437	13	0	0
11	27	16	0	0
12	105	65	19	6.6636
13	13	13	0	0
14	17	44	7	0.587248
Instant	112
1	639	28	1	0
2	23	13	0	0
3	281	54	16	1.99307
4	419	13	0	0
11	27	16	0	0
12	114	60	23	10.1351
13	14	13	0	0
14	16	46	6	0.470711
Instant	113
1	535	31	2	0.31185
2	22	13	0	0
3	241	52	15	2.88641
4	450	13	0	0
11	24	16	0	0
12	77	75	18	8.86948
13	13	13	0	0
14	17	42	5	0.594076
Instant	114
1	635	28	2	0
2	26	13	0	0
3	249	55	16	2.81079
4	440	13	0	0
11	26	16	0	0
12	80	64	27	9.69669
13	13	13	0	0
14	17	45	7	0.290891
Instant	115
1	614	29	2	0.0477099
2	27	13	0	0
3	288	52	16	2.2578
4	418	13	0	0
11	26	16	0	0
12	81	68	20	8.61487
13	15	13	0	0
14	16	45	6	0.593575
Instant	116
1	606	30	2	0
2	20	13	0	0
3	271	50	15	2.90216
4	414	13	0	0
11	26	16	0	0
12	97	64	24	7.8125
13	15	13	0	0
14	16	47	7	0.566572
Instant	117
1	574	30	2	0.457317
2	18	13	0	0
3	257	55	14	2.74554
4	397	13	0	0
11	25	16	0	0
12	47	60	26	5.51471
13	14	13	0	0
14	15	47	8	0.654499
Instant	118
1	611	28	1	0
2	24	13	0	0
3	246	57	15	3.39893
4	430	13	0	0
11	27	17	0	0
12	111	62	27	9.33277
13	14	13	0	0
14	16	46	8	0.417234
Instant	119
1	570	29	1	0.308008
2	24	13	0	0
3	282	54	15	2.45902
4	419	13	0	0
11	24	17	0	0
12	127	67	22	11.6268
13	15	13	0	0
14	16	46	7	0.576923
