	T	D	J	LP
Instant	0
1	0	0	0	0
2	0	0	0	0
3	0	0	0	0
4	0	0	0	0
11	0	0	0	0
12	0	0	0	0
13	0	0	0	0
14	0	0	0	0
Instant	1
1	236	29	3	0
2	9	13	0	0
3	68	53	12	1.01523
4	216	13	0	0
11	10	18	1	0
12	82	62	21	3.98551
13	3	13	0	0
14	7	43	8	0.0807494
Instant	2
1	912	29	3	0
2	28	13	0	0
3	205	58	19	3.31038
4	1696	14	0	0
11	39	18	0	0
12	52	71	17	10.7026
13	11	13	0	0
14	67	46	3	0.452616
Instant	3
1	1157	28	3	0.151057
2	46	14	0	0
3	173	56	17	4.25947
4	1523	14	0	0
11	51	19	0	0
12	36	68	16	4.24837
13	11	13	0	0
14	59	47	4	0.679715
Instant	4
1	1023	34	4	0.344037
2	28	14	0	0
3	201	58	17	3.55649
4	1424	13	0	0
11	45	18	0	0
12	30	56	11	1.2012
13	11	13	0	0
14	58	47	4	0.48812
Instant	5
1	1133	27	3	0.280041
2	35	14	0	0
3	186	57	19	4.05191
4	1255	13	0	0
11	50	18	0	0
12	43	54	11	0.163399
13	11	13	0	0
14	53	45	6	0.301099
Instant	6
1	1129	27	3	0
2	24	14	1	0
3	182	59	17	4.31867
4	1064	13	0	0
11	50	19	0	0
12	42	45	32	14.951
13	11	13	0	0
14	41	48	5	0.640143
Instant	7
1	1197	29	2	0.142857
2	28	14	0	0
3	205	59	15	3.18372
4	1129	13	0	0
11	53	17	0	0
12	31	60	11	0.600601
13	12	13	0	0
14	46	47	7	0.367839
Instant	8
1	1360	28	2	0
2	13	13	0	0
3	189	58	16	2.83843
4	1181	13	0	0
11	59	18	0	0
12	48	60	12	0.163399
13	11	13	0	0
14	49	45	6	0.282819
Instant	9
1	1141	27	2	0.157563
2	13	13	0	0
3	184	62	15	4.5406
4	1085	13	0	0
11	49	18	0	0
12	35	57	13	0.653595
13	11	13	0	0
14	44	45	5	0.344968
Instant	10
1	962	29	1	0
2	14	14	0	0
3	191	58	18	4.51745
4	959	13	0	0
11	43	18	0	0
12	38	55	10	0.375375
13	12	13	0	0
14	40	44	6	0.279052
Instant	11
1	990	28	3	0
2	29	13	0	0
3	192	59	18	3.63071
4	851	13	0	0
11	42	17	0	0
12	33	50	10	0.653595
13	11	13	0	0
14	36	48	6	0.237233
Instant	12
1	1027	29	3	0.370159
2	24	13	0	0
3	172	57	16	4.6978
4	763	13	0	0
11	45	19	0	0
12	43	58	11	0.163399
13	11	13	0	0
14	32	47	6	0.431696
Instant	13
1	996	28	3	0.0888626
2	28	13	0	0
3	165	56	17	4.64853
4	691	13	0	0
11	43	18	0	0
12	41	53	8	0.26455
13	10	13	0	0
14	27	45	6	0.382328
Instant	14
1	673	27	3	1.75941
2	34	13	0	0
3	194	54	16	3.74473
4	527	13	0	0
11	31	18	0	0
12	45	44	4	0
13	11	13	0	0
14	21	45	7	0.592913
Instant	15
1	637	31	3	0.725953
2	26	13	0	0
3	172	61	17	4.03318
4	453	13	0	0
11	28	18	0	0
12	39	59	13	0.571895
13	10	13	0	0
14	17	44	6	0.725806
Instant	16
1	659	30	2	0
2	28	13	0	0
3	211	61	17	3.6165
4	440	13	0	0
11	29	18	0	0
12	42	55	13	0.45045
13	12	13	0	0
14	17	46	7	0.558333
Instant	17
1	774	29	2	0.265554
2	31	13	0	0
3	208	60	15	3.82905
4	459	13	0	0
11	33	17	0	0
12	44	46	18	41.0131
13	12	13	0	0
14	18	44	7	0.523477
Instant	18
1	567	29	2	0.679612
2	35	13	0	0
3	198	53	16	3.95702
4	432	13	0	0
11	26	19	0	0
12	30	52	12	1.06209
13	11	13	0	0
14	16	48	7	0.532815
Instant	19
1	620	29	1	0.334608
2	27	13	0	0
3	217	59	19	3.1858
4	418	13	0	0
11	26	18	0	0
12	56	56	17	4.57958
13	12	13	0	0
14	15	48	7	0.668073
Instant	20
1	615	27	1	0.283019
2	24	13	0	0
3	185	54	19	3.73595
4	433	13	0	0
11	27	19	1	0
12	47	69	8	2.77778
13	11	13	0	0
14	16	45	7	0.701962
Instant	21
1	615	29	2	0.325885
2	40	13	0	0
3	191	59	19	3.71475
4	430	13	0	0
11	27	17	0	0
12	68	65	17	57.4346
13	11	13	0	0
14	17	44	7	0.528649
Instant	22
1	531	29	1	0.691489
2	34	13	0	0
3	211	56	18	3.04816
4	417	13	0	0
11	24	18	1	0
12	66	66	18	4.2042
13	12	13	0	0
14	16	46	7	0.457103
Instant	23
1	435	27	3	1.23057
2	15	13	0	0
3	200	55	19	3.93801
4	408	13	0	0
11	19	19	0	0.518135
12	51	58	11	4.98366
13	12	13	0	0
14	16	47	7	0.493185
Instant	24
1	523	28	2	1.05088
2	24	13	0	0
3	188	63	19	4.09483
4	433	13	0	0
11	23	17	0	0
12	42	81	9	6.37255
13	11	13	0	0
14	16	44	6	0.490528
Instant	25
1	555	27	2	0.360082
2	28	13	0	0
3	210	58	14	3.32311
4	414	13	0	0
11	24	20	1	0
12	35	61	24	5.29101
13	12	13	0	0
14	15	45	6	0.759181
Instant	26
1	576	29	2	0.50505
2	28	13	0	0
3	207	61	16	2.8527
4	413	13	0	0
11	25	18	0	0
12	48	70	21	5.96405
13	11	13	0	0
14	16	45	6	0.691489
Instant	27
1	473	27	2	0.696056
2	40	13	0	0
3	215	62	17	3.74016
4	420	13	0	0
11	22	19	1	0
12	63	64	13	4.73856
13	12	13	0	0
14	16	43	7	0.609331
Instant	28
1	545	30	2	0.575314
2	32	13	0	0
3	192	56	17	3.91598
4	388	13	0	0
11	24	18	0	0
12	58	62	21	2.62346
13	12	13	0	0
14	14	47	7	0.718608
Instant	29
1	589	29	2	0.352823
2	15	13	0	0
3	188	56	18	3.92316
4	404	13	0	0
11	25	18	0	0
12	60	55	16	1.71569
13	11	13	0	0
14	15	50	8	0.561594
Instant	30
1	555	29	2	0.364583
2	18	13	0	0
3	201	64	19	3.33508
4	411	13	0	0
11	24	18	0	0
12	44	66	21	2.94118
13	11	13	0	0
14	16	48	7	0.595661
Instant	31
1	597	29	2	0
2	22	13	0	0
3	212	60	16	3.51796
4	429	13	0	0
11	26	17	0	0
12	43	75	14	3.75375
13	12	13	0	0
14	17	44	6	0.495219
Instant	32
1	502	31	2	0.890869
2	21	13	0	0
3	209	57	16	3.56415
4	430	13	0	0
11	22	17	0	0
12	51	49	31	2.61438
13	12	13	0	0
14	16	44	6	0.467052
Instant	33
1	574	29	1	0.151515
2	24	13	0	0
3	221	59	16	3.10651
4	416	13	0	0
11	25	18	0	0
12	51	75	8	20.0163
13	12	13	0	0
14	16	47	7	0.580986
Instant	34
1	533	29	2	0.643777
2	19	13	0	0
3	198	59	18	3.44828
4	411	13	0	0
11	23	17	0	0
12	50	56	21	2.55255
13	11	13	0	0
14	16	45	6	0.45406
Instant	35
1	536	31	2	0
2	30	13	0	0
3	211	59	17	3.62823
4	418	13	0	0
11	23	18	0	0
12	53	67	13	7.67974
13	12	13	0	0
14	16	46	7	0.587307
Instant	36
1	557	31	2	0.368421
2	38	13	0	0
3	176	60	18	3.80435
4	443	13	0	0
11	24	18	0	0
12	41	71	13	3.18627
13	11	13	0	0
14	17	45	7	0.496032
Instant	37
1	581	29	2	0.352823
2	37	13	0	0
3	178	57	16	4.50949
4	415	13	0	0
11	25	18	1	0
12	44	61	16	2.84392
13	11	13	0	0
14	16	47	6	0.52157
Instant	38
1	542	27	2	0.373134
2	25	13	0	0
3	228	59	16	3.55058
4	399	13	0	0
11	24	18	1	0
12	35	52	15	3.43137
13	12	13	0	0
14	15	47	6	0.668009
Instant	39
1	563	27	2	0.301205
2	26	13	0	0
3	230	59	14	2.56849
4	422	13	0	0
11	25	18	1	0
12	63	78	15	2.94118
13	12	13	0	0
14	15	43	7	0.624133
Instant	40
1	620	29	2	0
2	10	13	0	0
3	194	54	16	3.75514
4	407	13	0	0
11	26	17	0	0
12	60	61	13	2.55255
13	12	13	0	0
14	15	45	6	0.728417
Instant	41
1	601	27	1	0
2	10	13	0	0
3	214	63	16	3.42078
4	427	13	0	0
11	26	17	0	0
12	62	59	21	18.6275
13	12	13	0	0
14	16	45	6	0.584594
Instant	42
1	505	27	2	1.11607
2	16	13	0	0
3	214	60	17	3.42262
4	423	13	0	0
11	22	19	1	0
12	63	62	14	5.31046
13	12	13	0	0
14	16	46	7	0.484765
Instant	43
1	542	29	2	0.316456
2	17	13	0	0
3	188	56	16	4.0272
4	428	13	0	0
11	24	18	1	0
12	75	65	18	3.45345
13	11	13	0	0
14	16	46	6	0.495896
Instant	44
1	580	29	2	0.607287
2	18	13	0	0
3	185	64	18	3.64583
4	404	13	0	0
11	25	18	0	0
12	60	53	12	2.12418
13	11	13	0	0
14	16	46	6	0.523844
Instant	45
1	557	26	2	0.517598
2	19	13	0	0
3	200	60	19	3.65226
4	421	13	0	0
11	24	18	0	0
12	74	61	21	7.84314
13	12	13	0	0
14	16	46	7	0.574513
Instant	46
1	519	29	2	0.32538
2	25	13	0	0
3	218	59	15	3.44567
4	434	13	0	0
11	23	18	1	0.331858
12	55	67	16	3.75375
13	12	13	0	0
14	17	45	5	0.514507
Instant	47
1	720	29	2	0
2	25	13	0	0
3	200	58	18	3.38983
4	415	13	0	0
11	30	18	0	0
12	51	63	18	5.71895
13	11	13	0	0
14	16	44	6	0.591455
Instant	48
1	758	30	3	0.116822
2	34	13	0	0
3	195	63	17	4.02542
4	430	13	0	0
11	33	18	0	0
12	48	60	11	2.85948
13	11	13	0	0
14	16	44	6	0.691598
Instant	49
1	528	29	3	0.939457
2	28	13	0	0
3	169	60	16	3.84615
4	432	13	0	0
11	25	18	0	0
12	36	72	15	3.04233
13	11	13	0	0
14	16	46	7	0.575881
Instant	50
1	633	28	2	0.326493
2	37	13	0	0
3	209	60	17	3.76289
4	419	13	0	0
11	27	18	1	0
12	55	59	21	8.82353
13	12	13	0	0
14	16	45	7	0.533964
Instant	51
1	650	26	2	0
2	24	13	0	0
3	174	60	16	3.95323
4	417	13	0	0
11	29	17	0	0
12	49	67	12	2.28758
13	11	13	0	0
14	16	48	7	0.605688
Instant	52
1	651	29	2	0.373832
2	15	13	0	0
3	189	57	14	3.9749
4	418	13	0	0
11	27	17	0	0
12	47	57	19	8.7963
13	11	13	0	0
14	16	43	6	0.541958
Instant	53
1	654	29	2	0.0878735
2	23	13	0	0
3	193	58	16	4.04564
4	413	13	0	0
11	29	17	0	0
12	34	83	29	2.94118
13	12	13	0	0
14	16	48	7	0.593972
Instant	54
1	741	29	2	0
2	31	13	0	0
3	199	58	16	3.6859
4	427	13	0	0
11	32	18	0	0
12	33	44	11	1.55229
13	11	13	0	0
14	16	46	7	0.601788
Instant	55
1	689	30	2	0.294613
2	16	13	0	0
3	218	60	14	3.11255
4	435	13	0	0
11	30	17	0	0
12	44	59	9	0.15015
13	12	13	0	0
14	16	45	6	0.755034
Instant	56
1	718	26	2	0.24077
2	13	13	0	0
3	212	55	15	3.60383
4	457	13	0	0
11	31	17	0	0
12	34	58	11	0.980392
13	12	13	0	0
14	18	44	7	0.528846
Instant	57
1	586	28	2	0.965251
2	21	13	0	0
3	203	54	14	3.40447
4	416	13	0	0
11	26	17	0	0
12	36	72	16	0.735294
13	12	13	0	0
14	16	46	7	0.528169
Instant	58
1	627	28	2	0.325279
2	25	13	0	0
3	179	61	17	4.24679
4	404	13	0	0
11	27	18	0	0
12	37	50	9	0.45045
13	11	13	0	0
14	15	48	7	0.543478
Instant	59
1	610	27	2	0.380228
2	36	13	0	0
3	199	56	19	3.33868
4	383	13	0	0
11	27	17	0	0
12	33	66	16	17.7288
13	11	13	0	0
14	14	48	8	0.81936
Instant	60
1	508	31	2	0.720621
2	20	13	0	0
3	220	57	16	3.24165
4	412	13	0	0
11	23	17	0	0
12	62	54	17	2.45098
13	12	13	0	0
14	16	49	7	0.59651
Instant	61
1	545	31	2	0.319829
2	31	13	0	0
3	204	60	16	3.86783
4	392	13	0	0
11	23	17	0	0
12	64	65	15	25.3968
13	12	13	0	0
14	14	47	7	0.774254
Instant	62
1	553	29	3	0.313808
2	30	13	0	0
3	195	58	14	3.35624
4	423	13	0	0
11	24	18	1	0
12	55	57	18	5.14706
13	12	13	0	0
14	16	45	6	0.57133
Instant	63
1	571	28	1	0.305499
2	37	13	0	0
3	213	58	14	3.46806
4	416	13	0	0
11	25	18	1	0
12	64	78	12	5.80065
13	12	13	0	0
14	15	46	6	0.643512
Instant	64
1	492	29	2	0.997653
2	15	13	0	0
3	207	61	16	3.39027
4	438	13	0	0
11	22	17	0	0
12	52	81	11	2.77778
13	12	13	0	0
14	17	45	6	0.527108
Instant	65
1	565	29	2	0
2	28	13	0	0
3	208	58	17	3.3215
4	471	13	0	0
11	24	19	1	0
12	45	70	21	2.53268
13	12	13	0	0
14	18	44	7	0.349379
Instant	66
1	502	30	2	0.736961
2	24	13	0	0
3	208	60	15	3.79016
4	461	13	0	0
11	22	18	0	0
12	41	66	16	3.02288
13	12	13	0	0
14	18	46	8	0.509554
Instant	67
1	513	27	2	0.709607
2	26	13	0	0
3	170	60	17	4.40341
4	420	13	0	0
11	23	18	1	0
12	35	49	14	11.6366
13	11	13	0	0
14	16	44	6	0.655594
Instant	68
1	511	26	2	1.27494
2	31	13	0	0
3	229	59	17	3.07765
4	389	13	0	0
11	23	18	1	0
12	32	60	9	1.30208
13	13	13	0	0
14	14	50	8	0.674663
Instant	69
1	613	29	2	0.0484496
2	35	13	0	0
3	188	59	14	4.01302
4	408	13	0	0
11	26	18	0	0
12	49	62	14	8.74183
13	11	13	0	0
14	15	45	6	0.619612
Instant	70
1	592	29	1	0
2	28	13	0	0
3	197	56	17	3.47368
4	404	13	0	0
11	26	17	0	0
12	42	63	15	2.55255
13	11	13	0	0
14	16	49	6	0.461288
Instant	71
1	549	29	3	0.471698
2	40	13	0	0
3	187	58	18	4.07839
4	441	13	0	0
11	24	17	0	0
12	58	62	21	1.71569
13	11	13	0	0
14	17	45	7	0.55
Instant	72
1	590	29	1	0
2	32	13	0	0
3	184	60	16	3.64924
4	398	13	0	0
11	25	18	1	0
12	38	80	7	3.87205
13	11	13	0	0
14	15	49	7	0.587372
Instant	73
1	540	29	2	0.643777
2	17	13	0	0
3	198	62	17	3.84414
4	418	13	0	0
11	23	18	0	0
12	46	62	16	2.37127
13	11	13	0	0
14	16	46	6	0.571378
Instant	74
1	507	29	2	0.671141
2	26	13	0	0
3	200	58	15	3.59375
4	402	13	0	0
11	22	19	1	0
12	49	54	13	2.04248
13	11	13	0	0
14	15	46	7	0.546647
Instant	75
1	606	27	1	0
2	31	13	0	0
3	178	58	13	4.12971
4	396	13	0	0
11	26	18	0	0
12	79	76	11	25.3367
13	11	13	0	0
14	15	47	7	0.646233
Instant	76
1	574	29	1	0.366109
2	41	13	0	0
3	204	59	15	3.5751
4	403	13	0	0
11	24	18	0	0
12	58	57	22	5.01543
13	12	13	0	0
14	15	47	7	0.526125
Instant	77
1	554	27	2	0.601202
2	18	13	0	0
3	183	59	20	3.87555
4	474	13	0	0
11	25	18	0	0
12	67	61	17	4.34028
13	11	13	0	0
14	18	40	5	0.44145
Instant	78
1	544	28	2	0.373932
2	30	13	0	0
3	210	56	18	3.43238
4	421	13	0	0
11	24	18	0	0
12	64	62	21	4.51389
13	12	13	0	0
14	16	47	6	0.574513
Instant	79
1	573	28	2	0.552209
2	27	13	0	0
3	196	59	18	3.66379
4	397	13	0	0
11	25	17	0	0
12	46	71	16	5.48048
13	11	13	0	0
14	15	46	7	0.691372
Instant	80
1	579	30	3	0.0506073
2	28	13	0	0
3	187	56	16	3.79184
4	435	13	0	0
11	25	20	1	0
12	43	65	16	3.61953
13	11	13	0	0
14	17	45	6	0.454852
Instant	81
1	525	28	1	0.653595
2	23	13	0	0
3	208	58	19	3.62576
4	411	13	0	0
11	23	17	0	0
12	53	74	13	5.30303
13	12	13	0	0
14	16	46	7	0.560897
Instant	82
1	608	27	1	0.283019
2	27	13	0	0
3	187	59	16	3.90792
4	424	13	0	0
11	27	18	1	0
12	44	61	12	2.93651
13	11	13	0	0
14	16	47	6	0.517956
Instant	83
1	508	27	2	0.742009
2	15	13	0	0
3	221	56	18	3.37771
4	421	13	0	0
11	22	20	1	0
12	43	57	14	3.19865
13	12	13	0	0
14	16	46	6	0.731198
Instant	84
1	574	30	2	0
2	18	13	0	0
3	192	57	16	3.90461
4	414	13	0	0
11	25	19	0	0
12	44	62	16	0
13	11	13	0	0
14	16	47	6	0.591455
Instant	85
1	583	27	1	0.294695
2	27	13	0	0
3	191	60	16	3.66702
4	418	13	0	0
11	26	17	0	0
12	46	65	12	0
13	11	13	0	0
14	15	46	6	0.658357
Instant	86
1	567	30	2	0.104603
2	34	13	0	0
3	184	53	19	3.82096
4	424	13	0	0
11	24	18	1	0
12	42	53	11	0.735294
13	11	13	0	0
14	16	49	7	0.604282
Instant	87
1	585	29	2	0.0494071
2	14	13	0	0
3	203	57	18	3.34029
4	390	13	0	0
11	25	18	1	0
12	46	61	12	0.163399
13	12	13	0	0
14	15	50	7	0.449102
Instant	88
1	574	30	2	0.357873
2	22	13	0	0
3	205	57	20	3.3543
4	408	13	0	0
11	24	17	0	0
12	39	51	8	0.3003
13	11	13	0	0
14	15	45	7	0.761103
Instant	89
1	503	29	2	0.717439
2	14	13	0	0
3	200	59	17	3.45799
4	403	13	0	0
11	23	17	0	0
12	42	70	18	250.899
13	12	13	0	0
14	15	47	8	0.607765
Instant	90
1	601	28	2	0.295858
2	21	13	0	0
3	191	58	15	4.14046
4	442	13	0	0
11	25	18	0	0
12	37	58	9	0.520833
13	12	13	0	0
14	17	46	6	0.389589
Instant	91
1	549	32	2	0
2	29	13	0	0
3	188	61	15	4.39959
4	403	13	0	0
11	24	18	1	0
12	33	60	24	29.2793
13	11	13	0	0
14	15	46	7	0.626817
Instant	92
1	620	28	1	0
2	21	13	0	0
3	195	56	20	3.65789
4	417	13	0	0
11	27	17	0	0
12	49	69	10	11.1111
13	11	13	0	0
14	15	47	7	0.755978
Instant	93
1	481	28	2	1.0514
2	30	13	0	0
3	206	60	17	3.58961
4	409	13	0	0
11	22	19	1	0
12	61	64	18	4.20875
13	12	13	0	0
14	15	46	7	0.518598
Instant	94
1	497	28	1	1.02041
2	17	13	0	0
3	224	57	15	3.13116
4	429	13	0	0
11	22	18	0	0
12	66	66	24	33.7838
13	12	13	0	0
14	17	46	6	0.495896
Instant	95
1	623	28	1	0.285714
2	35	13	0	0
3	197	56	18	3.68557
4	428	13	0	0
11	26	17	0	0
12	55	64	22	262.663
13	12	13	0	0
14	16	45	6	0.538646
Instant	96
1	560	29	2	0.357143
2	27	13	0	0
3	185	61	18	3.94313
4	398	13	0	0
11	25	17	0	0
12	106	63	22	9.55882
13	11	13	0	0
14	15	47	6	0.744485
Instant	97
1	542	28	2	0.319829
2	38	13	0	0
3	196	62	17	3.94191
4	405	13	0	0
11	23	18	1	0
12	53	71	27	6.91057
13	12	13	0	0
14	14	48	7	0.788043
Instant	98
1	572	29	1	0
2	28	13	0	0
3	208	57	17	3.03498
4	425	13	0	0
11	24	19	0	0
12	68	82	12	13.2353
13	12	13	0	0
14	16	47	6	0.413793
Instant	99
1	585	30	2	0
2	29	13	0	0
3	211	61	16	3.64476
4	425	13	0	0
11	25	18	0	0
12	115	64	17	8.25163
13	11	13	0	0
14	17	48	7	0.46616
Instant	100
1	521	27	1	0.949367
2	27	13	0	0
3	193	61	16	3.69023
4	402	13	0	0
11	24	17	0	0
12	76	76	20	9.38438
13	12	13	0	0
14	15	49	7	0.60219
Instant	101
1	608	28	2	0.0487329
2	20	13	0	0
3	199	61	15	3.95145
4	393	13	0	0
11	26	18	1	0
12	103	67	18	7.43464
13	12	13	0	0
14	14	44	7	0.854383
Instant	102
1	592	27	1	0.290698
2	18	13	0	0
3	189	57	17	3.8671
4	399	13	0	0
11	26	18	1	0
12	93	67	17	9.88562
13	11	13	0	0
14	15	46	6	0.576501
Instant	103
1	560	29	2	0.622407
2	30	13	0	0
3	209	65	16	3.20122
4	426	13	0	0
11	24	18	0	0
12	72	66	17	9.75976
13	12	13	0	0
14	16	43	6	0.655172
Instant	104
1	544	27	3	0.429185
2	14	13	0	0
3	186	61	17	3.80795
4	419	13	0	0
11	23	18	0	0
12	73	65	23	6.69935
13	11	13	0	0
14	15	44	6	0.678969
Instant	105
1	600	28	2	0
2	20	13	0	0
3	215	58	15	3.21497
4	401	13	0	0
11	26	18	1	0
12	46	68	13	6.20915
13	13	13	0	0
14	15	44	7	0.703582
Instant	106
1	606	27	1	0
2	23	13	0	0
3	190	58	18	4.06051
4	420	13	0	0
11	26	18	0	0
12	49	62	24	4.2042
13	11	13	0	0
14	16	44	6	0.707053
Instant	107
1	518	30	2	0.390625
2	24	13	0	0
3	210	57	19	3.68687
4	417	13	0	0
11	23	18	1	0
12	38	75	3	3.92157
13	12	13	0	0
14	16	44	6	0.570576
Instant	108
1	596	28	2	0.346535
2	23	13	0	0
3	182	62	17	4.13978
4	425	13	0	0
11	25	18	0	0
12	15	73	17	16.0131
13	11	13	0	0
14	15	43	6	0.587017
Instant	109
1	579	28	1	0.298211
2	29	13	0	0
3	217	60	18	3.72807
4	428	13	0	0
11	25	18	0	0
12	70	68	16	257.077
13	12	13	0	0
14	16	43	6	0.641245
Instant	110
1	600	28	2	0
2	27	13	0	0
3	185	56	16	3.88831
4	408	13	0	0
11	26	18	0	0
12	51	52	31	29.4271
13	11	13	0	0
14	15	43	7	0.660714
Instant	111
1	508	29	2	0.556793
2	28	13	0	0
3	193	51	17	3.93469
4	433	13	0	0
11	23	19	1	0
12	61	71	18	13.0719
13	11	13	0	0
14	17	47	6	0.526495
Instant	112
1	532	30	3	0.327511
2	46	13	0	0
3	201	60	15	3.68394
4	429	14	0	0
11	23	19	1	0
12	83	67	19	8.03303
13	12	13	0	0
14	16	44	6	0.484694
Instant	113
1	578	28	1	0
2	25	13	0	0
3	218	59	17	3.3284
4	411	13	0	0
11	25	18	0	0
12	93	67	15	14.951
13	12	13	0	0
14	15	48	7	0.706366
Instant	114
1	634	27	1	0
2	25	13	0	0
3	189	55	17	3.65139
4	417	13	0	0
11	26	17	0	0
12	101	68	19	19.1993
13	11	13	0	0
14	16	47	8	0.631136
Instant	115
1	577	28	1	0.301205
2	25	13	0	0
3	185	60	16	4.04334
4	445	13	0	0
11	25	18	0	0.301205
12	61	61	25	7.73273
13	11	13	0	0
14	17	43	6	0.461133
Instant	116
1	619	27	1	0.0468165
2	23	13	0	0
3	203	58	15	3.65021
4	414	13	0	0
11	27	17	0	0
12	70	66	18	14.2288
13	11	13	0	0
14	16	45	6	0.467867
Instant	117
1	614	27	1	0
2	17	13	0	0
3	185	58	16	4.00844
4	398	13	0	0
11	27	18	1	0
12	69	61	19	7.38295
13	11	13	0	0
14	14	47	7	0.791605
Instant	118
1	592	28	1	0
2	25	13	0	0
3	212	60	17	3.48606
4	422	13	0	0
11	25	19	1	0
12	89	67	22	14.8924
13	12	13	0	0
14	17	46	7	0.460069
Instant	119
1	613	27	2	0
2	18	13	0	0
3	194	54	15	3.95145
4	435	13	0	0
11	27	18	1	0
12	96	66	19	12.1965
13	12	13	0	0
14	17	47	6	0.37112
