	T	D	J	LP
Instant	0
1	0	0	0	0
2	0	0	0	0
3	0	0	0	0
4	0	0	0	0
11	0	0	0	0
12	0	0	0	0
13	0	0	0	0
14	0	0	0	0
Instant	1
1	547	26	1	0
2	3	13	0	0
3	330	33	3	0
4	593	13	0	0
11	19	16	0	0
12	138	43	4	0
13	14	13	0	0
14	23	30	1	0
Instant	2
1	2527	25	2	0.672948
2	33	13	0	0
3	951	45	6	1.27824
4	3657	14	0	0
11	116	16	0	0
12	313	48	8	1.47059
13	44	13	0	0
14	160	30	0	0
Instant	3
1	2094	28	2	0.425123
2	26	14	0	0
3	835	38	6	0.728155
4	3374	14	0	0
11	95	17	0	0
12	297	50	9	0.551471
13	37	13	0	0
14	145	30	0	0.609331
Instant	4
1	1543	27	2	0.0584567
2	25	13	0	0
3	864	37	6	0.203252
4	2992	14	0	0
11	67	17	0	0
12	286	46	7	0.844595
13	38	13	0	0
14	128	31	0	0.549882
Instant	5
1	1159	25	1	0
2	15	13	0	0
3	910	36	4	0.222363
4	2555	13	0	0
11	50	17	0	0
12	308	49	8	0.183824
13	40	13	0	0
14	111	28	0	0.207373
Instant	6
1	1068	26	2	0.216216
2	32	13	0	0
3	942	37	4	0.650558
4	1757	13	0	0
11	47	16	0	0
12	266	47	6	0.735294
13	41	13	0	0
14	78	30	1	0
Instant	7
1	1150	24	1	0
2	16	13	0	0
3	946	37	5	0.122249
4	1614	13	0	0
11	49	17	0	0
12	273	46	7	0
13	42	13	0	0
14	70	29	1	0
Instant	8
1	1069	26	1	0.0814332
2	49	13	0	0
3	794	39	5	0.294551
4	1045	13	0	0
11	47	17	0	0
12	284	46	8	0.367647
13	35	13	0	0
14	44	31	1	1.01351
Instant	9
1	875	23	1	0.550518
2	24	13	0	0
3	864	33	3	0.0680272
4	1014	13	0	0
11	40	16	0	0
12	245	45	8	2.75735
13	37	13	0	0
14	44	28	1	0
Instant	10
1	904	25	1	0
2	22	13	0	0
3	967	32	3	0.414692
4	880	13	0	0
11	39	16	0	0
12	247	40	5	1.35135
13	43	13	0	0
14	38	32	2	0
Instant	11
1	892	23	1	0
2	22	13	0	0
3	1080	34	4	0.266525
4	846	13	0	0
11	38	17	0	0
12	265	36	4	0.919118
13	48	13	0	0
14	37	29	1	0.557103
Instant	12
1	816	25	1	0.421348
2	18	13	0	0
3	901	38	4	0.262812
4	825	13	0	0
11	36	18	0	0
12	263	44	6	1.65441
13	39	13	0	0
14	34	29	2	0.213675
Instant	13
1	781	25	1	0.220913
2	46	13	0	0
3	912	33	3	0
4	811	13	0	0
11	35	16	0	0
12	273	40	5	0
13	38	13	0	0
14	35	29	2	0
Instant	14
1	727	26	2	0.48
2	28	13	0	0
3	881	33	4	0.0659631
4	846	13	0	0
11	31	16	1	0
12	322	45	7	1.83824
13	39	13	0	0
14	36	29	2	0
Instant	15
1	805	25	1	0
2	11	13	0	0
3	775	34	4	0.369822
4	818	13	0	0
11	34	17	0	0
12	271	43	6	0
13	35	13	0	0
14	35	30	2	0
Instant	16
1	880	24	1	0.200267
2	16	13	0	0
3	771	34	3	0
4	835	13	0	0
11	38	16	0	0
12	266	37	4	0
13	33	13	0	0
14	37	28	1	0
Instant	17
1	904	23	0	0
2	33	13	0	0
3	828	32	2	0.314246
4	908	13	0	0
11	39	16	0	0
12	285	38	4	0
13	36	13	0	0
14	39	29	2	0
Instant	18
1	808	26	1	0
2	30	13	0	0
3	853	36	4	0.775978
4	920	13	0	0
11	35	17	0	0
12	271	49	8	0
13	38	13	0	0
14	39	31	2	0
Instant	19
1	707	24	1	0.479233
2	21	13	0	0
3	667	40	6	0
4	903	13	0	0
11	32	17	0	0
12	248	46	7	0.506757
13	29	13	0	0
14	40	31	2	0
Instant	20
1	732	25	1	0.44
2	9	13	0	0
3	624	34	4	0.935829
4	943	13	0	0
11	32	16	0	0
12	278	38	4	1.47059
13	28	13	0	0
14	40	30	2	0
Instant	21
1	718	25	1	0.242326
2	13	13	0	0
3	621	36	4	0.18797
4	949	13	0	0
11	31	17	0	0
12	265	46	6	1.65441
13	27	13	0	0
14	41	29	2	0
Instant	22
1	755	25	1	0.266768
2	32	13	0	0
3	659	34	3	0.263158
4	935	13	0	0
11	33	17	0	0
12	271	41	5	0.168919
13	29	13	0	0
14	39	29	2	0.565327
Instant	23
1	680	24	1	0
2	32	13	0	0
3	685	33	3	0.255973
4	893	13	0	0
11	28	17	0	0.431034
12	292	39	7	0
13	30	13	0	0
14	40	29	2	0
Instant	24
1	705	23	0	0
2	23	13	0	0
3	725	32	2	0.357711
4	939	13	0	0
11	31	16	0	0
12	264	36	3	0
13	32	13	0	0
14	40	29	2	0
Instant	25
1	656	25	1	0.0451264
2	11	14	0	0
3	764	33	4	0
4	968	13	0	0
11	28	18	0	0
12	272	42	4	0
13	32	13	0	0
14	42	30	2	0
Instant	26
1	660	25	1	0
2	7	13	0	0
3	682	33	3	0.12605
4	850	13	0	0
11	28	17	0	0
12	330	41	6	0
13	31	13	0	0
14	38	31	2	0
Instant	27
1	691	24	0	0
2	35	13	0	0
3	646	31	2	0.318761
4	956	13	0	0
11	30	16	0	0
12	254	40	5	2.02206
13	28	13	0	0
14	41	28	1	0
Instant	28
1	698	24	0	0
2	26	13	0	0
3	641	30	1	0
4	974	13	0	0
11	30	16	0	0
12	257	33	5	1.38889
13	27	13	0	0
14	41	28	1	0.180723
Instant	29
1	669	23	0	0.260417
2	36	13	0	0
3	613	31	4	0.475285
4	989	13	0	0
11	29	16	0	0
12	282	37	4	1.47059
13	27	13	0	0
14	43	28	1	0
Instant	30
1	684	24	0	0
2	26	13	0	0
3	560	35	3	0.357143
4	976	13	0	0
11	29	17	0	0
12	266	34	4	0.551471
13	24	13	0	0
14	42	30	2	0
Instant	31
1	615	25	1	0.363636
2	25	13	0	0
3	542	37	4	0.316456
4	1052	13	0	0
11	28	17	0	0
12	266	41	6	1.52027
13	24	13	0	0
14	46	30	2	0
Instant	32
1	697	24	1	0.21777
2	34	13	0	0
3	624	33	2	0.0480769
4	1052	13	0	0
11	29	17	0	0
12	294	35	4	0.183824
13	26	13	0	0
14	45	28	1	0
Instant	33
1	691	24	0	0
2	26	13	0	0
3	611	32	2	0
4	852	13	0	0
11	30	16	0	0
12	274	41	6	0
13	27	13	0	0
14	36	30	2	0.619835
Instant	34
1	669	23	0	0
2	43	13	0	0
3	637	31	2	0
4	906	13	0	0
11	29	16	0	0
12	270	43	7	0.168919
13	27	13	0	0
14	39	30	2	0
Instant	35
1	727	22	0	0
2	50	13	0	0
3	662	29	1	0.271739
4	927	13	0	0
11	30	16	0	0.242718
12	286	35	5	0
13	28	13	0	0
14	40	29	2	0
Instant	36
1	719	22	0	0
2	23	13	0	0
3	648	30	2	0
4	980	13	0	0
11	31	16	0	0
12	267	35	4	0.735294
13	28	13	0	0
14	42	27	1	0
Instant	37
1	670	22	0	0.255537
2	42	13	0	0
3	621	31	2	0.0464684
4	1015	13	0	0
11	30	16	0	0
12	268	35	4	0
13	27	13	0	0
14	45	27	1	0
Instant	38
1	699	23	0	0.207987
2	22	13	0	0
3	610	32	3	0.285171
4	1062	13	0	0
11	30	17	0	0
12	336	39	5	0.367647
13	27	13	0	0
14	45	29	2	0
Instant	39
1	676	23	0	0.260417
2	15	13	0	0
3	582	32	2	0.598802
4	860	13	0	0
11	29	17	0	0
12	270	40	5	0.551471
13	25	13	0	0
14	38	31	2	0
Instant	40
1	622	24	0	0.553506
2	14	13	0	0
3	610	31	3	0.516917
4	811	13	0	0
11	27	17	0	0
12	266	43	7	0.506757
13	27	13	0	0
14	35	30	2	0
Instant	41
1	750	26	1	0
2	21	13	0	0
3	505	35	5	1.23126
4	811	13	0	0
11	33	17	0	0
12	277	46	7	0.735294
13	24	13	0	0
14	35	32	2	0
Instant	42
1	908	25	1	0
2	34	13	0	0
3	608	34	4	0.294118
4	846	13	0	0
11	39	16	0	0
12	269	36	4	1.28676
13	26	13	0	0
14	37	28	1	0
Instant	43
1	940	24	0	0
2	25	13	0	0
3	567	34	3	0.307377
4	776	13	0	0
11	42	16	0	0
12	254	41	6	0
13	25	13	0	0
14	33	30	1	0.226586
Instant	44
1	975	24	0	0.517661
2	17	14	0	0
3	560	35	4	0.461066
4	803	13	0	0
11	42	17	0	0
12	295	40	5	1.28676
13	24	13	0	0
14	34	32	2	0
Instant	45
1	837	24	0	1.10147
2	32	13	0	0
3	598	34	3	0.0480769
4	756	13	0	0
11	38	16	0	0
12	256	45	7	1.47059
13	26	13	0	0
14	33	30	2	0
Instant	46
1	829	24	0	0
2	20	13	0	0
3	652	30	1	0
4	779	13	0	0
11	36	16	0	0
12	271	37	5	0.337838
13	27	13	0	0
14	34	29	2	0
Instant	47
1	653	24	1	0.571177
2	27	13	0	0
3	599	32	3	0.3327
4	787	13	0	0
11	29	16	0	0
12	280	44	6	0.919118
13	26	13	0	0
14	34	29	1	0
Instant	48
1	684	24	0	0
2	32	13	0	0
3	720	33	3	0
4	798	13	0	0
11	30	17	0	0
12	272	41	5	0
13	30	13	0	0
14	34	29	2	0
Instant	49
1	691	23	0	0
2	22	13	0	0
3	718	30	2	0
4	688	13	0	0
11	29	17	0	0
12	256	42	4	0.446429
13	32	13	0	0
14	30	29	2	0.426621
Instant	50
1	690	23	0	0
2	32	13	0	0
3	672	31	3	0.344828
4	635	13	0	0
11	30	18	0	0
12	328	38	4	0.919118
13	29	13	0	0
14	27	31	3	0
Instant	51
1	684	24	0	0
2	25	13	0	0
3	572	36	4	0.458248
4	627	13	0	0
11	29	17	0	0
12	263	41	7	0.919118
13	25	13	0	0
14	27	31	2	0
Instant	52
1	669	23	0	0
2	37	13	0	0
3	644	30	2	0.272232
4	676	13	0	0
11	29	17	0	0.263158
12	268	42	7	0
13	28	13	0	0
14	29	28	2	0.260417
Instant	53
1	719	22	0	0
2	38	13	0	0
3	655	30	1	0
4	669	13	0	0
11	30	16	0	0
12	298	37	5	0
13	28	13	0	0
14	29	28	2	0
Instant	54
1	621	24	1	0.613208
2	39	13	0	0
3	589	33	2	0.343811
4	634	13	0	0
11	27	17	0	0
12	259	41	4	1.10294
13	26	13	0	0
14	28	30	2	0
Instant	55
1	681	23	0	0
2	13	13	0	0
3	607	32	3	0.280374
4	655	13	0	0
11	30	17	0	0
12	273	34	4	0
13	27	13	0	0
14	28	30	2	0
Instant	56
1	691	23	0	0
2	19	13	0	0
3	647	31	2	0.0462963
4	684	13	0	0
11	29	17	0	0
12	276	39	6	1.28676
13	27	13	0	0
14	30	28	1	0
Instant	57
1	671	23	0	0.259965
2	38	13	0	0
3	624	30	2	0.321691
4	662	13	0	0
11	29	16	0	0
12	274	36	4	0.551471
13	27	13	0	0
14	28	29	2	0
Instant	58
1	705	23	0	0
2	24	13	0	0
3	611	33	3	0
4	634	13	0	0
11	30	16	0	0
12	275	37	4	0
13	26	13	0	0
14	27	31	3	0
Instant	59
1	719	22	0	0
2	36	13	0	0
3	652	30	2	0
4	662	13	0	0
11	31	16	0	0
12	298	37	4	0
13	28	13	0	0
14	28	30	3	0
Instant	60
1	719	22	0	0
2	15	13	0	0
3	598	31	2	0.583658
4	676	13	0	0
11	31	16	0	0
12	278	39	5	0
13	26	13	0	0
14	30	28	2	0
Instant	61
1	691	23	0	0
2	34	13	0	0
3	629	31	3	0
4	655	13	0	0
11	30	16	0	0
12	270	34	4	0.446429
13	28	13	0	0
14	28	29	2	0
Instant	62
1	712	23	1	0
2	27	13	0	0
3	633	31	2	0.277778
4	662	13	0	0
11	30	17	0	0
12	337	43	5	0.735294
13	27	13	0	0
14	29	29	2	0
Instant	63
1	712	22	0	0
2	23	13	0	0
3	663	30	3	0.135379
4	683	13	0	0
11	31	16	0	0
12	275	35	4	0
13	28	13	0	0
14	29	28	1	0
Instant	64
1	678	22	0	0
2	5	13	0	0
3	634	30	1	0
4	684	13	0	0
11	29	16	0	0.259516
12	275	36	5	0
13	28	13	0	0
14	30	27	1	0
Instant	65
1	659	22	0	0.26178
2	20	13	0	0
3	655	30	2	0
4	648	13	0	0
11	29	16	0	0
12	284	36	5	0
13	28	13	0	0
14	28	30	2	0
Instant	66
1	700	23	0	0.246711
2	29	13	0	0
3	651	31	2	0
4	669	13	0	0
11	31	16	0	0
12	279	40	6	1.65441
13	27	13	0	0
14	28	29	2	0
Instant	67
1	698	23	0	0
2	36	13	0	0
3	600	32	2	0.337838
4	655	13	0	0
11	29	17	0	0
12	255	38	4	0.675676
13	26	13	0	0
14	28	29	2	0
Instant	68
1	653	23	0	0.264085
2	38	13	0	0
3	569	34	3	0.305499
4	648	13	0	0
11	29	17	0	0
12	272	41	6	2.53906
13	25	13	0	0
14	27	30	2	0
Instant	69
1	698	23	0	0
2	22	13	0	0
3	647	31	3	0
4	655	13	0	0
11	30	16	0	0
12	273	37	5	0.367647
13	28	13	0	0
14	29	29	2	0
Instant	70
1	705	23	0	0
2	16	13	0	0
3	691	28	2	0
4	676	13	0	0
11	29	17	0	0
12	277	39	5	0
13	29	13	0	0
14	29	29	2	0
Instant	71
1	669	25	1	0
2	36	13	0	0
3	609	34	4	0.0486381
4	627	13	0	0
11	29	17	0	0
12	269	39	7	2.02206
13	26	13	0	0
14	27	31	2	0
Instant	72
1	664	22	0	0.259965
2	13	13	0	0
3	622	33	3	0
4	670	13	0	0
11	29	17	0	0
12	273	34	5	0
13	26	13	0	0
14	28	29	2	0
Instant	73
1	678	23	0	0.259965
2	29	13	0	0
3	674	30	2	0.258621
4	648	13	0	0
11	29	16	0	0
12	262	36	6	0
13	29	13	0	0
14	28	30	2	0
Instant	74
1	705	23	0	0
2	28	13	0	0
3	702	30	1	0
4	670	13	0	0
11	30	16	0	0
12	310	38	4	0.735294
13	31	13	0	0
14	28	28	2	0
Instant	75
1	651	22	0	0.585586
2	36	13	0	0
3	693	32	3	0.128205
4	662	13	0	0
11	28	17	0	0
12	287	41	5	0
13	29	13	0	0
14	29	28	2	0
Instant	76
1	706	23	0	0
2	22	13	0	0
3	719	32	3	0
4	676	13	0	0
11	31	16	0	0
12	271	35	4	0.173611
13	32	13	0	0
14	28	29	2	0
Instant	77
1	712	22	0	0
2	39	13	0	0
3	745	29	1	0
4	683	13	0	0
11	31	17	0	0
12	297	39	5	0
13	31	13	0	0
14	29	28	2	0
Instant	78
1	683	23	0	0
2	14	13	0	0
3	682	31	2	0.126689
4	639	13	0	0
11	30	17	0	0
12	267	40	7	0.976562
13	30	13	0	0
14	27	31	3	0
Instant	79
1	669	24	1	0
2	25	13	0	0
3	694	31	2	0
4	641	13	0	0
11	29	17	0	0
12	272	44	5	0
13	30	13	0	0
14	27	29	2	0.274725
Instant	80
1	677	24	0	0
2	32	13	0	0
3	648	33	4	0.267857
4	655	13	0	0
11	29	17	0	0
12	288	38	6	0
13	28	13	0	0
14	28	29	2	0
Instant	81
1	690	23	0	0.042517
2	28	13	0	0
3	660	32	3	0.134892
4	634	13	0	0
11	30	16	0	0
12	267	36	5	0.568182
13	28	13	0	0
14	28	30	2	0
Instant	82
1	698	23	0	0
2	20	13	0	0
3	726	29	2	0
4	684	13	0	0
11	31	16	0	0
12	271	35	3	0
13	31	13	0	0
14	29	28	2	0
Instant	83
1	647	24	1	0.278293
2	20	13	0	0
3	563	33	4	0.736739
4	620	13	0	0
11	27	17	0	0
12	285	42	5	0
13	26	13	0	0
14	26	32	3	0
Instant	84
1	664	25	1	0
2	19	13	0	0
3	565	37	5	0.670103
4	648	13	0	0
11	28	17	0	0
12	251	36	6	2.27273
13	24	13	0	0
14	28	30	2	0
Instant	85
1	698	24	0	0
2	26	13	0	0
3	601	32	3	0.337187
4	662	13	0	0
11	30	16	0	0
12	277	42	6	0.160256
13	26	13	0	0
14	28	29	2	0
Instant	86
1	698	23	0	0
2	35	13	0	0
3	611	32	3	0.189036
4	662	13	0	0
11	31	16	0	0
12	301	36	4	0.551471
13	27	13	0	0
14	28	29	2	0
Instant	87
1	676	22	0	0.26362
2	27	13	0	0
3	652	29	2	0
4	677	13	0	0
11	29	16	0	0
12	304	45	5	0
13	28	13	0	0
14	29	28	2	0
Instant	88
1	692	24	1	0
2	12	13	0	0
3	651	30	2	0.268817
4	655	13	0	0
11	30	17	0	0
12	262	36	5	0.675676
13	28	13	0	0
14	28	30	2	0
Instant	89
1	726	22	0	0
2	40	13	0	0
3	614	30	2	0.331439
4	648	13	0	0
11	31	16	0	0
12	290	37	5	0.183824
13	26	13	0	0
14	28	30	2	0
Instant	90
1	705	22	0	0
2	31	13	0	0
3	644	30	2	0
4	676	13	0	0
11	30	16	0	0
12	267	35	4	0
13	28	13	0	0
14	29	29	2	0
Instant	91
1	719	23	0	0
2	40	13	0	0
3	662	30	2	0
4	683	13	0	0
11	31	16	0	0
12	269	41	6	0
13	28	13	0	0
14	29	28	2	0
Instant	92
1	698	23	0	0
2	34	13	0	0
3	636	31	2	0
4	655	13	0	0
11	31	16	0	0
12	286	36	5	0.757576
13	28	13	0	0
14	28	29	2	0
Instant	93
1	712	22	0	0
2	21	13	0	0
3	639	31	2	0
4	681	13	0	0
11	30	16	0	0
12	268	36	4	0
13	27	13	0	0
14	29	28	2	0
Instant	94
1	677	24	0	0
2	47	13	0	0
3	528	33	3	1.01496
4	648	13	0	0
11	29	17	0	0
12	256	35	3	0.844595
13	24	13	0	0
14	29	30	2	0
Instant	95
1	712	23	0	0
2	15	13	0	0
3	630	31	2	0.228102
4	676	13	0	0
11	30	15	0	0
12	281	33	4	0.551471
13	27	13	0	0
14	29	28	2	0
Instant	96
1	698	23	0	0
2	40	13	0	0
3	629	32	2	0
4	669	13	0	0
11	30	17	0	0
12	269	37	4	0
13	27	13	0	0
14	29	29	1	0
Instant	97
1	684	24	1	0
2	24	13	0	0
3	603	34	4	0
4	648	13	0	0
11	29	16	0	0
12	258	38	4	1.06707
13	26	13	0	0
14	28	30	2	0
Instant	98
1	697	22	0	0
2	33	13	0	0
3	666	29	2	0
4	662	13	0	0
11	30	17	0	0
12	296	32	3	0
13	28	13	0	0
14	29	28	2	0
Instant	99
1	720	23	0	0
2	17	13	0	0
3	661	30	2	0
4	670	13	0	0
11	31	16	0	0
12	312	37	4	0
13	28	13	0	0
14	29	29	2	0
Instant	100
1	670	24	0	0
2	30	13	0	0
3	583	33	3	0.195312
4	648	13	0	0
11	29	17	0	0
12	251	37	5	1.35135
13	26	13	0	0
14	28	30	2	0
Instant	101
1	705	23	0	0
2	24	13	0	0
3	618	31	3	0.331439
4	655	13	0	0
11	29	16	0	0
12	296	38	4	0.367647
13	26	13	0	0
14	28	30	2	0
Instant	102
1	712	22	0	0
2	12	13	0	0
3	634	29	1	0.274725
4	676	13	0	0
11	31	16	0	0
12	271	39	5	0
13	28	13	0	0
14	29	28	2	0
Instant	103
1	698	23	0	0
2	22	13	0	0
3	613	34	3	0
4	662	13	0	0
11	30	17	0	0
12	250	40	5	1.85811
13	27	13	0	0
14	28	29	2	0
Instant	104
1	604	24	1	0.384615
2	30	13	0	0
3	594	34	3	0
4	669	13	0	0
11	26	17	0	0
12	268	46	8	1.10294
13	26	13	0	0
14	28	29	2	0
Instant	105
1	696	24	0	0
2	14	13	0	0
3	636	32	3	0
4	627	13	0	0
11	30	16	0	0
12	275	40	5	0.919118
13	27	13	0	0
14	27	31	3	0
Instant	106
1	726	22	0	0
2	8	13	0	0
3	656	30	1	0
4	655	13	0	0
11	31	16	0	0
12	274	37	5	0
13	28	13	0	0
14	29	30	2	0
Instant	107
1	719	22	0	0
2	38	13	0	0
3	643	29	2	0.136364
4	690	13	0	0
11	31	16	0	0
12	292	35	3	0
13	27	13	0	0
14	29	27	1	0
Instant	108
1	698	23	0	0
2	17	13	0	0
3	637	29	3	0.541516
4	662	13	0	0
11	30	16	0	0
12	271	37	4	0
13	28	13	0	0
14	29	29	3	0
Instant	109
1	698	24	0	0
2	32	13	0	0
3	602	33	3	0.0486381
4	641	13	0	0
11	29	16	0	0
12	269	44	7	0
13	26	13	0	0
14	27	31	2	0
Instant	110
1	690	23	0	0
2	24	13	0	0
3	653	30	2	0
4	662	13	0	0
11	31	16	0	0
12	332	39	4	0
13	28	13	0	0
14	29	28	2	0
Instant	111
1	740	22	0	0
2	22	13	0	0
3	647	30	2	0.0446429
4	676	13	0	0
11	31	16	0	0
12	270	43	5	0
13	28	13	0	0
14	29	29	2	0
Instant	112
1	698	22	0	0
2	20	13	0	0
3	621	32	3	0.0475285
4	655	13	0	0
11	30	17	0	0
12	266	41	6	0
13	27	13	0	0
14	28	29	1	0
Instant	113
1	698	23	0	0
2	21	13	0	0
3	605	31	3	0.468165
4	677	13	0	0
11	30	16	0	0
12	290	36	4	0
13	27	13	0	0
14	29	28	2	0
Instant	114
1	655	23	1	0.265957
2	20	13	0	0
3	643	31	2	0.139925
4	669	13	0	0
11	29	16	0	0
12	272	41	6	0
13	27	13	0	0
14	29	28	2	0
Instant	115
1	713	22	0	0
2	22	13	0	0
3	626	29	1	0.324074
4	662	13	0	0
11	31	17	0	0
12	264	31	3	0.675676
13	27	13	0	0
14	29	29	2	0
Instant	116
1	698	23	0	0
2	30	13	0	0
3	652	30	2	0.044964
4	669	13	0	0
11	30	17	0	0
12	297	41	7	0.551471
13	28	13	0	0
14	28	29	2	0
Instant	117
1	684	24	0	0
2	15	13	0	0
3	606	33	3	0
4	662	13	0	0
11	29	17	0	0
12	269	36	4	0.183824
13	26	13	0	0
14	28	29	2	0
Instant	118
1	698	23	0	0
2	25	13	0	0
3	625	31	2	0.27881
4	684	13	0	0
11	30	16	0	0
12	274	40	7	0
13	27	13	0	0
14	29	28	2	0
Instant	119
1	669	24	0	0
2	30	13	0	0
3	568	34	4	0.311203
4	648	13	0	0
11	28	17	0	0
12	282	44	6	0.551471
13	24	13	0	0
14	28	30	2	0
