	T	D	J	LP
Instant	0
1	0	0	0	0
2	0	0	0	0
3	0	0	0	0
4	0	0	0	0
11	0	0	0	0
12	0	0	0	0
13	0	0	0	0
14	0	0	0	0
Instant	1
1	578	24	0	0.757576
2	11	14	1	0
3	361	34	2	0.12987
4	660	13	0	0
11	25	16	0	0
12	138	45	9	0
13	16	13	0	0
14	25	27	0	0
Instant	2
1	2619	30	2	0.965251
2	13	13	0	0
3	965	44	6	1.98135
4	3361	14	0	0
11	122	16	0	0
12	313	49	6	0.367647
13	45	13	0	0
14	144	27	0	0.34965
Instant	3
1	2725	26	1	0.503723
2	22	13	0	0
3	747	40	6	0.736434
4	3775	15	0	0
11	119	17	0	0
12	283	51	8	3.125
13	33	13	0	0
14	164	28	0	0.560399
Instant	4
1	2020	26	1	0.391304
2	30	13	0	0
3	681	38	4	0.509338
4	3536	14	0	0
11	91	17	0	0
12	295	54	8	0.168919
13	30	13	0	0
14	151	29	0	0.232868
Instant	5
1	1099	25	1	1.29573
2	17	13	0	0
3	749	34	5	0.456621
4	3309	14	0	0
11	52	17	0	0
12	296	43	8	0.919118
13	33	13	0	0
14	148	29	0	0
Instant	6
1	1110	23	1	0.208551
2	5	13	1	0
3	827	32	2	0
4	3464	14	0	0
11	49	16	0	0
12	270	42	5	0.551471
13	36	13	0	0
14	149	27	0	0.186821
Instant	7
1	782	27	2	0.517751
2	30	13	0	0
3	745	35	3	0.270479
4	2568	14	0	0
11	35	17	0	0
12	265	46	6	0.844595
13	33	13	0	0
14	116	29	1	0
Instant	8
1	709	24	1	0.243506
2	28	13	0	0
3	812	34	4	0.704225
4	2050	14	0	0
11	31	16	1	0.323625
12	288	39	5	0
13	36	13	0	0
14	90	29	1	0.200688
Instant	9
1	741	23	0	0
2	20	13	0	0
3	1048	32	3	0.167598
4	1907	13	0	0
11	31	16	0	0
12	268	37	4	0
13	46	13	0	0
14	82	28	1	0
Instant	10
1	798	23	0	0.216763
2	36	13	0	0
3	831	31	2	0.349162
4	1899	13	0	0
11	35	16	0	0
12	264	37	3	0
13	37	13	0	0
14	84	27	0	0
Instant	11
1	841	23	1	0
2	26	13	0	0
3	735	30	2	0.361736
4	1687	13	0	0
11	37	16	0	0
12	284	32	4	0
13	32	13	0	0
14	72	27	0	0.835655
Instant	12
1	841	23	1	0
2	21	14	0	0
3	837	30	2	0
4	1489	13	0	0
11	36	16	0	0
12	268	40	6	0
13	36	13	0	0
14	66	29	1	0.315457
Instant	13
1	736	23	0	0
2	23	13	0	0
3	702	31	3	0.368852
4	1551	13	0	0
11	32	17	0	0
12	273	33	4	0
13	31	13	0	0
14	65	27	0	0.416667
Instant	14
1	719	24	0	0.240385
2	29	13	0	0
3	729	33	3	0.162075
4	1487	13	0	0
11	32	16	0	0
12	321	42	6	1.83824
13	31	13	0	0
14	65	27	1	0
Instant	15
1	765	22	0	0
2	36	13	0	0
3	788	29	2	0
4	1303	13	0	0
11	33	16	0	0
12	273	38	4	0
13	34	13	0	0
14	59	28	1	0
Instant	16
1	738	24	1	0.235849
2	20	13	0	0
3	747	29	2	0.231481
4	1189	13	0	0
11	32	16	0	0
12	266	37	5	0
13	33	13	0	0
14	50	29	1	0.34585
Instant	17
1	749	25	1	0.0806452
2	32	13	0	0
3	968	29	3	0.179856
4	1123	13	0	0
11	31	16	0	0
12	277	32	5	1.10294
13	42	13	0	0
14	49	26	0	0
Instant	18
1	687	23	0	0
2	22	13	0	0
3	942	31	2	0.187266
4	1054	13	0	0
11	30	16	0	0
12	263	41	4	0.735294
13	41	13	0	0
14	47	28	1	0
Instant	19
1	685	24	1	0
2	36	13	0	0
3	723	34	3	0.709779
4	997	13	0	0
11	29	17	0	0.343643
12	264	39	5	0.506757
13	33	13	0	0
14	42	30	1	0.235849
Instant	20
1	726	22	0	0
2	46	13	0	0
3	725	29	2	0
4	1072	13	0	0
11	31	16	0	0
12	289	32	3	0
13	31	13	0	0
14	46	27	0	0
Instant	21
1	691	23	0	0
2	50	13	0	0
3	672	30	2	0.383305
4	1088	13	0	0
11	30	17	0	0
12	260	35	3	1.28676
13	30	13	0	0
14	48	27	1	0
Instant	22
1	698	23	0	0
2	27	13	0	0
3	700	30	2	0.289256
4	1083	13	0	0
11	30	16	0	0
12	273	32	4	0
13	30	13	0	0
14	48	28	1	0
Instant	23
1	705	23	0	0
2	14	13	0	0
3	765	31	3	0.384025
4	1101	13	0	0
11	30	16	0	0
12	285	37	4	0.183824
13	33	13	0	0
14	46	28	1	0
Instant	24
1	646	23	1	0.535714
2	42	13	0	0
3	755	32	2	0
4	1030	13	0	0
11	28	16	0	0.269784
12	264	38	4	0.551471
13	33	13	0	0
14	44	27	1	0.740319
Instant	25
1	651	23	0	0
2	30	13	0	0
3	916	30	2	0.0325521
4	1059	13	0	0
11	28	17	0	0
12	257	34	4	1.04167
13	39	13	0	0
14	46	26	0	0
Instant	26
1	601	26	1	0.543478
2	35	13	0	0
3	831	32	3	0.0348675
4	874	13	0	0
11	25	17	0	0
12	311	36	4	0.183824
13	37	13	0	0
14	38	29	1	0
Instant	27
1	628	25	1	0.272727
2	44	13	0	0
3	708	31	3	0.490998
4	844	13	0	0
11	28	16	0	0
12	254	40	5	2.94118
13	31	13	0	0
14	36	28	1	0.487465
Instant	28
1	639	24	1	0.272232
2	50	13	0	0
3	621	32	3	0.5
4	935	13	0	0
11	28	16	0	0
12	273	37	5	1.5625
13	28	13	0	0
14	40	27	1	0
Instant	29
1	635	26	1	0.0460405
2	27	13	0	0
3	633	33	5	0.744879
4	876	13	0	0
11	27	16	0	0
12	291	40	5	0
13	27	13	0	0
14	38	29	1	0.268097
Instant	30
1	671	24	1	0.0439367
2	17	13	0	0
3	684	30	2	0.250417
4	813	13	0	0
11	29	16	0	0
12	277	35	3	0
13	30	13	0	0
14	35	26	1	0
Instant	31
1	609	23	1	0.512104
2	24	13	0	0
3	675	31	2	0.134168
4	783	13	0	0
11	27	17	0	0.285171
12	275	42	6	0
13	28	13	0	0
14	34	28	1	0
Instant	32
1	675	24	0	0
2	43	13	0	0
3	591	31	3	0.142315
4	794	13	0	0
11	28	17	0	0
12	285	39	5	0.551471
13	27	13	0	0
14	34	27	1	0.221893
Instant	33
1	698	23	0	0
2	28	13	0	0
3	601	30	3	0.669216
4	815	13	0	0
11	30	17	0	0
12	281	42	6	0
13	26	13	0	0
14	36	27	1	0
Instant	34
1	691	23	0	0
2	23	13	0	0
3	603	29	2	0.632296
4	815	13	0	0
11	30	17	0	0
12	268	32	3	0.168919
13	26	13	0	0
14	36	27	1	0
Instant	35
1	698	23	0	0
2	23	13	0	0
3	628	32	2	0.046729
4	812	13	0	0
11	30	17	1	0
12	286	36	5	0
13	27	13	0	0
14	35	27	1	0
Instant	36
1	632	23	1	0.539568
2	17	13	0	0
3	592	34	3	0.0484496
4	815	13	0	0
11	28	16	0	0
12	262	38	5	1.10294
13	26	13	0	0
14	35	28	1	0
Instant	37
1	638	23	0	0.564972
2	15	13	0	0
3	566	34	3	0.363825
4	758	13	0	0
11	27	17	0	0
12	266	40	6	0.297619
13	24	13	0	0
14	34	29	1	0
Instant	38
1	649	23	1	0
2	29	13	0	0
3	659	30	2	0
4	796	13	0	0
11	29	16	0	0
12	328	43	5	0.367647
13	28	13	0	0
14	34	28	2	0
Instant	39
1	719	23	0	0
2	8	13	0	0
3	660	29	1	0
4	847	13	0	0
11	31	16	0	0
12	284	35	3	0
13	28	13	0	0
14	36	26	1	0
Instant	40
1	726	22	0	0
2	35	13	0	0
3	648	30	2	0
4	803	13	0	0
11	31	16	0	0
12	272	32	4	0
13	28	13	0	0
14	34	27	1	0
Instant	41
1	684	23	0	0
2	26	13	0	0
3	660	30	1	0
4	768	13	0	0
11	29	17	0	0
12	297	37	6	0
13	28	13	0	0
14	33	28	1	0.229358
Instant	42
1	677	23	1	0.257732
2	11	13	0	0
3	618	31	3	0.281955
4	809	13	0	0
11	29	16	0	0
12	271	35	4	0
13	27	13	0	0
14	35	27	1	0
Instant	43
1	726	22	0	0
2	27	13	0	0
3	688	28	2	0
4	797	13	0	0
11	30	17	0	0
12	268	39	5	0
13	30	13	0	0
14	34	27	1	0
Instant	44
1	726	22	0	0
2	23	13	0	0
3	638	27	1	0.546448
4	763	13	0	0
11	31	16	0	0
12	295	34	3	0
13	28	13	0	0
14	33	26	1	0
Instant	45
1	705	23	0	0
2	15	13	0	0
3	635	29	2	0.274223
4	766	13	0	0
11	31	16	0	0
12	274	32	4	0
13	27	13	0	0
14	33	27	1	0
Instant	46
1	705	24	0	0
2	40	13	0	0
3	620	29	1	0.046729
4	756	13	0	0
11	30	16	0	0
12	272	36	4	0
13	27	13	0	0
14	33	27	1	0
Instant	47
1	733	22	0	0
2	21	13	0	0
3	684	28	1	0
4	773	13	0	0
11	31	16	0	0
12	294	32	4	0.183824
13	30	13	0	0
14	33	26	1	0
Instant	48
1	676	25	1	0.0865052
2	23	13	0	0
3	625	32	2	0.0915751
4	763	13	0	0
11	29	16	0	0
12	266	43	6	0.183824
13	27	13	0	0
14	33	27	1	0
Instant	49
1	698	23	0	0
2	13	13	0	0
3	698	28	2	0
4	735	13	0	0
11	30	16	0	0
12	261	39	5	0
13	29	13	0	0
14	32	26	1	0.239617
Instant	50
1	636	23	0	0.318761
2	28	13	0	0
3	648	30	1	0
4	766	13	0	0
11	28	16	0	0
12	311	41	6	0
13	28	13	0	0
14	33	26	1	0
Instant	51
1	712	22	0	0
2	10	13	0	0
3	653	30	1	0.0448029
4	756	13	0	0
11	30	17	0	0
12	295	40	5	0
13	28	13	0	0
14	33	27	1	0
Instant	52
1	618	23	0	0.285171
2	28	13	0	0
3	592	32	3	0.543478
4	742	13	0	0
11	27	17	0	0.280899
12	258	33	3	1.04167
13	25	13	0	0
14	32	28	1	0
Instant	53
1	718	22	0	0
2	17	13	0	0
3	649	29	1	0
4	763	13	0	0
11	31	16	0	0
12	298	31	3	0
13	28	13	0	0
14	34	26	1	0
Instant	54
1	733	22	0	0
2	32	13	0	0
3	690	28	2	0.0841751
4	801	13	0	0
11	32	16	0	0
12	269	39	4	0
13	30	13	0	0
14	33	25	1	0
Instant	55
1	705	23	0	0
2	24	13	0	0
3	573	30	3	0.55332
4	756	13	0	0
11	31	16	0	0
12	273	35	3	0
13	25	13	0	0
14	33	27	1	0
Instant	56
1	726	22	0	0
2	20	13	0	0
3	677	29	1	0
4	778	13	0	0
11	31	16	0	0
12	296	30	3	0
13	28	13	0	0
14	33	26	1	0
Instant	57
1	695	23	0	0
2	20	13	0	0
3	630	30	2	0.267857
4	716	13	0	0
11	29	17	0	0
12	257	38	5	1.65441
13	28	13	0	0
14	31	27	1	0.245902
Instant	58
1	698	23	1	0
2	14	13	0	0
3	632	31	2	0
4	752	13	0	0
11	30	16	0	0
12	246	41	5	0.168919
13	27	13	0	0
14	32	27	1	0
Instant	59
1	705	23	0	0
2	18	13	0	0
3	657	30	2	0
4	694	13	0	0
11	30	17	0	0
12	298	36	5	2.38971
13	28	13	0	0
14	30	29	2	0.253378
Instant	60
1	705	23	0	0
2	40	13	0	0
3	648	30	2	0
4	775	13	0	0
11	30	17	0	0
12	278	37	4	0
13	28	13	0	0
14	33	26	1	0
Instant	61
1	726	22	0	0
2	17	13	0	0
3	688	28	1	0
4	748	13	0	0
11	31	16	0	0
12	276	34	3	0
13	29	13	0	0
14	32	26	1	0.23511
Instant	62
1	740	21	0	0
2	38	13	0	0
3	691	27	1	0
4	795	13	0	0
11	31	16	0	0
12	334	32	3	0
13	30	13	0	0
14	35	24	1	0
Instant	63
1	698	23	0	0
2	33	13	0	0
3	620	29	1	0.555556
4	747	13	0	0
11	30	16	0	0
12	283	39	5	0
13	27	13	0	0
14	32	27	1	0
Instant	64
1	662	22	0	0.520833
2	30	13	0	0
3	616	31	2	0.282486
4	752	13	0	0
11	29	16	0	0
12	275	38	4	0
13	27	13	0	0
14	33	27	1	0
Instant	65
1	719	23	0	0
2	18	13	0	0
3	669	29	2	0
4	785	13	0	0
11	31	16	0	0
12	305	39	5	0
13	29	13	0	0
14	33	26	1	0
Instant	66
1	719	22	0	0
2	5	13	0	0
3	682	28	1	0
4	794	13	0	0
11	31	16	0	0
12	264	35	5	0.919118
13	29	13	0	0
14	34	25	1	0
Instant	67
1	726	22	0	0
2	22	13	0	0
3	712	27	1	0
4	749	13	0	0
11	31	16	0	0
12	267	32	3	0
13	31	13	0	0
14	33	27	1	0
Instant	68
1	719	22	0	0
2	38	13	0	0
3	667	29	2	0
4	749	13	0	0
11	31	16	0	0
12	291	33	5	0
13	29	13	0	0
14	33	27	1	0
Instant	69
1	712	22	0	0
2	23	13	0	0
3	617	30	2	0.283019
4	773	13	0	0
11	30	16	0	0
12	273	34	4	0.183824
13	27	13	0	0
14	32	27	1	0
Instant	70
1	631	23	0	0
2	25	13	0	0
3	604	34	3	0.149402
4	719	13	0	0
11	28	17	0	0.27881
12	267	45	7	1.35135
13	25	13	0	0
14	32	28	1	0
Instant	71
1	740	22	0	0
2	31	13	0	0
3	700	27	1	0
4	804	13	0	0
11	32	15	0	0
12	293	33	4	0
13	30	13	0	0
14	33	25	1	0
Instant	72
1	726	22	0	0
2	31	13	0	0
3	670	28	1	0
4	756	13	0	0
11	31	16	0	0
12	273	37	5	0
13	29	13	0	0
14	33	26	1	0
Instant	73
1	712	22	0	0
2	27	13	0	0
3	647	30	2	0
4	747	13	0	0
11	31	16	0	0
12	277	35	4	0
13	28	13	0	0
14	32	27	1	0
Instant	74
1	698	23	0	0
2	27	13	0	0
3	642	30	2	0
4	756	13	0	0
11	30	16	0	0
12	309	39	4	0.183824
13	28	13	0	0
14	32	27	1	0
Instant	75
1	705	23	0	0
2	17	13	0	0
3	659	29	1	0
4	756	13	0	0
11	31	16	0	0
12	276	33	4	0
13	29	13	0	0
14	33	26	1	0
Instant	76
1	657	24	1	0.265487
2	17	13	0	0
3	668	30	3	0
4	726	13	0	0
11	28	16	0	0
12	267	35	4	0.520833
13	28	13	0	0
14	32	29	2	0
Instant	77
1	712	23	0	0
2	24	13	0	0
3	683	28	1	0
4	780	13	0	0
11	30	16	0	0
12	297	44	7	0
13	30	13	0	0
14	33	26	1	0
Instant	78
1	712	22	0	0
2	17	13	0	0
3	662	29	1	0
4	778	13	0	0
11	31	16	0	0
12	270	37	5	0
13	29	13	0	0
14	34	26	1	0
Instant	79
1	731	22	0	0
2	19	13	0	0
3	680	28	2	0.0431034
4	766	13	0	0
11	31	16	0	0
12	272	34	4	0.506757
13	30	13	0	0
14	33	26	1	0
Instant	80
1	728	22	0	0
2	20	13	0	0
3	677	28	1	0
4	785	13	0	0
11	32	16	0	0
12	294	34	3	0
13	29	13	0	0
14	33	26	1	0
Instant	81
1	717	22	0	0
2	26	13	0	0
3	669	28	1	0
4	756	13	0	0
11	30	16	0	0
12	267	35	4	0
13	29	13	0	0
14	33	26	1	0
Instant	82
1	713	23	0	0
2	14	13	0	0
3	669	30	2	0
4	780	13	0	0
11	31	16	0	0
12	271	32	3	0
13	28	13	0	0
14	33	26	1	0
Instant	83
1	666	22	0	0.26455
2	36	13	0	0
3	652	28	1	0.311388
4	778	13	0	0
11	29	16	0	0
12	283	38	5	0.94697
13	28	13	0	0
14	34	25	1	0
Instant	84
1	740	22	0	0
2	17	13	0	0
3	667	29	1	0
4	773	13	0	0
11	32	16	0	0
12	269	31	3	0
13	28	13	0	0
14	34	26	1	0
Instant	85
1	733	22	0	0
2	33	13	0	0
3	705	27	1	0
4	787	13	0	0
11	32	16	0	0
12	279	32	4	0
13	30	13	0	0
14	33	25	1	0
Instant	86
1	631	24	1	0.274223
2	24	13	0	0
3	634	30	2	0.271739
4	759	13	0	0
11	28	16	0	0
12	335	35	4	0
13	28	13	0	0
14	33	26	1	0
Instant	87
1	705	22	0	0
2	28	13	0	0
3	683	28	1	0
4	773	13	0	0
11	30	16	0	0
12	263	33	4	1.47059
13	29	13	0	0
14	33	26	1	0
Instant	88
1	705	23	0	0
2	24	13	0	0
3	657	30	2	0.0451264
4	758	13	0	0
11	30	16	0	0
12	259	32	3	1.01351
13	28	13	0	0
14	32	27	1	0
Instant	89
1	726	22	0	0
2	22	13	0	0
3	659	29	2	0
4	760	13	0	0
11	31	16	0	0
12	272	33	4	0
13	28	13	0	0
14	33	26	1	0
Instant	90
1	712	23	0	0
2	18	13	0	0
3	677	29	1	0.0434028
4	732	13	0	0
11	31	16	0	0
12	267	34	4	1.5625
13	29	13	0	0
14	31	26	1	0.240385
Instant	91
1	726	22	0	0
2	15	13	0	0
3	676	28	1	0
4	765	13	0	0
11	31	16	0	0
12	269	35	4	0
13	29	13	0	0
14	33	26	1	0
Instant	92
1	673	24	0	0
2	30	13	0	0
3	640	31	2	0.0462963
4	735	13	0	0
11	29	17	0	0
12	274	33	3	1.51515
13	27	13	0	0
14	32	28	1	0
Instant	93
1	727	23	0	0
2	17	13	0	0
3	684	28	1	0
4	768	13	0	0
11	31	16	0	0
12	273	34	4	0
13	29	13	0	0
14	32	26	1	0.229358
Instant	94
1	712	22	0	0
2	51	13	0	0
3	640	28	1	0.2693
4	747	13	0	0
11	31	16	0	0
12	264	37	4	0
13	28	13	0	0
14	32	27	1	0
Instant	95
1	676	24	1	0
2	18	13	0	0
3	632	31	2	0
4	728	13	0	0
11	29	17	0	0
12	280	34	4	0.551471
13	27	13	0	0
14	31	28	1	0.241935
Instant	96
1	705	23	0	0
2	32	13	0	0
3	623	31	2	0.336538
4	681	13	0	0
11	30	16	0	0
12	251	35	5	1.65441
13	26	13	0	0
14	30	27	1	0.344828
Instant	97
1	664	23	0	0.265487
2	51	13	0	0
3	640	29	2	0.26643
4	705	13	0	0
11	29	16	0	0
12	253	34	4	1.21951
13	28	13	0	0
14	30	27	1	0
Instant	98
1	719	22	0	0
2	18	13	0	0
3	821	26	1	0
4	733	13	0	0
11	31	16	0	0
12	340	31	3	0
13	36	13	0	0
14	31	25	1	0
Instant	99
1	705	23	0	0
2	27	13	0	0
3	865	28	1	0
4	712	13	0	0
11	30	16	0	0
12	269	36	4	0
13	36	13	0	0
14	31	25	1	0
Instant	100
1	733	22	0	0
2	19	13	0	0
3	914	28	1	0
4	712	13	0	0
11	31	15	0	0
12	270	31	3	0
13	41	13	0	0
14	30	26	1	0
Instant	101
1	705	23	0	0
2	17	13	0	0
3	774	31	2	0
4	676	13	0	0
11	30	16	0	0
12	298	36	4	0
13	33	13	0	0
14	29	29	2	0
Instant	102
1	705	22	0	0
2	21	13	0	0
3	745	27	1	0.431034
4	712	13	0	0
11	31	16	0	0
12	271	35	3	0
13	32	13	0	0
14	30	26	1	0
Instant	103
1	645	24	1	0.325279
2	6	13	0	0
3	722	32	2	0
4	683	13	0	0
11	27	17	0	0
12	264	41	6	0.844595
13	31	13	0	0
14	30	27	1	0
Instant	104
1	669	23	0	0
2	6	13	0	0
3	712	30	2	0.242326
4	684	13	0	0
11	29	17	0	0
12	292	38	6	0
13	31	13	0	0
14	30	27	1	0
Instant	105
1	667	23	1	0.253378
2	20	13	0	0
3	733	29	2	0.237342
4	690	13	0	0
11	30	17	0	0
12	270	38	5	0.183824
13	32	13	0	0
14	29	27	1	0.255102
Instant	106
1	759	23	0	0
2	32	13	0	0
3	824	28	1	0
4	690	13	0	0
11	33	16	0	0
12	274	30	3	0
13	36	13	0	0
14	30	27	1	0
Instant	107
1	747	24	0	0
2	28	13	0	0
3	728	32	4	0
4	676	13	0	0
11	32	16	0	0
12	285	40	5	0
13	31	13	0	0
14	29	28	1	0
Instant	108
1	777	22	0	0
2	46	13	0	0
3	732	29	2	0
4	663	13	0	0
11	34	16	0	0
12	271	41	5	0.551471
13	31	13	0	0
14	28	27	1	0.265018
Instant	109
1	763	23	0	0
2	19	13	0	0
3	824	29	2	0
4	682	13	0	0
11	33	16	0	0
12	269	35	4	0
13	36	13	0	0
14	29	26	1	0.257732
Instant	110
1	756	24	0	0
2	30	13	0	0
3	737	31	3	0.119617
4	706	13	0	0
11	32	16	0	0
12	331	37	5	0.976562
13	32	13	0	0
14	30	27	1	0
Instant	111
1	766	23	0	0
2	20	13	0	0
3	790	29	2	0.221239
4	705	13	0	0
11	33	16	0	0
12	262	34	5	0
13	34	13	0	0
14	30	27	1	0
Instant	112
1	768	22	0	0
2	22	13	0	0
3	732	31	1	0
4	668	13	0	0
11	33	17	0	0
12	255	36	6	1.01351
13	31	13	0	0
14	29	27	1	0.263158
Instant	113
1	808	21	0	0
2	26	13	0	0
3	740	28	1	0
4	720	13	0	0
11	35	16	0	0
12	274	33	4	0
13	32	13	0	0
14	31	25	1	0
Instant	114
1	761	23	0	0
2	32	13	0	0
3	706	30	2	0
4	683	13	0	0
11	33	16	0	0
12	271	35	4	1.47059
13	30	13	0	0
14	29	28	1	0
Instant	115
1	773	23	0	0
2	35	13	0	0
3	680	29	2	0.253807
4	676	13	0	0
11	33	16	0	0
12	270	36	4	0
13	30	13	0	0
14	30	27	1	0
Instant	116
1	754	23	0	0
2	14	13	0	0
3	592	31	2	0.868726
4	712	13	0	0
11	32	16	0	0
12	303	41	4	0
13	26	13	0	0
14	30	27	1	0
Instant	117
1	780	22	0	0
2	39	13	0	0
3	676	28	2	0
4	726	13	0	0
11	34	16	0	0
12	271	33	3	0
13	29	13	0	0
14	31	25	1	0
Instant	118
1	779	22	0	0.295858
2	30	13	0	0
3	688	28	2	0
4	698	13	0	0
11	34	16	0	0
12	274	41	5	0
13	29	13	0	0
14	30	27	1	0
Instant	119
1	720	24	0	0.594295
2	26	13	0	0
3	593	32	3	0.293542
4	691	13	0	0
11	32	16	0	0
12	273	38	6	1.28676
13	26	13	0	0
14	30	27	1	0
