	T	D	J	LP
Instant	0
1	0	0	0	0
2	0	0	0	0
3	0	0	0	0
4	0	0	0	0
11	0	0	0	0
12	0	0	0	0
13	0	0	0	0
14	0	0	0	0
Instant	1
1	515	27	1	0
2	0	0	0	0
3	317	38	3	0
4	509	13	0	0
11	21	16	0	0
12	138	38	4	0
13	13	13	0	0
14	20	32	2	0
Instant	2
1	1936	32	2	1.44928
2	20	14	1	0
3	1222	41	5	1.37489
4	5023	15	0	0
11	90	16	0	0
12	304	46	7	2.02206
13	56	13	0	0
14	196	31	1	0.362828
Instant	3
1	1581	29	2	0.593032
2	19	14	1	0
3	1120	36	5	0.211864
4	6636	15	0	0
11	71	16	0	0
12	301	51	6	0
13	49	13	0	0
14	301	32	0	0.885897
Instant	4
1	1269	25	2	0.367647
2	27	14	0	0
3	770	37	5	1.05105
4	6164	14	0	0
11	57	16	0	0
12	267	45	6	1.68919
13	34	13	0	0
14	266	32	0	0
Instant	5
1	1215	25	1	0
2	15	14	0	0
3	737	36	3	0.0780031
4	4401	14	0	0
11	53	16	0	0
12	283	44	5	1.28676
13	32	13	0	0
14	193	34	1	1.02831
Instant	6
1	1137	25	1	0.416233
2	11	13	1	0
3	666	35	4	0.695652
4	4684	14	0	0
11	49	16	0	0
12	267	46	7	2.20588
13	29	13	0	0
14	201	33	1	0
Instant	7
1	1126	25	1	0.477387
2	7	14	0	0
3	695	34	3	0.490998
4	3772	14	0	0
11	51	16	0	0
12	273	46	6	0.506757
13	31	13	0	0
14	167	32	1	0.888404
Instant	8
1	1151	25	1	0
2	14	14	1	0
3	704	32	2	0.0420875
4	3261	14	0	0
11	50	16	0	0
12	260	42	7	2.02206
13	30	13	0	0
14	141	32	1	0
Instant	9
1	1169	25	1	0
2	21	13	0	0
3	673	32	2	0
4	3012	14	0	0
11	51	16	0	0
12	273	45	6	0
13	29	13	0	0
14	126	31	1	0.897736
Instant	10
1	1185	26	1	0
2	38	13	0	0
3	649	33	3	0.494604
4	2633	14	0	0
11	51	16	0	0
12	259	44	7	0.506757
13	28	13	0	0
14	117	32	1	0
Instant	11
1	1199	23	1	0
2	47	13	0	0
3	651	33	2	0
4	1875	13	0	0
11	53	16	0	0
12	267	40	6	1.83824
13	29	13	0	0
14	83	35	2	0
Instant	12
1	1209	24	1	0.146915
2	19	13	0	0
3	654	34	3	0.227273
4	1460	13	0	0
11	52	16	0	0
12	268	39	4	0
13	28	13	0	0
14	65	34	2	0
Instant	13
1	1077	24	1	0.474684
2	7	14	0	0
3	692	31	2	0.0421585
4	1071	13	0	0
11	49	15	0	0
12	273	42	5	0
13	30	13	0	0
14	47	32	2	0
Instant	14
1	1226	26	1	0.233427
2	15	13	0	0
3	665	34	4	0
4	1106	13	0	0
11	55	15	0	0
12	339	44	6	0.183824
13	29	13	0	0
14	48	34	2	0
Instant	15
1	1202	26	2	0.340467
2	23	13	0	0
3	676	32	3	0.0430293
4	967	13	0	0
11	53	16	0	0
12	265	43	4	0
13	29	13	0	0
14	42	35	2	0
Instant	16
1	1078	27	1	0.0832408
2	35	13	0	0
3	645	30	2	0.576241
4	948	13	0	0
11	46	16	0	0
12	270	43	4	0.168919
13	29	13	0	0
14	41	33	2	0
Instant	17
1	1094	24	0	0
2	39	13	0	0
3	617	33	3	0
4	943	13	0	0
11	48	16	0	0
12	280	38	4	0.551471
13	26	13	0	0
14	42	33	3	0
Instant	18
1	1008	24	0	0.431034
2	35	13	0	0
3	628	32	2	0
4	842	13	0	0
11	44	16	0	0
12	271	36	3	0
13	27	13	0	0
14	36	33	2	0.418994
Instant	19
1	1045	27	2	0.332226
2	8	13	0	0
3	606	33	2	0.19084
4	943	13	0	0
11	46	16	0	0
12	259	43	7	1.01351
13	26	13	0	0
14	40	33	2	0.625
Instant	20
1	1015	27	1	0.0290698
2	24	13	0	0
3	603	34	3	0.144788
4	855	13	0	0
11	44	16	0	0
12	287	37	4	0.183824
13	26	13	0	0
14	37	34	3	0
Instant	21
1	1043	25	1	0
2	35	13	0	0
3	641	31	3	0.0452899
4	841	13	0	0
11	44	16	0	0
12	265	40	4	0.551471
13	28	13	0	0
14	35	32	2	0.209497
Instant	22
1	983	24	0	0
2	33	13	0	0
3	632	29	1	0.275735
4	853	13	0	0
11	43	16	0	0
12	273	37	5	0
13	27	13	0	0
14	37	31	2	0
Instant	23
1	924	25	1	0.404732
2	20	13	0	0
3	655	30	2	0
4	784	13	0	0
11	41	16	0	0
12	285	41	6	0.735294
13	28	13	0	0
14	34	33	3	0
Instant	24
1	865	25	1	0.604839
2	5	13	0	0
3	588	31	2	0.584795
4	774	13	0	0
11	38	16	0	0
12	264	45	5	0.183824
13	26	13	0	0
14	33	32	2	0
Instant	25
1	938	28	2	0.239521
2	6	13	0	0
3	653	31	2	0
4	713	13	0	0
11	43	15	0	0
12	258	44	5	1.19048
13	28	13	0	0
14	30	31	2	0.246711
Instant	26
1	895	27	2	0.197109
2	24	13	0	0
3	615	32	3	0
4	669	13	0	0
11	39	16	0	0
12	307	40	6	1.47059
13	27	13	0	0
14	29	33	2	0.263158
Instant	27
1	963	26	1	0.211864
2	25	13	0	0
3	634	31	1	0
4	779	13	0	0
11	42	15	0	0
12	285	44	5	0
13	27	13	0	0
14	34	32	3	0
Instant	28
1	1055	24	0	0
2	25	13	0	0
3	654	30	1	0
4	774	13	0	0
11	45	15	0	0
12	275	37	6	0
13	28	13	0	0
14	33	31	2	0
Instant	29
1	994	25	1	0
2	33	13	0	0
3	649	30	2	0
4	835	13	0	0
11	43	16	0	0
12	300	40	6	0.367647
13	28	13	0	0
14	35	32	2	0
Instant	30
1	954	24	0	0
2	25	13	0	0
3	645	31	2	0.0451264
4	759	13	0	0
11	40	16	0	0.554187
12	271	39	5	0
13	28	13	0	0
14	33	31	2	0
Instant	31
1	914	25	1	0
2	29	13	0	0
3	861	30	2	0.37112
4	706	13	0	0
11	41	16	0	0
12	275	40	6	0
13	37	13	0	0
14	31	33	3	0
Instant	32
1	879	26	1	0.408719
2	23	13	0	0
3	825	31	3	0
4	795	13	0	0
11	37	16	0	0
12	267	39	4	2.02206
13	37	13	0	0
14	34	32	3	0
Instant	33
1	820	26	1	0
2	19	13	0	0
3	688	32	3	0.129088
4	741	13	0	0
11	36	16	0	0
12	258	40	6	2.02206
13	29	13	0	0
14	32	34	3	0.237342
Instant	34
1	874	24	1	0
2	7	13	0	0
3	629	29	2	0.881262
4	829	13	0	0
11	38	15	0	0
12	270	37	4	0
13	27	13	0	0
14	35	32	3	0
Instant	35
1	740	26	1	0.544324
2	18	13	0	0
3	583	34	2	0
4	905	13	0	0
11	33	16	0	0
12	265	44	4	1.65441
13	25	13	0	0
14	39	32	2	0
Instant	36
1	768	25	1	0.225564
2	28	13	0	0
3	611	32	2	0
4	833	13	0	0
11	33	16	0	0
12	262	40	4	1.28676
13	26	13	0	0
14	37	32	3	0
Instant	37
1	824	25	1	0
2	25	13	0	0
3	614	30	2	0.283554
4	939	13	0	0
11	35	16	0	0
12	257	38	5	1.33929
13	27	13	0	0
14	40	30	3	0
Instant	38
1	825	25	1	0
2	38	13	0	0
3	660	29	1	0
4	928	13	0	0
11	35	15	0	0
12	333	40	4	0.551471
13	28	13	0	0
14	41	32	2	0.189873
Instant	39
1	806	25	1	0
2	31	13	0	0
3	622	29	2	0.277778
4	995	13	0	0
11	35	15	0	0
12	260	42	6	0
13	27	13	0	0
14	43	30	2	0
Instant	40
1	735	24	1	0.389408
2	16	13	0	0
3	628	31	2	0.280374
4	837	13	0	0
11	33	16	0	0
12	272	46	8	1.18243
13	27	13	0	0
14	36	34	3	0
Instant	41
1	938	24	1	0
2	18	13	0	0
3	655	29	1	0
4	886	13	0	0
11	40	16	0	0
12	295	39	5	0
13	28	13	0	0
14	38	31	2	0
Instant	42
1	929	25	1	0
2	22	13	0	0
3	578	30	2	0.884086
4	741	13	0	0
11	40	16	0	0
12	272	43	7	0
13	26	13	0	0
14	32	33	3	0.39557
Instant	43
1	868	25	1	0
2	16	13	0	0
3	617	31	2	0
4	799	13	0	0
11	38	17	0	0
12	268	45	6	0
13	27	13	0	0
14	35	31	2	0
Instant	44
1	968	25	1	0
2	38	13	0	0
3	671	29	1	0.262697
4	802	13	0	0
11	42	16	0	0
12	280	37	5	1.47059
13	29	13	0	0
14	34	31	2	0
Instant	45
1	869	25	1	0.596026
2	57	13	0	0
3	598	34	3	0.0484496
4	785	13	0	0
11	38	16	0	0
12	274	42	4	0
13	26	13	0	0
14	34	31	3	0
Instant	46
1	869	24	0	0.204638
2	39	13	0	0
3	684	29	1	0
4	849	13	0	0
11	37	16	0	0
12	271	40	5	0.337838
13	28	13	0	0
14	37	30	2	0
Instant	47
1	792	25	1	0.215208
2	30	13	0	0
3	634	31	1	0
4	870	13	0	0
11	35	16	0	0
12	279	39	7	1.65441
13	28	13	0	0
14	37	31	3	0
Instant	48
1	860	25	1	0
2	26	13	0	0
3	597	33	2	0
4	912	13	0	0
11	37	16	0	0
12	262	37	4	0.551471
13	26	13	0	0
14	39	33	4	0
Instant	49
1	829	25	1	0
2	23	13	0	0
3	632	33	2	0
4	931	13	0	0
11	35	16	0	0
12	253	39	5	0.744048
13	26	13	0	0
14	40	30	2	0
Instant	50
1	798	26	1	0
2	31	13	0	0
3	603	29	1	0.289017
4	920	13	0	0
11	34	16	0	0
12	320	40	5	0
13	26	13	0	0
14	40	32	2	0
Instant	51
1	827	24	1	0
2	22	13	0	0
3	670	28	1	0
4	867	13	0	0
11	36	16	0	0
12	278	45	4	0.919118
13	29	13	0	0
14	37	30	2	0.203804
Instant	52
1	795	25	1	0
2	20	13	0	0
3	653	30	2	0
4	798	13	0	0
11	34	16	0	0
12	245	36	5	1.90972
13	28	13	0	0
14	34	33	3	0.220588
Instant	53
1	741	24	1	0.455235
2	7	13	0	0
3	625	30	1	0.284091
4	795	13	0	0
11	33	16	0	0
12	272	46	8	2.02206
13	26	13	0	0
14	34	32	2	0.221893
Instant	54
1	832	25	1	0
2	16	13	0	0
3	687	28	2	0.0428082
4	767	13	0	0
11	35	15	0	0
12	275	35	4	0
13	29	13	0	0
14	34	32	3	0
Instant	55
1	832	24	1	0
2	16	13	0	0
3	648	30	1	0
4	740	13	0	0
11	36	15	0	0
12	273	36	5	0
13	28	13	0	0
14	30	31	3	1.11111
Instant	56
1	815	25	1	0
2	20	13	0	0
3	667	29	1	0
4	802	13	0	0
11	35	16	0	0
12	290	37	4	0
13	28	13	0	0
14	35	31	3	0
Instant	57
1	801	26	1	0
2	41	13	0	0
3	622	33	3	0
4	726	13	0	0
11	35	16	0	0
12	268	41	7	1.28676
13	27	13	0	0
14	30	33	3	0
Instant	58
1	919	25	0	0
2	12	13	0	0
3	681	28	1	0
4	801	13	0	0
11	40	15	0	0
12	275	39	5	0
13	29	13	0	0
14	34	31	2	0.219941
Instant	59
1	859	25	1	0.209205
2	6	13	0	0
3	646	31	2	0
4	797	13	0	0
11	36	16	0	0
12	275	44	6	1.83824
13	28	13	0	0
14	34	31	2	0.221239
Instant	60
1	822	24	1	0
2	31	13	0	0
3	634	31	1	0
4	754	13	0	0
11	36	16	0	0
12	276	38	6	0.551471
13	28	13	0	0
14	33	31	2	0
Instant	61
1	810	25	1	0
2	32	13	0	0
3	705	30	2	0
4	693	13	0	0
11	35	16	0	0
12	276	43	8	0
13	30	13	0	0
14	29	31	3	0.253378
Instant	62
1	778	24	1	0.222222
2	19	13	0	0
3	720	32	3	0
4	722	13	0	0
11	34	16	0	0
12	312	44	6	1.47059
13	31	13	0	0
14	31	32	3	0
Instant	63
1	800	26	1	0
2	30	13	0	0
3	810	30	2	0
4	741	13	0	0
11	34	15	0	0
12	281	43	7	0
13	36	13	0	0
14	32	31	2	0
Instant	64
1	785	26	1	0
2	37	13	0	0
3	619	33	2	0.341797
4	721	13	0	0
11	34	16	0	0
12	275	43	5	0.844595
13	26	13	0	0
14	30	32	3	0
Instant	65
1	791	26	1	0
2	24	13	0	0
3	644	30	2	0.0442478
4	657	13	0	0
11	34	16	0	0
12	305	37	6	0
13	28	13	0	0
14	28	32	3	0.446429
Instant	66
1	745	23	1	0.268405
2	15	13	0	0
3	676	29	2	0
4	707	13	0	0
11	33	16	0	0
12	267	37	5	0.735294
13	28	13	0	0
14	30	30	2	0
Instant	67
1	889	24	1	0
2	25	13	0	0
3	640	30	2	0
4	664	13	0	0
11	37	16	0	0.327225
12	247	42	6	1.68919
13	28	13	0	0
14	29	33	3	0
Instant	68
1	926	27	2	0.220403
2	28	13	0	0
3	633	32	3	0
4	588	13	0	0
11	41	16	0	0
12	276	45	8	0.78125
13	27	13	0	0
14	24	35	4	0.298805
Instant	69
1	946	25	2	0
2	19	13	0	0
3	634	30	2	0.272232
4	682	13	0	0
11	41	15	0	0
12	284	39	6	0
13	28	13	0	0
14	30	32	3	0
Instant	70
1	948	25	1	0
2	34	13	0	0
3	642	31	2	0.0465549
4	648	13	0	0
11	40	15	0	0
12	268	40	6	0.844595
13	27	13	0	0
14	27	34	4	0
Instant	71
1	890	26	2	0
2	12	13	0	0
3	633	32	2	0.0457875
4	581	13	0	0
11	39	16	0	0
12	280	40	6	1.28676
13	28	13	0	0
14	25	34	3	0.404858
Instant	72
1	910	25	1	0
2	8	13	0	0
3	615	30	2	0
4	634	13	0	0
11	39	16	0	0
12	258	41	6	1.32576
13	27	13	0	0
14	27	32	2	0
Instant	73
1	880	25	1	0
2	21	13	0	0
3	591	32	2	0.589391
4	606	13	0	0
11	37	16	0	0
12	262	38	6	0
13	25	13	0	0
14	26	31	2	0
Instant	74
1	879	24	1	0
2	23	13	0	0
3	664	29	1	0
4	620	13	0	0
11	39	16	0	0
12	335	39	4	0
13	29	13	0	0
14	26	32	3	0.284091
Instant	75
1	824	25	1	0
2	34	13	0	0
3	620	31	2	0.327103
4	627	13	0	0
11	36	16	0	0
12	262	45	4	0
13	27	13	0	0
14	27	32	3	0
Instant	76
1	926	24	1	0.189873
2	29	13	0	0
3	657	30	2	0
4	648	13	0	0
11	40	16	0	0
12	255	45	8	2.08333
13	28	13	0	0
14	27	30	2	0
Instant	77
1	969	27	1	0.030303
2	38	13	0	0
3	625	32	2	0
4	613	13	0	0
11	42	16	0	0
12	276	43	7	1.17188
13	27	13	0	0
14	27	32	3	0
Instant	78
1	933	24	1	0.345044
2	28	13	0	0
3	665	29	1	0
4	641	13	0	0
11	41	16	0	0
12	257	37	5	2.14844
13	29	13	0	0
14	27	30	3	0
Instant	79
1	874	25	1	0
2	7	13	0	0
3	634	30	2	0.274725
4	564	13	0	0
11	37	17	0	0
12	266	41	5	0.506757
13	28	13	0	0
14	25	35	3	0
Instant	80
1	841	25	1	0
2	14	13	0	0
3	627	32	2	0.0488281
4	641	13	0	0
11	37	16	0	0
12	294	40	5	0
13	26	13	0	0
14	27	31	2	0
Instant	81
1	860	26	1	0
2	17	13	0	0
3	608	30	3	0.274223
4	641	13	0	0
11	37	16	0	0
12	267	38	5	0
13	28	13	0	0
14	28	30	2	0
Instant	82
1	888	24	1	0
2	41	13	0	0
3	684	28	1	0
4	648	13	0	0
11	38	15	0	0
12	271	37	5	0
13	29	13	0	0
14	28	30	3	0
Instant	83
1	927	24	1	0
2	13	13	0	0
3	669	27	1	0.257732
4	648	13	0	0
11	41	15	0	0
12	292	37	5	0
13	29	13	0	0
14	27	30	2	0
Instant	84
1	1160	24	0	0
2	51	13	0	0
3	648	29	1	0
4	633	13	0	0
11	49	16	0	0
12	269	39	6	0
13	28	13	0	0
14	27	31	3	0
Instant	85
1	1063	24	1	0
2	32	13	0	0
3	634	31	2	0
4	614	13	0	0
11	46	16	0	0.662252
12	276	44	6	0.320513
13	27	13	0	0
14	26	32	3	0
Instant	86
1	1092	24	1	0.165929
2	28	13	0	0
3	645	31	3	0
4	641	13	0	0
11	46	16	0	0
12	344	38	4	0
13	27	13	0	0
14	27	31	3	0
Instant	87
1	946	24	1	0.211098
2	11	13	0	0
3	612	34	3	0.0491159
4	619	13	0	0
11	42	16	0	0
12	263	38	3	0.551471
13	26	13	0	0
14	27	31	2	0
Instant	88
1	982	24	0	0
2	20	13	0	0
3	664	29	1	0
4	649	13	0	0
11	41	16	0	0.598086
12	271	37	4	0
13	28	13	0	0
14	27	30	3	0
Instant	89
1	930	24	1	0.403727
2	33	13	0	0
3	615	31	2	0.328947
4	627	13	0	0
11	40	16	0	0.620347
12	290	40	6	0
13	27	13	0	0
14	27	31	2	0
Instant	90
1	926	26	1	0.0313676
2	25	13	0	0
3	636	29	2	0.316456
4	606	13	0	0
11	40	16	0	0.571066
12	267	37	4	0
13	28	13	0	0
14	26	33	3	0
Instant	91
1	959	24	0	0
2	42	13	0	0
3	641	31	2	0
4	606	13	0	0
11	41	15	0	0
12	251	38	6	0.675676
13	28	13	0	0
14	26	33	2	0
Instant	92
1	982	24	1	0
2	35	13	0	0
3	658	30	2	0.0909091
4	613	13	0	0
11	42	16	0	0
12	282	38	5	1.89394
13	28	13	0	0
14	26	31	3	0.287356
Instant	93
1	1021	23	1	0
2	15	13	0	0
3	670	29	1	0
4	599	13	0	0
11	45	16	0	0
12	268	34	4	0
13	29	13	0	0
14	26	31	2	0.294118
Instant	94
1	1039	25	1	0
2	25	13	0	0
3	644	31	2	0
4	606	13	0	0
11	42	16	0	0.622172
12	245	40	4	1.52027
13	28	13	0	0
14	26	33	4	0
Instant	95
1	1143	23	0	0
2	30	13	0	0
3	662	30	1	0
4	626	13	0	0
11	51	15	0	0
12	286	36	5	0
13	28	13	0	0
14	27	31	3	0
Instant	96
1	1141	25	1	0
2	4	13	0	0
3	634	29	2	0.271739
4	607	13	0	0
11	49	15	0	0
12	268	40	7	0
13	28	13	0	0
14	26	32	3	0.290698
Instant	97
1	1154	24	1	0
2	25	13	0	0
3	655	29	1	0
4	634	13	0	0
11	52	16	0	0
12	247	43	8	2.13415
13	28	13	0	0
14	26	31	3	0
Instant	98
1	1030	23	1	0.366817
2	15	13	0	0
3	602	32	2	0.3327
4	606	13	0	0
11	45	16	0	0
12	340	46	5	0
13	27	13	0	0
14	26	33	3	0
Instant	99
1	1213	23	0	0.147493
2	29	13	0	0
3	681	29	2	0
4	634	13	0	0
11	52	15	0	0
12	252	35	3	0
13	29	13	0	0
14	27	31	3	0
Instant	100
1	1041	25	1	0
2	28	13	0	0
3	631	32	2	0.0480769
4	620	13	0	0
11	45	16	0	0
12	247	36	5	3.5473
13	26	13	0	0
14	27	32	3	0
Instant	101
1	993	25	1	0
2	22	13	0	0
3	594	32	3	0.426136
4	592	13	0	0
11	43	16	0	0
12	298	33	4	0
13	27	13	0	0
14	25	31	2	0.297619
Instant	102
1	1012	23	0	0
2	39	13	0	0
3	692	28	1	0
4	648	13	0	0
11	45	15	0	0
12	271	35	4	0
13	29	13	0	0
14	28	30	2	0
Instant	103
1	997	25	1	0
2	26	13	0	0
3	604	32	2	0.282486
4	641	13	0	0
11	42	16	0	0
12	266	34	4	0.675676
13	27	13	0	0
14	27	31	2	0
Instant	104
1	829	26	1	0
2	23	13	0	0
3	638	31	3	0
4	592	13	0	0
11	36	16	0	0
12	288	42	6	0
13	27	13	0	0
14	25	34	3	0
Instant	105
1	895	25	1	0
2	13	13	0	0
3	632	29	2	0.597426
4	613	13	0	0
11	38	16	0	0
12	275	38	4	0
13	27	13	0	0
14	27	32	3	0
Instant	106
1	832	24	1	0
2	59	13	0	0
3	654	29	2	0
4	648	13	0	0
11	36	16	0	0
12	274	37	5	0
13	29	13	0	0
14	27	30	2	0
Instant	107
1	818	24	1	0
2	24	13	0	0
3	595	31	3	0.445545
4	606	13	0	0
11	35	16	0	0
12	281	37	5	0.735294
13	25	13	0	0
14	26	32	3	0
Instant	108
1	882	25	1	0
2	19	13	0	0
3	580	32	2	0.302419
4	620	13	0	0
11	38	16	0	0
12	259	34	4	1.65441
13	25	13	0	0
14	27	32	3	0
Instant	109
1	931	25	1	0.369458
2	31	13	0	0
3	625	32	2	0
4	592	13	0	0
11	41	16	0	0
12	263	43	5	0.595238
13	26	13	0	0
14	26	33	3	0
Instant	110
1	892	25	0	0
2	52	13	0	0
3	601	33	2	0
4	620	13	0	0
11	39	17	0	0
12	319	37	4	0.585938
13	26	13	0	0
14	26	32	3	0
Instant	111
1	815	25	1	0
2	12	13	0	0
3	668	30	2	0.0439367
4	634	13	0	0
11	34	16	0	0
12	268	40	5	0.919118
13	29	13	0	0
14	27	31	3	0
Instant	112
1	820	24	1	0
2	15	13	0	0
3	636	30	2	0.270758
4	620	13	0	0
11	36	16	0	0
12	251	38	6	1.35135
13	28	13	0	0
14	26	32	3	0
Instant	113
1	839	24	1	0
2	32	13	0	0
3	667	29	1	0
4	627	13	0	0
11	36	15	0	0
12	292	39	6	0
13	28	13	0	0
14	27	31	3	0
Instant	114
1	806	25	1	0
2	25	13	0	0
3	641	30	2	0
4	641	13	0	0
11	35	16	0	0
12	269	38	6	0.183824
13	28	13	0	0
14	27	30	2	0
Instant	115
1	737	26	1	0
2	30	13	0	0
3	603	31	2	0.336538
4	634	13	0	0
11	31	16	0	0
12	247	42	5	2.19595
13	26	13	0	0
14	27	31	2	0
Instant	116
1	909	24	1	0.385109
2	37	13	0	0
3	630	32	3	0.279851
4	613	13	0	0
11	39	16	0	0
12	274	43	6	2.57353
13	27	13	0	0
14	26	32	3	0
Instant	117
1	1034	25	1	0
2	23	13	0	0
3	648	31	2	0
4	613	13	0	0
11	45	16	0	0
12	257	42	7	1.47059
13	28	13	0	0
14	26	32	3	0
Instant	118
1	947	24	1	0.183374
2	14	13	0	0
3	639	30	2	0.269784
4	599	13	0	0
11	42	16	0	0
12	274	43	5	0
13	28	13	0	0
14	26	33	3	0
Instant	119
1	1039	25	0	0
2	28	13	0	0
3	669	29	1	0
4	627	13	0	0
11	45	16	0	0
12	269	42	6	2.02206
13	28	13	0	0
14	26	32	3	0
