	T	D	J	LP
Instant	0
1	0	0	0	0
2	0	0	0	0
3	0	0	0	0
4	0	0	0	0
11	0	0	0	0
12	0	0	0	0
13	0	0	0	0
14	0	0	0	0
Instant	1
1	489	23	1	0
2	3	13	0	0
3	366	34	3	1.07323
4	678	13	0	0
11	21	16	0	0
12	138	37	2	0
13	16	13	0	0
14	23	29	1	0
Instant	2
1	2392	26	1	0.101523
2	46	14	0	0
3	989	42	5	3.6864
4	3601	14	0	0
11	102	17	0	0
12	295	47	8	2.20588
13	51	13	0	0
14	163	30	0	0
Instant	3
1	1669	28	2	0
2	27	14	0	0
3	840	42	5	1.4881
4	3212	14	0	0
11	75	17	0	0
12	322	50	7	0
13	39	13	0	0
14	138	34	1	0
Instant	4
1	1482	25	1	0
2	29	13	0	0
3	891	34	3	0.743855
4	2204	13	0	0
11	64	16	0	0
12	286	42	5	0
13	39	13	0	0
14	99	33	1	0
Instant	5
1	1295	24	1	0
2	34	13	0	0
3	1093	32	3	0.158228
4	1564	13	0	0
11	55	16	0	0.545455
12	279	41	6	2.02206
13	48	13	0	0
14	70	32	1	0
Instant	6
1	1279	24	1	0.136861
2	7	14	0	0
3	960	34	3	1.06762
4	1435	13	0	0
11	56	16	0	0
12	278	38	5	0
13	44	13	0	0
14	62	31	1	0
Instant	7
1	1310	24	0	0
2	19	13	0	0
3	818	32	2	0.285307
4	1417	13	0	0
11	57	16	0	0
12	273	40	5	0
13	36	13	0	0
14	62	31	1	0
Instant	8
1	1210	25	1	0
2	39	13	0	0
3	743	32	3	0.195618
4	1329	13	0	0
11	53	17	0	0
12	288	39	5	0
13	32	13	0	0
14	58	31	1	0
Instant	9
1	1173	24	0	0
2	22	13	0	0
3	788	32	3	0.0373692
4	1260	13	0	0
11	51	16	0	0
12	268	40	4	0
13	34	13	0	0
14	54	32	2	0
Instant	10
1	1067	24	1	0.223714
2	5	13	0	0
3	818	31	4	0.289436
4	1207	13	0	0
11	46	16	0	0
12	264	42	5	0
13	35	13	0	0
14	52	32	2	0.389864
Instant	11
1	1212	23	0	0
2	31	13	0	0
3	858	30	2	0.20436
4	984	13	0	0
11	53	16	0	0
12	284	33	3	0
13	37	13	0	0
14	43	31	2	0
Instant	12
1	1143	25	1	0
2	43	13	0	0
3	755	31	2	0
4	1076	13	0	0
11	50	17	0	0
12	268	41	6	0
13	33	13	0	0
14	48	30	2	0
Instant	13
1	1159	23	0	0.151822
2	27	13	0	0
3	722	27	1	0.239234
4	1008	13	0	0
11	51	16	0	0
12	271	39	6	0.14881
13	32	13	0	0
14	45	31	2	0
Instant	14
1	1215	23	0	0
2	10	13	0	0
3	707	29	1	0
4	941	13	0	0
11	53	16	0	0
12	340	37	3	0
13	31	13	0	0
14	40	31	2	0
Instant	15
1	1271	25	0	0
2	37	13	0	0
3	576	31	3	1.17647
4	901	13	0	0
11	55	16	0	0
12	271	40	5	0
13	26	13	0	0
14	38	31	2	0
Instant	16
1	1176	24	1	0.150451
2	17	13	0	0
3	518	33	4	0.695931
4	875	13	0	0
11	51	17	0	0
12	266	46	5	0
13	24	13	0	0
14	38	32	2	0
Instant	17
1	820	24	2	0.65337
2	25	13	0	0
3	625	30	1	0.416667
4	797	13	0	0
11	37	17	0	0
12	279	48	8	0
13	27	13	0	0
14	35	32	2	0
Instant	18
1	732	25	2	0.554675
2	40	13	0	0
3	615	33	3	0.284091
4	787	13	0	0
11	32	17	0	0
12	263	41	5	1.47059
13	26	13	0	0
14	34	32	2	0
Instant	19
1	892	25	1	0.065189
2	21	13	0	0
3	650	30	2	0
4	943	13	0	0
11	39	16	0	0
12	270	43	5	0
13	28	13	0	0
14	40	30	1	0
Instant	20
1	862	24	1	0.205198
2	26	13	0	0
3	594	31	3	0.592885
4	873	13	0	0
11	37	16	0	0
12	280	41	5	0.919118
13	25	13	0	0
14	38	32	2	0
Instant	21
1	840	24	0	0
2	21	14	0	0
3	627	28	1	0.357782
4	873	13	0	0
11	36	16	0	0
12	271	37	4	0
13	28	13	0	0
14	38	32	2	0
Instant	22
1	799	25	1	0
2	20	13	0	0
3	707	30	2	0.2443
4	890	13	0	0
11	35	16	0	0
12	271	36	4	0.168919
13	31	13	0	0
14	38	29	2	0
Instant	23
1	848	25	1	0
2	38	13	0	0
3	672	31	2	0.385274
4	893	13	0	0
11	36	16	0	0
12	285	39	5	0
13	30	13	0	0
14	39	29	2	0.721785
Instant	24
1	767	25	1	0
2	16	13	0	0
3	678	31	2	0.259965
4	855	13	0	0
11	33	17	0	0.458716
12	252	39	3	1.83824
13	29	13	0	0
14	37	32	2	0.274725
Instant	25
1	708	23	0	0
2	19	13	0	0
3	665	34	3	0.0880282
4	893	13	0	0
11	31	18	0	0
12	272	43	5	0
13	29	13	0	0
14	38	30	2	0
Instant	26
1	719	23	0	0
2	18	13	0	0
3	783	30	2	0
4	988	13	0	0
11	30	16	0	0
12	327	39	5	0
13	34	13	0	0
14	42	30	1	0.416667
Instant	27
1	684	24	0	0
2	35	13	0	0
3	678	31	2	0.91944
4	974	13	0	0
11	29	16	0	0
12	279	38	5	0
13	29	13	0	0
14	42	29	1	0
Instant	28
1	668	23	0	0.257732
2	44	13	0	0
3	700	30	2	0
4	988	13	0	0
11	29	16	0	0
12	269	41	6	0.520833
13	30	13	0	0
14	43	30	2	0
Instant	29
1	702	24	1	0.0409836
2	37	13	0	0
3	705	28	1	0.405844
4	1015	13	0	0
11	31	15	0	0
12	304	34	4	0
13	31	13	0	0
14	43	29	2	0
Instant	30
1	658	26	1	0
2	26	13	0	0
3	651	32	2	0.361011
4	855	13	0	0
11	28	16	0	0
12	243	38	5	2.57353
13	28	13	0	0
14	37	31	1	0.410959
Instant	31
1	691	23	0	0
2	38	13	0	0
3	620	32	2	0.280899
4	831	13	0	0
11	30	17	0	0
12	266	35	3	0.844595
13	27	13	0	0
14	36	30	2	0
Instant	32
1	659	22	0	0.311388
2	35	13	0	0
3	655	30	3	0
4	759	13	0	0
11	28	17	0	0
12	296	39	4	0
13	29	13	0	0
14	33	32	4	0
Instant	33
1	690	24	1	0
2	18	13	0	0
3	661	28	2	0
4	766	13	0	0
11	30	16	0	0
12	276	40	5	0
13	29	13	0	0
14	33	30	2	0
Instant	34
1	713	22	0	0
2	26	13	0	0
3	742	28	2	0.390016
4	741	13	0	0
11	31	16	0	0
12	270	35	4	0
13	32	13	0	0
14	32	29	1	0.237342
Instant	35
1	640	25	1	0.275229
2	43	13	0	0
3	685	31	3	0.560345
4	843	13	0	0
11	27	16	0	0
12	286	37	5	0
13	29	13	0	0
14	36	29	2	0
Instant	36
1	692	24	1	0
2	37	13	0	0
3	839	28	1	0
4	812	13	0	0
11	30	16	0	0
12	268	39	5	0
13	37	13	0	0
14	36	29	1	0
Instant	37
1	698	24	0	0
2	37	13	0	0
3	719	29	1	0.478469
4	775	13	0	0
11	30	16	0	0
12	251	38	5	1.6369
13	32	13	0	0
14	33	30	2	0
Instant	38
1	684	24	0	0
2	23	13	0	0
3	754	31	2	0
4	786	13	0	0
11	30	16	0	0
12	310	44	6	0.551471
13	32	13	0	0
14	34	30	2	0
Instant	39
1	691	24	0	0
2	12	13	0	0
3	903	30	2	0
4	763	13	0	0
11	29	17	0	0
12	298	48	5	0
13	39	13	0	0
14	33	31	2	0
Instant	40
1	677	24	1	0
2	6	13	0	0
3	907	29	2	0
4	755	13	0	0
11	29	17	0	0
12	272	39	7	0
13	39	13	0	0
14	33	31	2	0
Instant	41
1	712	23	0	0
2	34	13	0	0
3	868	29	1	0
4	747	13	0	0
11	30	16	0	0
12	297	35	3	0
13	38	13	0	0
14	33	30	2	0
Instant	42
1	719	22	0	0
2	23	13	0	0
3	785	28	1	0.331858
4	758	13	0	0
11	32	16	0	0
12	271	35	4	0
13	35	13	0	0
14	32	30	2	0
Instant	43
1	658	23	1	0.530035
2	26	13	0	0
3	715	30	3	0.289256
4	721	13	0	0
11	28	16	0	0
12	268	40	5	0
13	31	13	0	0
14	32	32	3	0
Instant	44
1	698	23	0	0
2	23	13	0	0
3	803	28	1	0
4	825	13	0	0
11	30	16	0	0
12	289	35	4	0
13	35	13	0	0
14	35	28	1	0
Instant	45
1	669	25	1	0
2	18	13	0	0
3	785	29	2	0.65407
4	714	13	0	0
11	29	16	0	0
12	272	44	7	0.919118
13	35	13	0	0
14	31	31	2	0
Instant	46
1	698	23	0	0
2	11	13	0	0
3	581	29	2	1.69903
4	646	13	0	0
11	30	17	0	0
12	267	38	4	0.506757
13	26	13	0	0
14	28	31	2	0
Instant	47
1	676	23	0	0.257732
2	30	13	0	0
3	753	28	1	0
4	669	13	0	0
11	29	16	0	0
12	294	37	4	0
13	33	13	0	0
14	28	29	2	0
Instant	48
1	684	24	0	0
2	13	13	0	0
3	720	28	1	0.402576
4	670	13	0	0
11	29	16	0	0
12	266	37	4	0
13	32	13	0	0
14	28	28	2	0
Instant	49
1	614	26	1	0.280374
2	27	13	0	0
3	581	33	3	0.998004
4	571	13	0	0
11	27	17	0	0
12	256	39	4	0.595238
13	25	13	0	0
14	24	33	3	0
Instant	50
1	637	24	1	0.276753
2	36	13	0	0
3	508	31	2	0.331126
4	599	13	0	0
11	27	17	0	0
12	309	38	4	2.38971
13	23	13	0	0
14	26	32	3	0.588235
Instant	51
1	691	24	1	0
2	19	13	0	0
3	642	29	1	0.632911
4	642	13	0	0
11	29	16	0	0
12	247	37	5	2.38971
13	28	13	0	0
14	28	31	3	0
Instant	52
1	691	24	1	0
2	24	13	0	0
3	599	29	2	0.574713
4	633	13	0	0
11	30	16	0	0
12	268	39	5	0
13	26	13	0	0
14	27	31	3	0
Instant	53
1	705	23	0	0
2	12	13	0	0
3	689	28	1	0
4	656	13	0	0
11	30	16	0	0
12	298	39	5	0
13	29	13	0	0
14	28	29	2	0
Instant	54
1	712	23	0	0
2	16	13	0	0
3	648	27	2	0.611888
4	670	13	0	0
11	30	16	0	0
12	263	39	4	0.551471
13	29	13	0	0
14	28	29	2	0
Instant	55
1	726	22	0	0
2	30	13	0	0
3	705	27	1	0
4	669	13	0	0
11	32	16	0	0
12	273	33	4	0
13	31	13	0	0
14	29	28	2	0
Instant	56
1	719	22	0	0
2	36	13	0	0
3	695	28	2	0
4	684	13	0	0
11	31	16	0	0
12	296	36	5	0
13	29	13	0	0
14	29	28	2	0
Instant	57
1	674	24	1	0.085034
2	21	13	0	0
3	602	31	2	0.328947
4	641	13	0	0
11	30	16	0	0
12	272	36	6	0.183824
13	27	13	0	0
14	28	30	2	0
Instant	58
1	726	22	0	0
2	5	13	0	0
3	690	28	1	0
4	684	13	0	0
11	30	16	0	0
12	275	34	4	0
13	29	13	0	0
14	29	28	2	0
Instant	59
1	705	23	0	0
2	27	13	0	0
3	676	29	1	0
4	663	13	0	0
11	30	16	0	0
12	298	39	7	0
13	29	13	0	0
14	28	28	2	0
Instant	60
1	705	23	0	0
2	30	13	0	0
3	669	28	1	0
4	677	13	0	0
11	30	16	0	0
12	272	35	4	0
13	29	13	0	0
14	29	28	2	0
Instant	61
1	703	22	0	0
2	25	13	0	0
3	726	27	1	0
4	698	13	0	0
11	30	17	0	0
12	276	36	4	0.446429
13	31	13	0	0
14	30	27	1	0
Instant	62
1	733	22	0	0
2	19	13	0	0
3	705	26	0	0
4	656	13	0	0
11	32	16	0	0
12	334	33	3	0
13	31	13	0	0
14	28	29	2	0
Instant	63
1	705	23	0	0
2	19	13	0	0
3	675	29	1	0
4	662	13	0	0
11	30	16	0	0
12	283	35	5	0
13	29	13	0	0
14	28	29	2	0
Instant	64
1	719	22	0	0
2	44	13	0	0
3	687	28	1	0
4	661	13	0	0
11	31	16	0	0
12	275	34	4	0
13	30	13	0	0
14	28	29	3	0
Instant	65
1	728	22	0	0
2	39	13	0	0
3	658	29	2	0
4	621	13	0	0
11	31	16	0	0
12	305	35	4	0
13	29	13	0	0
14	27	31	3	0
Instant	66
1	631	23	1	0.271739
2	24	13	0	0
3	667	29	3	0
4	641	13	0	0
11	28	17	0	0
12	261	37	4	0
13	28	13	0	0
14	28	30	2	0
Instant	67
1	698	23	0	0
2	13	13	0	0
3	675	29	2	0.300687
4	662	13	0	0
11	30	16	0	0
12	267	42	4	1.01351
13	29	13	0	0
14	28	29	2	0.265957
Instant	68
1	712	22	0	0
2	3	13	0	0
3	669	29	1	0
4	663	13	0	0
11	31	16	0	0
12	291	34	5	0
13	29	13	0	0
14	28	29	2	0
Instant	69
1	719	22	0	0
2	35	13	0	0
3	659	28	2	0.311388
4	677	13	0	0
11	30	16	0	0
12	270	44	6	0.551471
13	28	13	0	0
14	29	28	1	0
Instant	70
1	665	24	1	0.348432
2	31	13	0	0
3	576	30	3	0.30303
4	627	13	0	0
11	29	16	0	0
12	277	37	4	0
13	25	13	0	0
14	27	32	3	0
Instant	71
1	698	23	0	0
2	16	13	0	0
3	682	28	1	0
4	669	13	0	0
11	30	16	0	0
12	293	36	4	0
13	29	13	0	0
14	29	28	2	0
Instant	72
1	705	24	0	0
2	7	13	0	0
3	630	30	1	0
4	647	13	0	0
11	30	16	0	0
12	271	39	5	0
13	28	13	0	0
14	27	31	2	0
Instant	73
1	705	22	0	0
2	32	13	0	0
3	641	30	3	0.452899
4	635	13	0	0
11	31	16	0	0
12	251	37	3	1.06707
13	28	13	0	0
14	28	30	2	0
Instant	74
1	705	22	0	0
2	18	13	0	0
3	678	29	1	0
4	662	13	0	0
11	31	16	0	0
12	326	37	5	0
13	29	13	0	0
14	28	30	3	0
Instant	75
1	698	23	0	0
2	21	13	0	0
3	701	28	2	0.487013
4	655	13	0	0
11	30	16	0	0
12	276	37	4	0
13	31	13	0	0
14	28	30	2	0
Instant	76
1	674	23	1	0.261324
2	22	13	0	0
3	787	30	3	0.612392
4	641	13	0	0
11	29	16	0	0
12	265	41	5	0.868056
13	35	13	0	0
14	27	30	2	0
Instant	77
1	691	23	0	0
2	10	13	0	0
3	834	29	2	0
4	633	13	0	0
11	29	16	0	0
12	287	35	5	0.585938
13	36	13	0	0
14	27	31	2	0
Instant	78
1	633	27	1	0
2	19	13	0	0
3	702	34	3	0.0415973
4	621	13	0	0
11	27	17	0	0
12	270	36	5	0.976562
13	30	13	0	0
14	27	32	2	0
Instant	79
1	692	23	0	0
2	24	13	0	0
3	693	28	2	0.452303
4	598	13	0	0
11	30	16	0	0
12	272	42	5	0
13	31	13	0	0
14	26	33	3	0
Instant	80
1	726	22	0	0
2	16	13	0	0
3	677	27	1	0.473322
4	664	13	0	0
11	31	16	0	0
12	294	33	3	0
13	30	13	0	0
14	28	29	2	0
Instant	81
1	691	24	0	0
2	30	13	0	0
3	605	29	2	0.290135
4	648	13	0	0
11	30	16	0	0
12	267	36	3	0
13	26	13	0	0
14	28	30	2	0
Instant	82
1	705	23	0	0
2	13	13	0	0
3	633	28	1	0.457875
4	670	13	0	0
11	31	16	0	0
12	271	37	4	0
13	27	13	0	0
14	29	29	2	0
Instant	83
1	698	23	0	0
2	17	13	0	0
3	690	27	1	0
4	677	13	0	0
11	30	16	0	0
12	290	35	5	0.189394
13	30	13	0	0
14	28	28	2	0
Instant	84
1	726	23	0	0
2	36	13	0	0
3	676	27	1	0.252525
4	663	13	0	0
11	31	16	0	0
12	269	37	4	0
13	30	13	0	0
14	28	29	2	0
Instant	85
1	712	23	0	0
2	25	13	0	0
3	712	27	1	0
4	670	13	0	0
11	31	16	0	0
12	279	32	4	0
13	30	13	0	0
14	29	28	1	0
Instant	86
1	705	23	0	0
2	11	13	0	0
3	662	28	1	0
4	662	13	0	0
11	30	16	0	0
12	326	36	4	0
13	29	13	0	0
14	28	30	2	0
Instant	87
1	705	23	0	0
2	35	13	0	0
3	640	29	2	0.275229
4	655	13	0	0
11	31	16	0	0
12	285	37	4	0
13	28	13	0	0
14	29	29	2	0
Instant	88
1	705	23	1	0
2	31	13	0	0
3	626	30	2	0.454545
4	648	13	0	0
11	30	16	0	0
12	271	33	4	0
13	28	13	0	0
14	27	30	2	0
Instant	89
1	698	23	0	0
2	36	13	0	0
3	682	29	1	0
4	641	13	0	0
11	30	16	0	0
12	288	34	4	0.183824
13	28	13	0	0
14	28	30	2	0
Instant	90
1	691	24	0	0
2	29	13	0	0
3	642	29	2	0.305944
4	641	13	0	0
11	29	16	0	0
12	262	38	5	0.585938
13	29	13	0	0
14	28	31	2	0
Instant	91
1	719	22	0	0
2	30	13	0	0
3	714	27	1	0
4	662	13	0	0
11	31	16	0	0
12	262	34	4	0.506757
13	30	13	0	0
14	28	29	2	0
Instant	92
1	712	23	0	0
2	30	13	0	0
3	681	28	1	0
4	648	13	0	0
11	30	16	0	0
12	287	37	5	0
13	29	13	0	0
14	28	29	2	0
Instant	93
1	677	23	1	0
2	28	13	0	0
3	658	30	2	0.224014
4	641	13	0	0
11	30	17	0	0
12	257	37	5	1.70455
13	28	13	0	0
14	27	31	2	0
Instant	94
1	706	24	0	0.124172
2	17	13	0	0
3	666	29	2	0
4	648	13	0	0
11	31	16	0	0
12	251	38	5	1.18243
13	29	13	0	0
14	28	30	2	0
Instant	95
1	712	22	0	0
2	27	13	0	0
3	690	27	1	0
4	670	13	0	0
11	31	16	0	0
12	286	35	3	0
13	29	13	0	0
14	29	29	2	0
Instant	96
1	712	23	0	0
2	27	13	0	0
3	681	29	1	0
4	655	13	0	0
11	30	16	0	0
12	268	37	5	0
13	29	13	0	0
14	28	30	2	0
Instant	97
1	691	23	0	0
2	36	13	0	0
3	681	28	1	0
4	662	13	0	0
11	30	17	0	0
12	269	37	5	0
13	30	13	0	0
14	28	29	2	0
Instant	98
1	726	22	0	0
2	23	13	0	0
3	684	28	1	0
4	684	13	0	0
11	30	16	0	0
12	325	33	4	0
13	30	13	0	0
14	30	28	2	0
Instant	99
1	627	23	0	0.268817
2	18	13	0	0
3	668	30	1	0
4	655	13	0	0
11	28	16	0	0
12	281	39	5	0
13	28	13	0	0
14	28	29	2	0
Instant	100
1	617	24	1	0.558659
2	26	13	0	0
3	613	32	3	0.138376
4	605	13	0	0
11	27	17	0	0
12	270	38	4	0.168919
13	28	13	0	0
14	27	33	4	0
Instant	101
1	712	23	0	0
2	20	13	0	0
3	695	28	1	0
4	671	13	0	0
11	30	16	0	0
12	298	38	5	0
13	29	13	0	0
14	28	29	2	0
Instant	102
1	650	23	1	0.262697
2	16	13	0	0
3	641	31	1	0
4	627	13	0	0
11	29	17	0	0
12	271	38	4	0
13	28	13	0	0
14	27	32	2	0
Instant	103
1	712	23	0	0
2	28	13	0	0
3	669	28	1	0
4	655	13	0	0
11	30	16	0	0
12	248	33	3	2.19595
13	29	13	0	0
14	28	30	2	0
Instant	104
1	726	23	0	0
2	37	13	0	0
3	705	27	1	0
4	677	13	0	0
11	31	16	0	0
12	294	33	4	0
13	30	13	0	0
14	29	28	2	0
Instant	105
1	726	22	0	0
2	23	13	0	0
3	705	26	1	0
4	669	13	0	0
11	31	16	0	0
12	270	34	3	0
13	30	13	0	0
14	29	29	2	0
Instant	106
1	648	24	0	0.257732
2	19	13	0	0
3	615	33	3	0.143954
4	634	13	0	0
11	29	16	0	0
12	267	40	4	0
13	26	13	0	0
14	27	31	3	0
Instant	107
1	719	22	0	0
2	23	13	0	0
3	697	27	1	0
4	677	13	0	0
11	31	16	0	0
12	292	36	4	0.551471
13	30	13	0	0
14	29	28	2	0
Instant	108
1	719	22	0	0
2	31	13	0	0
3	709	27	1	0
4	670	13	0	0
11	31	16	0	0
12	271	36	4	0
13	31	13	0	0
14	29	28	2	0
Instant	109
1	705	23	0	0
2	18	13	0	0
3	662	29	1	0
4	655	13	0	0
11	29	16	0	0
12	267	35	5	0
13	29	13	0	0
14	28	30	2	0
Instant	110
1	705	23	0	0
2	16	13	0	0
3	663	27	1	0.262697
4	684	13	0	0
11	31	16	0	0
12	325	38	5	0.195312
13	29	13	0	0
14	29	27	1	0
Instant	111
1	705	23	0	0
2	17	13	0	0
3	672	27	1	0.259516
4	677	13	0	0
11	31	16	0	0
12	277	42	5	0
13	29	13	0	0
14	29	28	2	0
Instant	112
1	719	22	0	0
2	47	13	0	0
3	647	29	2	0
4	641	13	0	0
11	31	16	0	0
12	266	36	5	0
13	28	13	0	0
14	28	30	2	0
Instant	113
1	691	24	0	0
2	13	13	0	0
3	614	30	2	0.567108
4	655	13	0	0
11	29	17	0	0
12	292	38	5	0
13	27	13	0	0
14	28	30	2	0
Instant	114
1	712	23	0	0
2	32	13	0	0
3	813	28	1	0.0355619
4	677	13	0	0
11	30	16	0	0
12	271	36	3	0
13	35	13	0	0
14	29	28	2	0
Instant	115
1	733	22	0	0
2	27	13	0	0
3	760	27	1	0
4	691	13	0	0
11	31	16	0	0
12	270	35	4	0
13	33	13	0	0
14	29	28	2	0
Instant	116
1	709	23	0	0
2	19	13	0	0
3	757	28	1	0
4	655	13	0	0
11	31	15	0	0
12	303	35	3	0
13	31	13	0	0
14	28	29	2	0
Instant	117
1	712	23	0	0
2	22	13	0	0
3	692	29	1	0.287829
4	662	13	0	0
11	31	16	0	0
12	265	35	3	0.735294
13	31	13	0	0
14	29	29	2	0
Instant	118
1	712	22	0	0
2	12	13	0	0
3	681	28	2	0
4	677	13	0	0
11	31	16	0	0
12	259	38	5	1.18243
13	30	13	0	0
14	29	28	2	0
Instant	119
1	719	23	0	0
2	20	13	0	0
3	688	27	1	0
4	698	13	0	0
11	30	16	0	0
12	287	36	4	0
13	30	13	0	0
14	29	27	2	0
