	T	D	J	LP
Instant	0
1	0	0	0	0
2	0	0	0	0
3	0	0	0	0
4	0	0	0	0
11	0	0	0	0
12	0	0	0	0
13	0	0	0	0
14	0	0	0	0
Instant	1
1	382	27	2	0
2	5	13	0	0
3	275	38	3	0
4	515	13	0	0
11	16	16	0	0
12	138	48	9	0
13	11	13	0	0
14	18	32	2	0
Instant	2
1	4593	28	2	0.0453485
2	44	13	0	0
3	986	40	5	0.677267
4	3412	15	0	0
11	196	16	0	0
12	288	53	9	2.57353
13	44	13	0	0
14	147	31	0	0.534114
Instant	3
1	4173	27	2	0
2	23	14	0	0
3	867	38	5	0.331126
4	2489	14	0	0
11	191	16	0	0
12	298	59	10	3.30882
13	39	13	0	0
14	110	35	1	0
Instant	4
1	3537	26	2	0.146754
2	49	14	0	0
3	761	38	5	0.304414
4	1558	13	0	0
11	150	16	0	0.0831117
12	281	54	9	0.168919
13	33	13	0	0
14	70	35	1	0
Instant	5
1	2924	28	2	0
2	31	13	0	0
3	644	40	5	0.093985
4	1140	13	0	0
11	130	16	0	0
12	275	54	12	2.38971
13	27	13	0	0
14	51	35	2	0
Instant	6
1	2088	26	2	0
2	5	14	1	0
3	654	36	4	0.132509
4	908	13	0	0
11	94	17	0	0
12	280	56	11	1.28676
13	29	13	0	0
14	40	35	3	0
Instant	7
1	1513	26	1	0
2	22	13	0	0
3	742	35	4	0.0394945
4	840	13	0	0
11	66	17	0	0
12	258	55	9	1.35135
13	31	13	0	0
14	37	35	2	0
Instant	8
1	1083	25	1	0.396406
2	50	13	0	0
3	846	34	4	0.237127
4	893	13	0	0
11	49	17	0	0
12	273	50	9	1.28676
13	38	13	0	0
14	37	33	2	0
Instant	9
1	982	27	1	0
2	14	13	0	0
3	752	34	5	0.385802
4	861	13	0	0
11	42	18	0	0
12	251	52	8	2.02206
13	33	13	0	0
14	38	34	2	0
Instant	10
1	981	26	1	0
2	26	13	0	0
3	758	33	3	0.198728
4	901	13	0	0
11	42	16	0	0
12	247	47	9	1.68919
13	32	13	0	0
14	38	33	2	0
Instant	11
1	916	26	2	0.316456
2	19	13	0	0
3	692	34	4	0.123967
4	914	13	0	0
11	40	17	0	0
12	247	49	7	3.125
13	31	13	0	0
14	39	34	3	0
Instant	12
1	848	28	2	0.306122
2	21	13	0	0
3	648	35	3	0.0452899
4	878	13	0	0
11	38	17	0	0
12	268	46	9	0.551471
13	28	13	0	0
14	39	34	2	0
Instant	13
1	705	24	1	1.25608
2	10	14	0	0
3	670	34	3	0
4	838	13	0	0
11	32	17	0	0
12	265	54	7	0.892857
13	29	13	0	0
14	36	33	3	0
Instant	14
1	715	25	1	0
2	16	13	0	0
3	666	32	3	0.0431034
4	777	13	0	0
11	31	17	0	0
12	301	45	7	0
13	29	13	0	0
14	34	32	3	0
Instant	15
1	537	26	2	1.14345
2	13	13	0	0
3	662	33	3	0
4	793	13	0	0
11	24	17	1	0.315126
12	288	51	6	2.20588
13	28	13	0	0
14	35	32	2	0
Instant	16
1	556	28	2	0.771605
2	33	13	0	0
3	672	33	3	0
4	882	13	0	0
11	24	17	0	0
12	266	43	6	0.337838
13	29	13	0	0
14	38	32	2	0
Instant	17
1	527	27	2	0.852878
2	34	13	0	0
3	632	34	4	0.318182
4	866	13	0	0
11	23	16	0	0
12	279	50	8	0.919118
13	28	13	0	0
14	37	32	2	0
Instant	18
1	654	25	1	0.448833
2	36	13	0	0
3	765	31	2	0.230415
4	815	13	0	0
11	28	18	0	0
12	251	47	7	1.10294
13	33	13	0	0
14	36	32	3	0
Instant	19
1	541	28	2	0.617284
2	24	13	0	0
3	647	36	5	0
4	820	13	0	0
11	24	17	0	0
12	249	48	9	1.85811
13	28	13	0	0
14	35	33	3	0
Instant	20
1	620	25	1	0.378072
2	52	13	0	0
3	612	32	3	0.423729
4	761	13	0	0
11	27	17	0	0
12	289	44	7	0.551471
13	27	13	0	0
14	33	32	3	0
Instant	21
1	626	26	1	0.283554
2	30	13	0	0
3	582	32	3	0.299401
4	672	13	0	0
11	27	16	0	0
12	271	40	8	0
13	25	13	0	0
14	30	35	4	0
Instant	22
1	722	26	1	0
2	16	13	0	0
3	608	33	3	0
4	752	13	0	0
11	31	17	0	0
12	238	46	8	3.04054
13	26	13	0	0
14	32	33	3	0
Instant	23
1	699	26	1	0.245902
2	20	13	0	0
3	578	35	2	0
4	734	13	0	0
11	31	19	1	0
12	266	43	9	2.38971
13	25	13	0	0
14	32	32	2	0
Instant	24
1	667	27	1	0.429553
2	26	13	0	0
3	570	34	4	0.660569
4	668	13	0	0
11	30	18	1	0
12	252	49	7	2.02206
13	24	13	0	0
14	29	32	3	0
Instant	25
1	575	26	2	1.05422
2	32	13	0	0
3	546	34	4	0.973361
4	727	13	0	0
11	25	17	0	0
12	247	46	10	2.38095
13	25	13	0	0
14	31	33	4	0
Instant	26
1	630	27	1	0
2	13	13	0	0
3	607	33	3	0
4	732	13	0	0
11	27	17	0	0.279851
12	264	46	8	3.86029
13	26	13	0	0
14	31	34	3	0
Instant	27
1	591	25	1	0.56926
2	11	13	0	0
3	541	36	5	0.695931
4	694	13	0	0
11	26	17	0	0
12	257	54	10	2.94118
13	23	13	0	0
14	30	34	3	0
Instant	28
1	626	27	1	0.281426
2	17	13	0	0
3	600	33	2	0.293542
4	751	13	0	0
11	27	17	0	0
12	254	47	8	2.95139
13	26	13	0	0
14	33	32	3	0
Instant	29
1	620	25	1	0.568182
2	50	13	0	0
3	612	31	2	0.327715
4	854	13	0	0
11	27	16	0	0
12	293	48	8	0
13	27	13	0	0
14	36	31	2	0
Instant	30
1	624	25	1	0
2	38	13	0	0
3	577	33	3	0
4	724	13	0	0
11	28	17	0	0
12	281	41	6	0
13	25	13	0	0
14	31	31	2	0
Instant	31
1	622	26	1	0.0475285
2	26	13	0	0
3	587	35	3	0.197628
4	728	13	0	0
11	26	16	0	0
12	275	41	6	0
13	25	13	0	0
14	32	32	3	0.483871
Instant	32
1	581	25	1	0.687623
2	23	13	0	0
3	574	34	3	0.352823
4	606	13	0	0
11	26	17	0	0
12	273	46	8	1.83824
13	25	13	0	0
14	25	35	4	0.289575
Instant	33
1	596	26	2	0.339806
2	26	13	0	0
3	601	35	4	0.05
4	751	13	0	0
11	26	17	0	0
12	272	48	7	1.10294
13	25	13	0	0
14	32	32	2	0
Instant	34
1	630	24	0	0.509259
2	16	13	0	0
3	655	30	2	0.133929
4	671	13	0	0
11	27	17	0	0
12	270	46	7	0
13	28	13	0	0
14	29	32	3	0
Instant	35
1	654	25	1	0.2693
2	11	13	0	0
3	604	34	3	0
4	687	13	0	0
11	28	16	0	0
12	268	44	7	0.183824
13	27	13	0	0
14	29	31	2	0
Instant	36
1	640	25	1	0
2	16	13	0	0
3	587	34	3	0.201207
4	646	13	0	0
11	27	16	0	0.275735
12	249	41	6	4.04412
13	25	13	0	0
14	28	33	3	0
Instant	37
1	643	24	1	0.271248
2	8	13	0	0
3	615	34	3	0
4	665	13	0	0
11	28	17	0	0
12	249	43	7	1.78571
13	27	13	0	0
14	28	33	3	0
Instant	38
1	620	25	1	0
2	20	13	0	0
3	613	32	2	0
4	681	13	0	0
11	26	17	0	0.283019
12	288	47	7	1.28676
13	26	13	0	0
14	29	31	2	0
Instant	39
1	619	27	1	0
2	15	13	0	0
3	540	36	5	0.792812
4	641	13	0	0
11	27	17	0	0
12	279	48	7	1.47059
13	24	13	0	0
14	27	35	3	0
Instant	40
1	655	25	1	0
2	18	13	0	0
3	623	30	4	0.64695
4	684	13	0	0
11	28	17	1	0
12	265	45	8	2.53378
13	28	13	0	0
14	29	31	2	0
Instant	41
1	640	25	1	0.272232
2	44	13	0	0
3	625	31	2	0
4	659	13	0	0
11	28	17	0	0
12	289	44	7	0.183824
13	27	13	0	0
14	28	33	3	0
Instant	42
1	664	25	1	0
2	38	13	0	0
3	622	29	2	0.514019
4	672	13	0	0
11	28	17	0	0
12	262	43	7	1.47059
13	27	13	0	0
14	29	32	2	0
Instant	43
1	588	25	1	0.578035
2	34	13	0	0
3	679	31	3	0
4	675	13	0	0
11	26	17	0	0
12	267	51	8	0.168919
13	29	13	0	0
14	29	33	3	0
Instant	44
1	685	25	0	0
2	43	13	0	0
3	634	35	3	0.0475285
4	655	13	0	0
11	28	17	0	0
12	278	45	8	1.83824
13	27	13	0	0
14	28	32	3	0
Instant	45
1	619	25	1	0.281426
2	11	13	0	0
3	620	32	2	0
4	658	13	0	0
11	27	17	0	0
12	272	48	7	0
13	27	13	0	0
14	28	33	3	0
Instant	46
1	571	25	1	0.595238
2	24	13	0	0
3	594	33	3	0.244141
4	644	13	0	0
11	25	16	0	0.3
12	249	48	10	2.87162
13	25	13	0	0
14	27	33	3	0
Instant	47
1	641	24	1	0.271739
2	24	13	0	0
3	621	33	3	0
4	612	13	0	0
11	28	17	0	0
12	292	43	5	0.183824
13	26	13	0	0
14	27	31	3	0.287356
Instant	48
1	649	26	1	0
2	35	13	0	0
3	615	33	3	0
4	621	13	0	0
11	27	17	0	0
12	268	42	6	0
13	26	13	0	0
14	26	32	3	0
Instant	49
1	662	25	0	0
2	21	13	0	0
3	620	33	2	0
4	620	13	0	0
11	29	16	0	0
12	248	42	7	1.19048
13	26	13	0	0
14	27	32	3	0
Instant	50
1	691	23	0	0
2	20	13	0	0
3	598	31	3	0.439453
4	606	13	0	0
11	30	17	0	0
12	305	37	5	0
13	26	13	0	0
14	25	33	3	0
Instant	51
1	639	26	1	0
2	24	13	0	0
3	640	31	3	0.0452899
4	592	13	0	0
11	27	17	1	0
12	286	40	7	0.367647
13	28	13	0	0
14	25	32	4	0.296443
Instant	52
1	662	24	0	0
2	34	13	0	0
3	621	30	2	0.283554
4	600	13	0	0
11	28	18	1	0
12	245	36	5	1.73611
13	26	13	0	0
14	26	33	4	0
Instant	53
1	655	25	1	0
2	30	13	0	0
3	591	34	3	0.0488281
4	592	13	0	0
11	28	17	0	0
12	267	44	6	2.38971
13	26	13	0	0
14	25	34	3	0
Instant	54
1	635	25	1	0.0451264
2	40	13	0	0
3	614	30	2	0
4	587	13	0	0
11	28	18	0	0
12	253	49	8	3.86029
13	27	13	0	0
14	25	32	3	0.3
Instant	55
1	698	24	0	0
2	18	13	0	0
3	637	32	3	0.426136
4	625	13	0	0
11	29	16	0	0
12	273	36	5	0
13	27	13	0	0
14	27	31	2	0
Instant	56
1	644	24	1	0.267857
2	37	13	0	0
3	613	32	2	0
4	613	13	0	0
11	28	17	0	0
12	265	46	7	2.57353
13	27	13	0	0
14	26	32	3	0
Instant	57
1	691	24	1	0
2	43	13	0	0
3	627	32	2	0
4	619	13	0	0
11	29	16	0	0
12	271	44	7	0.919118
13	27	13	0	0
14	27	32	3	0
Instant	58
1	677	24	0	0
2	37	13	0	0
3	580	33	3	0.446429
4	628	13	0	0
11	29	16	0	0
12	263	44	7	1.18243
13	25	13	0	0
14	27	32	3	0
Instant	59
1	631	26	1	0.185529
2	29	13	0	0
3	620	32	2	0.0468165
4	598	13	0	0
11	27	16	0	0
12	291	47	8	0.551471
13	27	13	0	0
14	26	33	3	0
Instant	60
1	654	25	1	0.173913
2	20	13	0	0
3	641	31	2	0
4	614	13	0	0
11	29	17	0	0
12	278	45	7	0.183824
13	27	13	0	0
14	26	31	3	0
Instant	61
1	670	25	1	0
2	20	13	0	0
3	627	32	2	0
4	627	13	0	0
11	28	16	0	0
12	270	44	7	0.595238
13	27	13	0	0
14	27	32	3	0
Instant	62
1	681	25	1	0
2	33	13	0	0
3	591	31	2	0.582524
4	620	13	0	0
11	29	16	0	0
12	324	46	7	0.183824
13	26	13	0	0
14	26	31	2	0
Instant	63
1	679	24	1	0
2	19	13	0	0
3	586	33	2	0.198413
4	641	13	0	0
11	29	16	0	0
12	290	49	7	0
13	25	13	0	0
14	27	31	3	0
Instant	64
1	677	24	1	0
2	15	13	0	0
3	651	30	1	0.268336
4	619	13	0	0
11	29	17	0	0
12	275	40	7	0.168919
13	28	13	0	0
14	27	32	3	0
Instant	65
1	655	24	0	0
2	20	13	0	0
3	642	31	2	0
4	628	13	0	0
11	28	17	0	0.268817
12	305	42	7	0
13	28	13	0	0
14	27	32	3	0
Instant	66
1	591	25	1	0.147348
2	34	13	0	0
3	588	33	4	0.290698
4	640	13	0	0
11	25	17	0	0.294118
12	257	45	7	0.735294
13	26	13	0	0
14	27	30	2	0
Instant	67
1	657	26	1	0.134168
2	22	13	0	0
3	647	31	2	0.138889
4	614	13	0	0
11	28	16	0	0
12	267	44	7	0.675676
13	27	13	0	0
14	26	32	3	0
Instant	68
1	684	24	1	0
2	16	13	0	0
3	646	31	3	0
4	641	13	0	0
11	29	17	0	0
12	291	39	8	0
13	28	13	0	0
14	27	30	2	0
Instant	69
1	662	26	1	0
2	17	13	0	0
3	592	34	2	0
4	606	13	0	0
11	28	16	0	0
12	273	48	6	0.367647
13	26	13	0	0
14	26	32	3	0
Instant	70
1	656	26	0	0
2	27	13	0	0
3	596	34	2	0.295276
4	613	13	0	0
11	28	16	0	0
12	277	43	6	0
13	26	13	0	0
14	26	33	3	0
Instant	71
1	662	25	1	0
2	36	13	0	0
3	592	34	3	0
4	599	13	0	0
11	29	17	0	0
12	273	40	5	1.28676
13	26	13	0	0
14	26	33	3	0
Instant	72
1	646	24	1	0.272727
2	32	13	0	0
3	611	34	3	0
4	585	13	0	0
11	28	17	0	0
12	273	42	6	0
13	26	13	0	0
14	25	34	4	0
Instant	73
1	684	24	1	0
2	20	13	0	0
3	620	32	2	0
4	641	13	0	0
11	29	16	0	0
12	255	38	5	1.06707
13	26	13	0	0
14	27	31	3	0
Instant	74
1	656	26	1	0
2	26	13	0	0
3	586	34	3	0.197628
4	620	13	0	0
11	28	17	0	0
12	305	44	7	0.919118
13	26	13	0	0
14	26	32	3	0
Instant	75
1	662	24	0	0
2	28	13	0	0
3	653	31	2	0.179856
4	620	13	0	0
11	29	17	0	0
12	280	46	8	0.378788
13	28	13	0	0
14	27	31	3	0
Instant	76
1	656	26	1	0
2	29	13	0	0
3	608	34	3	0.0484496
4	590	13	0	0
11	28	17	0	0
12	271	43	8	1.04167
13	26	13	0	0
14	25	35	3	0
Instant	77
1	634	26	1	0
2	41	13	0	0
3	619	32	2	0.0464684
4	614	13	0	0
11	28	18	0	0
12	285	44	8	1.17188
13	27	13	0	0
14	26	32	3	0
Instant	78
1	655	27	1	0
2	40	13	0	0
3	646	31	2	0
4	592	13	0	0
11	28	16	0	0
12	258	46	8	1.36719
13	27	13	0	0
14	26	34	3	0
Instant	79
1	684	24	0	0
2	20	13	0	0
3	629	31	2	0
4	626	13	0	0
11	29	16	0	0
12	272	41	7	0
13	27	13	0	0
14	27	32	3	0
Instant	80
1	669	26	1	0
2	27	13	0	0
3	637	29	2	0.276753
4	628	13	0	0
11	28	16	0	0
12	291	39	6	0.378788
13	27	13	0	0
14	27	31	2	0
Instant	81
1	613	25	1	0.280899
2	19	13	0	0
3	610	33	3	0
4	606	13	0	0
11	27	17	0	0
12	255	39	7	0
13	27	13	0	0
14	26	33	3	0
Instant	82
1	692	24	1	0
2	37	13	0	0
3	655	30	2	0
4	627	13	0	0
11	29	16	0	0
12	271	38	5	1.07143
13	28	13	0	0
14	26	31	2	0
Instant	83
1	659	26	1	0.044964
2	24	13	0	0
3	641	31	2	0
4	634	13	0	0
11	28	17	0	0
12	278	44	6	1.70455
13	27	13	0	0
14	27	31	3	0
Instant	84
1	677	24	0	0
2	43	13	0	0
3	639	30	3	0
4	627	13	0	0
11	29	16	0	0
12	269	43	6	0
13	28	13	0	0
14	27	30	2	0.280899
Instant	85
1	673	25	1	0.0431034
2	40	13	0	0
3	653	30	2	0
4	663	13	0	0
11	29	16	0	0
12	265	45	8	1.12179
13	28	13	0	0
14	28	28	2	0
Instant	86
1	641	26	1	0
2	35	13	0	0
3	592	35	3	0.0503018
4	606	13	0	0
11	28	17	0	0
12	314	45	7	1.47059
13	25	13	0	0
14	26	32	3	0.290698
Instant	87
1	611	25	1	0.332068
2	30	13	0	0
3	621	32	2	0
4	634	13	0	0
11	27	16	0	0
12	282	40	6	0.183824
13	27	13	0	0
14	27	31	3	0
Instant	88
1	691	24	1	0
2	36	13	0	0
3	641	31	2	0
4	592	13	0	0
11	29	16	0	0
12	271	48	7	0
13	27	13	0	0
14	26	33	3	0
Instant	89
1	691	24	0	0
2	29	13	0	0
3	611	32	2	0
4	641	13	0	0
11	30	16	0	0
12	276	38	6	1.47059
13	26	13	0	0
14	27	31	2	0
Instant	90
1	626	24	1	0.465549
2	12	13	0	0
3	581	32	3	0.738189
4	620	13	0	0
11	27	16	0	0
12	242	45	8	2.53906
13	25	13	0	0
14	27	32	3	0
Instant	91
1	650	26	1	0
2	19	13	0	0
3	591	33	2	0.146484
4	627	13	0	0
11	28	17	0	0
12	237	42	8	2.36486
13	26	13	0	0
14	27	31	2	0
Instant	92
1	606	24	1	0.561798
2	39	13	0	0
3	615	33	3	0
4	585	13	0	0
11	27	17	0	0
12	251	42	6	3.97727
13	27	13	0	0
14	25	34	4	0
Instant	93
1	692	24	0	0
2	9	13	0	0
3	641	32	3	0.0462107
4	627	13	0	0
11	30	16	0	0
12	270	38	5	0.568182
13	27	13	0	0
14	27	32	4	0
Instant	94
1	614	25	1	0.281426
2	40	13	0	0
3	652	30	3	0
4	627	13	0	0
11	27	16	0	0
12	256	43	7	0.844595
13	28	13	0	0
14	27	31	2	0
Instant	95
1	653	25	1	0
2	25	13	0	0
3	632	30	2	0.281955
4	612	13	0	0
11	28	17	0	0
12	286	40	7	0
13	27	13	0	0
14	26	31	3	0.287356
Instant	96
1	650	24	1	0.404676
2	39	13	0	0
3	603	34	3	0
4	607	13	0	0
11	28	17	0	0
12	251	42	7	2.02206
13	26	13	0	0
14	26	33	3	0
Instant	97
1	677	24	0	0
2	35	13	0	0
3	639	31	2	0
4	626	13	0	0
11	29	17	0	0
12	269	40	6	0
13	28	13	0	0
14	27	31	3	0
Instant	98
1	554	27	1	0.670103
2	21	13	0	0
3	620	33	3	0.0954198
4	614	13	0	0
11	24	17	0	0
12	312	48	7	2.57353
13	26	13	0	0
14	26	32	3	0
Instant	99
1	677	24	1	0
2	17	13	0	0
3	620	33	2	0
4	620	13	0	0
11	29	16	0	0
12	262	44	8	0.551471
13	26	13	0	0
14	27	32	3	0
Instant	100
1	691	24	0	0
2	15	13	0	0
3	648	30	2	0
4	641	13	0	0
11	29	16	0	0
12	255	38	4	1.35135
13	28	13	0	0
14	27	31	2	0
Instant	101
1	649	26	1	0
2	19	13	0	0
3	575	35	2	0.0992064
4	613	13	0	0
11	28	17	0	0
12	281	47	7	1.28676
13	25	13	0	0
14	27	32	3	0
Instant	102
1	669	25	1	0
2	11	13	0	0
3	653	31	2	0
4	627	13	0	0
11	28	16	0	0
12	271	41	7	0.551471
13	27	13	0	0
14	27	31	3	0
Instant	103
1	670	25	1	0
2	36	13	0	0
3	620	32	2	0
4	613	13	0	0
11	28	17	0	0
12	271	49	8	0.168919
13	27	13	0	0
14	26	33	3	0
Instant	104
1	698	23	0	0
2	59	13	0	0
3	646	31	1	0
4	641	13	0	0
11	30	17	0	0
12	294	35	3	0
13	28	13	0	0
14	28	30	2	0
Instant	105
1	662	25	1	0
2	39	13	0	0
3	554	33	3	0.612245
4	605	13	0	0
11	28	17	0	0
12	267	44	7	0.367647
13	25	13	0	0
14	25	33	3	0
Instant	106
1	662	25	1	0
2	5	13	0	0
3	611	32	2	0
4	620	13	0	0
11	29	16	0	0
12	265	44	8	0.844595
13	26	13	0	0
14	26	33	3	0
Instant	107
1	640	27	1	0
2	25	13	0	0
3	621	32	3	0.276753
4	593	13	0	0
11	26	17	0	0
12	277	46	8	0.919118
13	27	13	0	0
14	26	33	3	0
Instant	108
1	651	25	1	0.0443262
2	13	13	0	0
3	625	32	3	0
4	627	13	0	0
11	28	17	0	0
12	269	40	8	1.10294
13	27	13	0	0
14	27	32	3	0
Instant	109
1	677	25	0	0
2	34	13	0	0
3	619	33	2	0
4	620	13	0	0
11	29	16	0	0
12	251	38	5	1.19048
13	26	13	0	0
14	26	32	3	0
Instant	110
1	639	26	1	0
2	24	13	0	0
3	608	33	3	0
4	599	13	0	0
11	27	17	0	0
12	290	44	9	0.78125
13	26	13	0	0
14	26	33	3	0
Instant	111
1	655	25	1	0
2	27	13	0	0
3	565	37	4	0.209644
4	599	13	0	0
11	28	17	0	0
12	283	52	9	2.20588
13	24	13	0	0
14	25	33	3	0
Instant	112
1	676	24	1	0
2	27	13	0	0
3	622	31	3	0.191939
4	606	13	0	0
11	29	17	0	0
12	261	44	7	0.506757
13	26	13	0	0
14	26	33	3	0
Instant	113
1	684	24	1	0
2	19	13	0	0
3	619	32	2	0
4	613	13	0	0
11	29	16	0	0
12	263	37	7	0.919118
13	27	13	0	0
14	26	32	3	0
Instant	114
1	695	24	0	0
2	16	13	0	0
3	655	31	2	0
4	655	13	0	0
11	30	16	0	0
12	282	46	7	0.735294
13	27	13	0	0
14	28	29	2	0
Instant	115
1	684	24	1	0
2	34	13	0	0
3	639	31	2	0
4	634	13	0	0
11	29	16	0	0
12	270	42	6	0
13	27	13	0	0
14	27	31	2	0
Instant	116
1	691	24	0	0
2	10	13	0	0
3	613	32	2	0
4	620	13	0	0
11	29	17	0	0
12	303	43	6	0
13	27	13	0	0
14	26	32	3	0
Instant	117
1	663	24	1	0
2	15	13	0	0
3	651	31	2	0
4	641	13	0	0
11	28	17	1	0
12	255	44	7	1.47059
13	28	13	0	0
14	27	31	3	0
Instant	118
1	698	24	0	0
2	9	13	0	0
3	651	30	3	0
4	641	13	0	0
11	30	16	0	0
12	274	41	6	0
13	28	13	0	0
14	28	30	2	0
Instant	119
1	677	24	0	0
2	20	13	0	0
3	645	30	2	0.0454545
4	620	13	0	0
11	29	16	0	0
12	293	42	7	0
13	28	13	0	0
14	26	32	3	0
