	T	D	J	LP
Instant	0
1	0	0	0	0
2	0	0	0	0
3	0	0	0	0
4	0	0	0	0
11	0	0	0	0
12	0	0	0	0
13	0	0	0	0
14	0	0	0	0
Instant	1
1	505	27	1	0
2	17	13	0	0
3	275	39	4	0
4	474	14	0	0
11	20	16	0	0
12	138	44	7	0
13	12	13	0	0
14	16	31	3	0
Instant	2
1	1996	30	2	0.202664
2	20	13	0	0
3	929	43	7	0.75
4	2840	14	0	0
11	89	16	0	0
12	289	51	9	2.38971
13	41	13	0	0
14	126	32	1	0
Instant	3
1	2092	25	2	0
2	43	13	0	0
3	874	41	5	0.362319
4	2705	14	0	0
11	90	17	0	0
12	310	60	10	1.10294
13	38	13	0	0
14	120	32	1	0
Instant	4
1	1414	26	2	0
2	32	13	0	0
3	967	39	5	0.682088
4	1891	13	0	0
11	63	17	0	0
12	264	54	10	2.36486
13	43	13	0	0
14	84	34	1	0
Instant	5
1	1021	26	1	0
2	20	13	0	0
3	978	37	5	0.236407
4	1492	13	0	0
11	43	16	0	0.34642
12	277	51	12	2.02206
13	43	13	0	0
14	65	35	2	0
Instant	6
1	977	26	1	0.238663
2	31	13	0	0
3	796	38	5	1.00143
4	1635	13	0	0
11	43	16	0	0
12	261	48	9	3.49265
13	36	13	0	0
14	71	32	1	0
Instant	7
1	1050	24	1	0
2	34	13	0	0
3	946	35	4	0.0618812
4	1731	13	0	0
11	45	17	0	0
12	273	42	7	0
13	41	13	0	0
14	78	32	1	0
Instant	8
1	1034	25	1	0
2	9	13	0	0
3	843	36	4	0.550206
4	1355	13	0	0
11	46	17	0	0
12	285	47	7	0
13	38	13	0	0
14	58	35	2	0
Instant	9
1	1003	26	2	0
2	33	13	0	0
3	805	35	5	0.470333
4	1266	13	0	0
11	44	17	0	0
12	254	48	10	2.20588
13	35	13	0	0
14	56	33	1	0
Instant	10
1	1001	26	1	0
2	22	13	0	0
3	779	37	5	0.262369
4	1393	13	0	0
11	44	16	0	0
12	264	47	7	0
13	34	13	0	0
14	60	33	2	0
Instant	11
1	1025	24	1	0
2	27	13	0	0
3	835	32	4	0.103448
4	1399	13	0	0
11	43	16	0	0
12	278	42	7	0.735294
13	37	13	0	0
14	62	33	1	0
Instant	12
1	904	25	1	0.161499
2	21	13	0	0
3	815	37	3	0
4	1295	13	0	0
11	39	17	0	0
12	265	44	7	0.367647
13	35	13	0	0
14	56	34	1	0
Instant	13
1	741	27	2	0
2	12	13	0	0
3	723	37	4	0.279107
4	995	13	0	0
11	32	16	0	0.39557
12	268	50	8	0.446429
13	32	13	0	0
14	43	33	2	0.591017
Instant	14
1	580	30	2	0.697211
2	30	13	0	0
3	683	34	4	0
4	1042	13	0	0
11	25	17	0	0
12	294	55	9	0.919118
13	29	13	0	0
14	44	33	2	0
Instant	15
1	545	30	2	0.516529
2	11	13	0	0
3	667	33	4	1.00167
4	1001	13	0	0
11	24	16	0	0
12	275	45	8	3.67647
13	30	13	0	0
14	44	33	2	0
Instant	16
1	626	28	2	0
2	32	13	0	0
3	560	38	6	1.02459
4	973	13	0	0
11	26	17	0	0
12	256	49	6	1.35135
13	25	13	0	0
14	43	33	2	0
Instant	17
1	646	26	1	0
2	35	13	0	0
3	666	34	3	0.686106
4	940	13	0	0
11	28	16	0	0
12	285	42	6	0
13	29	13	0	0
14	41	32	2	0
Instant	18
1	593	25	1	0.342466
2	40	13	0	0
3	619	36	4	0.0471698
4	960	13	0	0
11	26	18	1	0
12	264	49	8	0.735294
13	27	13	0	0
14	41	33	2	0.306373
Instant	19
1	621	26	1	0.283554
2	31	13	0	0
3	579	35	4	0.309278
4	895	13	0	0
11	26	17	0	0
12	270	48	8	0
13	24	13	0	0
14	39	34	2	0
Instant	20
1	574	26	1	0.591716
2	35	13	0	0
3	562	34	3	0.352823
4	954	13	0	0
11	25	17	0	0
12	273	42	7	1.65441
13	25	13	0	0
14	41	33	3	0
Instant	21
1	674	24	0	0
2	42	13	0	0
3	661	30	2	0.0448029
4	1037	13	0	0
11	29	17	0	0
12	272	48	7	0
13	28	13	0	0
14	45	33	2	0
Instant	22
1	638	25	1	0.273224
2	35	13	0	0
3	627	31	2	0
4	968	13	0	0
11	28	16	0	0
12	267	38	5	0.506757
13	27	13	0	0
14	42	32	2	0
Instant	23
1	600	24	1	0.573614
2	29	13	0	0
3	596	34	3	0.147059
4	827	13	0	0
11	26	17	0	0
12	290	41	8	0.183824
13	25	13	0	0
14	36	33	2	0
Instant	24
1	619	26	1	0.281426
2	28	13	0	0
3	581	33	3	0.590551
4	773	13	0	0
11	27	17	0	0
12	262	48	6	0.183824
13	26	13	0	0
14	33	32	3	0
Instant	25
1	617	25	1	0.617871
2	23	13	0	0
3	599	35	3	0.0496032
4	839	13	0	0
11	26	17	0	0
12	246	41	8	1.93452
13	25	13	0	0
14	37	32	2	0
Instant	26
1	634	26	1	0
2	35	13	0	0
3	567	34	4	0.446429
4	900	13	0	0
11	28	18	1	0
12	333	43	7	0
13	25	13	0	0
14	38	34	2	0
Instant	27
1	655	25	1	0
2	12	13	0	0
3	618	31	2	0.281955
4	1161	13	0	0
11	28	16	0	0
12	255	49	8	2.02206
13	27	13	0	0
14	50	31	1	0
Instant	28
1	609	25	1	0.292398
2	17	13	0	0
3	512	39	5	0.833333
4	996	13	0	0
11	26	17	0	0
12	275	47	8	0
13	23	13	0	0
14	44	31	2	0
Instant	29
1	632	25	1	0.272727
2	22	13	0	0
3	597	34	4	0
4	1021	13	0	0
11	28	17	0	0
12	297	41	6	0
13	25	13	0	0
14	45	30	2	0
Instant	30
1	566	28	1	0.359343
2	35	13	0	0
3	537	33	2	0.997899
4	817	13	0	0
11	24	17	0	0
12	263	47	9	1.28676
13	24	13	0	0
14	35	34	3	0
Instant	31
1	574	26	1	0.339806
2	41	13	0	0
3	530	37	4	0.747863
4	786	13	0	0
11	26	17	0	0
12	233	41	7	3.5473
13	23	13	0	0
14	34	33	2	0
Instant	32
1	635	26	1	0.279851
2	22	13	0	0
3	612	33	3	0
4	743	13	0	0
11	27	16	0	0
12	289	43	7	0.735294
13	26	13	0	0
14	33	32	3	0
Instant	33
1	559	29	2	0.362319
2	26	13	0	0
3	579	37	4	0
4	760	13	0	0
11	24	16	0	0
12	246	49	10	2.02206
13	25	13	0	0
14	32	33	3	0
Instant	34
1	649	26	1	0.271739
2	49	13	0	0
3	555	34	3	0.309917
4	734	13	0	0
11	28	17	0	0
12	255	44	6	2.36486
13	24	13	0	0
14	32	32	2	0
Instant	35
1	662	24	1	0.263158
2	24	13	0	0
3	634	31	1	0
4	805	13	0	0
11	29	16	0	0
12	286	40	5	0
13	27	13	0	0
14	35	31	2	0
Instant	36
1	668	25	1	0
2	14	13	0	0
3	600	34	3	0
4	788	13	0	0
11	29	17	0	0
12	264	47	7	0.919118
13	26	13	0	0
14	33	32	3	0
Instant	37
1	639	26	1	0.320513
2	19	13	0	0
3	590	34	2	0.0496032
4	706	13	0	0
11	27	17	0	0
12	263	47	7	0.446429
13	25	13	0	0
14	31	33	3	0
Instant	38
1	651	26	1	0
2	15	13	0	0
3	600	34	4	0.0483559
4	806	13	0	0
11	28	17	0	0
12	320	42	7	0.919118
13	26	13	0	0
14	34	31	2	0
Instant	39
1	641	25	1	0
2	32	13	0	0
3	551	35	4	0.368421
4	756	13	0	0
11	27	17	0	0.274725
12	273	49	7	0.551471
13	24	13	0	0
14	33	31	3	0
Instant	40
1	610	25	1	0.289017
2	42	13	0	0
3	597	35	3	0.0502008
4	768	13	0	0
11	26	16	0	0
12	259	45	7	2.02703
13	25	13	0	0
14	33	33	3	0
Instant	41
1	611	26	1	0.285171
2	41	13	0	0
3	570	34	4	0
4	658	13	0	0
11	26	17	0	0
12	291	44	7	0.551471
13	25	13	0	0
14	28	35	4	0.267857
Instant	42
1	620	27	1	0
2	4	13	0	0
3	622	31	3	0.279851
4	669	13	0	0
11	27	17	0	0
12	265	43	7	0.551471
13	27	13	0	0
14	29	31	3	0
Instant	43
1	656	26	1	0
2	38	13	0	0
3	546	35	3	0.671488
4	625	13	0	0
11	27	17	0	0
12	252	50	8	1.68919
13	24	13	0	0
14	27	36	3	0
Instant	44
1	639	24	1	0.539568
2	28	13	0	0
3	612	34	3	0
4	647	13	0	0
11	28	17	0	0
12	295	43	7	0
13	26	13	0	0
14	28	34	3	0
Instant	45
1	693	24	1	0.0862069
2	22	13	0	0
3	611	33	3	0
4	688	13	0	0
11	29	16	0	0
12	259	41	5	1.28676
13	27	13	0	0
14	30	31	2	0
Instant	46
1	634	25	1	0.265957
2	27	13	0	0
3	592	34	3	0.0496032
4	694	13	0	0
11	28	16	0	0
12	259	41	6	1.35135
13	25	13	0	0
14	30	31	2	0
Instant	47
1	620	27	1	0.286807
2	41	13	0	0
3	575	36	4	0.15213
4	689	13	0	0
11	26	16	0	0
12	289	47	8	0
13	25	13	0	0
14	30	32	3	0
Instant	48
1	629	25	1	0
2	28	13	0	0
3	621	32	2	0
4	727	13	0	0
11	28	17	0	0
12	256	44	7	1.10294
13	27	13	0	0
14	31	32	4	0
Instant	49
1	582	27	1	0.506073
2	31	13	0	0
3	627	33	4	0
4	661	13	0	0
11	25	17	0	0
12	252	48	6	1.19048
13	26	13	0	0
14	28	32	2	0
Instant	50
1	613	25	1	0.601852
2	22	13	0	0
3	618	32	3	0
4	620	13	0	0
11	27	16	0	0
12	324	47	7	0.735294
13	27	13	0	0
14	27	32	3	0.284091
Instant	51
1	605	25	1	0.281426
2	37	13	0	0
3	549	35	3	0.634249
4	592	13	0	0
11	27	17	0	0
12	266	46	7	0.183824
13	24	13	0	0
14	25	33	3	0.297619
Instant	52
1	592	26	1	0.581395
2	16	13	0	0
3	611	33	2	0
4	620	13	0	0
11	26	17	0	0
12	265	37	5	1.21528
13	26	13	0	0
14	27	32	3	0
Instant	53
1	677	25	1	0
2	17	13	0	0
3	631	31	3	0.184502
4	620	13	0	0
11	28	16	0	0
12	280	37	5	0.551471
13	27	13	0	0
14	27	31	3	0
Instant	54
1	647	24	1	0.317029
2	38	13	0	0
3	597	34	3	0
4	606	13	0	0
11	28	16	0	0
12	264	45	7	0.735294
13	26	13	0	0
14	26	33	3	0
Instant	55
1	634	25	1	0
2	23	13	0	0
3	608	32	2	0.282486
4	620	13	0	0
11	28	16	0	0
12	273	41	7	1.18243
13	27	13	0	0
14	27	32	3	0
Instant	56
1	630	28	2	0.0487329
2	18	13	0	0
3	572	37	3	0.0512295
4	592	13	0	0
11	26	17	0	0
12	289	43	7	0
13	24	13	0	0
14	25	32	2	0.297619
Instant	57
1	657	25	1	0
2	37	13	0	0
3	606	35	3	0
4	613	13	0	0
11	29	16	0	0
12	251	41	6	2.75735
13	26	13	0	0
14	26	33	2	0
Instant	58
1	620	26	1	0
2	45	13	0	0
3	601	33	2	0
4	585	13	0	0
11	26	17	1	0
12	261	48	8	1.18243
13	26	13	0	0
14	25	34	3	0
Instant	59
1	658	25	1	0.265018
2	30	13	0	0
3	608	31	2	0.192308
4	605	13	0	0
11	29	16	0	0
12	296	39	6	0.183824
13	26	13	0	0
14	25	32	3	0.290698
Instant	60
1	684	24	0	0
2	32	13	0	0
3	634	32	3	0
4	614	13	0	0
11	30	16	0	0
12	278	42	6	0
13	27	13	0	0
14	27	32	3	0
Instant	61
1	693	24	1	0
2	6	13	0	0
3	596	34	3	0.0992064
4	613	13	0	0
11	29	17	0	0
12	263	43	6	1.04167
13	25	13	0	0
14	26	31	3	0.287356
Instant	62
1	670	24	1	0
2	21	13	0	0
3	549	33	2	0.560081
4	613	13	0	0
11	30	17	0	0
12	311	42	6	0
13	25	13	0	0
14	26	32	2	0
Instant	63
1	655	25	1	0.271739
2	21	13	0	0
3	631	32	3	0.141777
4	620	13	0	0
11	28	17	0	0
12	306	47	8	0
13	27	13	0	0
14	27	32	3	0
Instant	64
1	634	26	1	0
2	48	13	0	0
3	608	33	3	0.142586
4	552	13	0	0
11	27	17	0	0
12	273	48	8	0
13	27	13	0	0
14	23	33	4	0.635593
Instant	65
1	613	27	1	0
2	35	13	0	0
3	574	36	3	0
4	621	13	0	0
11	27	18	1	0
12	265	45	8	2.94118
13	25	13	0	0
14	26	32	2	0
Instant	66
1	670	25	0	0
2	34	13	0	0
3	611	33	3	0
4	599	13	0	0
11	28	17	0	0
12	273	37	6	1.28676
13	26	13	0	0
14	25	32	3	0.294118
Instant	67
1	661	24	1	0.26362
2	30	13	0	0
3	598	34	3	0.193798
4	620	13	0	0
11	29	16	0	0
12	256	41	5	1.01351
13	26	13	0	0
14	27	31	3	0
Instant	68
1	692	24	0	0
2	13	13	0	0
3	646	31	2	0
4	648	13	0	0
11	30	16	0	0
12	291	37	5	0
13	28	13	0	0
14	28	30	2	0
Instant	69
1	691	24	0	0
2	37	13	0	0
3	625	32	2	0
4	648	13	0	0
11	29	16	0	0
12	277	42	5	0
13	26	13	0	0
14	28	30	2	0
Instant	70
1	639	26	1	0.275735
2	40	13	0	0
3	597	33	3	0.195312
4	607	13	0	0
11	27	16	0	0
12	274	44	8	0.337838
13	26	13	0	0
14	25	32	3	0.289575
Instant	71
1	677	24	1	0
2	4	13	0	0
3	620	31	2	0
4	647	13	0	0
11	29	16	0	0
12	291	37	5	0
13	27	13	0	0
14	27	30	2	0
Instant	72
1	655	26	1	0
2	17	13	0	0
3	528	36	4	0.387168
4	550	13	0	0
11	28	16	0	0
12	264	44	8	1.13636
13	23	13	0	0
14	24	35	3	0
Instant	73
1	681	23	0	0
2	12	13	0	0
3	609	31	3	0.3327
4	636	13	0	0
11	30	17	0	0
12	262	42	6	0
13	26	13	0	0
14	27	30	3	0.277778
Instant	74
1	609	26	1	0
2	15	13	0	0
3	476	34	3	0.880282
4	606	13	0	0
11	26	16	0	0
12	319	47	6	0
13	21	13	0	0
14	26	33	3	0
Instant	75
1	651	24	0	0.270758
2	15	13	0	0
3	593	33	2	0.580271
4	620	13	0	0
11	28	17	0	0
12	267	46	5	1.89394
13	26	13	0	0
14	27	32	3	0
Instant	76
1	660	26	1	0
2	30	13	0	0
3	598	32	4	0.391389
4	620	13	0	0
11	28	17	0	0
12	232	41	9	3.64583
13	26	13	0	0
14	26	32	3	0
Instant	77
1	606	26	1	0.581395
2	27	13	0	0
3	585	36	3	0
4	592	13	0	0
11	26	17	0	0
12	248	43	9	3.51562
13	25	13	0	0
14	25	34	3	0
Instant	78
1	641	23	0	0.179856
2	24	13	0	0
3	639	32	3	0
4	634	13	0	0
11	28	17	0	0
12	266	38	6	2.34375
13	27	13	0	0
14	27	31	3	0
Instant	79
1	641	27	1	0
2	15	13	0	0
3	559	36	2	0
4	592	13	0	0
11	28	16	0	0
12	270	50	8	0.168919
13	24	13	0	0
14	26	34	3	0
Instant	80
1	627	27	1	0.280899
2	31	13	0	0
3	640	33	4	0.319343
4	578	13	0	0
11	27	16	0	0
12	288	44	9	0
13	28	13	0	0
14	25	35	4	0
Instant	81
1	681	24	1	0
2	39	13	0	0
3	810	30	3	0.0360231
4	627	13	0	0
11	28	17	0	0
12	272	39	6	0
13	35	13	0	0
14	26	31	3	0
Instant	82
1	634	26	1	0
2	46	13	0	0
3	649	32	3	0.881834
4	576	13	0	0
11	28	17	0	0
12	263	40	7	0.714286
13	29	13	0	0
14	25	35	4	0
Instant	83
1	681	24	1	0
2	21	13	0	0
3	602	33	3	0.244141
4	614	13	0	0
11	29	16	0	0
12	283	42	8	0.94697
13	26	13	0	0
14	27	33	3	0
Instant	84
1	649	24	1	0.268336
2	40	13	0	0
3	646	31	2	0
4	627	13	0	0
11	28	16	0	0
12	264	47	8	0.568182
13	27	13	0	0
14	27	31	3	0
Instant	85
1	627	25	0	0.277778
2	26	13	0	0
3	559	34	3	0.349301
4	613	13	0	0
11	27	17	0	0
12	279	41	9	0
13	25	13	0	0
14	26	33	3	0
Instant	86
1	660	25	1	0.132743
2	30	13	0	0
3	609	33	4	0
4	606	13	0	0
11	29	16	0	0
12	318	45	6	0.735294
13	26	13	0	0
14	26	33	3	0
Instant	87
1	678	25	0	0
2	16	13	0	0
3	587	35	3	0.154321
4	634	13	0	0
11	28	16	0	0
12	270	41	6	1.28676
13	24	13	0	0
14	27	31	3	0
Instant	88
1	669	26	1	0
2	38	13	0	0
3	630	31	2	0
4	613	13	0	0
11	29	16	0	0
12	257	43	8	0.844595
13	28	13	0	0
14	26	32	3	0
Instant	89
1	662	25	1	0
2	28	13	0	0
3	648	30	3	0
4	620	13	0	0
11	28	17	0	0
12	284	42	7	1.10294
13	28	13	0	0
14	26	32	3	0.284091
Instant	90
1	669	25	1	0
2	17	13	0	0
3	649	30	2	0
4	606	13	0	0
11	29	16	0	0
12	272	45	8	0
13	27	13	0	0
14	26	31	2	0
Instant	91
1	687	24	1	0.130208
2	21	13	0	0
3	600	32	2	0.337838
4	627	13	0	0
11	29	16	0	0
12	269	40	4	0
13	26	13	0	0
14	26	32	3	0.280899
Instant	92
1	653	25	1	0
2	33	13	0	0
3	597	33	3	0.383142
4	585	13	0	0
11	28	17	0	0
12	287	42	7	0.568182
13	26	13	0	0
14	26	33	3	0
Instant	93
1	677	24	1	0
2	21	13	0	0
3	566	34	3	0.310559
4	641	13	0	0
11	28	17	0	0
12	262	42	6	0
13	24	13	0	0
14	27	31	2	0
Instant	94
1	654	25	1	0
2	16	13	0	0
3	552	32	3	0.774793
4	620	13	0	0
11	28	17	0	0
12	247	47	7	2.02703
13	24	13	0	0
14	27	32	3	0
Instant	95
1	633	26	1	0.0453721
2	27	13	0	0
3	620	33	2	0
4	620	13	0	0
11	28	18	1	0
12	283	49	8	0.367647
13	27	13	0	0
14	27	32	2	0
Instant	96
1	678	23	0	0
2	14	13	0	0
3	625	30	2	0.327715
4	606	13	0	0
11	28	17	0	0
12	262	46	6	0.735294
13	27	13	0	0
14	26	33	3	0
Instant	97
1	632	25	1	0.272727
2	25	13	0	0
3	539	36	4	0.945378
4	620	13	0	0
11	28	18	1	0
12	243	47	7	1.98171
13	24	13	0	0
14	27	32	3	0
Instant	98
1	663	25	1	0
2	23	13	0	0
3	615	32	2	0.288462
4	592	13	0	0
11	28	17	0	0
12	306	41	6	1.28676
13	26	13	0	0
14	25	34	4	0
Instant	99
1	669	25	1	0
2	24	13	0	0
3	620	32	2	0
4	620	13	0	0
11	28	16	0	0
12	290	42	6	0
13	27	13	0	0
14	26	33	3	0
Instant	100
1	663	25	1	0
2	33	13	0	0
3	600	33	3	0.0480769
4	620	13	0	0
11	29	17	0	0
12	261	41	6	0.675676
13	26	13	0	0
14	27	31	2	0
Instant	101
1	663	25	1	0
2	29	13	0	0
3	651	31	2	0
4	606	13	0	0
11	28	17	0	0
12	283	47	8	1.47059
13	28	13	0	0
14	26	33	3	0
Instant	102
1	621	25	1	0.277264
2	51	13	0	0
3	601	33	3	0
4	613	13	0	0
11	27	16	0	0
12	255	41	5	0.919118
13	26	13	0	0
14	26	32	3	0
Instant	103
1	651	24	1	0
2	28	13	0	0
3	587	34	3	0.3
4	606	13	0	0
11	28	18	0	0
12	267	40	8	1.35135
13	25	13	0	0
14	26	34	3	0
Instant	104
1	648	25	0	0
2	33	13	0	0
3	613	32	2	0
4	599	13	0	0
11	28	17	1	0
12	292	44	9	0
13	27	13	0	0
14	26	33	3	0
Instant	105
1	684	25	1	0
2	29	13	0	0
3	605	34	3	0.0490196
4	627	13	0	0
11	28	17	0	0
12	254	41	7	1.47059
13	26	13	0	0
14	26	32	3	0
Instant	106
1	641	26	1	0
2	29	13	0	0
3	608	33	2	0
4	620	13	0	0
11	28	17	0	0
12	267	44	7	0
13	26	13	0	0
14	27	32	3	0
Instant	107
1	655	25	1	0.271739
2	40	13	0	0
3	612	34	3	0.0482625
4	599	13	0	0
11	28	16	0	0
12	292	45	6	0.551471
13	26	13	0	0
14	26	33	3	0
Instant	108
1	684	24	0	0
2	13	13	0	0
3	653	30	2	0
4	641	13	0	0
11	30	16	0	0
12	251	45	8	2.02206
13	28	13	0	0
14	27	31	3	0
Instant	109
1	670	25	0	0
2	39	13	0	0
3	598	34	3	0.0496032
4	606	13	0	0
11	28	17	0	0
12	257	44	7	0.892857
13	25	13	0	0
14	26	32	3	0
Instant	110
1	669	25	1	0
2	34	13	0	0
3	599	32	2	0.143678
4	655	13	0	0
11	29	16	0	0
12	316	41	7	0.585938
13	26	13	0	0
14	28	29	2	0
Instant	111
1	646	26	1	0
2	15	13	0	0
3	611	34	3	0.0482625
4	627	13	0	0
11	28	17	0	0
12	265	51	9	0
13	26	13	0	0
14	27	32	2	0
Instant	112
1	662	26	1	0
2	34	13	0	0
3	636	31	2	0
4	634	13	0	0
11	28	16	0	0
12	261	45	6	2.19595
13	27	13	0	0
14	27	31	2	0
Instant	113
1	655	25	0	0
2	23	13	0	0
3	562	34	3	0.30426
4	578	13	0	0
11	28	16	0	0
12	271	43	9	1.47059
13	25	13	0	0
14	25	34	4	0
Instant	114
1	670	25	1	0
2	16	13	0	0
3	622	33	2	0.0478011
4	627	13	0	0
11	29	16	0	0
12	270	41	7	0.919118
13	26	13	0	0
14	26	32	2	0.280899
Instant	115
1	677	25	1	0
2	18	13	0	0
3	633	31	2	0
4	613	13	0	0
11	28	16	0	0
12	270	39	7	0
13	27	13	0	0
14	27	33	3	0
Instant	116
1	662	25	1	0
2	40	13	0	0
3	578	33	3	0
4	641	13	0	0
11	28	17	0	0
12	279	42	8	2.02206
13	24	13	0	0
14	27	30	3	0
Instant	117
1	670	25	1	0
2	27	13	0	0
3	615	32	3	0.422932
4	620	13	0	0
11	29	17	0	0
12	271	48	8	0
13	27	13	0	0
14	27	32	3	0
Instant	118
1	579	26	1	0.587084
2	11	13	0	0
3	585	34	3	0.0498008
4	620	13	0	0
11	26	17	0	0
12	254	40	7	2.19595
13	25	13	0	0
14	26	32	3	0
Instant	119
1	713	23	0	0
2	23	13	0	0
3	647	31	2	0.136116
4	633	13	0	0
11	30	16	0	0
12	293	41	6	0
13	28	13	0	0
14	27	31	3	0
