	T	D	J	LP
Instant	0
1	0	0	0	0
2	0	0	0	0
3	0	0	0	0
4	0	0	0	0
11	0	0	0	0
12	0	0	0	0
13	0	0	0	0
14	0	0	0	0
Instant	1
1	577	27	1	0
2	9	13	0	0
3	260	38	4	0.265957
4	395	13	0	0
11	21	16	0	0
12	138	44	6	0
13	11	13	0	0
14	15	32	3	0
Instant	2
1	2811	28	2	0.382503
2	22	14	0	0
3	614	53	7	5.88643
4	2039	13	0	0
11	116	16	0	1.44152
12	316	53	9	0.735294
13	37	13	0	0
14	88	32	1	0
Instant	3
1	2427	26	2	0.0257998
2	45	14	0	0
3	723	47	7	4.18486
4	2233	13	0	0
11	84	15	0	5.24661
12	305	57	10	0
13	36	13	0	0
14	96	33	1	0
Instant	4
1	2916	26	2	0
2	28	14	0	0
3	672	44	6	1.80624
4	1834	14	0	0
11	120	17	0	1.9774
12	286	54	8	0
13	31	13	0	0
14	80	33	1	0.608974
Instant	5
1	2566	27	2	0.126205
2	15	13	0	0
3	703	38	6	0.532787
4	1915	13	0	0
11	109	16	0	1.84594
12	285	54	10	2.94118
13	31	13	0	0
14	84	33	1	0
Instant	6
1	1918	26	1	0.318761
2	25	13	0	0
3	642	38	5	0.662544
4	1766	13	0	0
11	82	16	0	0.875604
12	271	52	8	0.919118
13	29	13	0	0
14	77	32	1	0
Instant	7
1	1955	25	1	0.0452899
2	14	13	0	0
3	720	34	3	0.211149
4	1521	13	0	0
11	83	16	0	0.030012
12	264	47	6	1.01351
13	30	13	0	0
14	67	32	2	0
Instant	8
1	1412	25	1	0
2	4	13	0	0
3	685	36	5	0.164204
4	1322	13	0	0
11	63	16	0	0.458333
12	279	46	9	0.919118
13	31	13	0	0
14	59	31	1	0
Instant	9
1	939	25	2	0
2	14	13	0	0
3	800	34	3	0.324675
4	1040	13	0	0
11	41	17	0	0
12	251	50	7	1.10294
13	35	13	0	0
14	45	35	2	0
Instant	10
1	863	24	2	0.204638
2	28	13	0	0
3	757	34	4	0.978916
4	1149	13	0	0
11	37	17	0	0
12	267	52	8	0.337838
13	34	13	0	0
14	49	31	2	0.307377
Instant	11
1	648	24	1	0.663717
2	12	13	0	0
3	732	36	5	0
4	1090	13	0	0
11	29	17	0	0
12	276	47	7	0.367647
13	32	13	0	0
14	47	31	1	0
Instant	12
1	743	23	0	0
2	33	13	0	0
3	674	34	4	0.52356
4	856	13	0	0
11	32	17	0	0
12	248	44	6	2.38971
13	29	13	0	0
14	38	33	2	0
Instant	13
1	625	25	1	0.695733
2	22	13	0	0
3	688	34	4	0.208681
4	782	13	0	0
11	27	17	0	0
12	262	40	7	0.892857
13	30	13	0	0
14	35	33	3	0
Instant	14
1	667	25	1	0.0439367
2	33	13	0	0
3	681	32	3	0
4	810	13	0	0
11	28	17	0	0
12	340	44	6	0
13	29	13	0	0
14	34	31	2	0
Instant	15
1	597	24	1	0.570342
2	15	13	0	0
3	618	34	5	0.557621
4	785	13	0	0
11	26	17	0	0
12	254	43	6	1.83824
13	27	13	0	0
14	34	33	3	0
Instant	16
1	657	25	1	0.265487
2	22	13	0	0
3	724	34	3	0
4	846	13	0	0
11	28	16	0	0
12	260	40	5	0.506757
13	31	13	0	0
14	36	31	2	0
Instant	17
1	562	25	1	0.313152
2	29	13	0	0
3	765	34	5	0.566465
4	876	13	0	0
11	24	17	0	0.301205
12	281	44	7	0
13	34	13	0	0
14	37	32	2	0
Instant	18
1	571	25	1	0.880626
2	39	13	0	0
3	636	37	5	0.228938
4	725	13	0	0
11	26	18	1	0
12	256	49	8	2.02206
13	28	13	0	0
14	31	33	3	0.324675
Instant	19
1	500	26	2	0.965909
2	20	13	0	0
3	567	42	5	0.751503
4	666	13	0	0
11	22	16	0	0
12	270	45	7	0
13	25	13	0	0
14	29	36	4	0
Instant	20
1	651	25	1	0
2	36	13	0	0
3	609	35	4	0.3861
4	679	13	0	0
11	27	18	1	0
12	277	47	7	1.10294
13	26	13	0	0
14	30	34	3	0
Instant	21
1	538	26	2	0.698925
2	26	13	0	0
3	568	36	4	0.448207
4	673	13	0	0
11	23	17	0	0
12	272	48	8	0
13	25	13	0	0
14	29	34	3	0.348432
Instant	22
1	678	25	1	0
2	20	13	0	0
3	632	32	2	0
4	826	13	0	0
11	29	16	0	0
12	273	38	5	0
13	27	13	0	0
14	36	31	3	0
Instant	23
1	586	24	1	0.626204
2	25	13	0	0
3	590	33	4	0.288462
4	860	13	0	0
11	26	17	0	0
12	283	45	6	0.919118
13	26	13	0	0
14	36	33	3	0.204918
Instant	24
1	656	24	1	0.266904
2	17	13	0	0
3	561	33	4	0.657895
4	921	13	0	0
11	28	16	0	0
12	264	48	7	0
13	25	13	0	0
14	40	32	2	0
Instant	25
1	620	25	1	0
2	29	13	0	0
3	604	34	3	0.198413
4	889	13	0	0
11	27	17	0	0
12	272	42	5	0
13	25	13	0	0
14	39	33	3	0
Instant	26
1	573	24	1	0.948104
2	29	13	0	0
3	567	34	3	0.501002
4	781	13	0	0
11	25	18	1	0
12	301	45	7	1.47059
13	25	13	0	0
14	33	32	2	0
Instant	27
1	670	24	0	0
2	36	13	0	0
3	586	33	4	0.195695
4	881	13	0	0
11	29	17	0	0
12	251	43	5	2.38971
13	26	13	0	0
14	38	31	2	0
Instant	28
1	669	26	1	0
2	16	13	0	0
3	606	34	3	0.291829
4	956	13	0	0
11	28	16	0	0
12	280	45	6	0.520833
13	26	13	0	0
14	42	34	3	0
Instant	29
1	613	25	0	0.281426
2	38	13	0	0
3	566	34	4	0.306748
4	874	13	0	0
11	27	17	0	0
12	295	38	5	0.183824
13	25	13	0	0
14	38	31	1	0
Instant	30
1	673	25	1	0
2	35	13	0	0
3	540	34	4	0.42735
4	707	13	0	0
11	28	17	0	0
12	216	44	6	5.33088
13	24	13	0	0
14	31	31	2	0
Instant	31
1	648	25	1	0
2	44	13	0	0
3	567	34	3	0.894632
4	660	13	0	0
11	28	17	0	0
12	254	44	8	2.19595
13	25	13	0	0
14	28	33	3	0
Instant	32
1	669	25	1	0
2	41	13	0	0
3	565	37	4	0.406504
4	658	13	0	0
11	29	17	0	0
12	290	42	6	0.551471
13	25	13	0	0
14	28	33	3	0
Instant	33
1	662	23	0	0.265957
2	27	13	0	0
3	567	35	4	0.31185
4	660	13	0	0
11	28	17	0	0
12	252	47	6	1.47059
13	24	13	0	0
14	28	33	4	0
Instant	34
1	620	23	1	0
2	48	13	0	0
3	566	36	3	0.356415
4	644	13	0	0
11	27	18	0	0
12	270	44	7	0.506757
13	25	13	0	0
14	27	34	3	0
Instant	35
1	705	23	0	0.297619
2	40	13	0	0
3	642	31	1	0
4	635	13	0	0
11	30	16	0	0
12	286	39	4	0
13	27	13	0	0
14	27	31	3	0
Instant	36
1	683	24	1	0
2	26	13	0	0
3	671	31	2	0
4	656	13	0	0
11	30	16	0	0
12	273	43	5	0
13	29	13	0	0
14	28	29	2	0
Instant	37
1	684	24	1	0
2	20	13	0	0
3	694	32	3	0.0431034
4	641	13	0	0
11	29	17	0	0
12	268	42	6	0
13	29	13	0	0
14	28	31	2	0
Instant	38
1	712	23	0	0
2	23	13	0	0
3	625	32	2	0
4	620	13	0	0
11	30	16	0	0
12	339	41	5	0
13	27	13	0	0
14	27	32	3	0
Instant	39
1	705	23	0	0
2	31	13	0	0
3	632	31	2	0
4	641	13	0	0
11	31	16	0	0
12	276	39	5	0
13	27	13	0	0
14	27	30	3	0
Instant	40
1	599	25	1	0
2	20	13	0	0
3	568	33	3	0.610998
4	606	13	0	0
11	25	17	0	0.588235
12	256	45	7	1.52027
13	25	13	0	0
14	26	33	3	0
Instant	41
1	696	23	0	0
2	24	13	0	0
3	621	32	3	0
4	634	13	0	0
11	29	17	0	0
12	297	41	6	0
13	27	13	0	0
14	27	31	2	0
Instant	42
1	699	23	0	0
2	26	13	0	0
3	655	30	1	0
4	641	13	0	0
11	30	16	0	0
12	271	39	4	0
13	28	13	0	0
14	27	31	3	0
Instant	43
1	617	25	0	0.56926
2	11	13	0	0
3	553	36	3	0.306122
4	599	13	0	0
11	26	17	0	0
12	263	41	8	0.675676
13	25	13	0	0
14	26	32	3	0
Instant	44
1	708	23	0	0
2	21	13	0	0
3	671	30	2	0
4	641	13	0	0
11	31	16	0	0
12	295	38	5	0
13	28	13	0	0
14	28	31	3	0
Instant	45
1	726	22	0	0
2	36	13	0	0
3	628	30	2	0.134892
4	634	13	0	0
11	31	16	0	0
12	268	40	6	0.551471
13	28	13	0	0
14	27	31	3	0
Instant	46
1	641	24	0	0
2	24	13	0	0
3	574	37	4	0
4	620	13	0	0
11	27	17	1	0
12	263	39	6	1.01351
13	24	13	0	0
14	27	32	3	0
Instant	47
1	612	26	1	0.562852
2	39	13	0	0
3	581	36	5	0.0504032
4	613	13	0	0
11	27	16	0	0
12	272	41	8	2.02206
13	25	13	0	0
14	26	32	3	0
Instant	48
1	644	25	1	0
2	32	13	0	0
3	575	32	3	0.494071
4	613	13	0	0
11	28	17	0	0
12	249	46	6	1.47059
13	25	13	0	0
14	26	33	3	0
Instant	49
1	658	25	1	0
2	18	13	0	0
3	546	35	4	0.843882
4	599	13	0	0
11	28	18	0	0
12	244	45	8	1.78571
13	24	13	0	0
14	26	34	4	0
Instant	50
1	662	26	1	0
2	19	13	0	0
3	613	33	4	0
4	620	13	0	0
11	28	17	0	0
12	325	42	5	1.10294
13	26	13	0	0
14	27	31	3	0
Instant	51
1	704	23	0	0.0416667
2	12	13	0	0
3	632	32	3	0
4	655	13	0	0
11	30	16	0	0
12	270	38	5	0
13	27	13	0	0
14	28	30	2	0
Instant	52
1	684	24	0	0
2	16	13	0	0
3	578	37	4	0.20284
4	606	13	0	0
11	29	16	0	0
12	268	43	6	0
13	25	13	0	0
14	26	32	3	0
Instant	53
1	667	23	1	0.261324
2	23	13	0	0
3	676	32	2	0
4	634	13	0	0
11	29	17	1	0
12	298	40	6	0
13	29	13	0	0
14	27	31	3	0.277778
Instant	54
1	676	24	0	0
2	10	13	0	0
3	676	33	3	0
4	627	13	0	0
11	29	16	0	0
12	260	37	4	0
13	29	13	0	0
14	27	31	3	0
Instant	55
1	654	23	0	0.268817
2	22	13	0	0
3	540	38	4	0.527426
4	571	13	0	0
11	28	17	0	0
12	267	44	6	1.35135
13	24	13	0	0
14	25	33	3	0.307377
Instant	56
1	663	24	0	0
2	33	13	0	0
3	627	32	2	0
4	600	13	0	0
11	29	17	0	0
12	284	40	5	0
13	27	13	0	0
14	25	32	4	0
Instant	57
1	705	23	0	0
2	27	13	0	0
3	632	32	2	0
4	627	13	0	0
11	29	16	0	0
12	279	40	6	0.551471
13	27	13	0	0
14	27	31	3	0
Instant	58
1	605	26	0	0.141243
2	20	13	0	0
3	532	36	4	0.320513
4	613	13	0	0
11	27	16	0	0
12	275	42	5	0
13	24	13	0	0
14	26	33	3	0
Instant	59
1	671	24	1	0.313059
2	37	13	0	0
3	591	35	4	0.49505
4	606	13	0	0
11	28	16	0	0
12	291	41	7	0.735294
13	26	13	0	0
14	26	33	4	0
Instant	60
1	669	24	0	0
2	23	13	0	0
3	564	32	2	0.608519
4	627	13	0	0
11	29	17	0	0
12	278	40	5	0.183824
13	25	13	0	0
14	27	31	3	0
Instant	61
1	628	24	0	0.280374
2	10	13	0	0
3	598	35	4	0.0485437
4	558	13	0	0
11	27	17	0	0
12	258	44	7	1.4881
13	26	13	0	0
14	24	34	4	0.420168
Instant	62
1	674	25	0	0
2	2	13	0	0
3	592	33	3	0
4	615	13	0	0
11	29	17	0	0
12	331	46	7	0.551471
13	25	13	0	0
14	26	33	3	0
Instant	63
1	662	25	1	0
2	29	13	0	0
3	565	34	3	0.665984
4	613	13	0	0
11	29	17	0	0
12	280	43	5	0
13	25	13	0	0
14	27	32	3	0
Instant	64
1	698	23	0	0
2	16	13	0	0
3	595	34	2	0
4	648	13	0	0
11	29	16	0	0
12	275	41	6	0
13	26	13	0	0
14	28	30	2	0
Instant	65
1	712	23	0	0
2	4	13	0	0
3	600	30	1	0.580271
4	649	13	0	0
11	30	16	0	0
12	305	40	7	0
13	26	13	0	0
14	27	30	2	0
Instant	66
1	719	22	0	0
2	22	13	0	0
3	637	31	2	0
4	656	13	0	0
11	31	16	0	0
12	273	41	6	0
13	27	13	0	0
14	28	30	2	0
Instant	67
1	691	23	0	0
2	17	13	0	0
3	663	29	2	0
4	627	13	0	0
11	30	16	0	0
12	267	37	3	0
13	28	13	0	0
14	27	31	2	0
Instant	68
1	712	23	0	0
2	16	13	0	0
3	661	29	2	0
4	627	13	0	0
11	30	16	0	0
12	291	40	5	0
13	28	13	0	0
14	27	31	3	0
Instant	69
1	675	24	1	0.128425
2	6	13	0	0
3	560	31	3	0.59761
4	634	13	0	0
11	30	16	0	0
12	270	45	7	0.551471
13	25	13	0	0
14	27	31	2	0
Instant	70
1	669	24	0	0
2	14	13	0	0
3	608	34	3	0.0482625
4	591	13	0	0
11	29	17	0	0
12	277	47	8	0
13	26	13	0	0
14	25	33	3	0.297619
Instant	71
1	691	24	0	0
2	31	13	0	0
3	606	34	3	0
4	607	13	0	0
11	29	16	0	0
12	293	46	7	0
13	26	13	0	0
14	25	33	4	0
Instant	72
1	670	24	0	0
2	15	13	0	0
3	602	32	4	0.294695
4	627	13	0	0
11	29	17	0	0
12	273	37	6	0
13	26	13	0	0
14	28	31	3	0
Instant	73
1	698	23	0	0
2	25	13	0	0
3	631	31	2	0
4	627	13	0	0
11	30	16	0	0
12	262	37	4	0
13	28	13	0	0
14	27	31	3	0
Instant	74
1	691	24	0	0
2	35	13	0	0
3	645	32	2	0
4	627	13	0	0
11	29	17	0	0
12	335	41	4	0
13	27	13	0	0
14	27	32	3	0
Instant	75
1	604	24	1	0.632296
2	39	13	0	0
3	548	35	4	0.512295
4	627	13	0	0
11	26	17	0	0
12	268	48	8	0
13	25	13	0	0
14	27	32	3	0
Instant	76
1	698	23	0	0
2	34	13	0	0
3	635	32	2	0
4	620	13	0	0
11	30	16	0	0
12	271	43	7	0.173611
13	27	13	0	0
14	27	31	2	0
Instant	77
1	688	24	0	0
2	16	13	0	0
3	590	32	2	0
4	627	13	0	0
11	29	16	0	0
12	297	36	5	0
13	26	13	0	0
14	27	32	3	0
Instant	78
1	669	24	0	0
2	40	13	0	0
3	565	32	2	0.914634
4	585	13	0	0
11	29	17	0	0
12	268	39	7	0.195312
13	25	13	0	0
14	26	34	3	0
Instant	79
1	670	24	1	0
2	26	13	0	0
3	581	35	3	0.20284
4	613	13	0	0
11	29	17	0	0
12	264	40	6	1.18243
13	25	13	0	0
14	26	33	3	0
Instant	80
1	719	23	0	0
2	34	13	0	0
3	660	29	1	0.131349
4	648	13	0	0
11	31	16	0	0
12	294	37	5	0
13	29	13	0	0
14	28	30	3	0
Instant	81
1	712	23	0	0
2	24	13	0	0
3	677	28	1	0
4	641	13	0	0
11	30	16	0	0
12	267	36	3	0
13	29	13	0	0
14	28	30	2	0
Instant	82
1	656	24	1	0
2	33	13	0	0
3	604	34	3	0
4	627	13	0	0
11	29	16	0	0
12	271	44	5	0
13	26	13	0	0
14	26	32	3	0
Instant	83
1	672	24	1	0.259965
2	24	13	0	0
3	570	33	2	0.298211
4	641	13	0	0
11	29	16	0	0
12	286	41	7	0
13	25	13	0	0
14	27	30	3	0
Instant	84
1	669	24	1	0
2	19	13	0	0
3	589	35	3	0.1002
4	606	13	0	0
11	29	17	0	0
12	252	42	5	1.51515
13	25	13	0	0
14	26	33	3	0
Instant	85
1	669	25	1	0
2	35	13	0	0
3	591	36	4	0.05
4	568	13	0	0
11	29	17	0	0
12	262	41	6	1.92308
13	25	13	0	0
14	24	32	3	0.617284
Instant	86
1	677	24	0	0
2	16	13	0	0
3	591	34	4	0.296443
4	621	13	0	0
11	29	17	0	0
12	315	36	6	2.75735
13	25	13	0	0
14	27	31	3	0
Instant	87
1	677	24	1	0
2	31	13	0	0
3	573	34	2	0.502008
4	620	13	0	0
11	29	16	0	0
12	248	43	6	0.735294
13	25	13	0	0
14	27	32	3	0
Instant	88
1	691	24	0	0
2	14	13	0	0
3	588	31	3	0.29703
4	627	13	0	0
11	29	17	0	0
12	269	40	6	1.35135
13	26	13	0	0
14	27	31	2	0
Instant	89
1	647	24	1	0
2	30	13	0	0
3	540	30	2	1.01215
4	613	13	0	0
11	28	17	0	0
12	290	40	6	0
13	25	13	0	0
14	26	31	3	0
Instant	90
1	663	24	0	0.26087
2	52	13	0	0
3	627	32	3	0.275735
4	606	13	0	0
11	29	17	0	0
12	262	45	7	0.585938
13	27	13	0	0
14	26	33	3	0.290698
Instant	91
1	656	23	0	0.262238
2	28	13	0	0
3	728	33	4	0.122349
4	627	13	0	0
11	29	16	0	0
12	269	41	8	0
13	31	13	0	0
14	27	32	3	0
Instant	92
1	698	23	0	0
2	6	13	0	0
3	706	31	2	0
4	627	13	0	0
11	30	16	0	0
12	293	41	5	0
13	30	13	0	0
14	27	31	3	0
Instant	93
1	684	24	1	0
2	20	13	0	0
3	605	36	4	0.383877
4	592	13	0	0
11	29	17	0	0
12	249	47	8	1.51515
13	26	13	0	0
14	25	34	3	0
Instant	94
1	684	24	0	0
2	23	13	0	0
3	628	33	3	0
4	585	13	0	0
11	29	17	0	0
12	264	40	6	0
13	26	13	0	0
14	25	33	3	0.301205
Instant	95
1	691	23	0	0
2	15	13	0	0
3	635	31	3	0.0452899
4	641	13	0	0
11	30	17	0	0
12	286	41	6	0
13	28	13	0	0
14	27	30	2	0
Instant	96
1	624	25	1	0.328947
2	16	13	0	0
3	561	37	5	0.207469
4	634	13	0	0
11	27	17	0	0
12	251	43	6	1.47059
13	24	13	0	0
14	27	31	3	0
Instant	97
1	691	23	0	0
2	23	13	0	0
3	611	31	2	0.28463
4	655	13	0	0
11	29	17	0	0
12	254	39	5	1.06707
13	26	13	0	0
14	28	30	2	0
Instant	98
1	691	23	0	0
2	27	13	0	0
3	621	32	2	0.047619
4	641	13	0	0
11	30	16	0	0
12	300	42	6	0
13	26	13	0	0
14	27	31	2	0
Instant	99
1	698	22	0	0
2	22	13	0	0
3	622	32	3	0.0932836
4	599	13	0	0
11	30	17	0	0
12	301	43	6	0.551471
13	27	13	0	0
14	26	33	3	0
Instant	100
1	688	24	1	0
2	37	13	0	0
3	608	32	2	0.289575
4	613	13	0	0
11	29	16	0	0
12	264	35	4	0.844595
13	26	13	0	0
14	26	33	3	0
Instant	101
1	691	24	1	0
2	12	13	0	0
3	549	34	3	0.308008
4	613	13	0	0
11	30	16	0	0
12	292	37	4	0.735294
13	24	13	0	0
14	27	32	3	0
Instant	102
1	677	24	0	0
2	13	13	0	0
3	539	35	3	0.690021
4	613	13	0	0
11	29	16	0	0
12	265	39	5	0
13	23	13	0	0
14	26	32	3	0
Instant	103
1	634	25	0	0.274725
2	31	13	0	0
3	592	35	2	0
4	655	13	0	0
11	27	17	0	0
12	250	44	7	2.36486
13	25	13	0	0
14	27	30	2	0
Instant	104
1	691	23	1	0
2	31	13	0	0
3	659	31	2	0
4	620	13	0	0
11	30	17	0	0
12	266	41	6	2.75735
13	28	13	0	0
14	27	31	3	0
Instant	105
1	698	23	0	0
2	7	13	0	0
3	626	32	3	0.0462963
4	641	13	0	0
11	30	16	0	0
12	270	43	6	0
13	27	13	0	0
14	27	31	2	0
Instant	106
1	690	23	0	0
2	20	13	0	0
3	629	32	3	0
4	620	13	0	0
11	30	17	1	0
12	274	41	6	0
13	27	13	0	0
14	27	32	3	0
Instant	107
1	698	23	0	0
2	31	13	0	0
3	611	31	2	0.285171
4	613	13	0	0
11	30	16	0	0
12	292	39	6	0
13	26	13	0	0
14	26	32	3	0
Instant	108
1	698	23	0	0
2	27	13	0	0
3	604	33	2	0
4	627	13	0	0
11	30	17	0	0
12	271	37	4	0
13	26	13	0	0
14	27	32	3	0
Instant	109
1	667	25	1	0
2	43	13	0	0
3	598	35	3	0
4	620	13	0	0
11	29	17	0	0
12	254	49	9	1.4881
13	25	13	0	0
14	26	32	3	0
Instant	110
1	677	24	0	0
2	31	13	0	0
3	617	32	2	0
4	627	13	0	0
11	29	16	0	0
12	312	44	6	0.585938
13	27	13	0	0
14	27	31	2	0
Instant	111
1	698	23	0	0
2	7	13	0	0
3	664	30	2	0
4	641	13	0	0
11	29	16	0	0
12	282	45	6	0
13	28	13	0	0
14	28	30	3	0
Instant	112
1	670	25	1	0
2	31	13	0	0
3	580	35	3	0.296443
4	620	13	0	0
11	29	16	0	0
12	260	46	7	0.844595
13	25	13	0	0
14	26	32	3	0
Instant	113
1	684	23	0	0
2	11	13	0	0
3	625	32	2	0
4	627	13	0	0
11	29	17	0	0
12	275	38	7	1.47059
13	26	13	0	0
14	27	32	3	0
Instant	114
1	684	24	0	0
2	29	13	0	0
3	599	34	4	0.294118
4	634	13	0	0
11	29	16	0	0
12	271	47	7	0
13	26	13	0	0
14	27	31	2	0
Instant	115
1	649	23	0	0.265487
2	17	13	0	0
3	590	34	2	0.0490196
4	620	13	0	0
11	28	17	0	0
12	265	42	6	0.506757
13	26	13	0	0
14	27	32	3	0
Instant	116
1	705	23	0	0
2	35	13	0	0
3	648	30	2	0
4	627	13	0	0
11	31	16	0	0
12	303	45	7	0
13	28	13	0	0
14	26	32	3	0
Instant	117
1	648	25	1	0
2	21	13	0	0
3	595	34	2	0
4	627	13	0	0
11	28	17	0	0
12	240	46	6	3.125
13	26	13	0	0
14	27	31	2	0
Instant	118
1	691	24	0	0
2	22	13	0	0
3	628	32	3	0
4	613	13	0	0
11	29	17	1	0
12	268	48	7	0.675676
13	27	13	0	0
14	26	33	3	0
Instant	119
1	698	23	0	0
2	20	13	0	0
3	611	33	2	0
4	648	13	0	0
11	30	17	0	0
12	293	40	6	0
13	26	13	0	0
14	28	30	2	0
