	T	D	J	LP
Instant	0
1	0	0	0	0
2	0	0	0	0
3	0	0	0	0
4	0	0	0	0
11	0	0	0	0
12	0	0	0	0
13	0	0	0	0
14	0	0	0	0
Instant	1
1	537	24	1	0
2	21	13	0	0
3	329	35	2	0
4	555	13	0	0
11	23	18	0	0
12	138	39	5	0
13	14	13	0	0
14	22	34	2	0
Instant	2
1	2780	28	2	0.481386
2	8	13	0	0
3	791	44	5	3.13752
4	3100	14	0	0
11	122	17	0	0
12	330	48	6	0
13	39	13	0	0
14	132	34	1	0
Instant	3
1	2386	25	1	0
2	17	13	0	0
3	798	35	4	0.928571
4	2549	14	0	0
11	105	17	0	0
12	295	50	5	1.47059
13	36	13	0	0
14	110	32	1	0.576568
Instant	4
1	1527	24	1	0.566893
2	31	13	0	0
3	712	36	5	1.20773
4	2341	13	0	0
11	68	16	0	0.451128
12	277	50	6	0.844595
13	32	13	0	0
14	105	34	1	0
Instant	5
1	1502	25	2	0.773994
2	39	13	0	0
3	669	37	5	0.172414
4	1640	13	0	0
11	67	17	0	0
12	295	49	8	0
13	30	13	0	0
14	72	34	1	0
Instant	6
1	1178	25	1	0.706628
2	34	13	0	0
3	655	36	4	0.04363
4	1300	13	0	0
11	53	17	0	0
12	274	47	7	1.28676
13	29	13	0	0
14	58	33	1	0
Instant	7
1	1357	24	1	0
2	9	13	0	0
3	705	34	3	0.798319
4	1243	13	0	0
11	60	17	0	0
12	273	41	6	0
13	30	13	0	0
14	55	32	1	0
Instant	8
1	1236	25	1	0.583022
2	26	13	0	0
3	612	36	5	0.454545
4	1009	13	0	0
11	55	16	0	0
12	283	45	6	0
13	28	13	0	0
14	44	35	3	0
Instant	9
1	841	27	1	0.345781
2	5	13	0	0
3	592	31	4	0.935039
4	1085	13	0	0
11	37	17	0	0.336022
12	268	47	7	0.551471
13	26	13	0	0
14	47	31	2	0
Instant	10
1	817	23	1	0.390071
2	7	13	0	0
3	747	29	2	0
4	1083	13	0	0
11	36	16	0	0
12	264	34	4	0
13	32	13	0	0
14	48	32	2	0
Instant	11
1	782	24	1	0
2	29	13	0	0
3	819	33	3	0
4	1410	13	0	0
11	34	16	0	0
12	284	38	4	0
13	35	13	0	0
14	60	31	2	0
Instant	12
1	772	25	1	0
2	26	13	0	0
3	756	35	3	0.385802
4	1415	13	0	0
11	32	16	0	0.531915
12	268	46	7	0
13	33	13	0	0
14	63	31	2	0.207297
Instant	13
1	817	24	1	0
2	31	13	0	0
3	766	32	2	0.304878
4	1288	13	0	0
11	35	17	0	0
12	267	39	5	0.446429
13	33	13	0	0
14	55	32	2	0
Instant	14
1	700	25	1	0
2	29	13	0	0
3	810	30	2	0.142653
4	1289	13	0	0
11	30	16	0	0
12	321	42	5	0
13	35	13	0	0
14	56	30	1	0
Instant	15
1	681	26	1	0.505902
2	13	13	0	0
3	786	33	3	0.0372578
4	1308	13	0	0
11	30	16	0	0
12	289	40	4	0
13	34	13	0	0
14	57	33	1	0
Instant	16
1	757	25	1	0
2	37	13	0	0
3	728	31	2	0
4	1207	13	0	0
11	31	16	0	0
12	266	41	5	0
13	31	13	0	0
14	53	32	2	0
Instant	17
1	659	26	1	0.297619
2	16	13	0	0
3	548	35	4	0.684211
4	1122	13	0	0
11	30	17	0	0
12	281	43	7	0
13	24	13	0	0
14	50	32	2	0
Instant	18
1	754	23	0	0
2	49	13	0	0
3	642	31	2	0
4	1068	13	0	0
11	32	17	0	0
12	275	39	5	0
13	28	13	0	0
14	46	31	1	0
Instant	19
1	756	24	0	0
2	23	13	0	0
3	625	30	2	0.285171
4	897	13	0	0
11	32	16	0	0
12	270	38	5	0
13	27	13	0	0
14	40	31	2	0.26178
Instant	20
1	745	25	1	0.266362
2	36	13	0	0
3	613	32	3	0.142857
4	845	13	0	0
11	33	16	1	0
12	282	39	5	0.735294
13	26	13	0	0
14	36	32	3	0
Instant	21
1	740	24	1	0
2	42	13	0	0
3	609	32	2	0.27933
4	829	13	0	0
11	32	16	0	0
12	265	36	4	0.735294
13	27	13	0	0
14	36	31	2	0
Instant	22
1	692	25	0	0.546219
2	22	13	0	0
3	620	32	1	0
4	874	13	0	0
11	30	16	0	0
12	273	40	5	0
13	27	13	0	0
14	37	31	2	0.268817
Instant	23
1	707	24	1	0.0419463
2	20	13	0	0
3	547	34	3	0.831601
4	815	13	0	0
11	30	16	0	0
12	269	44	6	2.02206
13	24	13	0	0
14	36	32	2	0.216138
Instant	24
1	742	23	0	0
2	32	13	0	0
3	626	30	2	0.283019
4	812	13	0	0
11	33	16	0	0
12	264	39	5	0
13	27	13	0	0
14	35	32	3	0
Instant	25
1	676	25	1	0.26362
2	9	13	0	0
3	558	35	3	0.410678
4	659	13	0	0
11	29	18	0	0
12	272	44	6	0
13	25	13	0	0
14	28	35	3	0.357143
Instant	26
1	732	24	0	0.117371
2	17	13	0	0
3	650	30	2	0
4	681	13	0	0
11	32	16	0	0
12	333	38	4	0
13	28	13	0	0
14	30	31	2	0
Instant	27
1	788	23	0	0.0383436
2	8	13	0	0
3	684	29	1	0
4	698	13	0	0
11	33	16	0	0
12	268	36	5	0.551471
13	29	13	0	0
14	30	31	3	0
Instant	28
1	680	26	1	0.298635
2	10	13	0	0
3	609	32	2	0.093633
4	668	13	0	0
11	29	16	0	0
12	257	40	5	1.38889
13	27	13	0	0
14	29	32	3	0
Instant	29
1	705	25	1	0.288303
2	18	13	0	0
3	600	32	2	0.343811
4	755	13	0	0
11	30	16	0	0
12	292	37	5	1.10294
13	26	13	0	0
14	32	31	3	0
Instant	30
1	747	23	0	0
2	28	13	0	0
3	607	30	2	0.285714
4	810	13	0	0
11	32	16	0	0
12	271	37	4	0
13	26	13	0	0
14	35	31	2	0
Instant	31
1	747	23	0	0
2	12	14	0	0
3	592	31	2	0.389105
4	768	13	0	0
11	33	16	0	0
12	264	40	4	1.01351
13	26	13	0	0
14	33	32	3	0
Instant	32
1	738	23	0	0
2	44	13	0	0
3	554	31	2	1.21457
4	708	13	0	0
11	31	17	0	0
12	276	39	5	1.83824
13	25	13	0	0
14	31	33	3	0
Instant	33
1	690	24	1	0
2	33	13	0	0
3	567	33	4	0.15121
4	749	13	0	0
11	30	17	0	0
12	273	41	5	0.367647
13	25	13	0	0
14	32	31	3	0.23511
Instant	34
1	716	24	1	0.493421
2	33	13	0	0
3	647	29	2	0.406872
4	723	13	0	0
11	30	16	0	0
12	270	40	5	0
13	28	13	0	0
14	32	33	2	0
Instant	35
1	658	23	0	0.519031
2	40	13	0	0
3	527	33	3	0.845666
4	677	13	0	0
11	29	16	0	0
12	280	40	6	0
13	24	13	0	0
14	29	30	2	0.260417
Instant	36
1	731	22	0	0.241158
2	33	13	0	0
3	627	31	2	0.280374
4	702	13	0	0
11	31	16	0	0
12	278	41	6	0
13	27	13	0	0
14	30	30	2	0
Instant	37
1	716	23	0	0.245098
2	49	13	0	0
3	632	32	2	0
4	686	13	0	0
11	31	17	0	0
12	268	40	4	0
13	27	13	0	0
14	30	31	2	0
Instant	38
1	742	23	0	0
2	43	13	0	0
3	654	30	2	0
4	675	13	0	0
11	32	16	0	0.39557
12	287	39	5	1.47059
13	28	13	0	0
14	29	31	2	0
Instant	39
1	602	24	1	0.337838
2	42	13	0	0
3	611	31	2	0.27933
4	723	13	0	0
11	26	16	0	0
12	309	43	6	0
13	27	13	0	0
14	31	32	3	0
Instant	40
1	702	23	0	0
2	30	13	0	0
3	619	30	3	0.281426
4	832	13	0	0
11	30	17	0	0
12	269	41	6	0.337838
13	27	13	0	0
14	35	32	2	0
Instant	41
1	676	23	0	0
2	22	13	0	0
3	635	31	2	0
4	752	13	0	0
11	28	18	0	0
12	295	38	5	0
13	27	13	0	0
14	33	31	2	0
Instant	42
1	698	23	0	0
2	20	13	0	0
3	651	30	3	0.273723
4	661	13	0	0
11	30	16	0	0
12	272	40	5	0
13	28	13	0	0
14	29	32	3	0
Instant	43
1	691	23	0	0
2	29	13	0	0
3	653	30	2	0
4	726	13	0	0
11	30	17	0	0
12	268	35	4	0
13	28	13	0	0
14	30	29	2	0
Instant	44
1	655	24	1	0
2	11	13	0	0
3	640	31	3	0.0452899
4	674	13	0	0
11	29	17	1	0
12	295	43	5	0
13	28	13	0	0
14	28	31	2	0.261324
Instant	45
1	627	23	0	0.549451
2	33	13	0	0
3	627	30	2	0.274725
4	695	13	0	0
11	28	16	0	0
12	274	39	6	0
13	28	13	0	0
14	30	30	2	0
Instant	46
1	713	23	0	0
2	23	13	0	0
3	698	28	1	0
4	724	13	0	0
11	31	16	0	0
12	274	40	4	0
13	29	13	0	0
14	32	28	2	0
Instant	47
1	681	24	1	0
2	29	13	0	0
3	665	30	2	0
4	688	13	0	0
11	29	16	0	0
12	266	41	5	2.75735
13	29	13	0	0
14	29	31	3	0
Instant	48
1	712	23	0	0
2	31	13	0	0
3	672	28	1	0
4	700	13	0	0
11	31	16	0	0
12	268	40	5	0
13	29	13	0	0
14	29	30	2	0
Instant	49
1	644	24	1	0.273723
2	22	13	0	0
3	641	31	2	0
4	693	13	0	0
11	28	16	0	0
12	250	38	4	0.892857
13	28	13	0	0
14	30	32	3	0
Instant	50
1	669	23	0	0
2	25	13	0	0
3	641	31	2	0
4	674	13	0	0
11	29	18	0	0
12	335	38	5	0
13	28	13	0	0
14	29	32	2	0
Instant	51
1	655	25	1	0.263158
2	33	13	0	0
3	633	31	2	0.0461255
4	780	13	0	0
11	29	16	0	0
12	269	39	4	0.183824
13	28	13	0	0
14	33	31	3	0
Instant	52
1	623	24	0	0.047619
2	22	13	0	0
3	609	33	3	0.432692
4	691	13	0	0
11	27	17	0	0
12	268	41	6	0
13	26	13	0	0
14	30	34	3	0
Instant	53
1	684	24	0	0
2	17	13	0	0
3	646	30	2	0
4	661	13	0	0
11	29	17	0	0
12	298	35	4	0
13	28	13	0	0
14	28	32	3	0
Instant	54
1	705	23	0	0
2	37	13	0	0
3	674	28	1	0
4	752	13	0	0
11	30	16	0	0
12	269	37	4	0
13	29	13	0	0
14	32	30	2	0
Instant	55
1	670	24	0	0
2	14	13	0	0
3	592	31	2	0.487329
4	774	13	0	0
11	29	17	0	0
12	271	41	6	0.168919
13	26	13	0	0
14	34	32	3	0
Instant	56
1	654	24	1	0.271248
2	33	13	0	0
3	669	31	2	0.173611
4	750	13	0	0
11	28	16	0	0
12	289	38	5	0
13	29	13	0	0
14	32	33	3	0
Instant	57
1	649	24	1	0.0438596
2	24	13	0	0
3	722	33	3	0.315956
4	731	13	0	0
11	29	16	0	0
12	240	39	4	1.47059
13	32	13	0	0
14	32	33	3	0
Instant	58
1	633	26	1	0.275229
2	38	13	0	0
3	654	34	4	0.590909
4	665	13	0	0
11	27	17	0	0
12	271	42	8	2.19595
13	28	13	0	0
14	29	34	3	0
Instant	59
1	628	24	0	0.323475
2	15	13	0	0
3	659	32	3	0.425894
4	771	13	0	0
11	27	17	0	0
12	298	38	5	0.183824
13	30	13	0	0
14	33	32	3	0
Instant	60
1	644	23	1	0.273224
2	17	13	0	0
3	816	31	3	0
4	709	13	0	0
11	27	17	0	0
12	260	42	5	0.367647
13	35	13	0	0
14	30	32	2	0.248344
Instant	61
1	607	26	1	0.575816
2	28	13	0	0
3	636	33	2	0.824176
4	647	13	0	0
11	26	17	0	0
12	273	44	5	1.33929
13	28	13	0	0
14	28	34	2	0
Instant	62
1	669	24	0	0
2	25	13	0	0
3	609	32	2	0.142045
4	701	13	0	0
11	29	17	0	0
12	299	38	5	2.38971
13	27	13	0	0
14	30	31	3	0
Instant	63
1	691	23	1	0
2	18	13	0	0
3	598	30	3	0.621415
4	673	13	0	0
11	30	16	0	0
12	292	36	5	0
13	26	13	0	0
14	29	30	2	0.261324
Instant	64
1	704	24	1	0
2	10	13	0	0
3	587	32	3	0.35
4	639	13	0	0
11	29	17	0	0
12	275	38	4	0
13	25	13	0	0
14	27	33	3	0
Instant	65
1	685	23	1	0
2	14	13	0	0
3	671	29	2	0
4	685	13	0	0
11	30	17	0	0
12	302	39	5	0
13	29	13	0	0
14	30	31	2	0
Instant	66
1	682	24	0	0
2	24	13	0	0
3	588	31	2	0.295858
4	734	13	0	0
11	29	16	0	0
12	273	38	5	0.367647
13	26	13	0	0
14	31	28	2	0
Instant	67
1	612	23	0	0.602968
2	29	13	0	0
3	584	34	2	0.294695
4	684	13	0	0
11	27	18	1	0
12	267	42	5	0
13	25	13	0	0
14	30	31	2	0.429553
Instant	68
1	685	23	0	0
2	31	13	0	0
3	655	30	2	0
4	732	13	0	0
11	29	17	0	0
12	289	36	5	0.390625
13	28	13	0	0
14	31	29	2	0.480769
Instant	69
1	712	23	0	0
2	31	13	0	0
3	648	30	2	0
4	652	13	0	0
11	30	17	0	0
12	277	39	5	0
13	27	13	0	0
14	28	31	2	0
Instant	70
1	712	23	0	0
2	12	13	0	0
3	630	30	2	0.325279
4	666	13	0	0
11	31	16	0	0
12	277	40	4	0
13	27	13	0	0
14	28	32	3	0
Instant	71
1	668	24	1	0.0438596
2	23	13	0	0
3	617	32	2	0
4	646	13	0	0
11	29	17	0	0
12	293	42	7	0
13	27	13	0	0
14	28	33	3	0
Instant	72
1	681	22	0	0.250836
2	32	13	0	0
3	649	30	2	0
4	701	13	0	0
11	30	16	0	0
12	273	41	5	0
13	28	13	0	0
14	30	32	4	0
Instant	73
1	681	25	1	0
2	12	13	0	0
3	612	32	2	0
4	679	13	0	0
11	29	16	0	0
12	257	41	5	0.457317
13	26	13	0	0
14	30	31	3	0
Instant	74
1	691	24	0	0
2	33	13	0	0
3	641	29	2	0.369004
4	674	13	0	0
11	29	16	0	0
12	335	42	4	0
13	28	13	0	0
14	29	32	2	0
Instant	75
1	695	23	0	0
2	20	13	0	0
3	640	30	2	0.0452899
4	669	13	0	0
11	30	17	0	0
12	268	41	5	0
13	28	13	0	0
14	28	32	3	0
Instant	76
1	669	23	1	0.258176
2	16	13	0	0
3	615	34	3	0.0480769
4	671	13	0	0
11	29	16	0	0
12	273	34	6	0
13	26	13	0	0
14	29	31	2	0
Instant	77
1	677	24	1	0.0437828
2	17	13	0	0
3	615	32	2	0
4	752	13	0	0
11	29	17	0	0
12	295	40	5	0.195312
13	27	13	0	0
14	32	31	2	0
Instant	78
1	646	26	1	0
2	26	13	0	0
3	587	33	2	0.296443
4	683	13	0	0
11	28	17	0	0
12	266	42	6	0.78125
13	25	13	0	0
14	30	35	3	0
Instant	79
1	655	24	0	0.263158
2	45	13	0	0
3	599	32	2	0.292969
4	664	13	0	0
11	29	17	0	0
12	266	40	4	0.506757
13	26	13	0	0
14	29	32	2	0
Instant	80
1	669	25	0	0
2	25	13	0	0
3	585	33	3	0.646123
4	649	13	0	0
11	29	16	0	0
12	294	39	5	0
13	25	13	0	0
14	28	35	3	0
Instant	81
1	691	23	0	0
2	17	13	0	0
3	656	30	2	0
4	675	13	0	0
11	30	17	0	0
12	262	39	5	0.568182
13	29	13	0	0
14	29	31	3	0
Instant	82
1	719	23	0	0
2	16	13	0	0
3	657	30	2	0
4	706	13	0	0
11	30	16	0	0
12	264	34	4	0
13	28	13	0	0
14	30	30	2	0
Instant	83
1	661	25	0	0.0443262
2	29	13	0	0
3	600	32	3	0.339147
4	656	13	0	0
11	28	17	0	0
12	264	37	6	3.0303
13	26	13	0	0
14	28	33	3	0
Instant	84
1	669	23	0	0
2	25	13	0	0
3	611	32	2	0
4	646	13	0	0
11	29	18	1	0
12	260	38	4	1.32576
13	27	13	0	0
14	28	34	3	0
Instant	85
1	705	23	0	0
2	23	13	0	0
3	641	29	1	0.549451
4	704	13	0	0
11	31	16	0	0
12	279	37	7	0
13	27	13	0	0
14	30	30	2	0
Instant	86
1	691	24	0	0
2	25	13	0	0
3	620	31	1	0
4	675	13	0	0
11	29	16	0	0
12	335	36	5	0.551471
13	27	13	0	0
14	28	31	3	0.260417
Instant	87
1	670	23	0	0.260417
2	44	13	0	0
3	670	29	2	0.0437063
4	670	13	0	0
11	29	17	0	0
12	270	40	5	0
13	29	13	0	0
14	29	31	3	0
Instant	88
1	697	24	1	0
2	51	13	0	0
3	646	30	2	0
4	681	13	0	0
11	30	16	0	0
12	271	40	6	0
13	28	13	0	0
14	30	31	2	0
Instant	89
1	698	23	0	0
2	41	13	0	0
3	655	29	1	0
4	712	13	0	0
11	30	16	0	0
12	269	36	4	0
13	28	13	0	0
14	30	30	3	0
Instant	90
1	691	23	0	0
2	39	13	0	0
3	654	31	2	0.0448029
4	688	13	0	0
11	30	16	0	0
12	278	40	6	0.976562
13	28	13	0	0
14	30	31	3	0
Instant	91
1	705	23	0	0
2	26	13	0	0
3	655	30	3	0
4	668	13	0	0
11	30	16	0	0
12	263	34	5	0.506757
13	28	13	0	0
14	29	31	2	0
Instant	92
1	719	23	0	0
2	28	13	0	0
3	677	28	1	0
4	773	13	0	0
11	31	16	0	0
12	287	38	4	0.568182
13	29	13	0	0
14	33	28	2	0
Instant	93
1	705	22	0	0
2	13	13	0	0
3	698	27	1	0
4	805	13	0	0
11	31	16	0	0
12	268	36	3	0
13	30	13	0	0
14	35	29	2	0
Instant	94
1	705	23	0	0
2	18	13	0	0
3	626	30	2	0.320513
4	747	13	0	0
11	30	16	0	0
12	264	41	5	0
13	28	13	0	0
14	31	33	3	0
Instant	95
1	705	22	0	0
2	24	13	0	0
3	620	30	2	0.280899
4	709	13	0	0
11	31	16	0	0
12	286	38	4	0
13	27	13	0	0
14	31	31	2	0
Instant	96
1	719	22	0	0
2	27	13	0	0
3	666	29	2	0
4	705	13	0	0
11	30	17	0	0
12	258	36	4	1.10294
13	28	13	0	0
14	30	30	2	0
Instant	97
1	691	24	0	0
2	38	13	0	0
3	660	28	2	0
4	690	13	0	0
11	30	16	0	0
12	263	39	5	0.609756
13	29	13	0	0
14	29	30	3	0
Instant	98
1	705	23	0	0
2	16	13	0	0
3	675	29	2	0
4	684	13	0	0
11	30	16	0	0
12	340	40	5	0
13	29	13	0	0
14	29	31	2	0
Instant	99
1	698	23	0	0
2	17	13	0	0
3	690	28	2	0
4	769	13	0	0
11	30	16	0	0
12	269	34	5	0
13	30	13	0	0
14	33	28	2	0
Instant	100
1	653	24	1	0.266904
2	44	13	0	0
3	580	32	3	0.632296
4	683	13	0	0
11	28	17	0	0
12	264	33	5	0.506757
13	26	13	0	0
14	30	31	2	0
Instant	101
1	691	24	1	0
2	30	13	0	0
3	608	31	2	0.286807
4	712	13	0	0
11	30	16	0	0
12	292	40	5	0.551471
13	26	13	0	0
14	30	31	3	0
Instant	102
1	698	24	0	0
2	19	13	0	0
3	628	32	2	0.139405
4	859	13	0	0
11	29	16	0	0
12	271	42	6	0
13	27	13	0	0
14	36	31	2	0
Instant	103
1	681	24	0	0
2	27	13	0	0
3	642	30	2	0
4	781	13	0	0
11	29	17	0	0
12	273	40	4	0
13	28	13	0	0
14	34	32	3	0
Instant	104
1	665	25	1	0
2	31	13	0	0
3	611	32	2	0.3327
4	742	13	0	0
11	29	17	0	0
12	294	42	7	0
13	27	13	0	0
14	32	32	3	0
Instant	105
1	705	23	0	0
2	11	13	0	0
3	672	29	1	0
4	700	13	0	0
11	30	16	0	0
12	270	40	5	0
13	29	13	0	0
14	31	32	4	0
Instant	106
1	698	23	0	0
2	2	13	0	0
3	669	29	1	0
4	673	13	0	0
11	30	17	0	0
12	268	43	6	0.675676
13	28	13	0	0
14	29	31	3	0
Instant	107
1	709	22	0	0
2	25	13	0	0
3	641	30	1	0
4	692	13	0	0
11	31	16	0	0
12	287	36	3	0
13	28	13	0	0
14	29	31	3	0
Instant	108
1	712	23	0	0
2	29	13	0	0
3	673	29	2	0.043554
4	663	13	0	0
11	30	16	0	0
12	276	42	6	0
13	29	13	0	0
14	29	32	2	0
Instant	109
1	705	23	0	0
2	32	13	0	0
3	610	30	1	0.332068
4	691	13	0	0
11	31	16	0	0
12	269	38	4	0
13	27	13	0	0
14	29	32	2	0
Instant	110
1	712	23	0	0
2	22	13	0	0
3	713	29	2	0
4	666	13	0	0
11	30	16	0	0
12	340	40	5	0
13	31	13	0	0
14	29	32	3	0
Instant	111
1	698	23	0	0
2	30	13	0	0
3	726	29	1	0
4	672	13	0	0
11	30	16	0	0
12	263	42	6	0
13	31	13	0	0
14	29	29	2	0.348432
Instant	112
1	670	23	0	0.257732
2	40	13	0	0
3	714	31	3	0.589623
4	574	13	0	0
11	29	17	0	0
12	238	38	3	2.36486
13	32	13	0	0
14	24	33	3	0.204918
Instant	113
1	677	25	1	0
2	23	13	0	0
3	652	35	3	0.836268
4	634	13	0	0
11	29	16	0	0
12	270	43	6	1.10294
13	29	13	0	0
14	27	31	3	0
Instant	114
1	698	23	0	0
2	27	13	0	0
3	653	30	2	0.485866
4	627	13	0	0
11	30	16	0	0
12	276	38	5	0.735294
13	29	13	0	0
14	27	31	3	0
Instant	115
1	698	24	0	0
2	36	13	0	0
3	696	30	2	0
4	641	13	0	0
11	30	16	0	0
12	270	43	5	0
13	29	13	0	0
14	28	31	3	0
Instant	116
1	705	24	0	0
2	27	13	0	0
3	686	30	2	0
4	627	13	0	0
11	29	16	0	0
12	298	39	6	0.551471
13	30	13	0	0
14	26	32	3	0
Instant	117
1	691	23	0	0
2	30	13	0	0
3	773	30	2	0
4	627	13	0	0
11	31	16	0	0
12	269	37	5	0.183824
13	33	13	0	0
14	27	31	2	0
Instant	118
1	684	24	0	0
2	26	13	0	0
3	631	33	3	0.552486
4	606	13	0	0
11	28	17	0	0
12	272	36	5	0.168919
13	28	13	0	0
14	26	33	3	0
Instant	119
1	698	23	0	0
2	32	13	0	0
3	608	29	2	0.0456204
4	641	13	0	0
11	30	16	0	0
12	293	35	4	0
13	28	13	0	0
14	27	31	3	0
