	T	D	J	LP
Instant	0
1	0	0	0	0
2	0	0	0	0
3	0	0	0	0
4	0	0	0	0
11	0	0	0	0
12	0	0	0	0
13	0	0	0	0
14	0	0	0	0
Instant	1
1	247	27	2	0
2	7	13	0	0
3	214	41	5	0
4	402	13	0	0
11	10	16	0	0
12	136	43	5	0
13	9	13	0	0
14	15	33	3	0
Instant	2
1	914	26	1	0.379267
2	9	13	0	0
3	820	35	4	0.277008
4	2222	13	0	0
11	40	16	0	0
12	309	43	7	0.183824
13	36	13	0	0
14	95	33	1	0
Instant	3
1	975	26	2	0.207838
2	15	13	0	0
3	780	38	5	0.958702
4	2529	13	0	0
11	43	16	0	0
12	301	51	9	2.02206
13	35	13	0	0
14	109	32	1	0.232558
Instant	4
1	1332	26	2	0.240806
2	22	13	0	0
3	688	37	4	0.595238
4	2357	14	0	0
11	58	16	0	0
12	286	51	10	0
13	30	13	0	0
14	104	31	1	0.398804
Instant	5
1	1329	27	2	0
2	26	13	0	0
3	710	34	5	0.398724
4	1571	13	0	0
11	59	16	0	0
12	291	52	12	2.20588
13	32	13	0	0
14	70	33	2	0.187126
Instant	6
1	1084	24	1	0.384193
2	14	13	0	0
3	765	35	4	0.114679
4	1521	13	0	0
11	47	16	0	0
12	261	45	8	2.02206
13	33	13	0	0
14	66	33	2	0
Instant	7
1	932	27	2	0.301932
2	8	13	0	0
3	750	38	6	0.390625
4	1293	13	0	0
11	42	16	0	0
12	267	54	10	0.675676
13	32	13	0	0
14	56	34	2	0
Instant	8
1	1208	25	1	0
2	14	13	0	0
3	848	34	3	0
4	1162	13	0	0
11	52	16	0	0
12	282	45	6	0
13	37	13	0	0
14	51	32	2	0
Instant	9
1	1248	25	1	0
2	17	13	0	0
3	929	34	4	0.0931677
4	1127	13	0	0
11	55	17	0	0
12	262	46	7	0.551471
13	41	13	0	0
14	49	30	1	0
Instant	10
1	1190	26	1	0
2	40	13	0	0
3	755	35	5	0.117739
4	1005	13	0	0
11	51	16	0	0
12	258	49	10	1.01351
13	33	13	0	0
14	43	31	2	0
Instant	11
1	1328	24	1	0
2	14	13	0	0
3	710	32	3	0.285016
4	955	13	0	0
11	57	16	0	0
12	284	41	6	0
13	31	13	0	0
14	40	32	1	0.555556
Instant	12
1	1323	27	2	0.417032
2	34	13	0	0
3	772	36	4	0
4	841	13	0	0
11	58	16	0	0
12	238	53	12	3.30882
13	33	13	0	0
14	37	32	2	0.348189
Instant	13
1	1189	26	2	0.411822
2	39	13	0	0
3	660	37	6	0.440917
4	1010	13	0	0
11	53	16	0	0
12	233	47	10	2.52976
13	29	13	0	0
14	44	32	2	0
Instant	14
1	1104	27	2	0.288866
2	43	13	0	0
3	595	35	4	0.578035
4	938	13	0	0
11	49	15	0	0
12	332	44	5	0.735294
13	26	13	0	0
14	40	30	2	0.251256
Instant	15
1	960	28	2	0.591716
2	24	13	0	0
3	632	34	3	0.551471
4	921	13	0	0
11	44	16	0	0
12	268	44	6	1.10294
13	27	13	0	0
14	40	33	2	0
Instant	16
1	839	26	2	0.41841
2	35	13	0	0
3	580	35	6	0.445545
4	980	13	0	0
11	37	16	0	0
12	261	47	8	0.506757
13	26	13	0	0
14	42	30	1	0
Instant	17
1	818	26	1	0.416667
2	11	13	0	0
3	600	34	4	0.145349
4	1053	13	0	0
11	36	16	0	0
12	261	44	7	0.919118
13	26	13	0	0
14	46	33	1	0
Instant	18
1	826	28	3	0.771388
2	11	13	0	0
3	543	34	3	0.414079
4	850	13	0	0
11	36	16	0	0
12	265	47	9	2.38971
13	24	13	0	0
14	37	33	2	0.345304
Instant	19
1	914	24	1	0.18797
2	28	13	0	0
3	621	33	2	0.287356
4	1055	13	0	0
11	41	16	0	0
12	270	39	6	0
13	26	13	0	0
14	45	29	1	0
Instant	20
1	945	25	1	0
2	39	13	0	0
3	619	31	3	0.424528
4	906	13	0	0
11	39	15	0	0
12	289	42	6	0
13	27	13	0	0
14	39	31	2	0
Instant	21
1	838	26	1	0
2	33	13	0	0
3	595	31	2	0.285714
4	947	13	0	0
11	37	16	0	0
12	266	47	7	0.551471
13	26	13	0	0
14	41	30	1	0
Instant	22
1	649	26	1	1.06293
2	22	13	0	0
3	539	39	5	0.322581
4	876	13	0	0
11	30	16	0	0
12	265	53	10	0.844595
13	23	13	0	0
14	38	31	2	0
Instant	23
1	832	27	1	0
2	28	13	0	0
3	609	32	3	0.490196
4	778	13	0	0
11	35	16	0	0
12	286	42	7	0.735294
13	25	13	0	0
14	33	31	2	0.377643
Instant	24
1	877	24	0	0
2	33	13	0	0
3	593	32	2	0.287908
4	828	13	0	0
11	37	16	0	0
12	249	40	6	1.28676
13	26	13	0	0
14	36	31	2	0
Instant	25
1	707	27	1	0
2	31	13	0	0
3	628	32	4	0
4	743	13	0	0
11	29	16	0	0.996678
12	263	49	8	0.744048
13	27	13	0	0
14	32	32	2	0
Instant	26
1	745	25	1	0.507812
2	27	13	0	0
3	599	34	3	0
4	765	13	0	0
11	32	16	0	0
12	326	45	8	1.65441
13	25	13	0	0
14	33	32	2	0
Instant	27
1	811	24	1	0.248933
2	44	13	0	0
3	599	34	4	0.24558
4	892	13	0	0
11	36	16	0	0
12	269	43	6	0
13	26	13	0	0
14	39	32	3	0
Instant	28
1	860	25	1	0
2	25	13	0	0
3	712	31	4	0.413907
4	899	13	0	0
11	37	16	0	0
12	271	42	5	0.347222
13	31	13	0	0
14	38	32	2	0.326371
Instant	29
1	853	25	1	0
2	31	13	0	0
3	608	33	2	0.137112
4	828	13	0	0
11	37	16	0	0
12	294	36	4	0.919118
13	28	13	0	0
14	36	31	3	0
Instant	30
1	794	24	1	0.439883
2	47	13	0	0
3	586	34	4	0.447316
4	828	13	0	0
11	34	16	0	0
12	254	45	8	1.10294
13	25	13	0	0
14	36	31	3	0
Instant	31
1	833	25	1	0.206897
2	49	13	0	0
3	504	35	2	0.510204
4	834	13	0	0
11	37	16	0	0
12	266	40	6	1.52027
13	22	13	0	0
14	36	30	2	0
Instant	32
1	912	26	1	0
2	25	13	0	0
3	606	34	3	0
4	711	13	0	0
11	39	16	0	0
12	285	42	5	0.551471
13	26	13	0	0
14	32	32	2	0
Instant	33
1	905	24	1	0
2	14	13	0	0
3	589	32	3	0.144788
4	773	13	0	0
11	39	16	0	0
12	258	46	6	2.02206
13	26	13	0	0
14	33	30	2	0
Instant	34
1	975	24	0	0.182927
2	29	13	0	0
3	646	30	1	0.140187
4	785	13	0	0
11	42	16	0	0
12	270	39	5	0
13	27	13	0	0
14	33	30	2	0
Instant	35
1	1031	26	1	0
2	30	13	0	0
3	616	32	3	0.140977
4	820	13	0	0
11	44	15	0	0
12	275	47	8	0
13	27	13	0	0
14	36	30	2	0
Instant	36
1	825	25	0	0
2	26	13	0	0
3	600	34	4	0.147638
4	757	13	0	0
11	36	16	0	0.641026
12	254	45	7	2.57353
13	25	13	0	0
14	32	31	1	0
Instant	37
1	831	26	1	0.215827
2	30	13	0	0
3	614	31	2	0.280899
4	614	13	0	0
11	35	16	0	0
12	258	42	9	0.892857
13	27	13	0	0
14	27	33	3	0.28626
Instant	38
1	807	24	1	0.430416
2	24	13	0	0
3	600	33	3	0.142586
4	634	13	0	0
11	35	16	0	0
12	293	44	6	0.367647
13	27	13	0	0
14	26	32	3	0
Instant	39
1	878	24	1	0
2	38	13	0	0
3	634	32	3	0
4	634	13	0	0
11	38	16	0	0
12	289	47	7	2.75735
13	27	13	0	0
14	28	30	2	0
Instant	40
1	976	24	1	0
2	26	13	0	0
3	574	33	2	0.655242
4	648	13	0	0
11	42	15	0	0
12	263	43	7	0
13	25	13	0	0
14	28	30	3	0
Instant	41
1	955	24	1	0
2	19	13	0	0
3	620	32	2	0
4	634	13	0	0
11	42	16	0	0
12	265	40	6	0.919118
13	27	13	0	0
14	27	31	3	0
Instant	42
1	947	25	1	0.0943396
2	1	13	0	0
3	571	33	3	0.642292
4	648	13	0	0
11	41	16	0	0
12	262	37	6	2.38971
13	25	13	0	0
14	27	30	2	0.271739
Instant	43
1	898	25	1	0
2	8	13	0	0
3	585	32	2	0.298211
4	620	13	0	0
11	39	16	0	0
12	268	45	7	1.18243
13	26	13	0	0
14	27	31	2	0
Instant	44
1	1000	23	0	0
2	26	13	0	0
3	641	32	2	0
4	662	13	0	0
11	44	16	0	0
12	295	43	7	0
13	27	13	0	0
14	28	30	2	0
Instant	45
1	998	25	1	0.203016
2	42	13	0	0
3	627	32	3	0
4	648	13	0	0
11	44	15	0	0
12	259	42	7	1.65441
13	27	13	0	0
14	28	30	1	0
Instant	46
1	982	24	1	0
2	13	13	0	0
3	632	31	2	0
4	599	13	0	0
11	42	16	0	0
12	274	38	5	0
13	27	13	0	0
14	26	31	3	0.294118
Instant	47
1	939	25	1	0
2	21	13	0	0
3	633	32	3	0.0457875
4	655	13	0	0
11	41	15	0	0
12	294	41	5	0
13	28	13	0	0
14	28	30	2	0
Instant	48
1	914	26	1	0
2	23	13	0	0
3	572	31	3	0.608519
4	634	13	0	0
11	39	16	0	0
12	251	37	5	1.83824
13	25	13	0	0
14	27	31	3	0
Instant	49
1	909	24	1	0
2	14	13	0	0
3	571	31	2	0.35497
4	641	13	0	0
11	40	16	0	0
12	261	38	7	0
13	25	13	0	0
14	27	31	3	0
Instant	50
1	867	25	1	0
2	43	13	0	0
3	641	31	2	0
4	655	13	0	0
11	37	16	0	0
12	304	40	6	0.735294
13	28	13	0	0
14	28	29	2	0
Instant	51
1	879	25	1	0.197109
2	31	13	0	0
3	542	36	4	0.523013
4	627	13	0	0
11	39	16	0	0
12	287	55	9	1.28676
13	24	13	0	0
14	27	32	3	0
Instant	52
1	942	24	1	0
2	15	13	0	0
3	632	32	3	0
4	655	13	0	0
11	41	16	0	0
12	262	38	6	0.694444
13	27	13	0	0
14	28	30	2	0
Instant	53
1	811	26	1	0.458392
2	23	13	0	0
3	560	36	3	0.15625
4	613	13	0	0
11	36	16	0	0
12	286	48	8	1.10294
13	24	13	0	0
14	27	32	2	0
Instant	54
1	950	24	0	0
2	21	13	0	0
3	611	33	2	0
4	655	13	0	0
11	40	15	0	0.49505
12	256	44	7	1.28676
13	27	13	0	0
14	28	30	2	0
Instant	55
1	907	25	1	0.224647
2	19	13	0	0
3	604	32	2	0.288462
4	648	13	0	0
11	39	16	0	0
12	273	45	6	0
13	26	13	0	0
14	27	30	2	0
Instant	56
1	918	24	0	0
2	26	13	0	0
3	614	33	3	0.0482625
4	641	13	0	0
11	40	15	0	0.512821
12	296	37	5	0
13	26	13	0	0
14	28	30	2	0
Instant	57
1	898	25	1	0
2	11	13	0	0
3	628	31	2	0.283554
4	648	13	0	0
11	38	16	0	0
12	271	44	6	0.367647
13	27	13	0	0
14	28	30	2	0
Instant	58
1	853	25	1	0
2	16	13	0	0
3	594	34	3	0.047619
4	634	13	0	0
11	37	16	0	0
12	267	45	8	0.506757
13	26	13	0	0
14	27	30	2	0.277778
Instant	59
1	803	27	1	0.217077
2	24	13	0	0
3	580	33	4	0.351406
4	627	13	0	0
11	35	16	0	0
12	287	48	8	0.735294
13	25	13	0	0
14	27	30	2	0
Instant	60
1	875	24	0	0
2	20	13	0	0
3	593	33	2	0.583658
4	634	13	0	0
11	38	16	0	0
12	283	47	8	0.183824
13	26	13	0	0
14	27	32	3	0
Instant	61
1	870	25	1	0
2	30	13	0	0
3	604	30	2	0.570342
4	648	13	0	0
11	37	16	0	0
12	265	44	5	0.595238
13	26	13	0	0
14	28	30	2	0
Instant	62
1	722	25	1	0
2	44	13	0	0
3	608	33	3	0.28626
4	641	13	0	0
11	30	16	0	0.488599
12	297	49	8	2.38971
13	26	13	0	0
14	27	31	3	0
Instant	63
1	747	25	1	0
2	35	13	0	0
3	573	34	2	0.303644
4	641	13	0	0
11	32	16	0	0
12	300	44	7	0
13	25	13	0	0
14	27	30	2	0
Instant	64
1	755	23	0	0
2	33	13	0	0
3	634	31	1	0
4	634	13	0	0
11	33	16	0	0
12	273	40	6	0.168919
13	27	13	0	0
14	27	30	3	0
Instant	65
1	737	25	1	0
2	8	13	0	0
3	601	33	2	0.0492126
4	641	13	0	0
11	31	16	0	0
12	294	44	8	0.551471
13	26	13	0	0
14	28	30	2	0
Instant	66
1	728	25	1	0
2	9	13	0	0
3	629	32	3	0.326493
4	648	13	0	0
11	32	16	0	0
12	266	45	6	1.10294
13	27	13	0	0
14	28	30	2	0
Instant	67
1	775	24	0	0
2	13	13	0	0
3	665	29	1	0
4	677	13	0	0
11	33	15	0	0
12	267	46	6	0
13	29	13	0	0
14	29	28	1	0
Instant	68
1	731	24	1	0.238095
2	24	13	0	0
3	651	31	2	0
4	648	13	0	0
11	32	15	0	0
12	291	36	5	0
13	28	13	0	0
14	28	30	2	0
Instant	69
1	745	24	0	0
2	45	13	0	0
3	618	32	2	0.093633
4	648	13	0	0
11	32	16	0	0
12	277	44	7	0
13	27	13	0	0
14	28	30	2	0
Instant	70
1	768	24	0	0
2	13	13	0	0
3	667	29	2	0
4	655	13	0	0
11	33	16	0	0
12	277	38	5	0
13	29	13	0	0
14	28	30	2	0
Instant	71
1	745	24	1	0
2	10	13	0	0
3	641	30	2	0
4	641	13	0	0
11	32	15	0	0
12	291	39	3	0
13	28	13	0	0
14	28	30	2	0
Instant	72
1	752	25	1	0
2	10	13	0	0
3	721	31	3	0
4	627	13	0	0
11	31	16	0	0
12	261	38	4	1.32576
13	30	13	0	0
14	27	32	2	0
Instant	73
1	763	24	0	0
2	13	13	0	0
3	734	31	2	0
4	627	13	0	0
11	33	15	0	0
12	262	38	5	0
13	32	13	0	0
14	27	31	3	0
Instant	74
1	761	24	1	0
2	32	13	0	0
3	706	30	2	0
4	648	13	0	0
11	33	15	0	0
12	324	39	5	0
13	30	13	0	0
14	28	30	2	0
Instant	75
1	742	24	1	0.237342
2	24	13	0	0
3	643	31	2	0.364964
4	633	13	0	0
11	32	16	0	0
12	278	40	8	0
13	28	13	0	0
14	27	30	2	0
Instant	76
1	754	25	0	0
2	23	13	0	0
3	646	30	2	0
4	628	13	0	0
11	32	15	0	0
12	261	39	5	0.868056
13	28	13	0	0
14	28	31	2	0.280899
Instant	77
1	754	24	1	0
2	30	13	0	0
3	593	31	1	0.291262
4	662	13	0	0
11	32	16	0	0
12	259	38	6	2.53906
13	26	13	0	0
14	28	29	1	0
Instant	78
1	728	25	0	0
2	29	13	0	0
3	588	34	2	0
4	620	13	0	0
11	31	16	0	0
12	255	39	7	1.5625
13	25	13	0	0
14	27	31	3	0
Instant	79
1	752	24	1	0
2	23	13	0	0
3	614	33	3	0
4	634	13	0	0
11	32	16	0	0
12	261	40	8	2.19595
13	26	13	0	0
14	27	32	3	0
Instant	80
1	766	24	0	0
2	23	13	0	0
3	620	32	2	0
4	641	13	0	0
11	33	16	0	0
12	288	37	5	0.568182
13	27	13	0	0
14	28	30	2	0
Instant	81
1	717	25	1	0.246711
2	14	13	0	0
3	596	34	3	0.146484
4	613	13	0	0
11	31	16	0	0
12	255	40	6	0
13	26	13	0	0
14	27	32	3	0
Instant	82
1	752	24	1	0
2	27	13	0	0
3	635	30	2	0.280899
4	641	13	0	0
11	33	16	0	0
12	261	44	8	1.96429
13	27	13	0	0
14	27	31	3	0
Instant	83
1	749	24	0	0
2	53	13	0	0
3	614	33	2	0.333969
4	627	13	0	0
11	33	16	0	0
12	283	39	7	0.189394
13	26	13	0	0
14	27	31	2	0
Instant	84
1	766	24	0	0
2	25	13	0	0
3	621	30	2	0.273723
4	641	13	0	0
11	32	16	0	0
12	269	41	6	0.568182
13	27	13	0	0
14	28	30	2	0
Instant	85
1	728	25	0	0
2	19	13	0	0
3	654	31	2	0
4	648	13	0	0
11	32	16	0	0
12	270	44	8	0.641026
13	28	13	0	0
14	28	31	3	0
Instant	86
1	747	25	1	0
2	32	13	0	0
3	638	30	2	0.0464684
4	655	13	0	0
11	32	16	0	0
12	335	36	4	0.735294
13	27	13	0	0
14	28	29	2	0
Instant	87
1	750	25	1	0
2	31	13	0	0
3	632	30	1	0.275735
4	662	13	0	0
11	32	16	0	0
12	266	42	5	0.183824
13	27	13	0	0
14	28	29	2	0
Instant	88
1	791	23	0	0
2	21	13	0	0
3	674	28	1	0
4	648	13	0	0
11	34	15	0	0
12	271	36	5	0
13	29	13	0	0
14	28	30	2	0
Instant	89
1	729	26	0	0
2	4	13	0	0
3	601	34	4	0
4	619	13	0	0
11	31	16	0	0
12	265	45	6	0.551471
13	26	13	0	0
14	26	33	3	0
Instant	90
1	751	25	1	0
2	33	13	0	0
3	655	30	3	0
4	634	13	0	0
11	32	16	0	0
12	272	42	6	1.5625
13	28	13	0	0
14	27	31	2	0
Instant	91
1	767	23	0	0
2	8	13	0	0
3	651	30	3	0
4	628	13	0	0
11	33	16	0	0
12	269	41	6	0
13	28	13	0	0
14	27	31	2	0
Instant	92
1	807	24	1	0
2	29	13	0	0
3	653	29	2	0
4	670	13	0	0
11	35	15	0	0
12	293	38	5	0
13	28	13	0	0
14	28	29	2	0
Instant	93
1	806	25	1	0
2	33	13	0	0
3	630	32	3	0.0471698
4	627	13	0	0
11	34	16	0	0
12	264	40	7	0.378788
13	27	13	0	0
14	27	31	2	0
Instant	94
1	745	25	1	0.268405
2	34	13	0	0
3	603	34	4	0.0478927
4	627	13	0	0
11	33	16	0	0
12	262	40	6	0.168919
13	26	13	0	0
14	27	32	2	0
Instant	95
1	821	24	1	0
2	34	13	0	0
3	667	29	2	0.044405
4	641	13	0	0
11	36	16	0	0
12	286	38	5	0
13	28	13	0	0
14	27	30	2	0
Instant	96
1	844	24	1	0
2	30	13	0	0
3	610	31	2	0.285714
4	669	13	0	0
11	36	16	0	0
12	247	40	6	1.83824
13	26	13	0	0
14	28	29	2	0
Instant	97
1	821	23	1	0
2	23	13	0	0
3	621	30	1	0
4	648	13	0	0
11	35	17	0	0
12	269	38	5	0
13	26	13	0	0
14	27	29	2	0.271739
Instant	98
1	813	24	1	0.108382
2	33	13	0	0
3	594	32	3	0.620229
4	627	13	0	0
11	35	16	0	0
12	304	38	5	0
13	26	13	0	0
14	27	31	2	0
Instant	99
1	845	23	1	0
2	12	13	0	0
3	662	30	2	0
4	641	13	0	0
11	37	15	0	0
12	297	42	6	0.735294
13	28	13	0	0
14	28	30	2	0
Instant	100
1	814	25	1	0
2	17	13	0	0
3	646	30	2	0
4	655	13	0	0
11	35	15	0	0
12	270	44	7	0
13	27	13	0	0
14	27	30	2	0
Instant	101
1	787	26	1	0
2	27	13	0	0
3	587	34	4	0.14881
4	648	13	0	0
11	33	16	0	0
12	256	41	6	2.57353
13	25	13	0	0
14	28	30	2	0
Instant	102
1	761	26	1	0.229008
2	35	13	0	0
3	587	34	3	0.194553
4	627	13	0	0
11	33	16	0	0
12	262	42	7	2.02206
13	26	13	0	0
14	26	32	2	0
Instant	103
1	787	26	1	0
2	39	13	0	0
3	625	32	3	0.236742
4	634	13	0	0
11	34	16	0	0
12	273	43	6	0
13	27	13	0	0
14	28	30	2	0
Instant	104
1	806	25	1	0
2	18	13	0	0
3	567	31	2	0.59761
4	655	13	0	0
11	35	16	0	0
12	283	43	6	0.367647
13	25	13	0	0
14	28	30	2	0
Instant	105
1	841	23	1	0
2	30	13	0	0
3	670	30	1	0.134409
4	655	13	0	0
11	36	15	0	0
12	272	37	6	0.551471
13	28	13	0	0
14	28	29	2	0
Instant	106
1	827	24	1	0
2	31	13	0	0
3	639	31	2	0
4	670	13	0	0
11	36	16	0	0
12	272	38	5	0.168919
13	28	13	0	0
14	28	29	2	0
Instant	107
1	786	24	1	0
2	57	13	0	0
3	620	33	2	0
4	641	13	0	0
11	34	16	0	0
12	292	40	5	0
13	26	13	0	0
14	28	30	2	0
Instant	108
1	807	25	1	0
2	48	13	0	0
3	629	30	2	0
4	627	13	0	0
11	35	16	0	0
12	271	37	5	0
13	27	13	0	0
14	27	32	3	0
Instant	109
1	820	24	1	0
2	10	13	0	0
3	614	31	2	0.286807
4	641	13	0	0
11	35	16	0	0
12	269	43	7	0
13	26	13	0	0
14	28	30	2	0
Instant	110
1	820	24	1	0
2	36	13	0	0
3	545	34	3	0.429185
4	606	13	0	0
11	35	16	0	0
12	341	40	5	0
13	23	13	0	0
14	26	32	3	0.290698
Instant	111
1	831	25	1	0
2	39	13	0	0
3	632	31	2	0
4	669	13	0	0
11	36	15	0	0
12	262	37	6	0
13	27	13	0	0
14	28	29	2	0
Instant	112
1	814	25	1	0
2	38	13	0	0
3	601	33	2	0.0473485
4	655	13	0	0
11	35	16	0	0
12	264	44	5	0.168919
13	27	13	0	0
14	28	30	2	0
Instant	113
1	780	25	1	0
2	43	13	0	0
3	573	34	2	0.310559
4	655	13	0	0
11	34	16	0	0
12	265	34	5	0.367647
13	24	13	0	0
14	28	30	2	0
Instant	114
1	839	24	1	0
2	36	13	0	0
3	605	33	2	0.0967118
4	641	13	0	0
11	36	15	0	0
12	268	38	4	1.10294
13	26	13	0	0
14	28	30	2	0
Instant	115
1	806	25	1	0
2	35	13	0	0
3	656	30	2	0
4	627	13	0	0
11	35	16	0	0
12	268	43	6	1.35135
13	28	13	0	0
14	27	31	3	0
Instant	116
1	793	25	1	0
2	27	13	0	0
3	585	34	3	0.395257
4	655	13	0	0
11	34	16	0	0
12	296	42	7	0.551471
13	26	13	0	0
14	28	30	2	0
Instant	117
1	838	25	1	0
2	34	13	0	0
3	612	32	2	0.582524
4	648	13	0	0
11	37	15	0	0
12	265	47	8	0.735294
13	26	13	0	0
14	28	30	2	0
Instant	118
1	901	24	0	0
2	36	13	0	0
3	600	30	2	0
4	670	13	0	0
11	39	16	0	0
12	274	42	5	0
13	26	13	0	0
14	28	29	2	0
Instant	119
1	1020	24	0	0.1693
2	40	13	0	0
3	635	32	2	0
4	662	13	0	0
11	45	15	0	0
12	291	39	4	0
13	27	13	0	0
14	28	29	2	0
