	T	D	J	LP
Instant	0
1	0	0	0	0
2	0	0	0	0
3	0	0	0	0
4	0	0	0	0
11	0	0	0	0
12	0	0	0	0
13	0	0	0	0
14	0	0	0	0
Instant	1
1	624	29	1	0
2	6	13	0	0
3	265	35	3	0
4	550	13	0	0
11	23	16	0	0
12	138	42	5	0
13	11	13	0	0
14	21	27	1	0
Instant	2
1	4800	33	2	0.137692
2	38	13	0	0
3	854	38	6	0.671141
4	2857	14	0	0
11	215	17	0	0
12	308	46	6	2.57353
13	38	13	0	0
14	124	29	1	0.185033
Instant	3
1	4100	29	2	0.3344
2	36	14	1	0
3	840	38	5	0.104895
4	2322	15	0	0
11	180	17	0	0
12	310	50	7	0.183824
13	36	13	0	0
14	99	30	1	0.759109
Instant	4
1	3435	26	1	0
2	35	13	0	0
3	685	35	5	0.671141
4	1593	13	0	0
11	153	16	0	0
12	273	44	6	1.01351
13	30	13	0	0
14	71	31	1	0
Instant	5
1	2398	27	2	0.119446
2	20	13	1	0
3	707	36	5	0.642055
4	1491	13	0	0
11	110	16	0	0
12	302	49	9	0.183824
13	32	13	0	0
14	65	30	1	0
Instant	6
1	1670	25	1	0
2	35	13	0	0
3	786	34	4	0.0376506
4	1524	13	0	0
11	72	16	0	0
12	272	43	7	0.735294
13	34	13	0	0
14	66	30	1	0
Instant	7
1	981	25	1	0.587544
2	37	13	0	0
3	827	33	3	0.490196
4	1380	13	0	0
11	44	16	0	0
12	273	44	6	0
13	36	13	0	0
14	60	32	2	0
Instant	8
1	861	24	1	0
2	26	13	0	0
3	926	29	2	0
4	1158	13	0	0
11	37	16	0	0
12	288	42	5	0
13	41	13	0	0
14	51	30	1	0
Instant	9
1	837	24	1	0
2	43	13	0	0
3	919	33	3	0.161708
4	1048	13	0	0
11	37	16	0	0
12	268	39	5	0
13	40	13	0	0
14	44	30	1	0.560538
Instant	10
1	827	26	1	0
2	33	13	0	0
3	809	34	3	0.0356125
4	932	13	0	0
11	36	16	0	0
12	253	42	6	1.35135
13	36	13	0	0
14	40	28	1	0.315657
Instant	11
1	820	23	1	0
2	37	13	0	0
3	832	31	2	0.254731
4	976	13	0	0
11	35	16	0	0
12	284	41	4	0
13	35	13	0	0
14	43	28	1	0
Instant	12
1	674	26	1	0.258621
2	27	13	0	0
3	734	34	4	0.348297
4	835	13	0	0
11	29	17	0	0
12	255	42	6	1.65441
13	33	13	0	0
14	35	31	2	0
Instant	13
1	719	25	1	0
2	50	13	0	0
3	734	31	3	0.157978
4	695	13	0	0
11	32	16	0	0
12	273	40	5	0
13	32	13	0	0
14	31	31	2	0.337838
Instant	14
1	754	24	0	0
2	29	13	0	0
3	806	30	2	0
4	739	13	0	0
11	31	17	0	0
12	320	39	5	0
13	35	13	0	0
14	31	29	2	0
Instant	15
1	657	25	1	0.26178
2	30	13	0	0
3	730	31	4	0.440705
4	721	13	0	0
11	29	17	0	0
12	290	41	4	0
13	31	13	0	0
14	30	30	2	0
Instant	16
1	698	25	1	0
2	20	13	0	0
3	823	31	3	0.106838
4	712	13	0	0
11	29	16	0	0
12	266	40	4	0
13	36	13	0	0
14	31	30	2	0
Instant	17
1	618	26	1	0
2	13	13	0	0
3	730	32	4	0.04
4	691	13	0	0
11	27	17	0	0.37594
12	281	43	6	0
13	32	13	0	0
14	31	30	2	0
Instant	18
1	676	24	1	0.303819
2	39	13	0	0
3	808	32	3	0
4	738	13	0	0
11	29	16	0	0
12	275	38	4	0
13	35	13	0	0
14	31	29	2	0
Instant	19
1	684	25	1	0
2	28	13	0	0
3	889	29	2	0.101351
4	726	13	0	0
11	29	16	0	0
12	270	38	5	0
13	38	13	0	0
14	32	28	1	0
Instant	20
1	644	24	1	0.311943
2	24	13	0	0
3	644	34	3	0.530973
4	735	13	0	0
11	28	16	0	0
12	289	43	5	0
13	29	13	0	0
14	31	29	2	0
Instant	21
1	678	24	0	0
2	21	13	0	0
3	655	30	2	0.315315
4	742	13	0	0
11	29	17	0	0
12	271	42	6	0
13	28	13	0	0
14	32	27	1	0
Instant	22
1	655	25	1	0.271739
2	17	13	0	0
3	604	33	2	0
4	702	13	0	0
11	28	17	0	0
12	258	37	4	1.18243
13	27	13	0	0
14	31	28	2	0.334448
Instant	23
1	674	24	1	0
2	7	13	0	0
3	656	30	2	0.0456204
4	617	13	0	0
11	29	16	0	0.261324
12	292	36	4	0
13	28	13	0	0
14	25	27	1	0.381679
Instant	24
1	700	23	0	0
2	21	13	0	0
3	640	30	1	0
4	677	13	0	0
11	30	16	0	0
12	264	40	4	0
13	28	13	0	0
14	29	29	1	0
Instant	25
1	629	23	0	0.318761
2	47	13	0	0
3	622	32	2	0.0466418
4	655	13	0	0
11	28	16	0	0
12	263	40	6	0.744048
13	27	13	0	0
14	29	29	1	0
Instant	26
1	630	25	1	0.276243
2	54	13	0	0
3	606	33	4	0.147059
4	683	13	0	0
11	27	17	0	0
12	330	41	5	0
13	26	13	0	0
14	29	28	1	0
Instant	27
1	686	24	1	0
2	29	13	0	0
3	654	30	2	0.262238
4	662	13	0	0
11	29	16	0	0
12	276	41	5	0
13	29	13	0	0
14	29	29	2	0
Instant	28
1	691	24	0	0
2	23	13	0	0
3	597	32	3	0.295276
4	662	13	0	0
11	29	16	0	0
12	261	38	5	1.21528
13	25	13	0	0
14	29	29	2	0
Instant	29
1	665	25	1	0.043554
2	20	13	0	0
3	649	31	3	0
4	683	13	0	0
11	29	16	0	0
12	304	43	6	0
13	28	13	0	0
14	29	27	2	0
Instant	30
1	647	24	1	0
2	17	13	0	0
3	624	31	3	0.329567
4	648	13	0	0
11	28	17	0	0.272727
12	260	38	4	0.551471
13	27	13	0	0
14	28	30	2	0
Instant	31
1	635	24	1	0
2	28	13	0	0
3	585	36	4	0
4	639	13	0	0
11	27	18	1	0
12	275	39	6	0.506757
13	25	13	0	0
14	28	31	2	0
Instant	32
1	670	25	1	0
2	37	13	0	0
3	603	30	3	0.285714
4	641	13	0	0
11	29	16	0	0
12	290	39	5	0
13	26	13	0	0
14	27	31	2	0
Instant	33
1	681	24	1	0
2	26	13	0	0
3	612	32	3	0.337187
4	669	13	0	0
11	30	17	0	0
12	275	39	5	0
13	26	13	0	0
14	29	28	2	0
Instant	34
1	691	24	0	0
2	27	13	0	0
3	615	30	2	0
4	634	13	0	0
11	29	16	0	0
12	252	37	3	1.85811
13	27	13	0	0
14	27	30	3	0
Instant	35
1	670	24	0	0
2	25	13	0	0
3	622	32	3	0.321101
4	669	13	0	0
11	29	16	0	0
12	277	33	4	0.919118
13	27	13	0	0
14	29	29	1	0.263158
Instant	36
1	698	24	0	0
2	29	13	0	0
3	688	28	2	0
4	669	13	0	0
11	29	16	0	0
12	273	35	3	0
13	29	13	0	0
14	28	29	2	0
Instant	37
1	705	23	0	0
2	8	13	0	0
3	658	27	1	0.259516
4	677	13	0	0
11	31	16	0	0
12	268	34	3	0
13	29	13	0	0
14	30	28	2	0
Instant	38
1	698	24	0	0
2	17	13	0	0
3	688	28	1	0
4	676	13	0	0
11	30	16	0	0
12	330	36	4	0
13	30	13	0	0
14	29	28	2	0
Instant	39
1	712	23	0	0
2	12	13	0	0
3	669	29	1	0
4	677	13	0	0
11	31	16	0	0
12	282	35	3	0.183824
13	28	13	0	0
14	30	28	1	0
Instant	40
1	684	23	0	0
2	10	13	0	0
3	641	31	2	0
4	698	13	0	0
11	30	17	0	0
12	272	34	4	0
13	28	13	0	0
14	29	28	2	0
Instant	41
1	677	24	1	0
2	35	13	0	0
3	527	31	3	0.701944
4	655	13	0	0
11	29	16	0	0
12	297	35	3	0
13	23	13	0	0
14	28	29	2	0
Instant	42
1	733	23	0	0
2	15	13	0	0
3	672	27	1	0.302768
4	662	13	0	0
11	31	16	0	0
12	271	39	4	0
13	29	13	0	0
14	29	30	3	0
Instant	43
1	626	26	1	0
2	44	13	0	0
3	581	33	3	0.30303
4	653	13	0	0
11	27	16	0	0
12	239	46	6	2.53378
13	25	13	0	0
14	28	30	2	0
Instant	44
1	685	24	0	0.259965
2	39	13	0	0
3	582	29	2	0.855513
4	677	13	0	0
11	29	16	0	0
12	287	39	5	0.183824
13	26	13	0	0
14	29	28	2	0
Instant	45
1	705	23	0	0
2	33	13	0	0
3	670	29	2	0
4	676	13	0	0
11	31	16	0	0
12	279	36	4	0
13	28	13	0	0
14	29	27	2	0
Instant	46
1	655	24	1	0.265957
2	25	13	0	0
3	655	30	2	0
4	676	13	0	0
11	28	16	0	0
12	256	35	4	1.35135
13	27	13	0	0
14	30	28	2	0
Instant	47
1	705	23	1	0
2	30	13	0	0
3	660	29	2	0
4	691	13	0	0
11	30	16	0	0
12	294	35	4	0
13	28	13	0	0
14	29	28	2	0
Instant	48
1	684	24	0	0
2	30	13	0	0
3	686	27	1	0
4	655	13	0	0
11	30	16	0	0
12	266	38	5	0.183824
13	30	13	0	0
14	29	29	2	0
Instant	49
1	684	24	1	0
2	27	13	0	0
3	572	32	2	0.30426
4	690	13	0	0
11	29	16	0	0
12	243	38	4	1.19048
13	25	13	0	0
14	30	28	1	0
Instant	50
1	655	25	1	0
2	18	13	0	0
3	502	31	3	1.04626
4	627	13	0	0
11	28	17	0	0
12	326	40	5	0.183824
13	23	13	0	0
14	26	32	2	0
Instant	51
1	682	24	0	0
2	33	13	0	0
3	656	29	1	0.265957
4	669	13	0	0
11	29	17	0	0
12	278	39	5	0
13	28	13	0	0
14	29	28	2	0
Instant	52
1	642	23	0	0.271248
2	45	13	0	0
3	660	30	2	0
4	676	13	0	0
11	28	16	0	0
12	240	36	6	2.25694
13	28	13	0	0
14	29	29	2	0
Instant	53
1	692	24	0	0
2	46	13	0	0
3	593	33	2	0.295276
4	655	13	0	0
11	29	17	0	0
12	296	37	6	0
13	25	13	0	0
14	28	29	2	0
Instant	54
1	684	24	0	0
2	27	13	0	0
3	654	31	2	0
4	669	13	0	0
11	28	17	0	0
12	263	42	6	0.735294
13	28	13	0	0
14	29	28	1	0
Instant	55
1	684	24	0	0
2	31	13	0	0
3	669	29	1	0
4	671	13	0	0
11	30	16	0	0
12	273	34	3	0
13	29	13	0	0
14	29	28	2	0
Instant	56
1	667	23	1	0
2	38	13	0	0
3	662	29	1	0
4	668	13	0	0
11	28	17	0	0
12	287	38	5	0.919118
13	28	13	0	0
14	29	29	2	0
Instant	57
1	665	24	1	0
2	25	13	0	0
3	640	31	1	0
4	662	13	0	0
11	29	17	0	0.265018
12	245	35	4	0.551471
13	27	13	0	0
14	28	29	2	0
Instant	58
1	671	24	1	0.130662
2	27	13	0	0
3	649	31	2	0
4	691	13	0	0
11	29	16	0	0
12	272	42	5	2.19595
13	28	13	0	0
14	30	27	1	0
Instant	59
1	712	23	0	0
2	42	13	0	0
3	670	29	2	0
4	655	13	0	0
11	30	16	0	0
12	298	35	4	0
13	29	13	0	0
14	28	30	2	0
Instant	60
1	695	24	0	0
2	40	13	0	0
3	627	28	1	0.587703
4	669	13	0	0
11	30	16	0	0
12	278	39	4	0
13	28	13	0	0
14	29	28	2	0
Instant	61
1	698	23	0	0
2	26	13	0	0
3	664	29	1	0
4	683	13	0	0
11	30	16	0	0
12	274	32	3	0.14881
13	28	13	0	0
14	30	27	1	0
Instant	62
1	698	23	0	0
2	30	13	0	0
3	661	29	1	0
4	683	13	0	0
11	30	16	0	0
12	308	37	5	1.10294
13	28	13	0	0
14	29	27	1	0.257732
Instant	63
1	698	24	1	0
2	24	13	0	0
3	675	29	2	0
4	641	13	0	0
11	30	16	0	0
12	292	41	5	0.735294
13	29	13	0	0
14	28	30	2	0
Instant	64
1	691	24	0	0
2	29	13	0	0
3	643	30	2	0
4	676	13	0	0
11	30	16	0	0
12	269	37	4	0.506757
13	28	13	0	0
14	29	28	2	0
Instant	65
1	619	24	1	0.47619
2	28	13	0	0
3	597	30	2	0.34585
4	655	13	0	0
11	26	16	0	0
12	305	42	5	0
13	26	13	0	0
14	28	29	2	0
Instant	66
1	664	24	1	0
2	25	13	0	0
3	652	28	1	0.265957
4	676	13	0	0
11	29	16	0	0
12	273	36	5	0
13	28	13	0	0
14	29	28	1	0
Instant	67
1	684	24	0	0
2	36	13	0	0
3	606	32	2	0.284091
4	662	13	0	0
11	29	17	0	0
12	267	39	5	0
13	26	13	0	0
14	28	29	2	0
Instant	68
1	677	25	1	0
2	35	13	0	0
3	589	34	3	0.295276
4	655	13	0	0
11	29	16	0	0
12	268	40	6	1.95312
13	26	13	0	0
14	28	30	2	0
Instant	69
1	698	23	0	0
2	28	13	0	0
3	686	29	1	0
4	669	13	0	0
11	30	17	0	0
12	277	40	5	0
13	28	13	0	0
14	29	28	1	0
Instant	70
1	670	25	1	0
2	36	13	0	0
3	615	32	2	0.275735
4	669	13	0	0
11	29	16	0	0
12	277	42	6	0
13	27	13	0	0
14	29	29	2	0
Instant	71
1	684	24	1	0
2	17	13	0	0
3	653	31	2	0
4	698	13	0	0
11	30	16	0	0
12	293	43	7	0
13	28	13	0	0
14	29	27	2	0
Instant	72
1	698	24	0	0
2	17	13	0	0
3	604	31	2	0.471698
4	676	13	0	0
11	29	16	0	0
12	259	34	4	0.94697
13	27	13	0	0
14	29	28	1	0
Instant	73
1	600	26	1	0.290135
2	39	13	0	0
3	584	33	3	0.343137
4	655	13	0	0
11	26	16	0	0
12	246	41	4	1.67683
13	26	13	0	0
14	28	29	2	0
Instant	74
1	705	23	0	0
2	17	13	0	0
3	674	29	2	0
4	662	13	0	0
11	30	16	0	0
12	312	38	4	0
13	28	13	0	0
14	28	30	2	0
Instant	75
1	682	24	0	0
2	26	13	0	0
3	655	30	2	0
4	669	13	0	0
11	30	16	0	0
12	285	39	4	0.568182
13	29	13	0	0
14	29	29	2	0
Instant	76
1	706	24	1	0
2	16	13	0	0
3	669	30	2	0
4	669	13	0	0
11	30	16	0	0
12	273	37	4	0
13	28	13	0	0
14	29	28	2	0
Instant	77
1	677	24	0	0
2	11	13	0	0
3	648	30	2	0
4	655	13	0	0
11	30	16	0	0
12	297	37	6	0
13	28	13	0	0
14	28	30	2	0
Instant	78
1	690	23	0	0.257732
2	22	13	0	0
3	655	30	2	0
4	676	13	0	0
11	29	16	0	0
12	276	36	5	0
13	28	13	0	0
14	28	29	2	0
Instant	79
1	719	23	0	0
2	16	13	0	0
3	676	29	1	0
4	683	13	0	0
11	31	16	0	0
12	272	37	5	0
13	29	13	0	0
14	29	28	2	0
Instant	80
1	677	24	0	0
2	26	13	0	0
3	606	33	2	0
4	670	13	0	0
11	29	16	0	0
12	274	35	4	1.70455
13	26	13	0	0
14	29	29	2	0
Instant	81
1	670	24	0	0
2	23	13	0	0
3	668	28	1	0
4	669	13	0	0
11	29	16	0	0
12	267	37	4	0
13	29	13	0	0
14	29	28	2	0
Instant	82
1	691	24	1	0
2	46	13	0	0
3	579	30	2	0.806452
4	662	13	0	0
11	30	16	0	0
12	271	40	4	0
13	25	13	0	0
14	29	29	2	0
Instant	83
1	608	25	1	0.283019
2	26	13	0	0
3	641	31	3	0
4	669	13	0	0
11	27	16	0	0
12	287	42	5	0.568182
13	28	13	0	0
14	28	28	1	0
Instant	84
1	727	23	0	0
2	35	13	0	0
3	621	29	2	0.613208
4	677	13	0	0
11	31	16	0	0
12	269	36	4	0
13	27	13	0	0
14	30	28	1	0
Instant	85
1	681	24	0	0
2	19	13	0	0
3	647	30	2	0.133929
4	683	13	0	0
11	29	16	0	0
12	279	35	5	0
13	28	13	0	0
14	29	28	1	0
Instant	86
1	612	24	1	0.285714
2	27	13	0	0
3	609	33	3	0
4	663	13	0	0
11	27	17	0	0
12	341	42	5	0
13	26	13	0	0
14	28	28	2	0
Instant	87
1	695	24	0	0
2	25	13	0	0
3	659	30	2	0
4	662	13	0	0
11	29	16	0	0
12	268	34	4	0.183824
13	28	13	0	0
14	29	29	2	0
Instant	88
1	693	23	1	0
2	12	13	0	0
3	638	29	2	0.318182
4	698	13	0	0
11	30	17	0	0
12	242	37	5	1.68919
13	28	13	0	0
14	30	27	1	0
Instant	89
1	691	24	0	0
2	13	13	0	0
3	670	28	1	0.265018
4	655	13	0	0
11	30	17	0	0
12	290	35	6	0.919118
13	29	13	0	0
14	27	30	2	0
Instant	90
1	677	24	1	0
2	41	13	0	0
3	610	31	2	0.277264
4	676	13	0	0
11	29	17	0	0
12	261	38	5	0.585938
13	27	13	0	0
14	29	29	2	0
Instant	91
1	698	24	1	0
2	18	13	0	0
3	706	27	1	0
4	669	13	0	0
11	30	16	0	0
12	269	38	5	0
13	30	13	0	0
14	29	28	2	0
Instant	92
1	691	25	1	0
2	40	13	0	0
3	634	31	2	0
4	676	13	0	0
11	30	16	0	0
12	293	37	6	0
13	27	13	0	0
14	29	28	2	0
Instant	93
1	663	25	1	0
2	18	13	0	0
3	634	32	3	0
4	655	13	0	0
11	28	17	0	0
12	268	33	4	0
13	27	13	0	0
14	28	29	2	0
Instant	94
1	705	23	0	0
2	28	13	0	0
3	651	30	2	0
4	677	13	0	0
11	30	16	0	0
12	264	34	4	0
13	28	13	0	0
14	29	29	1	0
Instant	95
1	677	24	1	0
2	20	13	0	0
3	650	31	2	0
4	676	13	0	0
11	29	16	0	0
12	286	43	5	0
13	28	13	0	0
14	29	28	2	0
Instant	96
1	691	24	1	0
2	34	13	0	0
3	662	29	1	0
4	655	13	0	0
11	29	16	0	0
12	268	39	6	0
13	28	13	0	0
14	29	29	2	0
Instant	97
1	676	25	1	0
2	18	13	0	0
3	662	30	2	0
4	662	13	0	0
11	28	16	0	0
12	261	38	5	0.609756
13	28	13	0	0
14	28	30	2	0
Instant	98
1	670	24	1	0
2	8	13	0	0
3	654	29	1	0
4	634	13	0	0
11	29	16	0	0
12	322	36	4	1.65441
13	28	13	0	0
14	28	31	3	0
Instant	99
1	698	24	1	0
2	29	13	0	0
3	661	30	2	0
4	683	13	0	0
11	30	16	0	0
12	270	42	5	0
13	28	13	0	0
14	30	28	2	0
Instant	100
1	652	23	0	0.27027
2	24	13	0	0
3	650	30	2	0.0451264
4	676	13	0	0
11	28	17	0	0
12	268	38	5	0.168919
13	28	13	0	0
14	29	28	2	0
Instant	101
1	698	23	0	0
2	30	13	0	0
3	609	30	1	0.56391
4	669	13	0	0
11	30	16	0	0
12	298	38	4	0
13	27	13	0	0
14	29	28	2	0
Instant	102
1	698	24	0	0
2	23	13	0	0
3	647	31	2	0
4	662	13	0	0
11	30	16	0	0
12	260	35	4	1.10294
13	28	13	0	0
14	29	29	2	0
Instant	103
1	684	24	0	0
2	34	13	0	0
3	670	29	1	0
4	676	13	0	0
11	30	16	0	0
12	265	34	4	0.506757
13	29	13	0	0
14	28	29	2	0
Instant	104
1	684	24	0	0
2	32	13	0	0
3	639	29	2	0.272727
4	662	13	0	0
11	29	16	0	0
12	294	35	4	0.183824
13	28	13	0	0
14	29	29	1	0
Instant	105
1	705	23	0	0
2	26	13	0	0
3	660	28	2	0
4	683	13	0	0
11	30	16	0	0
12	258	35	4	0.183824
13	28	13	0	0
14	30	28	2	0
Instant	106
1	663	25	0	0
2	0	13	0	0
3	641	32	2	0.271739
4	655	13	0	0
11	28	17	0	0
12	274	44	7	0.844595
13	28	13	0	0
14	28	29	2	0
Instant	107
1	691	24	0	0
2	15	13	0	0
3	652	30	2	0.044964
4	655	13	0	0
11	30	16	0	0
12	281	39	5	0.551471
13	28	13	0	0
14	28	30	2	0
Instant	108
1	684	24	1	0
2	16	13	0	0
3	681	28	1	0
4	683	13	0	0
11	30	17	0	0
12	262	42	5	1.47059
13	29	13	0	0
14	30	28	2	0
Instant	109
1	705	23	0	0
2	38	13	0	0
3	672	28	1	0
4	683	13	0	0
11	30	16	0	0
12	269	33	4	0
13	29	13	0	0
14	29	28	2	0
Instant	110
1	719	23	0	0
2	11	13	0	0
3	672	29	1	0
4	705	13	0	0
11	31	16	0	0
12	327	36	4	0.78125
13	29	13	0	0
14	30	27	1	0
Instant	111
1	670	24	1	0
2	12	13	0	0
3	596	33	3	0.197628
4	641	13	0	0
11	28	17	0	0
12	265	41	6	0.735294
13	25	13	0	0
14	27	30	3	0
Instant	112
1	691	24	0	0
2	21	13	0	0
3	629	31	2	0.326493
4	698	13	0	0
11	30	16	0	0
12	266	37	4	0
13	27	13	0	0
14	30	27	2	0
Instant	113
1	712	23	0	0
2	16	13	0	0
3	674	29	2	0
4	669	13	0	0
11	30	16	0	0
12	290	36	5	0.183824
13	30	13	0	0
14	30	28	2	0
Instant	114
1	677	24	1	0
2	19	13	0	0
3	686	28	1	0
4	690	13	0	0
11	29	16	0	0
12	271	39	5	0
13	29	13	0	0
14	29	28	2	0
Instant	115
1	662	25	1	0
2	27	13	0	0
3	625	32	2	0
4	648	13	0	0
11	28	16	0	0
12	259	37	5	1.01351
13	27	13	0	0
14	28	30	2	0
Instant	116
1	698	24	1	0
2	13	13	0	0
3	640	30	1	0
4	691	13	0	0
11	30	16	0	0
12	303	40	5	0
13	28	13	0	0
14	30	27	1	0
Instant	117
1	691	24	0	0
2	39	13	0	0
3	669	30	2	0.0437828
4	683	13	0	0
11	29	16	0	0
12	271	44	6	0
13	29	13	0	0
14	30	28	1	0
Instant	118
1	642	24	1	0.310284
2	26	13	0	0
3	691	28	2	0
4	655	13	0	0
11	29	16	0	0
12	274	40	4	0
13	29	13	0	0
14	29	29	2	0
Instant	119
1	679	24	0	0
2	40	13	0	0
3	646	30	2	0
4	676	13	0	0
11	29	16	0	0
12	293	35	4	0
13	28	13	0	0
14	28	29	2	0
