	T	D	J	LP
Instant	0
1	0	0	0	0
2	0	0	0	0
3	0	0	0	0
4	0	0	0	0
11	0	0	0	0
12	0	0	0	0
13	0	0	0	0
14	0	0	0	0
Instant	1
1	332	26	2	0
2	19	13	0	0
3	128	45	8	1.04167
4	598	13	0	0
11	13	18	0	0
12	64	61	9	4.00815
13	6	13	0	0
14	22	30	2	0
Instant	2
1	1596	27	2	0.0181028
2	22	14	0	0
3	310	66	16	3.83987
4	3683	15	0	0
11	70	18	0	0
12	65	68	18	7.35294
13	19	13	0	0
14	157	31	0	0
Instant	3
1	1433	27	2	0.469005
2	14	14	0	0
3	381	60	17	2.44361
4	3975	15	0	0
11	63	17	0	0
12	56	80	8	5.97426
13	20	13	0	0
14	173	29	0	1.16795
Instant	4
1	1513	28	2	0.0386997
2	16	13	0	0
3	352	56	13	2.30583
4	3432	15	0	0
11	67	17	0	0
12	46	62	10	1.30912
13	18	13	0	0
14	146	29	0	0.359589
Instant	5
1	1093	28	2	0
2	39	13	0	0
3	363	55	13	2.2423
4	2704	14	0	0
11	47	17	0	0
12	67	57	17	3.58456
13	19	13	0	0
14	119	29	0	0.500435
Instant	6
1	967	24	2	0.299043
2	19	13	0	0
3	257	53	13	3.11404
4	2145	14	0	0
11	43	18	0	0.300481
12	79	67	18	8.18015
13	14	13	0	0
14	93	31	1	0.328947
Instant	7
1	799	27	1	0.294551
2	23	13	0	0
3	221	57	13	3.48282
4	1923	13	0	0
11	34	18	0	0
12	70	71	13	17.4409
13	13	13	0	0
14	85	31	1	0
Instant	8
1	706	28	2	0
2	24	13	0	0
3	267	54	13	2.50428
4	1567	13	0	0
11	31	18	1	0
12	112	60	18	14.1544
13	14	13	0	0
14	68	33	1	0
Instant	9
1	613	29	2	0
2	18	13	0	0
3	292	55	12	2.43507
4	1278	14	0	0
11	26	17	0	0
12	122	64	16	16.9118
13	15	13	0	0
14	55	31	2	0.230203
Instant	10
1	642	26	0	0.361664
2	19	13	0	0
3	270	54	13	2.62132
4	1223	13	0	0
11	28	17	0	0
12	136	57	16	6.96791
13	14	13	0	0
14	54	29	1	0
Instant	11
1	655	25	1	0
2	40	13	0	0
3	248	51	13	3.00718
4	1095	13	0	0
11	28	17	0	0
12	172	56	15	5.1011
13	13	13	0	0
14	47	29	1	0
Instant	12
1	576	28	1	0.298805
2	29	13	0	0
3	245	54	13	2.75187
4	942	13	0	0
11	25	17	0	0
12	164	64	17	5.37684
13	13	13	0	0
14	42	32	2	0
Instant	13
1	544	26	1	0.9375
2	27	13	0	0
3	269	50	13	2.84192
4	780	13	0	0
11	24	17	0	0
12	140	64	19	5.13393
13	14	13	0	0
14	32	30	2	0.60241
Instant	14
1	581	25	1	0.606061
2	20	13	0	0
3	279	46	13	2.26898
4	730	13	0	0
11	25	17	0	0
12	172	56	16	6.06618
13	15	13	0	0
14	31	30	2	0
Instant	15
1	528	25	1	0.638298
2	19	13	0	0
3	306	53	12	1.89696
4	699	13	0	0
11	24	17	0	0
12	115	61	18	7.12316
13	16	13	0	0
14	30	31	2	0
Instant	16
1	530	27	2	0.373932
2	32	13	0	0
3	289	54	13	2.19224
4	672	13	0	0
11	24	17	0	0
12	87	63	18	9.92399
13	14	13	0	0
14	30	31	2	0
Instant	17
1	555	29	2	0.317797
2	12	13	0	0
3	279	55	13	2.47807
4	713	13	0	0
11	23	17	0	0
12	145	59	19	5.88235
13	14	13	0	0
14	30	29	1	0.246711
Instant	18
1	596	27	1	0
2	28	13	0	0
3	267	53	12	2.10503
4	780	13	0	0
11	26	17	0	0
12	132	60	14	6.15809
13	14	13	0	0
14	34	29	1	0.451807
Instant	19
1	538	28	1	0.636943
2	41	13	0	0
3	296	51	13	1.95246
4	773	14	0	0
11	24	18	0	0
12	143	69	14	6.12331
13	14	13	0	0
14	33	30	1	0
Instant	20
1	623	27	1	0
2	15	13	0	0
3	337	52	11	1.80678
4	767	13	0	0
11	27	17	0	0
12	142	55	14	6.29596
13	16	13	0	0
14	33	32	2	0
Instant	21
1	627	27	1	0
2	17	13	0	0
3	271	50	14	2.61383
4	802	13	0	0
11	27	17	0	0
12	166	57	18	7.03125
13	14	13	0	0
14	35	30	1	0
Instant	22
1	553	26	1	0.947368
2	41	13	0	0
3	231	53	14	3.19656
4	816	13	0	0
11	24	17	0	0
12	102	60	16	6.03885
13	13	13	0	0
14	35	30	1	0
Instant	23
1	524	27	2	0.549451
2	22	13	0	0
3	259	52	12	2.7114
4	908	13	0	0
11	23	18	0	0
12	109	59	17	8.45588
13	13	13	0	0
14	39	30	2	0
Instant	24
1	594	26	1	0.386847
2	22	13	0	0
3	270	51	12	2.44425
4	796	13	0	0
11	26	17	0	0
12	128	64	18	7.58272
13	14	13	0	0
14	35	30	1	0
Instant	25
1	467	26	1	1.05459
2	31	13	0	0
3	262	51	12	2.16302
4	735	13	0	0
11	20	17	0	0
12	96	60	16	7.25446
13	13	13	0	0
14	31	30	1	0
Instant	26
1	546	28	2	0.307377
2	37	13	0	0
3	246	52	15	2.93438
4	691	13	0	0
11	24	17	0	0
12	127	61	18	6.61765
13	13	13	0	0
14	30	31	1	0
Instant	27
1	552	25	1	0.869121
2	25	13	0	0
3	276	49	13	2.1875
4	691	13	0	0
11	24	17	0	0
12	117	58	17	9.19118
13	14	13	0	0
14	30	30	1	0
Instant	28
1	613	28	2	0.290698
2	33	13	0	0
3	277	54	13	2.22603
4	666	13	0	0
11	26	17	0	0
12	161	61	14	5.98958
13	14	13	0	0
14	28	30	1	0.264085
Instant	29
1	514	28	1	0.378788
2	19	13	0	0
3	267	53	12	2.41652
4	684	13	0	0
11	23	17	0	0
12	94	65	21	6.61765
13	14	13	0	0
14	29	30	1	0.257732
Instant	30
1	614	28	1	0
2	13	13	0	0
3	268	50	11	2.42147
4	681	13	0	0
11	26	18	0	0
12	139	60	17	7.8125
13	14	13	0	0
14	29	32	2	0
Instant	31
1	619	26	1	0.28463
2	23	13	0	0
3	239	52	13	2.75701
4	674	13	0	0
11	26	18	0	0
12	133	59	18	6.88345
13	13	13	0	0
14	29	31	2	0
Instant	32
1	649	26	1	0
2	26	13	0	0
3	247	50	13	2.78828
4	693	13	0	0
11	28	16	0	0
12	170	63	17	5.92831
13	13	13	0	0
14	30	30	2	0
Instant	33
1	536	26	1	0.319829
2	15	13	0	0
3	273	52	14	2.47069
4	687	13	0	0
11	24	17	0	0
12	148	60	19	5.37684
13	14	13	0	0
14	29	31	2	0
Instant	34
1	579	27	1	0.53816
2	11	13	0	0
3	236	49	14	3.21429
4	674	13	0	0
11	26	18	0	0
12	125	62	20	7.30574
13	13	13	0	0
14	29	31	2	0
Instant	35
1	541	27	2	0.635593
2	33	13	0	0
3	229	54	15	2.95276
4	703	13	0	0
11	24	18	1	0
12	91	56	22	7.21507
13	12	13	0	0
14	31	31	3	0
Instant	36
1	526	27	2	0.655022
2	35	13	0	0
3	238	52	13	2.80172
4	673	13	0	0
11	23	17	0	0
12	133	68	17	8.18015
13	12	13	0	0
14	29	32	2	0
Instant	37
1	588	26	1	0.596421
2	31	13	0	0
3	267	54	13	2.32509
4	753	13	0	0
11	25	17	0	0
12	158	57	19	5.54315
13	14	13	0	0
14	32	30	1	0
Instant	38
1	593	26	1	0.286807
2	36	13	0	0
3	301	53	13	2.35927
4	716	13	0	0
11	26	18	0	0
12	185	58	17	4.82537
13	15	13	0	0
14	31	31	2	0
Instant	39
1	571	27	1	0.308008
2	21	13	0	0
3	251	51	14	2.74004
4	681	13	0	0
11	25	17	0	0
12	177	60	17	4.82537
13	14	13	0	0
14	30	30	2	0
Instant	40
1	600	28	1	0.294118
2	24	13	0	0
3	223	55	14	3.37187
4	694	13	0	0
11	26	17	0	0
12	106	61	19	7.09459
13	13	13	0	0
14	29	31	2	0
Instant	41
1	559	26	1	0.598802
2	19	13	0	0
3	248	50	13	3.01047
4	691	13	0	0
11	25	17	0	0
12	142	66	19	8.27206
13	14	13	0	0
14	30	31	2	0.255102
Instant	42
1	650	26	1	0
2	33	13	0	0
3	256	52	12	2.70455
4	813	13	0	0
11	27	17	0	0
12	158	61	14	5.46875
13	13	13	0	0
14	35	29	1	0
Instant	43
1	580	27	1	0.292969
2	20	13	0	0
3	296	51	12	2.0148
4	734	13	0	0
11	26	16	0	0
12	167	58	16	5.19426
13	15	13	0	0
14	31	30	1	0
Instant	44
1	620	26	1	0.283554
2	26	13	0	0
3	224	56	14	3.35968
4	685	13	0	0
11	26	17	0	0
12	140	59	16	6.34191
13	12	13	0	0
14	30	30	1	0
Instant	45
1	628	26	1	0
2	31	13	0	0
3	265	51	13	2.35475
4	695	13	0	0
11	27	17	0	0
12	151	58	17	6.89338
13	14	13	0	0
14	30	30	2	0
Instant	46
1	559	28	1	0.313152
2	45	13	0	0
3	286	52	11	2.19565
4	619	13	0	0
11	24	18	0	0
12	136	62	16	6.29223
13	14	13	0	0
14	26	30	2	0.380228
Instant	47
1	499	27	1	1.27494
2	25	13	0	0
3	280	48	12	1.99153
4	641	13	0	0
11	23	17	0	0
12	144	57	22	6.89338
13	14	13	0	0
14	27	30	2	0
Instant	48
1	565	27	1	0.310559
2	18	13	0	0
3	291	51	12	2.20339
4	620	13	0	0
11	24	17	0	0
12	154	61	18	6.02022
13	14	13	0	0
14	27	30	2	0.283019
Instant	49
1	572	28	2	0.0502008
2	15	13	0	0
3	267	52	12	2.43478
4	628	13	0	0
11	25	17	0	0
12	139	57	18	5.31994
13	14	13	0	0
14	27	30	2	0
Instant	50
1	532	27	1	0.959488
2	16	13	0	0
3	255	54	16	2.56352
4	655	13	0	0
11	24	17	0	0
12	141	62	18	7.16912
13	13	13	0	0
14	28	29	1	0
Instant	51
1	626	26	1	0
2	42	13	0	0
3	274	51	13	2.62028
4	641	14	0	0
11	27	19	1	0
12	200	59	18	4.2739
13	14	13	0	0
14	28	29	2	0
Instant	52
1	573	27	1	0.307377
2	26	13	0	0
3	292	50	12	1.93782
4	641	13	0	0
11	25	17	0	0
12	124	64	15	7.59549
13	14	13	0	0
14	28	30	2	0
Instant	53
1	600	28	1	0.290135
2	17	13	0	0
3	282	52	13	2.34506
4	620	13	0	0
11	26	17	0	0
12	135	64	17	5.69853
13	15	13	0	0
14	26	31	2	0.284091
Instant	54
1	606	28	1	0
2	17	13	0	0
3	210	52	14	3.21356
4	609	13	0	0
11	26	18	0	0
12	151	65	16	6.34191
13	12	13	0	0
14	26	31	2	0
Instant	55
1	612	27	1	0.14313
2	34	13	0	0
3	305	50	11	1.88017
4	634	13	0	0
11	26	17	0	0
12	143	54	18	6.29223
13	15	13	0	0
14	28	31	2	0
Instant	56
1	535	27	2	0.862069
2	28	13	0	0
3	223	55	14	3.21709
4	648	13	0	0
11	23	17	0	0
12	75	58	19	5.8364
13	12	13	0	0
14	27	30	2	0
Instant	57
1	507	28	2	0.727069
2	36	13	0	0
3	236	56	14	3.2243
4	648	13	0	0
11	22	17	0	0
12	89	65	19	11.7647
13	13	13	0	0
14	29	29	1	0
Instant	58
1	543	26	1	0.987526
2	27	13	0	0
3	270	54	13	2.10924
4	634	13	0	0
11	24	17	0	0
12	99	64	16	8.53041
13	14	13	0	0
14	27	31	2	0
Instant	59
1	594	27	1	0.241313
2	17	13	0	0
3	273	52	13	2.4608
4	648	13	0	0
11	26	17	0	0
12	159	57	19	6.38787
13	14	13	0	0
14	28	30	2	0
Instant	60
1	584	26	1	0.596421
2	22	13	0	0
3	271	51	13	2.37179
4	627	13	0	0
11	25	17	0	0
12	156	63	17	5.92831
13	14	13	0	0
14	27	31	2	0
Instant	61
1	583	26	1	0.298211
2	39	13	0	0
3	249	50	13	2.89311
4	648	14	0	0
11	25	17	0	0
12	140	58	18	5.72917
13	14	13	0	0
14	28	29	1	0
Instant	62
1	664	25	0	0
2	31	13	0	0
3	235	59	15	3.22581
4	655	14	0	0
11	28	17	0	0
12	205	60	16	3.95221
13	13	13	0	0
14	28	28	1	0
Instant	63
1	577	27	1	0.342466
2	28	13	0	0
3	284	48	12	1.99307
4	634	13	0	0
11	26	17	0	0
12	174	62	18	5.8364
13	14	13	0	0
14	27	31	2	0
Instant	64
1	566	26	1	0.903614
2	36	13	0	0
3	248	48	13	3
4	648	13	0	0
11	25	17	0	0
12	130	63	17	7.30574
13	13	13	0	0
14	28	30	2	0
Instant	65
1	588	26	1	0.295276
2	26	13	0	0
3	245	51	15	2.88991
4	585	13	0	0
11	26	17	0	0
12	153	62	19	5.69853
13	13	13	0	0
14	25	33	4	0.301205
Instant	66
1	627	27	1	0
2	25	13	0	0
3	229	53	14	2.60417
4	641	13	0	0
11	27	17	0	0
12	176	59	15	4.87132
13	12	13	0	0
14	27	30	2	0
Instant	67
1	607	26	1	0.297619
2	22	13	0	0
3	262	53	13	2.82686
4	634	13	0	0
11	25	17	0	0
12	132	64	17	6.12331
13	14	13	0	0
14	27	31	2	0
Instant	68
1	559	25	1	0.655242
2	29	13	0	0
3	241	54	13	2.90968
4	655	13	0	0
11	25	17	0	0
12	159	60	21	6.39648
13	13	13	0	0
14	28	29	2	0
Instant	69
1	565	28	2	0.30426
2	28	13	0	0
3	280	49	12	2.19828
4	627	13	0	0
11	25	17	0	0
12	110	62	19	8.27206
13	14	13	0	0
14	27	31	2	0
Instant	70
1	613	27	1	0.287356
2	33	13	0	0
3	284	52	12	2.12542
4	648	13	0	0
11	26	16	0	0
12	184	59	17	4.85642
13	14	13	0	0
14	29	29	1	0
Instant	71
1	477	26	1	1.15473
2	40	13	0	0
3	279	50	12	2.50424
4	662	13	0	0
11	22	18	0	0
12	86	70	13	8.18015
13	14	13	0	0
14	28	29	1	0
Instant	72
1	594	27	1	0.0494071
2	31	13	0	0
3	241	53	12	2.91902
4	620	13	0	0
11	25	17	0	0
12	111	64	16	8.85417
13	13	13	0	0
14	26	32	2	0
Instant	73
1	627	27	1	0
2	33	13	0	0
3	270	49	11	2.44227
4	627	13	0	0
11	27	17	0	0
12	170	54	16	4.11585
13	14	13	0	0
14	27	31	2	0
Instant	74
1	627	28	1	0
2	27	13	0	0
3	241	52	12	2.80093
4	620	13	0	0
11	26	17	0	0
12	154	62	15	6.06618
13	13	13	0	0
14	26	32	2	0
Instant	75
1	626	27	1	0
2	27	13	0	0
3	264	48	13	2.41228
4	641	13	0	0
11	27	17	0	0
12	160	65	17	4.64015
13	14	13	0	0
14	27	30	2	0
Instant	76
1	523	27	2	0.896624
2	30	13	0	0
3	218	57	13	3.22663
4	606	13	0	0
11	24	17	0	0
12	96	69	17	9.11458
13	12	13	0	0
14	26	33	3	0
Instant	77
1	623	27	1	0
2	14	13	0	0
3	259	54	13	2.5
4	641	13	0	0
11	27	17	0	0
12	177	62	18	5.07812
13	13	13	0	0
14	28	31	2	0
Instant	78
1	572	25	1	0.604839
2	21	13	0	0
3	269	48	11	2.47826
4	641	13	0	0
11	25	17	0	0
12	157	62	14	5.76172
13	14	13	0	0
14	28	29	2	0
Instant	79
1	655	25	1	0
2	11	13	0	0
3	269	50	13	2.72766
4	648	13	0	0
11	28	17	0	0
12	187	57	15	3.92736
13	14	13	0	0
14	28	30	2	0
Instant	80
1	563	29	2	0.313152
2	12	13	0	0
3	239	57	12	2.69834
4	641	13	0	0
11	24	17	0	0
12	136	54	21	6.58144
13	13	13	0	0
14	27	31	2	0
Instant	81
1	627	28	2	0
2	24	13	0	0
3	286	47	10	2.34375
4	655	13	0	0
11	27	17	0	0
12	150	62	16	5.77652
13	14	13	0	0
14	29	28	1	0
Instant	82
1	623	27	1	0
2	32	13	0	0
3	255	56	11	2.23464
4	641	13	0	0
11	26	17	0	0
12	170	61	15	5.58036
13	13	13	0	0
14	27	30	2	0
Instant	83
1	623	27	1	0.281955
2	44	13	0	0
3	278	50	13	1.97368
4	627	13	0	0
11	27	17	0	0
12	165	57	17	5.16098
13	14	13	0	0
14	27	31	2	0
Instant	84
1	585	26	1	0.346535
2	19	13	0	0
3	227	50	13	3.48837
4	648	13	0	0
11	25	17	0	0
12	148	61	14	6.67614
13	12	13	0	0
14	28	30	2	0
Instant	85
1	619	25	1	0.282486
2	24	13	0	0
3	248	53	12	2.53724
4	655	13	0	0
11	27	17	0	0
12	154	63	18	4.40705
13	13	13	0	0
14	28	29	1	0
Instant	86
1	565	25	1	0.357873
2	20	13	0	0
3	250	56	11	2.34082
4	655	13	0	0
11	25	17	0	0
12	120	65	16	6.93934
13	13	13	0	0
14	28	29	2	0
Instant	87
1	521	27	2	0.912017
2	39	13	0	0
3	308	52	11	1.77419
4	655	13	0	0
11	23	17	0	0
12	128	67	20	7.99632
13	15	13	0	0
14	28	29	1	0
Instant	88
1	579	28	1	0.302419
2	18	13	0	0
3	248	54	14	2.97075
4	669	13	0	0
11	25	16	0	0
12	149	55	18	7.17905
13	13	13	0	0
14	29	29	1	0
Instant	89
1	586	26	1	0.294118
2	16	13	0	0
3	217	56	15	3.34867
4	627	13	0	0
11	25	18	0	0
12	139	61	20	6.11213
13	12	13	0	0
14	27	31	2	0
Instant	90
1	578	27	2	0.301205
2	30	13	0	0
3	224	51	13	2.94256
4	662	13	0	0
11	25	17	0	0
12	120	58	18	6.73828
13	13	13	0	0
14	29	28	1	0
Instant	91
1	593	27	2	0.573614
2	45	13	0	0
3	260	53	13	2.41268
4	648	14	0	0
11	26	17	0	0
12	100	59	18	7.68581
13	13	13	0	0
14	27	28	1	0.271739
Instant	92
1	613	27	1	0.294118
2	33	13	0	0
3	290	53	14	2.43697
4	655	13	0	0
11	26	17	0	0
12	174	63	18	6.3447
13	15	13	0	0
14	28	29	1	0
Instant	93
1	631	26	1	0.0464684
2	15	13	0	0
3	283	49	13	1.97594
4	641	13	0	0
11	27	19	1	0
12	181	61	18	4.7822
13	14	13	0	0
14	27	31	1	0
Instant	94
1	634	26	1	0
2	16	13	0	0
3	253	56	14	2.54083
4	641	13	0	0
11	28	17	0	0
12	151	55	17	5.57432
13	13	13	0	0
14	27	30	2	0
Instant	95
1	641	27	1	0
2	14	13	0	0
3	279	50	11	2.29277
4	641	13	0	0
11	27	17	0	0
12	135	56	18	6.57169
13	14	13	0	0
14	28	30	2	0
Instant	96
1	550	26	1	0.625
2	26	13	0	0
3	234	52	15	3.1068
4	641	13	0	0
11	24	17	0	0
12	158	58	15	5.92831
13	13	13	0	0
14	28	30	2	0
Instant	97
1	588	29	1	0
2	25	13	0	0
3	253	47	11	2.11397
4	620	13	0	0
11	26	18	1	0
12	110	72	18	6.40244
13	13	13	0	0
14	27	32	2	0
Instant	98
1	604	26	1	0.291262
2	30	13	0	0
3	270	52	13	2.25482
4	648	14	0	0
11	26	17	0	0
12	111	61	18	7.99632
13	14	13	0	0
14	28	29	2	0
Instant	99
1	641	26	1	0
2	28	13	0	0
3	252	54	13	2.56654
4	648	13	0	0
11	27	17	0	0
12	167	55	18	6.38787
13	13	13	0	0
14	28	30	1	0
Instant	100
1	641	26	1	0
2	15	13	0	0
3	296	50	12	1.89769
4	627	13	0	0
11	27	17	0	0
12	183	59	16	5.27872
13	15	13	0	0
14	28	31	2	0
Instant	101
1	573	26	1	0.295858
2	27	13	0	0
3	237	54	13	3.07692
4	655	13	0	0
11	26	17	0	0
12	141	61	21	6.11213
13	13	13	0	0
14	28	29	2	0
Instant	102
1	647	26	1	0
2	35	13	0	0
3	268	51	12	2.17487
4	669	14	0	0
11	27	17	0	0
12	149	64	17	6.02022
13	14	13	0	0
14	28	28	1	0
Instant	103
1	611	29	2	0
2	22	13	0	0
3	280	52	12	2.17391
4	648	13	0	0
11	26	17	0	0
12	151	59	16	6.33446
13	14	13	0	0
14	28	29	1	0
Instant	104
1	644	26	1	0
2	38	13	0	0
3	288	51	14	1.78571
4	648	13	0	0
11	28	17	0	0
12	191	57	17	4.31985
13	14	13	0	0
14	28	30	1	0
Instant	105
1	655	26	1	0
2	37	13	0	0
3	272	53	12	2.5
4	662	13	0	0
11	28	16	0	0
12	174	58	18	4.96324
13	14	13	0	0
14	29	28	1	0
Instant	106
1	634	26	1	0
2	19	13	0	0
3	212	53	15	3.36049
4	662	13	0	0
11	27	18	0	0
12	157	67	17	5.23649
13	12	13	0	0
14	28	29	2	0
Instant	107
1	621	25	1	0
2	31	13	0	0
3	255	46	11	2.44069
4	627	13	0	0
11	27	17	0	0
12	174	58	17	5.37684
13	13	13	0	0
14	28	30	1	0
Instant	108
1	629	26	1	0.27933
2	26	13	0	0
3	253	50	13	2.95455
4	641	13	0	0
11	27	18	0	0
12	172	61	17	4.41176
13	13	13	0	0
14	27	31	2	0
Instant	109
1	529	27	1	0.691489
2	32	13	0	0
3	288	53	13	2.06229
4	641	13	0	0
11	24	18	0	0
12	100	60	21	5.35714
13	15	13	0	0
14	27	30	1	0
Instant	110
1	628	28	1	0
2	31	13	0	0
3	237	52	14	2.74102
4	655	13	0	0
11	26	17	0	0
12	177	61	17	7.91016
13	13	13	0	0
14	28	29	2	0
Instant	111
1	555	27	1	0.310559
2	35	13	0	0
3	287	48	11	1.93966
4	641	13	0	0
11	24	17	0	0
12	157	60	18	6.02022
13	14	13	0	0
14	27	30	2	0
Instant	112
1	612	26	1	0.28626
2	20	13	0	0
3	218	54	14	3.54697
4	641	13	0	0
11	26	17	0	0
12	152	63	18	6.50338
13	12	13	0	0
14	27	30	2	0
Instant	113
1	552	28	2	0.557809
2	33	13	0	0
3	263	53	12	2.37882
4	605	13	0	0
11	25	17	0	0
12	116	64	15	5.19301
13	14	13	0	0
14	26	33	3	0
Instant	114
1	628	27	1	0.284091
2	28	13	0	0
3	224	52	13	2.89604
4	649	13	0	0
11	27	17	0	0
12	136	58	18	7.62868
13	12	13	0	0
14	27	29	1	0.271739
Instant	115
1	641	26	1	0
2	13	13	0	0
3	277	53	12	2.29093
4	655	13	0	0
11	27	17	0	0
12	185	58	15	5.1098
13	13	13	0	0
14	28	29	1	0
Instant	116
1	641	26	0	0
2	17	13	0	0
3	274	48	12	2.46147
4	669	13	0	0
11	27	17	0	0
12	199	59	16	4.04412
13	14	13	0	0
14	29	28	1	0
Instant	117
1	634	26	1	0
2	30	13	0	0
3	288	49	12	1.98911
4	634	13	0	0
11	27	17	0	0
12	183	59	18	5.37684
13	15	13	0	0
14	27	30	2	0
Instant	118
1	627	27	1	0
2	17	13	0	0
3	254	54	10	3.09211
4	655	13	0	0
11	27	17	0	0
12	118	54	16	6.29223
13	14	13	0	0
14	28	31	2	0
Instant	119
1	581	28	1	0.300601
2	24	13	0	0
3	259	49	14	2.48619
4	627	13	0	0
11	25	17	0	0
12	139	60	18	6.84743
13	13	13	0	0
14	27	31	2	0
