	T	D	J	LP
Instant	0
1	0	0	0	0
2	0	0	0	0
3	0	0	0	0
4	0	0	0	0
11	0	0	0	0
12	0	0	0	0
13	0	0	0	0
14	0	0	0	0
Instant	1
1	403	30	2	0
2	17	14	0	0
3	75	50	7	1.46396
4	348	13	0	0
11	15	17	0	0
12	91	65	11	2.64946
13	4	13	0	0
14	13	37	2	0
Instant	2
1	1580	37	2	2.77956
2	23	14	0	0
3	211	67	13	5.20161
4	2866	14	0	0
11	80	18	0	0
12	127	62	19	5.60662
13	15	13	0	0
14	110	30	1	0.963115
Instant	3
1	1577	38	3	2.03756
2	26	14	0	0
3	194	58	14	4.53869
4	3475	15	0	0
11	74	18	0	0
12	102	66	17	7.21507
13	13	13	0	0
14	153	32	1	1.75794
Instant	4
1	1529	31	3	0.327175
2	30	13	0	0
3	202	54	12	4.29981
4	3279	14	0	0
11	67	19	0	0
12	93	62	15	2.32264
13	13	13	0	0
14	138	31	0	0.681492
Instant	5
1	1381	28	2	0
2	24	13	0	0
3	207	57	14	4.16667
4	3106	14	0	0
11	60	18	0	0.382653
12	99	60	18	5.65257
13	13	13	0	0
14	135	30	0	0
Instant	6
1	1434	27	2	0.0207125
2	17	13	0	0
3	193	59	16	3.21502
4	2376	14	0	0
11	62	17	0	0
12	111	71	12	14.6599
13	12	13	0	0
14	105	33	1	0.742574
Instant	7
1	1360	28	2	0
2	21	13	0	0
3	206	59	17	4.47686
4	2054	13	0	0
11	59	18	0	0
12	138	65	18	12.5845
13	12	13	0	0
14	89	33	1	0
Instant	8
1	1240	27	2	0
2	12	13	0	0
3	214	54	18	3.78289
4	1446	13	0	0
11	55	17	0	0
12	140	65	19	6.75551
13	13	13	0	0
14	63	34	1	0
Instant	9
1	1123	26	2	0
2	43	13	0	0
3	198	60	14	4.22297
4	1151	13	0	0
11	49	17	0	0
12	166	64	16	5.23897
13	12	13	0	0
14	51	34	1	0
Instant	10
1	841	28	3	0.034965
2	29	13	0	0
3	201	58	14	4.21657
4	920	13	0	0
11	36	18	0	0.349162
12	160	64	13	5.48986
13	12	13	0	0
14	40	34	2	0
Instant	11
1	863	27	2	0
2	19	13	0	0
3	224	59	16	3.39419
4	824	13	0	0
11	38	17	0	0
12	133	65	13	6.29596
13	13	13	0	0
14	35	32	2	0
Instant	12
1	841	26	2	0
2	15	13	0	0
3	197	55	14	4.01697
4	704	13	0	0
11	36	17	0	0
12	148	63	13	5.88235
13	12	13	0	0
14	30	35	3	0
Instant	13
1	661	28	3	0.951557
2	17	13	0	0
3	221	61	15	3.66667
4	618	13	0	0
11	29	18	0	0
12	138	66	17	5.84077
13	12	13	0	0
14	27	34	4	0.285171
Instant	14
1	602	28	2	0.655431
2	32	13	0	0
3	202	55	14	3.82085
4	625	13	0	0
11	27	17	0	0
12	164	64	17	5.65257
13	12	13	0	0
14	26	34	3	0
Instant	15
1	649	27	1	0.268336
2	38	13	0	0
3	185	64	14	4.31302
4	635	13	0	0
11	28	17	0	0
12	170	64	16	5.8364
13	12	13	0	0
14	27	33	3	0.277778
Instant	16
1	642	26	2	0.541516
2	20	13	0	0
3	217	58	12	3.59556
4	671	13	0	0
11	28	17	0	0
12	141	62	15	6.63007
13	13	13	0	0
14	28	32	3	0
Instant	17
1	527	29	2	1.30753
2	28	13	0	0
3	167	51	12	3.86513
4	606	13	0	0
11	24	18	0	0
12	113	64	22	6.89338
13	11	13	0	0
14	26	34	3	0.289575
Instant	18
1	556	28	2	0.313808
2	18	13	0	0
3	230	60	13	3.95717
4	654	13	0	0
11	24	17	0	0
12	169	59	18	5.33088
13	13	13	0	0
14	28	33	3	0
Instant	19
1	485	32	3	0.911162
2	18	13	0	0
3	213	60	14	3.80435
4	735	13	0	0
11	22	17	0	0
12	135	70	21	6.25
13	12	13	0	0
14	31	32	2	0
Instant	20
1	538	26	2	1.02371
2	30	13	0	0
3	181	57	16	3.96146
4	812	13	0	0
11	23	18	1	0
12	134	59	17	7.49081
13	11	13	0	0
14	35	35	3	0
Instant	21
1	491	29	2	0.988372
2	23	13	0	0
3	213	52	16	3.41131
4	825	13	0	0
11	21	18	0	0
12	118	66	18	7.53676
13	12	13	0	0
14	35	34	3	0
Instant	22
1	595	28	2	0.294118
2	49	13	0	0
3	238	58	14	3.42402
4	888	13	0	0
11	25	18	0	0
12	146	52	18	5.74324
13	13	13	0	0
14	39	32	2	0
Instant	23
1	551	28	1	0.355691
2	37	13	0	0
3	202	55	16	3.54628
4	809	13	0	0
11	25	17	0	0
12	161	57	16	6.47978
13	12	13	0	0
14	36	34	2	0
Instant	24
1	636	28	1	0
2	35	13	0	0
3	211	58	16	4.1587
4	778	13	0	0
11	27	17	0	0
12	163	62	16	5.28493
13	13	13	0	0
14	33	33	3	0
Instant	25
1	515	27	1	0.923913
2	15	13	0	0
3	195	58	16	3.89676
4	695	13	0	0
11	23	17	0	0
12	171	60	17	3.49702
13	12	13	0	0
14	30	33	3	0
Instant	26
1	461	27	1	0.71599
2	18	13	0	0
3	187	56	13	4.23729
4	654	13	0	0
11	21	17	0	0
12	104	60	15	8.18015
13	11	13	0	0
14	28	32	3	0.44964
Instant	27
1	576	30	2	0.309278
2	21	13	0	0
3	236	57	15	3.15909
4	672	13	0	0
11	24	18	0	0
12	186	67	15	6.20404
13	13	13	0	0
14	29	32	3	0
Instant	28
1	578	27	1	0.497018
2	26	13	0	0
3	228	56	14	3.35145
4	646	13	0	0
11	25	17	0	0
12	159	60	14	5.59896
13	13	13	0	0
14	28	33	3	0
Instant	29
1	514	26	2	0.927948
2	16	13	0	0
3	209	57	18	4.3616
4	642	13	0	0
11	23	18	0	0
12	114	56	21	5.97426
13	13	13	0	0
14	28	34	3	0
Instant	30
1	602	28	2	0.0490196
2	23	13	0	0
3	215	54	16	3.19361
4	708	13	0	0
11	25	17	0	0
12	133	58	19	9.05331
13	12	13	0	0
14	30	32	3	0
Instant	31
1	564	26	1	0.59761
2	30	13	0	0
3	244	55	15	2.9137
4	797	13	0	0
11	25	18	0	0
12	159	56	15	5.8277
13	14	13	0	0
14	34	33	2	0
Instant	32
1	557	28	1	0.586354
2	25	13	0	0
3	269	57	14	3.01724
4	846	13	0	0
11	24	17	0	0
12	197	58	15	4.22794
13	15	13	0	0
14	37	34	2	0
Instant	33
1	502	27	3	0.736961
2	14	13	0	0
3	196	60	14	4.24853
4	726	13	0	0
11	22	19	1	0
12	144	65	15	5.69853
13	13	13	0	0
14	31	34	3	0
Instant	34
1	561	28	2	0.308642
2	41	13	0	0
3	235	56	16	3.55805
4	679	14	0	0
11	24	17	0	0
12	125	64	17	7.17905
13	13	13	0	0
14	30	33	3	0
Instant	35
1	560	28	1	0.304878
2	28	13	0	0
3	218	58	18	3.80143
4	658	13	0	0
11	25	18	0	0
12	180	57	15	4.73346
13	14	13	0	0
14	28	33	3	0
Instant	36
1	501	29	2	0.968109
2	25	13	0	0
3	174	60	14	4.72689
4	632	13	0	0
11	22	18	1	0
12	146	62	19	5.33088
13	12	13	0	0
14	27	34	3	0
Instant	37
1	549	26	1	0.661914
2	8	13	0	0
3	220	56	16	3.82948
4	613	13	0	0
11	25	17	0	0
12	168	57	17	4.7619
13	12	13	0	0
14	26	33	2	0
Instant	38
1	589	27	1	0.297619
2	24	13	0	0
3	178	61	18	4.48065
4	585	13	0	0
11	25	19	1	0
12	208	57	16	4.36581
13	12	13	0	0
14	25	33	3	0
Instant	39
1	619	27	1	0.281426
2	42	13	0	0
3	246	55	12	2.80612
4	606	14	0	0
11	27	16	0	0
12	197	61	15	4.31985
13	13	13	0	0
14	26	33	3	0
Instant	40
1	547	28	2	0.376344
2	33	13	0	0
3	227	48	12	3.24586
4	620	13	0	0
11	23	17	0	0
12	164	63	19	5.95439
13	13	13	0	0
14	27	32	3	0
Instant	41
1	575	27	1	0.757576
2	23	13	0	0
3	188	58	17	4.33091
4	571	13	0	0
11	25	18	1	0
12	176	57	17	4.31985
13	12	13	0	0
14	25	34	4	0
Instant	42
1	506	27	2	0.650759
2	12	13	0	0
3	213	56	15	3.46267
4	592	13	0	0
11	23	18	1	0
12	161	66	17	5.97426
13	12	13	0	0
14	25	34	4	0
Instant	43
1	562	27	2	0.360082
2	20	13	0	0
3	211	58	15	3.83858
4	591	13	0	0
11	25	18	1	0
12	189	58	14	4.05405
13	12	13	0	0
14	25	34	3	0
Instant	44
1	598	27	1	0.339147
2	22	13	0	0
3	219	55	15	3.39388
4	593	13	0	0
11	26	17	0	0
12	181	56	15	5.56066
13	12	13	0	0
14	25	34	4	0
Instant	45
1	541	27	2	0.701944
2	27	13	0	0
3	221	56	14	3.525
4	606	13	0	0
11	23	17	0	0
12	137	61	16	6.29596
13	12	13	0	0
14	26	32	3	0
Instant	46
1	546	28	1	0.625
2	6	13	0	0
3	190	56	17	3.9405
4	578	13	0	0
11	24	17	0	0
12	152	63	18	5.19426
13	11	13	0	0
14	24	34	4	0.304878
Instant	47
1	485	27	1	1.36054
2	25	13	0	0
3	217	58	15	3.62669
4	620	13	0	0
11	22	19	1	0
12	167	60	20	5.97426
13	13	13	0	0
14	26	32	2	0
Instant	48
1	504	27	2	0.902935
2	27	13	0	0
3	215	57	13	3.03327
4	606	13	0	0
11	22	18	1	0
12	129	64	17	6.70956
13	12	13	0	0
14	26	33	3	0
Instant	49
1	577	27	1	0
2	40	13	0	0
3	207	59	15	4.03963
4	564	13	0	0
11	25	18	1	0
12	172	63	15	4.12946
13	12	13	0	0
14	23	34	3	0.625
Instant	50
1	598	28	1	0.581395
2	40	13	0	0
3	230	54	13	2.86058
4	606	13	0	0
11	26	17	0	0
12	125	65	20	7.12316
13	13	13	0	0
14	26	31	2	0.290698
Instant	51
1	505	29	2	0.339367
2	18	13	0	0
3	222	57	16	3.4466
4	571	13	0	0
11	22	18	1	0
12	148	63	21	6.52574
13	12	13	0	0
14	24	36	4	0
Instant	52
1	515	29	2	0.777778
2	22	13	0	0
3	223	56	12	3.38694
4	599	13	0	0
11	22	17	0	0
12	131	66	11	6.16319
13	12	13	0	0
14	26	33	3	0
Instant	53
1	598	29	2	0
2	23	13	0	0
3	285	58	14	1.90397
4	571	13	0	0
11	25	17	0	0
12	189	63	16	6.11213
13	15	13	0	0
14	24	35	3	0.308642
Instant	54
1	621	28	1	0
2	29	13	0	0
3	224	54	12	3.62035
4	606	13	0	0
11	27	17	0	0
12	191	60	16	4.50368
13	13	13	0	0
14	26	33	3	0
Instant	55
1	596	26	1	0.294695
2	31	13	0	0
3	209	53	14	3.42702
4	599	13	0	0
11	25	17	0	0
12	155	59	16	5.36318
13	12	13	0	0
14	26	33	4	0
Instant	56
1	616	25	1	0.325279
2	18	13	0	0
3	212	56	16	3.95753
4	570	13	0	0
11	27	17	0	0
12	197	58	15	4.31985
13	12	13	0	0
14	24	35	3	0
Instant	57
1	523	28	2	0.382932
2	41	13	0	0
3	246	57	17	2.94248
4	600	13	0	0
11	23	17	0	0
12	188	59	16	4.59559
13	14	13	0	0
14	25	33	3	0
Instant	58
1	483	30	3	1.0095
2	35	13	0	0
3	275	55	13	2.7027
4	584	13	0	0
11	21	17	0	0
12	163	59	16	5.02534
13	15	13	0	0
14	26	33	3	0
Instant	59
1	536	27	1	0.571726
2	21	13	0	0
3	187	58	15	4.61957
4	621	13	0	0
11	24	18	0	0
12	183	58	16	4.87132
13	12	13	0	0
14	27	32	3	0
Instant	60
1	558	29	2	0.314465
2	23	13	0	0
3	185	57	14	4.0305
4	599	13	0	0
11	24	17	0	0
12	144	56	16	6.84743
13	11	13	0	0
14	25	34	4	0
Instant	61
1	607	28	1	0
2	12	13	0	0
3	206	58	17	3.46939
4	599	13	0	0
11	26	16	0	0
12	176	66	13	3.79464
13	12	13	0	0
14	26	32	2	0.294118
Instant	62
1	571	30	2	0.355691
2	16	13	0	0
3	185	53	16	4.2382
4	578	13	0	0
11	25	18	0	0
12	139	60	17	7.12316
13	11	13	0	0
14	24	36	4	0
Instant	63
1	627	28	1	0
2	19	13	0	0
3	220	57	11	3.42628
4	599	13	0	0
11	26	17	0	0
12	171	60	16	5.8364
13	13	13	0	0
14	25	33	3	0
Instant	64
1	598	26	1	0.287908
2	21	13	0	0
3	209	50	14	3.88277
4	592	13	0	0
11	26	18	0	0
12	184	60	15	4.94088
13	12	13	0	0
14	25	34	3	0
Instant	65
1	620	28	1	0
2	32	13	0	0
3	164	53	16	4.2382
4	585	13	0	0
11	27	17	0	0
12	162	65	14	4.54963
13	11	13	0	0
14	24	35	3	0
Instant	66
1	560	27	2	0.36157
2	22	13	0	0
3	215	54	16	3.76238
4	578	13	0	0
11	24	17	0	0
12	170	59	19	6.34191
13	12	13	0	0
14	25	34	4	0.304878
Instant	67
1	570	28	2	0.154639
2	23	13	0	0
3	208	55	15	3.96635
4	613	13	0	0
11	24	17	0	0
12	171	56	12	4.77196
13	12	13	0	0
14	26	33	3	0
Instant	68
1	502	27	1	0.909091
2	9	13	0	0
3	197	53	14	4.2004
4	599	13	0	0
11	22	17	0	0
12	145	57	16	6.44531
13	12	13	0	0
14	25	34	3	0
Instant	69
1	619	27	1	0
2	32	13	0	0
3	230	52	13	2.81191
4	606	13	0	0
11	26	17	0	0
12	185	63	14	5.33088
13	13	13	0	0
14	27	32	3	0
Instant	70
1	632	26	1	0
2	29	13	0	0
3	219	58	15	3.15041
4	585	13	0	0
11	27	17	0	0
12	184	66	15	4.01182
13	12	13	0	0
14	25	34	4	0
Instant	71
1	648	25	1	0
2	29	13	0	0
3	240	56	15	3.18182
4	585	13	0	0
11	28	17	0	0
12	210	63	15	4.18199
13	13	13	0	0
14	25	34	4	0
Instant	72
1	618	27	1	0
2	31	13	0	0
3	210	55	16	3.69718
4	619	13	0	0
11	27	17	0	0
12	163	60	18	4.97159
13	12	13	0	0
14	26	32	3	0
Instant	73
1	594	28	2	0.296443
2	25	13	0	0
3	172	62	15	4.5
4	614	13	0	0
11	25	17	0	0
12	151	62	16	4.61128
13	11	13	0	0
14	26	32	3	0
Instant	74
1	564	28	2	0.359343
2	20	13	0	0
3	196	58	14	3.34728
4	592	13	0	0
11	24	17	0	0
12	168	58	18	5.19301
13	12	13	0	0
14	26	33	3	0
Instant	75
1	600	27	1	0.145914
2	21	13	0	0
3	223	61	15	3.14286
4	606	13	0	0
11	26	17	0	0
12	170	53	16	6.01326
13	13	13	0	0
14	26	33	3	0
Instant	76
1	639	27	1	0
2	28	13	0	0
3	199	51	14	4.31302
4	606	13	0	0
11	27	16	0	0
12	191	50	13	4.38368
13	12	13	0	0
14	26	33	3	0
Instant	77
1	627	27	1	0
2	17	13	0	0
3	211	57	15	3.0083
4	592	13	0	0
11	27	18	0	0
12	168	60	18	4.73633
13	12	13	0	0
14	25	34	4	0
Instant	78
1	613	27	1	0
2	27	13	0	0
3	223	54	14	3.06324
4	599	13	0	0
11	27	17	0	0
12	202	57	14	3.56445
13	12	13	0	0
14	26	34	3	0
Instant	79
1	547	26	1	0.695931
2	29	13	0	0
3	228	59	15	2.91829
4	592	13	0	0
11	24	18	0	0
12	185	59	15	4.89865
13	12	13	0	0
14	26	33	3	0
Instant	80
1	590	27	1	0
2	21	13	0	0
3	234	57	14	3.20209
4	585	13	0	0
11	26	17	1	0
12	193	62	16	4.30871
13	13	13	0	0
14	25	34	3	0
Instant	81
1	586	27	1	0
2	35	13	0	0
3	237	53	17	3.19873
4	578	13	0	0
11	25	17	0	0
12	205	61	16	2.84091
13	13	13	0	0
14	24	35	4	0
Instant	82
1	601	28	1	0.289575
2	37	13	0	0
3	185	63	15	3.90284
4	578	13	0	0
11	26	17	0	0
12	172	60	15	4.82143
13	11	13	0	0
14	24	34	3	0
Instant	83
1	641	26	1	0
2	17	13	0	0
3	242	55	13	2.8972
4	613	13	0	0
11	27	17	0	0
12	187	60	17	3.69318
13	13	13	0	0
14	27	32	2	0
Instant	84
1	523	28	2	0.593952
2	24	13	0	0
3	195	58	13	3.37983
4	592	13	0	0
11	23	19	1	0
12	154	65	15	5.91856
13	11	13	0	0
14	25	33	4	0
Instant	85
1	612	27	1	0.0478927
2	30	13	0	0
3	197	59	15	4.14969
4	578	13	0	0
11	26	17	0	0.287356
12	183	62	15	4.16667
13	12	13	0	0
14	25	35	4	0
Instant	86
1	615	27	1	0
2	31	13	0	0
3	196	55	16	3.59375
4	606	13	0	0
11	26	18	0	0
12	215	57	15	3.86029
13	12	13	0	0
14	26	33	3	0
Instant	87
1	571	29	2	0.306122
2	27	13	0	0
3	185	59	16	4.13158
4	590	13	0	0
11	25	18	0	0
12	169	61	15	4.6875
13	12	13	0	0
14	26	33	3	0
Instant	88
1	539	28	1	0.600437
2	34	13	0	0
3	210	54	16	4.03543
4	607	13	0	0
11	23	17	0	0
12	163	56	17	6.41892
13	12	13	0	0
14	26	33	3	0
Instant	89
1	613	27	1	0
2	28	13	0	0
3	247	56	13	2.49525
4	606	13	0	0
11	27	17	0	0
12	163	59	16	5.19301
13	13	13	0	0
14	26	33	3	0
Instant	90
1	613	27	1	0
2	29	13	0	0
3	212	58	15	3.19416
4	620	13	0	0
11	26	19	0	0
12	155	60	15	5.27344
13	12	13	0	0
14	26	32	3	0
Instant	91
1	620	26	1	0
2	30	13	0	0
3	261	57	15	2.68959
4	627	13	0	0
11	27	18	0	0
12	192	58	15	5.06757
13	14	13	0	0
14	27	31	3	0
Instant	92
1	586	27	1	0.29703
2	27	13	0	0
3	176	55	15	4.20259
4	592	13	0	0
11	26	18	1	0
12	161	63	17	5.35038
13	11	13	0	0
14	26	33	3	0
Instant	93
1	584	30	2	0.360082
2	26	13	0	0
3	204	57	15	4.08058
4	613	13	0	0
11	24	17	0	0
12	179	56	16	5.16098
13	12	13	0	0
14	26	33	4	0
Instant	94
1	641	26	1	0
2	31	13	0	0
3	248	49	14	2.86922
4	592	13	0	0
11	28	17	0	0
12	183	57	14	3.29392
13	14	13	0	0
14	26	34	3	0
Instant	95
1	608	28	1	0
2	30	13	0	0
3	210	57	19	3.22165
4	606	13	0	0
11	25	18	0	0
12	176	60	16	5.42279
13	12	13	0	0
14	25	33	3	0
Instant	96
1	588	27	1	0.434363
2	21	13	0	0
3	241	53	14	2.90807
4	592	13	0	0
11	26	16	0	0
12	175	57	16	5.1011
13	13	13	0	0
14	26	34	3	0
Instant	97
1	601	28	1	0
2	10	13	0	0
3	226	53	14	3.14904
4	585	13	0	0
11	26	18	0	0
12	149	60	18	4.91616
13	13	13	0	0
14	25	34	3	0
Instant	98
1	593	27	1	0
2	17	13	0	0
3	233	55	15	3.29797
4	599	13	0	0
11	25	17	0	0
12	205	59	13	3.49265
13	13	13	0	0
14	25	34	4	0
Instant	99
1	639	26	1	0.275735
2	16	13	0	0
3	212	55	14	3.46806
4	592	13	0	0
11	27	17	0	0
12	218	59	14	3.81434
13	12	13	0	0
14	25	34	3	0
Instant	100
1	611	27	1	0
2	24	13	0	0
3	225	54	12	3.13093
4	592	13	0	0
11	27	18	1	0
12	138	62	18	6.79899
13	13	13	0	0
14	26	33	3	0
Instant	101
1	613	29	1	0
2	35	13	0	0
3	203	56	14	4.01606
4	592	13	0	0
11	26	17	0	0
12	164	57	16	5.65257
13	12	13	0	0
14	25	35	3	0
Instant	102
1	592	27	1	0.290698
2	33	13	0	0
3	181	58	16	4.24009
4	571	13	0	0
11	26	17	0	0
12	162	59	15	5.56066
13	11	13	0	0
14	25	34	3	0
Instant	103
1	628	27	1	0
2	30	13	0	0
3	206	54	13	3.24351
4	606	13	0	0
11	26	18	1	0
12	152	57	19	5.27872
13	12	13	0	0
14	25	33	3	0.290698
Instant	104
1	613	27	1	0
2	32	13	0	0
3	244	55	14	2.91128
4	599	13	0	0
11	27	17	1	0
12	197	52	16	4.13603
13	13	13	0	0
14	25	34	3	0
Instant	105
1	592	28	1	0.297619
2	12	13	0	0
3	214	58	15	3.42028
4	606	13	0	0
11	25	17	0	0
12	176	54	14	5.56066
13	12	13	0	0
14	26	33	3	0
Instant	106
1	562	26	1	0.589391
2	36	13	0	0
3	247	54	13	3.21624
4	571	13	0	0
11	26	18	0	0
12	175	59	13	4.47635
13	13	13	0	0
14	25	35	3	0
Instant	107
1	620	27	1	0
2	28	13	0	0
3	224	54	14	2.97505
4	599	13	0	0
11	26	18	0	0
12	203	57	17	4.41176
13	13	13	0	0
14	26	33	3	0
Instant	108
1	634	26	1	0
2	31	13	0	0
3	250	55	13	2.83883
4	620	13	0	0
11	27	17	0	0
12	190	57	12	4.09007
13	13	13	0	0
14	27	32	3	0
Instant	109
1	579	28	1	0.35
2	34	13	0	0
3	225	60	14	3.27909
4	627	13	0	0
11	25	18	1	0
12	140	55	17	5.05952
13	12	13	0	0
14	27	31	2	0
Instant	110
1	569	29	2	0.309278
2	31	13	0	0
3	221	54	16	3.13116
4	599	13	0	0
11	24	18	0	0
12	189	59	15	4.00391
13	12	13	0	0
14	26	33	3	0
Instant	111
1	549	26	2	0.665984
2	27	13	0	0
3	227	54	16	3.35076
4	585	13	0	0
11	25	17	0	0
12	186	61	15	4.96324
13	13	13	0	0
14	25	33	3	0
Instant	112
1	620	26	1	0
2	25	13	0	0
3	195	58	13	3.71261
4	620	13	0	0
11	27	17	0	0
12	167	58	13	5.23649
13	11	13	0	0
14	26	31	3	0.284091
Instant	113
1	625	26	1	0
2	27	13	0	0
3	221	56	16	3.02144
4	585	13	0	0
11	26	17	0	0
12	176	62	13	4.13603
13	12	13	0	0
14	25	34	4	0
Instant	114
1	621	27	1	0.283554
2	28	13	0	0
3	226	52	16	3.35366
4	599	13	0	0
11	27	17	0	0
12	199	58	16	4.04412
13	13	13	0	0
14	25	33	3	0
Instant	115
1	620	27	1	0
2	23	13	0	0
3	171	54	15	4.73195
4	606	13	0	0
11	27	17	0	0
12	201	55	13	3.96959
13	11	13	0	0
14	25	33	3	0
Instant	116
1	606	27	1	0
2	32	13	0	0
3	206	55	14	3.40222
4	599	13	0	0
11	27	18	0	0
12	194	58	16	3.81434
13	12	13	0	0
14	25	32	3	0.588235
Instant	117
1	586	29	2	0.30426
2	21	13	0	0
3	204	61	15	4.03386
4	576	13	0	0
11	25	17	0	0
12	136	60	18	7.35294
13	12	13	0	0
14	25	34	4	0
Instant	118
1	613	27	1	0
2	21	13	0	0
3	214	56	16	3.15041
4	586	13	0	0
11	27	18	0	0
12	171	59	15	5.61655
13	12	13	0	0
14	25	34	4	0
Instant	119
1	634	26	1	0
2	19	13	0	0
3	202	54	14	3.75259
4	585	13	0	0
11	27	18	0	0
12	197	56	16	4.04412
13	12	13	0	0
14	25	35	5	0
