	T	D	J	LP
Instant	0
1	0	0	0	0
2	0	0	0	0
3	0	0	0	0
4	0	0	0	0
11	0	0	0	0
12	0	0	0	0
13	0	0	0	0
14	0	0	0	0
Instant	1
1	443	26	1	0
2	11	13	0	0
3	123	47	10	0.599315
4	369	13	0	0
11	19	16	0	0
12	116	55	13	1.22283
13	5	13	0	0
14	14	31	1	0
Instant	2
1	1730	28	2	0.0341297
2	34	13	0	0
3	215	57	14	3.46949
4	1760	14	0	0
11	75	16	0	0
12	158	57	15	6.52574
13	13	13	0	0
14	75	30	1	0.40107
Instant	3
1	1596	27	2	0.0555144
2	23	13	0	0
3	220	54	16	3.34821
4	2251	13	0	0
11	70	16	0	0
12	172	65	18	5.88235
13	12	13	0	0
14	99	32	1	0.391441
Instant	4
1	1330	28	2	0.429553
2	27	13	0	0
3	277	53	13	2.29458
4	2445	14	0	0
11	60	17	0	0
12	143	68	16	7.01014
13	14	13	0	0
14	105	33	1	0
Instant	5
1	1101	30	2	0.327869
2	26	13	0	0
3	215	57	14	3.13136
4	2216	13	0	0
11	47	16	0	0
12	140	67	15	5.14706
13	12	13	0	0
14	93	33	1	0.583245
Instant	6
1	1029	26	2	0.413907
2	25	13	0	0
3	230	55	15	2.95673
4	1838	13	0	0
11	46	16	0	0
12	169	57	17	6.57169
13	12	13	0	0
14	83	32	1	0
Instant	7
1	1259	25	1	0
2	39	13	0	0
3	225	57	10	3.20388
4	1618	14	0	0
11	56	16	0	0
12	192	62	17	4.43412
13	12	13	0	0
14	70	31	1	0
Instant	8
1	1001	26	1	0
2	34	13	0	0
3	219	55	14	3.29961
4	1622	13	0	0
11	42	17	0	0
12	211	58	14	3.81434
13	13	13	0	0
14	71	31	1	0
Instant	9
1	939	27	1	0.0312891
2	20	13	0	0
3	231	55	11	3.17757
4	1557	13	0	0
11	40	16	0	0
12	177	57	19	4.82537
13	13	13	0	0
14	70	31	1	0
Instant	10
1	907	28	1	0.351662
2	30	13	0	0
3	291	54	13	2.18591
4	1655	14	0	0
11	40	16	0	0
12	186	59	13	3.92736
13	14	13	0	0
14	71	29	1	0
Instant	11
1	940	26	1	0.18797
2	24	13	0	0
3	258	50	10	2.86638
4	1433	13	0	0
11	41	16	0	0
12	194	59	17	3.72243
13	14	13	0	0
14	63	31	1	0
Instant	12
1	871	27	2	0.0329815
2	27	13	0	0
3	248	53	12	2.75463
4	1216	13	0	0
11	38	16	0	0
12	147	57	18	6.47978
13	13	13	0	0
14	52	32	1	0
Instant	13
1	725	30	3	0.788644
2	27	13	0	0
3	254	53	12	2.77281
4	1229	13	0	0
11	32	17	0	0
12	155	59	17	4.46429
13	13	13	0	0
14	53	30	1	0.286807
Instant	14
1	656	31	3	1.08507
2	26	13	0	0
3	183	56	14	4.21109
4	1128	13	0	0
11	29	16	0	0
12	179	58	17	5.46875
13	11	13	0	0
14	49	32	2	0
Instant	15
1	652	27	2	1.08507
2	34	13	0	0
3	214	54	14	3.42664
4	946	13	0	0
11	29	17	0	0
12	178	64	17	4.45772
13	12	13	0	0
14	41	32	2	0.620347
Instant	16
1	644	26	1	0.848896
2	27	13	0	0
3	231	55	14	3.5575
4	951	13	0	0
11	30	16	0	0
12	144	57	18	6.63007
13	12	13	0	0
14	40	32	2	0
Instant	17
1	779	28	1	0.223214
2	20	13	0	0
3	253	53	13	2.59309
4	960	13	0	0
11	34	16	0	0
12	196	58	14	3.81434
13	14	13	0	0
14	42	31	1	0
Instant	18
1	710	30	3	0.511945
2	17	13	0	0
3	241	59	12	2.89889
4	966	13	0	0
11	30	16	0	0
12	147	63	20	5.79044
13	13	13	0	0
14	42	33	2	0
Instant	19
1	802	27	1	0
2	29	13	0	0
3	206	55	16	3.60383
4	825	13	0	0
11	36	16	0	0
12	173	59	18	4.60304
13	12	13	0	0
14	35	31	2	0
Instant	20
1	796	27	1	0.217391
2	19	13	0	0
3	257	54	13	2.68987
4	799	13	0	0
11	35	16	0	0
12	204	54	17	4.73346
13	13	13	0	0
14	35	30	2	0.367647
Instant	21
1	747	28	2	0.390625
2	23	13	0	0
3	266	54	14	2.43182
4	782	13	0	0
11	32	16	0	0
12	157	61	14	6.25
13	13	13	0	0
14	34	32	2	0
Instant	22
1	796	27	1	0
2	28	13	0	0
3	283	53	13	2.22995
4	775	13	0	0
11	34	17	0	0
12	179	59	18	4.34966
13	15	13	0	0
14	33	33	3	0.227273
Instant	23
1	740	25	1	0.690184
2	12	13	0	0
3	286	51	12	2.59275
4	789	13	0	0
11	33	16	0	0
12	180	56	17	4.77941
13	14	13	0	0
14	34	31	2	0
Instant	24
1	793	27	1	0
2	36	13	0	0
3	213	52	14	3.18627
4	754	13	0	0
11	33	16	0	0
12	188	54	15	3.72243
13	12	13	0	0
14	32	32	3	0.232919
Instant	25
1	759	28	2	0.567322
2	19	13	0	0
3	234	52	16	3.29567
4	755	13	0	0
11	33	16	0	0
12	171	58	18	4.46429
13	13	13	0	0
14	33	35	3	0
Instant	26
1	729	26	1	0.465116
2	16	13	0	0
3	277	52	12	2.52951
4	775	13	0	0
11	33	16	0	0
12	211	60	14	3.58456
13	14	13	0	0
14	33	32	3	0
Instant	27
1	753	29	1	0.456621
2	29	13	0	0
3	221	55	13	3.06931
4	782	13	0	0
11	33	16	0	0
12	177	57	16	4.96324
13	12	13	0	0
14	34	32	2	0
Instant	28
1	713	28	1	0.769854
2	31	13	0	0
3	212	55	15	3.41356
4	789	13	0	0
11	31	16	0	0
12	109	65	20	8.28993
13	12	13	0	0
14	34	31	2	0
Instant	29
1	854	27	1	0
2	29	13	0	0
3	277	50	13	2.70797
4	796	13	0	0
11	36	16	0	0
12	216	55	16	3.67647
13	14	13	0	0
14	34	32	2	0
Instant	30
1	813	25	0	0.213068
2	25	13	0	0
3	256	51	12	2.48227
4	810	13	0	0
11	36	16	0	0
12	207	54	15	3.76838
13	14	13	0	0
14	36	29	1	0
Instant	31
1	791	27	1	0.222883
2	28	13	0	0
3	255	55	12	2.25989
4	818	13	0	0
11	34	16	0	0
12	197	64	16	3.84291
13	13	13	0	0
14	35	30	2	0
Instant	32
1	700	27	1	0.493421
2	10	13	0	0
3	239	54	12	3.11909
4	796	13	0	0
11	31	16	0	0
12	191	58	18	5.00919
13	13	13	0	0
14	35	31	2	0
Instant	33
1	728	29	2	0
2	26	13	0	0
3	273	56	14	2.33969
4	701	13	0	0
11	32	16	0	0
12	193	62	15	3.99816
13	14	13	0	0
14	31	34	4	0
Instant	34
1	645	27	2	0.517241
2	36	13	0	0
3	235	52	13	3.2197
4	690	13	0	0
11	30	16	0	0
12	167	59	15	4.81419
13	13	13	0	0
14	29	32	2	0
Instant	35
1	734	26	1	0.243506
2	34	13	0	0
3	240	56	14	2.66698
4	684	13	0	0
11	31	16	0	0
12	199	59	17	3.63051
13	13	13	0	0
14	29	31	2	0
Instant	36
1	712	26	1	0.477707
2	14	13	0	0
3	298	50	12	1.79766
4	653	13	0	0
11	32	16	0	0
12	199	57	13	4.13603
13	15	13	0	0
14	28	34	3	0
Instant	37
1	680	27	2	0.526316
2	31	13	0	0
3	222	58	12	3.84615
4	638	13	0	0
11	29	16	0	0
12	170	61	18	4.46429
13	13	13	0	0
14	27	35	3	0
Instant	38
1	762	27	2	0
2	26	13	0	0
3	232	55	15	2.78042
4	683	13	0	0
11	34	16	0	0
12	210	61	16	4.04412
13	13	13	0	0
14	30	31	2	0
Instant	39
1	773	27	2	0
2	30	13	0	0
3	232	55	15	3.19201
4	665	13	0	0
11	33	16	0	0
12	198	59	17	4.36581
13	12	13	0	0
14	28	33	3	0
Instant	40
1	708	27	2	0.489396
2	29	13	0	0
3	243	50	15	2.63401
4	660	13	0	0
11	31	16	0	0
12	163	57	16	5.95439
13	13	13	0	0
14	28	33	3	0
Instant	41
1	665	30	3	0.0878735
2	27	13	0	0
3	230	56	16	3.00293
4	579	13	0	0
11	28	17	1	0
12	161	60	22	5.51471
13	12	13	0	0
14	24	33	3	0.406504
Instant	42
1	698	26	1	0
2	37	13	0	0
3	226	51	16	3.22266
4	613	13	0	0
11	30	17	0	0.333333
12	185	55	17	3.86029
13	12	13	0	0
14	27	32	2	0
Instant	43
1	702	26	1	0.246711
2	20	13	0	0
3	241	57	12	2.85649
4	613	13	0	0
11	30	16	0	0.41806
12	178	53	14	4.56081
13	13	13	0	0
14	26	32	3	0
Instant	44
1	667	27	1	0.302245
2	12	13	0	0
3	231	52	12	3.36174
4	634	13	0	0
11	29	16	0	0
12	172	58	16	5.42279
13	13	13	0	0
14	27	31	3	0
Instant	45
1	683	27	2	0.255102
2	29	13	0	0
3	249	53	13	2.47201
4	599	13	0	0
11	30	16	0	0
12	154	59	20	6.89338
13	13	13	0	0
14	26	33	3	0
Instant	46
1	607	27	2	0.474383
2	29	13	0	0
3	211	51	12	3.37629
4	620	13	0	0
11	26	16	0	0
12	171	65	15	4.51858
13	12	13	0	0
14	27	32	3	0
Instant	47
1	614	27	1	0.622605
2	37	13	0	0
3	258	51	12	2.62346
4	634	13	0	0
11	26	16	0	0
12	195	54	17	4.73346
13	14	13	0	0
14	27	30	2	0
Instant	48
1	633	27	2	0.396127
2	24	13	0	0
3	218	53	17	3.36998
4	613	13	0	0
11	29	16	0	0
12	177	57	13	4.54963
13	13	13	0	0
14	26	32	2	0
Instant	49
1	707	27	1	0
2	26	13	0	0
3	245	56	15	3.52444
4	620	13	0	0
11	30	16	0	0
12	188	60	15	3.0506
13	13	13	0	0
14	26	32	3	0
Instant	50
1	700	27	1	0
2	21	13	0	0
3	273	52	13	2.12855
4	606	13	0	0
11	30	16	0	0
12	188	54	15	4.45772
13	15	13	0	0
14	26	32	3	0
Instant	51
1	656	27	1	0
2	22	13	0	0
3	292	52	11	2.24515
4	606	13	0	0
11	28	16	0	0
12	232	60	15	3.03309
13	15	13	0	0
14	26	32	2	0
Instant	52
1	614	26	1	0.283554
2	24	13	0	0
3	284	55	14	2.5641
4	627	13	0	0
11	27	16	0	0.377358
12	168	62	17	5.12153
13	14	13	0	0
14	26	31	2	0
Instant	53
1	646	27	1	0
2	20	13	0	0
3	292	50	13	2.44866
4	613	13	0	0
11	28	16	0	0
12	197	53	15	4.31985
13	15	13	0	0
14	26	33	3	0
Instant	54
1	634	28	1	0
2	6	13	0	0
3	199	59	15	3.7037
4	627	13	0	0
11	27	16	0	0
12	196	60	14	3.90625
13	12	13	0	0
14	27	32	2	0
Instant	55
1	606	28	1	0.287356
2	27	13	0	0
3	261	51	11	3.02901
4	648	13	0	0
11	26	16	0	0
12	188	59	17	4.13851
13	14	13	0	0
14	28	30	2	0
Instant	56
1	624	26	1	0
2	35	13	0	0
3	266	49	12	3.34327
4	593	13	0	0
11	27	16	0	0
12	199	57	14	4.04412
13	14	13	0	0
14	25	30	2	0.296443
Instant	57
1	627	28	1	0
2	20	13	0	0
3	239	57	12	2.46771
4	641	13	0	0
11	26	16	0	0
12	212	56	15	4.18199
13	13	13	0	0
14	27	30	2	0
Instant	58
1	635	27	2	0.0456204
2	23	13	0	0
3	229	53	14	3.41122
4	591	13	0	0
11	28	16	0	0
12	201	61	13	3.67399
13	13	13	0	0
14	26	34	3	0
Instant	59
1	620	27	1	0
2	32	13	0	0
3	239	51	16	3.05504
4	746	13	0	0
11	26	16	0	0.284091
12	211	60	15	3.67647
13	13	13	0	0
14	31	31	2	0.236593
Instant	60
1	627	26	1	0.277778
2	37	13	0	0
3	237	48	13	3.01318
4	839	13	0	0
11	27	16	0	0
12	193	62	17	4.73346
13	13	13	0	0
14	36	31	2	0.210084
Instant	61
1	671	25	1	0
2	20	13	0	0
3	267	52	12	2.62456
4	798	13	0	0
11	28	16	0	0
12	178	60	17	4.05506
13	14	13	0	0
14	35	31	2	0
Instant	62
1	595	28	2	0.289017
2	18	13	0	0
3	271	47	13	2.6875
4	768	13	0	0
11	26	16	0	0
12	222	58	14	3.07904
13	15	13	0	0
14	33	31	2	0
Instant	63
1	608	27	1	0.289017
2	15	13	0	0
3	250	55	11	3.01954
4	855	13	0	0
11	26	16	0	0
12	212	57	15	4.22794
13	14	13	0	0
14	37	30	1	0
Instant	64
1	591	29	2	0.295276
2	22	13	0	0
3	244	54	13	3.03309
4	840	13	0	0
11	25	16	0	0.295276
12	199	60	15	4.51858
13	13	13	0	0
14	37	31	2	0
Instant	65
1	648	27	1	0
2	26	13	0	0
3	268	53	12	2.8763
4	815	13	0	0
11	28	16	0	0
12	198	57	16	3.58456
13	14	13	0	0
14	35	31	2	0
Instant	66
1	614	26	1	0
2	21	13	0	0
3	261	49	11	3.02588
4	721	13	0	0
11	27	16	0	0
12	200	60	15	3.86029
13	15	13	0	0
14	31	31	2	0
Instant	67
1	621	25	1	0.573614
2	41	13	0	0
3	318	52	12	2.24551
4	691	13	0	0
11	26	16	0	0
12	167	50	14	4.64527
13	16	13	0	0
14	29	30	2	0
Instant	68
1	648	27	1	0
2	36	13	0	0
3	240	49	13	2.82407
4	648	13	0	0
11	28	16	0	0
12	195	59	17	5.12695
13	13	13	0	0
14	27	33	3	0
Instant	69
1	634	27	1	0
2	27	13	0	0
3	261	51	15	3.20833
4	691	13	0	0
11	28	16	0	0
12	205	59	16	4.18199
13	15	13	0	0
14	30	31	2	0
Instant	70
1	648	26	1	0
2	34	13	0	0
3	285	47	12	2.66359
4	795	13	0	0
11	28	16	0	0
12	239	58	15	1.9848
13	15	13	0	0
14	34	32	2	0
Instant	71
1	613	25	1	0.574713
2	28	13	0	0
3	274	46	10	2.75527
4	782	13	0	0
11	26	16	0	0
12	186	56	15	4.18199
13	15	13	0	0
14	34	32	2	0
Instant	72
1	640	27	1	0
2	21	13	0	0
3	221	55	16	3.47763
4	749	13	0	0
11	28	17	0	0
12	183	55	15	4.7822
13	12	13	0	0
14	33	32	2	0
Instant	73
1	648	27	1	0
2	29	13	0	0
3	237	51	13	3
4	680	13	0	0
11	28	16	0	0
12	177	59	16	3.69665
13	14	13	0	0
14	29	31	2	0
Instant	74
1	605	27	1	0.285171
2	20	13	0	0
3	221	54	13	3.33656
4	608	13	0	0
11	27	16	0	0
12	218	54	17	3.72243
13	12	13	0	0
14	25	33	3	0.3861
Instant	75
1	597	27	1	0.287908
2	34	13	0	0
3	262	50	11	2.11864
4	627	13	0	0
11	26	16	0	0
12	219	59	16	3.125
13	13	13	0	0
14	27	31	2	0
Instant	76
1	635	27	1	0.234082
2	35	13	0	0
3	244	50	12	2.86313
4	620	13	0	0
11	27	16	0	0
12	202	56	14	3.90625
13	13	13	0	0
14	26	31	3	0
Instant	77
1	627	26	1	0.274725
2	25	13	0	0
3	251	51	12	3.06306
4	627	13	0	0
11	28	16	0	0
12	183	56	17	4.24805
13	13	13	0	0
14	26	31	2	0
Instant	78
1	620	26	1	0.280899
2	32	13	0	0
3	245	49	12	2.69784
4	613	13	0	0
11	27	16	0	0
12	171	59	16	5.07812
13	13	13	0	0
14	26	32	2	0
Instant	79
1	581	27	1	0.591716
2	30	13	0	0
3	289	51	13	2.5165
4	641	13	0	0
11	25	16	0	0
12	212	60	14	3.71622
13	15	13	0	0
14	28	31	2	0
Instant	80
1	587	27	1	0.353535
2	19	13	0	0
3	262	55	14	2.4911
4	620	13	0	0
11	25	16	0	0
12	169	56	19	5.06629
13	14	13	0	0
14	27	31	2	0
Instant	81
1	500	27	1	1.04626
2	32	13	0	0
3	252	55	12	2.78777
4	634	13	0	0
11	23	16	0	0
12	198	66	17	3.69318
13	13	13	0	0
14	26	31	3	0
Instant	82
1	660	26	1	0
2	26	13	0	0
3	231	56	15	3.125
4	606	13	0	0
11	28	16	0	0
12	183	62	15	4.24107
13	12	13	0	0
14	27	32	3	0
Instant	83
1	634	27	1	0
2	38	13	0	0
3	249	54	13	2.76004
4	620	13	0	0
11	28	16	0	0
12	179	54	17	4.54545
13	13	13	0	0
14	26	31	3	0
Instant	84
1	620	27	1	0.280899
2	22	13	0	0
3	281	53	15	2.20462
4	641	13	0	0
11	27	16	0	0
12	199	57	16	4.35606
13	14	13	0	0
14	27	31	2	0
Instant	85
1	549	25	1	0.612245
2	15	13	0	0
3	220	55	15	3.14386
4	613	13	0	0
11	25	16	0	0
12	169	57	19	3.6859
13	12	13	0	0
14	26	32	3	0
Instant	86
1	604	28	1	0.294118
2	24	13	0	0
3	226	53	13	2.76419
4	627	13	0	0
11	26	16	0	0
12	174	57	16	5.46875
13	13	13	0	0
14	27	30	2	0
Instant	87
1	655	26	1	0
2	21	13	0	0
3	257	55	13	2.83784
4	641	13	0	0
11	28	16	0	0
12	237	61	13	3.58456
13	14	13	0	0
14	27	30	2	0
Instant	88
1	627	28	1	0.0477099
2	26	13	0	0
3	242	53	15	2.86847
4	592	13	0	0
11	26	16	0	0
12	189	56	15	4.13851
13	13	13	0	0
14	26	32	3	0.297619
Instant	89
1	580	26	1	0.292969
2	23	13	0	0
3	257	53	12	2.86638
4	613	13	0	0
11	26	16	0	0
12	175	57	16	3.76838
13	14	13	0	0
14	26	33	2	0
Instant	90
1	601	27	2	0.539216
2	27	13	0	0
3	258	55	12	2.55055
4	627	13	0	0
11	26	16	0	0
12	181	60	14	4.6875
13	13	13	0	0
14	27	31	2	0
Instant	91
1	553	29	2	0.306748
2	18	13	0	0
3	242	50	13	2.73364
4	613	13	0	0
11	24	16	0	0
12	194	60	14	4.43412
13	13	13	0	0
14	26	31	2	0
Instant	92
1	644	27	1	0.045045
2	24	13	0	0
3	261	52	11	2.7039
4	641	13	0	0
11	28	16	0	0
12	185	57	14	3.88258
13	14	13	0	0
14	27	31	3	0
Instant	93
1	578	25	1	0.617284
2	25	13	0	0
3	259	55	13	2.26213
4	613	13	0	0
11	25	16	0	0
12	186	56	13	5.72917
13	13	13	0	0
14	27	31	2	0
Instant	94
1	628	28	1	0
2	29	13	0	0
3	268	51	11	2.60684
4	606	13	0	0
11	27	16	0	0
12	166	62	17	4.30743
13	14	13	0	0
14	26	33	3	0
Instant	95
1	655	27	1	0
2	19	13	0	0
3	265	50	13	2.70619
4	613	13	0	0
11	28	16	0	0
12	218	57	14	3.5386
13	14	13	0	0
14	26	33	3	0
Instant	96
1	655	26	0	0
2	14	13	0	0
3	287	52	12	2.32358
4	627	13	0	0
11	28	16	0	0
12	215	57	17	2.61949
13	14	13	0	0
14	27	31	2	0
Instant	97
1	662	26	1	0
2	20	13	0	0
3	229	51	15	2.92146
4	606	13	0	0
11	28	16	0	0
12	171	63	16	3.9253
13	13	13	0	0
14	27	33	3	0
Instant	98
1	620	27	1	0
2	18	13	0	0
3	278	51	13	2.5384
4	641	13	0	0
11	26	16	0	0
12	189	63	15	3.86029
13	14	13	0	0
14	27	31	2	0
Instant	99
1	655	26	1	0.265957
2	8	13	0	0
3	265	53	12	2.14669
4	613	13	0	0
11	28	16	0	0
12	219	63	16	4.22794
13	14	13	0	0
14	27	32	3	0
Instant	100
1	612	27	1	0.28463
2	22	13	0	0
3	262	53	12	2.5722
4	627	13	0	0
11	27	16	0	0
12	189	60	17	4.05405
13	14	13	0	0
14	26	31	3	0
Instant	101
1	678	24	1	0
2	30	13	0	0
3	250	51	13	2.75769
4	627	13	0	0
11	29	16	0	0
12	223	56	18	3.49265
13	13	13	0	0
14	27	30	2	0
Instant	102
1	608	27	1	0.285171
2	23	13	0	0
3	204	51	14	3.50922
4	620	13	0	0
11	27	16	0	0
12	170	59	17	5.33088
13	12	13	0	0
14	26	32	2	0
Instant	103
1	544	28	2	0.650759
2	27	13	0	0
3	259	50	12	2.54047
4	599	13	0	0
11	23	17	0	0
12	177	54	15	4.60304
13	13	13	0	0
14	26	32	2	0
Instant	104
1	599	27	1	0.280899
2	22	13	0	0
3	260	54	13	2.62567
4	592	13	0	0
11	27	16	0	0
12	187	57	16	4.73346
13	13	13	0	0
14	25	34	3	0.297619
Instant	105
1	640	27	1	0.0457875
2	26	13	0	0
3	271	53	11	2.30263
4	613	13	0	0
11	27	16	0	0
12	185	63	14	4.54963
13	14	13	0	0
14	26	32	2	0
Instant	106
1	662	26	0	0
2	34	13	0	0
3	239	55	13	3.08442
4	599	13	0	0
11	28	16	0	0
12	219	58	15	2.95608
13	13	13	0	0
14	26	33	3	0
Instant	107
1	585	27	1	0.297619
2	43	13	0	0
3	254	48	12	2.28714
4	620	13	0	0
11	25	16	0	0
12	208	63	15	4.09007
13	13	13	0	0
14	26	32	3	0
Instant	108
1	621	27	1	0
2	33	13	0	0
3	231	53	14	3.13707
4	599	13	0	0
11	26	16	0	0
12	171	61	15	5.1011
13	12	13	0	0
14	26	34	3	0
Instant	109
1	522	27	2	0.944444
2	32	13	0	0
3	185	58	16	4.29266
4	599	13	0	0
11	23	16	0	0
12	156	60	17	4.46429
13	11	13	0	0
14	25	33	3	0
Instant	110
1	648	27	1	0
2	17	13	0	0
3	217	56	14	3.32681
4	620	13	0	0
11	28	16	0	0
12	201	57	16	4.10156
13	12	13	0	0
14	27	32	2	0
Instant	111
1	660	26	1	0
2	17	13	0	0
3	268	54	11	2.5475
4	606	13	0	0
11	29	16	0	0
12	207	61	12	4.41176
13	14	13	0	0
14	26	33	3	0
Instant	112
1	667	26	1	0
2	30	13	0	0
3	260	52	12	2.73369
4	606	13	0	0
11	29	16	0	0
12	206	54	15	3.08277
13	14	13	0	0
14	26	32	3	0
Instant	113
1	641	27	1	0
2	13	13	0	0
3	235	52	11	2.99065
4	641	13	0	0
11	27	16	0	0
12	231	53	16	2.80331
13	13	13	0	0
14	27	30	2	0
Instant	114
1	655	26	1	0
2	19	13	0	0
3	225	52	14	3.02063
4	620	13	0	0
11	28	16	0	0
12	201	57	14	3.44669
13	13	13	0	0
14	27	31	2	0
Instant	115
1	581	26	2	0.299401
2	18	13	0	0
3	242	57	17	3.10078
4	613	13	0	0
11	25	16	0	0
12	183	62	15	4.30743
13	13	13	0	0
14	26	32	3	0
Instant	116
1	606	26	1	0.56926
2	17	13	0	0
3	281	53	13	1.89655
4	627	13	0	0
11	26	16	0	0
12	200	57	19	3.90625
13	14	13	0	0
14	27	31	2	0
Instant	117
1	626	26	1	0.280899
2	25	13	0	0
3	232	54	13	2.96243
4	620	13	0	0
11	27	16	0	0
12	214	58	15	4.22794
13	12	13	0	0
14	26	32	2	0
Instant	118
1	564	30	1	0.308642
2	24	13	0	0
3	262	54	14	2.77778
4	634	13	0	0
11	24	16	0	0
12	163	56	17	4.56081
13	14	13	0	0
14	28	30	2	0
Instant	119
1	655	25	1	0
2	27	13	0	0
3	231	51	15	2.58621
4	634	13	0	0
11	29	16	0	0
12	178	57	18	5.19301
13	12	13	0	0
14	27	31	2	0
