	T	D	J	LP
Instant	0
1	0	0	0	0
2	0	0	0	0
3	0	0	0	0
4	0	0	0	0
11	0	0	0	0
12	0	0	0	0
13	0	0	0	0
14	0	0	0	0
Instant	1
1	481	27	1	0
2	12	13	0	0
3	115	48	12	0.732759
4	541	13	0	0
11	20	16	0	0
12	99	62	14	2.24185
13	5	13	0	0
14	20	32	2	0
Instant	2
1	3255	32	2	0.373542
2	29	14	0	0
3	319	63	11	2.51852
4	5457	16	0	0
11	141	17	0	0
12	102	58	14	5.1011
13	17	13	0	0
14	238	27	1	0
Instant	3
1	2520	29	3	0.397908
2	35	14	1	0
3	281	55	14	3.02067
4	4939	15	0	0
11	115	18	0	0
12	98	64	17	2.75735
13	16	13	0	0
14	214	29	1	0
Instant	4
1	1944	30	2	0.060241
2	25	14	0	0
3	321	53	11	2.33083
4	3265	15	0	0
11	87	17	0	0
12	105	72	14	12.6689
13	16	13	0	0
14	134	31	1	2.07133
Instant	5
1	1448	28	2	0.0835422
2	23	14	0	0
3	304	58	11	2.88462
4	3518	15	0	0
11	62	17	0	0
12	115	61	17	10.9835
13	17	13	0	0
14	149	29	1	1.2358
Instant	6
1	1122	27	2	0
2	18	13	0	0
3	312	58	12	2.3628
4	3151	14	0	0
11	49	17	1	0
12	131	66	16	5.46875
13	16	13	0	0
14	132	30	1	1.06343
Instant	7
1	1092	28	2	0
2	12	13	0	0
3	299	54	12	2.15726
4	2800	14	0	0
11	47	17	1	0.268817
12	119	60	20	10.5574
13	15	13	0	0
14	124	30	1	0
Instant	8
1	998	26	2	0.117233
2	18	13	0	0
3	297	53	12	2.32745
4	1680	14	0	0
11	43	17	0	0
12	140	55	16	6.43382
13	15	13	0	0
14	72	30	1	1.19048
Instant	9
1	1008	24	2	0
2	25	13	0	0
3	257	55	11	2.90948
4	1136	13	0	0
11	43	18	0	0
12	169	57	14	5.88235
13	14	13	0	0
14	49	30	1	0
Instant	10
1	974	26	1	0
2	24	13	0	0
3	278	56	12	2.75673
4	1105	13	0	0
11	42	17	1	0
12	155	63	16	4.98311
13	15	13	0	0
14	48	30	1	0
Instant	11
1	858	27	2	0
2	34	13	0	0
3	289	53	11	2.60172
4	1027	13	0	0
11	37	17	0	0
12	153	57	17	5.28493
13	16	13	0	0
14	45	31	2	0
Instant	12
1	682	29	3	0.470085
2	27	13	0	0
3	302	52	13	2.88462
4	835	13	0	0
11	29	18	0	0.506757
12	121	67	21	7.67463
13	16	13	0	0
14	37	32	2	0.632023
Instant	13
1	662	27	2	0.731497
2	25	13	0	0
3	247	56	12	3.26655
4	877	13	0	0
11	29	17	0	0
12	160	59	18	4.7619
13	14	13	0	0
14	36	31	2	0.201072
Instant	14
1	480	27	3	1.08696
2	29	13	0	0
3	276	54	12	2.78239
4	810	14	0	0
11	22	17	0	0
12	151	59	16	6.38787
13	15	13	0	0
14	34	32	2	0.578035
Instant	15
1	622	27	2	0
2	27	13	0	0
3	232	59	13	2.93561
4	961	13	0	0
11	27	17	0	0
12	191	60	16	4.96324
13	13	13	0	0
14	41	29	1	0.183374
Instant	16
1	471	28	2	1.43541
2	12	13	0	0
3	259	56	15	3.34327
4	938	13	0	0
11	21	18	0	0.360577
12	155	64	15	5.70101
13	14	13	0	0
14	40	30	2	0.56391
Instant	17
1	473	28	2	0.775656
2	26	13	0	0
3	270	51	12	2.72651
4	955	13	0	0
11	21	17	0	0
12	184	60	17	4.22794
13	15	13	0	0
14	42	31	1	0.184275
Instant	18
1	492	27	2	0.393258
2	19	13	0	0
3	254	53	12	2.71248
4	948	13	0	0
11	23	16	0	0
12	127	60	13	6.47978
13	13	13	0	0
14	40	31	1	0
Instant	19
1	538	28	1	0.636943
2	25	13	0	0
3	258	52	12	2.5703
4	762	13	0	0
11	23	17	0	0
12	126	60	15	3.63176
13	14	13	0	0
14	33	32	1	0
Instant	20
1	450	27	1	2.26716
2	29	13	0	0
3	272	52	13	2.79633
4	769	13	0	0
11	20	16	0	0
12	152	60	18	9.65073
13	15	13	0	0
14	33	29	1	0
Instant	21
1	526	26	2	0.913979
2	36	13	0	0
3	256	54	14	3.22509
4	759	13	0	0
11	23	17	0	0
12	156	58	14	6.57169
13	14	13	0	0
14	33	31	1	0
Instant	22
1	460	29	3	1.48148
2	26	13	0	0
3	273	54	13	2.36014
4	787	13	0	0
11	20	17	0	0
12	112	58	17	6.71453
13	14	13	0	0
14	33	31	1	0
Instant	23
1	516	27	2	0.646552
2	23	13	0	0
3	278	51	13	2.44975
4	719	13	0	0
11	23	17	0	0
12	164	53	13	5.97426
13	15	13	0	0
14	31	30	1	0.490196
Instant	24
1	575	26	1	0.357873
2	15	13	0	0
3	268	52	11	2.51246
4	742	13	0	0
11	25	17	0	0
12	149	56	18	6.25
13	15	13	0	0
14	32	30	1	0
Instant	25
1	604	27	1	0.287356
2	14	13	0	0
3	315	50	11	2.49619
4	739	13	0	0
11	26	17	0	0
12	197	60	14	2.93899
13	16	13	0	0
14	33	30	1	0
Instant	26
1	558	27	1	0.572917
2	26	13	0	0
3	241	54	15	2.97619
4	750	13	0	0
11	24	18	0	0
12	178	61	13	4.6875
13	13	13	0	0
14	31	33	2	0
Instant	27
1	479	28	2	1.02975
2	19	13	0	0
3	291	52	14	2.125
4	756	13	0	0
11	22	18	1	0
12	180	59	13	5.8364
13	14	13	0	0
14	32	30	2	0.465839
Instant	28
1	502	27	2	0.85034
2	17	13	0	0
3	280	54	12	2.67703
4	724	13	0	0
11	22	16	0	0
12	166	57	19	5.42535
13	14	13	0	0
14	30	30	2	0.405844
Instant	29
1	600	28	2	0.340467
2	13	13	0	0
3	276	49	10	2.37795
4	673	13	0	0
11	26	17	0	0
12	194	57	17	4.09007
13	14	13	0	0
14	29	32	2	0
Instant	30
1	605	26	1	0.287356
2	28	13	0	0
3	250	53	15	3.11441
4	707	13	0	0
11	26	17	0	0
12	170	52	16	5.05515
13	14	13	0	0
14	30	30	1	0.415282
Instant	31
1	556	25	1	0.661914
2	26	13	0	0
3	286	49	13	2.95527
4	739	13	0	0
11	25	17	0	0
12	200	56	15	4.13851
13	15	13	0	0
14	32	30	1	0
Instant	32
1	569	26	1	0.301811
2	34	13	0	0
3	293	53	12	2.26362
4	733	13	0	0
11	25	17	0	0
12	184	61	16	5.51471
13	15	13	0	0
14	32	30	1	0
Instant	33
1	553	26	2	0.778008
2	38	13	0	0
3	298	54	12	2.2896
4	775	13	0	0
11	24	18	0	0
12	135	59	14	5.8364
13	15	13	0	0
14	33	31	2	0
Instant	34
1	597	25	1	0.620229
2	23	13	0	0
3	295	49	11	2.02145
4	795	13	0	0
11	26	17	0	0
12	176	54	16	4.81419
13	15	13	0	0
14	34	31	2	0
Instant	35
1	584	27	1	0.609756
2	35	13	0	0
3	277	51	12	2.73504
4	806	14	0	0
11	25	19	1	0
12	190	63	15	4.59559
13	14	13	0	0
14	36	29	2	0
Instant	36
1	584	27	1	0.582524
2	28	13	0	0
3	298	50	12	2.12639
4	939	13	0	0
11	26	17	0	0
12	197	61	18	4.50368
13	15	13	0	0
14	40	29	1	0.1875
Instant	37
1	584	25	1	0.589391
2	28	13	0	0
3	265	54	14	2.84974
4	972	13	0	0
11	26	18	0	0
12	182	61	16	3.49702
13	14	13	0	0
14	43	30	1	0
Instant	38
1	561	26	1	0.622407
2	24	13	0	0
3	307	50	12	2.15517
4	912	13	0	0
11	24	17	0	0
12	186	54	16	4.73346
13	16	13	0	0
14	39	30	2	0
Instant	39
1	608	26	1	0
2	28	13	0	0
3	260	52	14	2.88967
4	651	13	0	0
11	27	18	0	0
12	204	65	15	4.2739
13	14	13	0	0
14	27	33	3	0.0902527
Instant	40
1	603	28	2	0.29703
2	32	13	0	0
3	311	54	11	1.86782
4	606	13	0	0
11	26	17	0	0
12	161	56	16	6.25
13	15	13	0	0
14	26	30	2	0.289575
Instant	41
1	407	28	2	1.6276
2	33	13	0	0
3	257	51	13	2.82609
4	628	13	0	0
11	19	17	0	0
12	151	60	20	5.69853
13	14	13	0	0
14	27	31	2	0
Instant	42
1	550	27	2	0.364583
2	23	13	0	0
3	291	51	12	2.12766
4	655	13	0	0
11	24	17	0	0
12	182	63	13	5.05515
13	15	13	0	0
14	28	29	2	0
Instant	43
1	598	27	1	0
2	27	13	0	0
3	267	52	12	2.71454
4	598	13	0	0
11	25	17	0	0
12	180	55	15	3.50507
13	14	13	0	0
14	26	31	2	0.294118
Instant	44
1	575	28	2	0.596421
2	32	13	0	0
3	281	53	10	2.77778
4	627	13	0	0
11	25	18	0	0
12	166	60	16	6.29596
13	15	13	0	0
14	27	31	2	0
Instant	45
1	648	26	1	0
2	22	13	0	0
3	293	52	10	2.14055
4	649	13	0	0
11	28	17	0	0
12	191	59	15	4.18199
13	15	13	0	0
14	28	30	2	0
Instant	46
1	627	26	1	0.284091
2	29	13	0	0
3	287	54	13	2.59434
4	648	13	0	0
11	26	17	0	0
12	205	54	13	3.84291
13	16	13	0	0
14	28	29	2	0
Instant	47
1	600	26	1	0
2	45	13	0	0
3	287	57	14	2.72095
4	648	13	0	0
11	26	17	0	0.289575
12	162	58	16	5.05515
13	15	13	0	0
14	28	30	2	0
Instant	48
1	612	26	1	0.286807
2	13	13	0	0
3	272	54	11	2.95226
4	662	13	0	0
11	26	17	0	0
12	194	55	14	4.45772
13	15	13	0	0
14	28	29	1	0
Instant	49
1	446	31	2	1.27737
2	15	13	0	0
3	249	57	14	2.40741
4	641	13	0	0
11	21	17	0	0
12	141	60	16	4.98512
13	13	13	0	0
14	28	30	2	0
Instant	50
1	595	26	1	0.340467
2	23	13	0	0
3	351	49	12	1.72662
4	655	13	0	0
11	26	16	0	0
12	168	56	15	5.37684
13	17	13	0	0
14	28	29	1	0
Instant	51
1	644	25	1	0.541516
2	28	13	0	0
3	322	52	13	1.85547
4	662	13	0	0
11	28	17	0	0
12	214	54	13	3.99816
13	16	13	0	0
14	28	29	1	0
Instant	52
1	613	26	1	0.287356
2	23	13	0	0
3	280	51	12	2.66694
4	633	13	0	0
11	26	17	0	0
12	183	61	16	4.55729
13	15	13	0	0
14	27	29	1	0.277778
Instant	53
1	628	27	1	0
2	35	13	0	0
3	291	53	11	2.43056
4	656	14	0	0
11	27	18	1	0
12	162	54	17	5.00919
13	15	13	0	0
14	29	29	1	0
Instant	54
1	620	27	1	0.280899
2	35	13	0	0
3	334	51	10	1.93028
4	648	13	0	0
11	27	16	0	0
12	214	58	13	4.41176
13	16	13	0	0
14	28	30	1	0
Instant	55
1	592	28	1	0
2	7	13	0	0
3	310	49	11	2.11295
4	648	13	0	0
11	25	18	0	0.297619
12	180	58	15	4.18074
13	16	13	0	0
14	28	30	2	0
Instant	56
1	630	25	1	0
2	30	13	0	0
3	301	53	13	2.16535
4	641	14	0	0
11	27	16	0	0
12	155	61	15	5.51471
13	16	13	0	0
14	27	30	2	0
Instant	57
1	624	26	1	0
2	20	13	0	0
3	288	52	11	2.24626
4	648	13	0	0
11	27	19	1	0
12	194	59	17	4.54963
13	15	13	0	0
14	28	29	1	0
Instant	58
1	545	28	1	0.638298
2	32	13	0	0
3	296	51	14	2.48358
4	633	13	0	0
11	24	17	0	0
12	152	60	16	5.19426
13	15	13	0	0
14	27	30	2	0
Instant	59
1	578	27	1	0.297619
2	39	13	0	0
3	240	55	12	2.72556
4	635	13	0	0
11	25	18	0	0
12	189	57	15	5.88235
13	13	13	0	0
14	28	31	2	0
Instant	60
1	526	27	1	0.991189
2	17	13	0	0
3	251	56	14	2.93852
4	633	13	0	0
11	23	17	0	0
12	125	68	16	5.74449
13	13	13	0	0
14	27	31	2	0
Instant	61
1	559	27	2	0.357873
2	16	13	0	0
3	274	51	13	2.32112
4	656	13	0	0
11	25	18	0	0
12	142	64	16	6.25
13	14	13	0	0
14	27	29	2	0
Instant	62
1	589	26	1	0.292969
2	32	13	0	0
3	298	51	14	2.30525
4	648	13	0	0
11	26	18	0	0
12	179	61	14	4.96324
13	15	13	0	0
14	28	30	2	0
Instant	63
1	632	27	1	0
2	32	13	0	0
3	302	55	13	2.05619
4	634	13	0	0
11	27	17	0	0
12	208	61	15	4.41176
13	15	13	0	0
14	27	31	2	0
Instant	64
1	560	28	1	0.306748
2	13	13	0	0
3	263	51	13	2.76316
4	627	13	0	0
11	25	19	1	0
12	163	55	16	5.48986
13	14	13	0	0
14	27	31	3	0
Instant	65
1	622	27	1	0
2	26	13	0	0
3	259	54	15	2.4911
4	634	13	0	0
11	27	17	0	0
12	176	51	13	5.19301
13	14	13	0	0
14	27	31	2	0
Instant	66
1	585	28	1	0
2	24	13	0	0
3	287	54	14	2.09413
4	640	13	0	0
11	25	17	0	0
12	161	57	19	5.69853
13	14	13	0	0
14	27	31	2	0
Instant	67
1	634	26	1	0.320513
2	20	13	0	0
3	301	52	11	1.84189
4	649	13	0	0
11	27	17	0	0
12	186	61	16	4.43412
13	15	13	0	0
14	28	30	2	0
Instant	68
1	592	27	1	0.297619
2	21	13	0	0
3	235	53	13	2.75629
4	669	13	0	0
11	25	17	0	0
12	183	58	16	4.83398
13	13	13	0	0
14	29	29	1	0
Instant	69
1	641	26	1	0
2	18	13	0	0
3	267	45	12	3.29378
4	634	13	0	0
11	28	17	0	0
12	218	59	15	3.67647
13	15	13	0	0
14	27	30	2	0
Instant	70
1	619	27	1	0.28463
2	31	13	0	0
3	314	53	12	1.86625
4	627	13	0	0
11	26	16	0	0
12	206	59	14	3.20946
13	16	13	0	0
14	27	31	2	0
Instant	71
1	635	26	1	0
2	30	13	0	0
3	306	53	12	2.30956
4	648	13	0	0
11	27	18	1	0
12	210	59	16	3.90625
13	15	13	0	0
14	28	30	2	0
Instant	72
1	614	26	0	0.280374
2	19	13	0	0
3	307	47	11	2.25347
4	648	13	0	0
11	27	17	0	0
12	186	58	15	4.26136
13	16	13	0	0
14	27	30	2	0
Instant	73
1	605	27	1	0.291262
2	15	13	0	0
3	281	54	15	2.42411
4	634	13	0	0
11	26	17	0	0
12	196	58	16	2.78201
13	14	13	0	0
14	27	31	2	0
Instant	74
1	587	26	1	0.292969
2	12	13	0	0
3	298	52	12	2.51187
4	669	13	0	0
11	26	18	0	0
12	169	57	16	6.25
13	15	13	0	0
14	29	29	1	0
Instant	75
1	606	26	1	0.283554
2	37	13	0	0
3	309	53	12	2.00397
4	641	14	0	0
11	26	16	0	0
12	174	60	16	4.97159
13	15	13	0	0
14	27	30	2	0
Instant	76
1	635	26	1	0
2	42	13	0	0
3	265	50	12	2.5475
4	627	14	0	0
11	27	18	1	0
12	183	61	17	4.25347
13	14	13	0	0
14	27	30	2	0
Instant	77
1	620	27	1	0
2	36	13	0	0
3	269	50	14	2.44227
4	662	14	0	0
11	27	17	0	0
12	191	55	18	4.00391
13	14	13	0	0
14	28	28	2	0
Instant	78
1	631	27	1	0
2	27	13	0	0
3	267	53	14	2.42881
4	655	14	0	0
11	27	18	1	0
12	153	57	19	5.76172
13	15	13	0	0
14	28	29	2	0
Instant	79
1	639	26	1	0
2	34	13	0	0
3	271	48	12	3.31503
4	655	13	0	0
11	27	17	0	0
12	169	56	17	4.89865
13	15	13	0	0
14	29	29	1	0
Instant	80
1	607	26	1	0.284091
2	30	13	0	0
3	276	53	14	2.16023
4	641	13	0	0
11	26	17	0	0
12	167	58	19	5.96591
13	15	13	0	0
14	27	31	2	0
Instant	81
1	592	26	1	0.290135
2	26	13	0	0
3	318	48	11	2.12766
4	634	13	0	0
11	26	18	0	0
12	164	61	16	4.54545
13	16	13	0	0
14	28	30	2	0
Instant	82
1	598	27	2	0.295276
2	20	13	0	0
3	313	53	11	2.28346
4	641	13	0	0
11	25	17	0	0
12	130	63	17	6.29464
13	16	13	0	0
14	27	30	1	0.274725
Instant	83
1	786	26	1	0.551471
2	31	13	0	0
3	328	51	9	1.75075
4	627	13	0	0
11	34	17	0	0
12	155	59	18	6.10795
13	16	13	0	0
14	27	31	2	0
Instant	84
1	867	26	1	0
2	18	13	0	0
3	313	53	13	1.73046
4	641	13	0	0
11	38	17	0	0
12	174	62	15	5.16098
13	15	13	0	0
14	27	30	2	0
Instant	85
1	823	26	1	0
2	14	13	0	0
3	344	51	12	2
4	648	13	0	0
11	36	17	0	0
12	207	58	13	3.36538
13	17	13	0	0
14	28	30	2	0
Instant	86
1	761	25	1	0.270062
2	25	13	0	0
3	274	53	10	2.20462
4	641	13	0	0
11	33	17	0	0
12	172	54	18	4.96324
13	14	13	0	0
14	28	30	2	0
Instant	87
1	828	26	1	0.554017
2	11	13	0	0
3	300	45	9	2.07997
4	640	13	0	0
11	37	17	0	0
12	178	61	15	5.69853
13	15	13	0	0
14	27	29	1	0.274725
Instant	88
1	740	27	1	0
2	20	13	0	0
3	299	53	13	2.46032
4	635	13	0	0
11	32	17	0	0
12	180	62	17	4.85642
13	15	13	0	0
14	27	30	2	0
Instant	89
1	574	27	2	0.704225
2	10	13	0	0
3	257	55	13	2.70758
4	627	13	0	0
11	25	18	0	0
12	173	59	16	4.82537
13	13	13	0	0
14	27	33	2	0
Instant	90
1	556	28	1	0.308642
2	22	13	0	0
3	278	56	13	2.14041
4	627	13	0	0
11	24	17	0	0
12	174	60	14	4.88281
13	14	13	0	0
14	27	30	2	0
Instant	91
1	634	26	1	0
2	23	13	0	0
3	278	53	11	2.55872
4	648	13	0	0
11	27	17	0	0
12	187	64	14	3.88514
13	15	13	0	0
14	27	31	2	0
Instant	92
1	526	26	1	0.789474
2	35	13	0	0
3	296	55	11	2.28385
4	648	13	0	0
11	24	18	0	0
12	163	58	14	5.16098
13	15	13	0	0
14	28	30	1	0
Instant	93
1	651	27	1	0
2	22	13	0	0
3	339	49	10	1.57197
4	627	13	0	0
11	27	17	0	0
12	174	62	16	5.49242
13	16	13	0	0
14	27	31	2	0.280899
Instant	94
1	627	27	1	0
2	24	13	0	0
3	246	50	13	3.27905
4	634	13	0	0
11	27	17	0	0
12	158	58	15	5.36318
13	14	13	0	0
14	28	30	2	0
Instant	95
1	618	26	1	0.281955
2	27	13	0	0
3	299	49	10	2.24515
4	634	13	0	0
11	27	18	0	0
12	192	59	16	4.18199
13	15	13	0	0
14	27	31	2	0
Instant	96
1	525	28	2	0.662252
2	33	13	0	0
3	261	45	11	2.72688
4	613	13	0	0
11	23	18	1	0
12	142	60	16	6.25
13	14	13	0	0
14	26	31	2	0.287356
Instant	97
1	592	25	1	0.291829
2	30	13	0	0
3	272	52	12	2.33813
4	647	13	0	0
11	26	17	0	0
12	178	54	15	3.9253
13	14	13	0	0
14	28	30	2	0
Instant	98
1	601	27	1	0.335249
2	23	13	0	0
3	281	50	11	2.02361
4	642	13	0	0
11	26	17	0	0
12	194	54	18	4.50368
13	14	13	0	0
14	27	30	2	0
Instant	99
1	634	25	1	0.324074
2	28	13	0	0
3	321	49	11	1.69753
4	640	13	0	0
11	27	17	0	0
12	205	62	16	4.2739
13	16	13	0	0
14	27	31	2	0
Instant	100
1	613	27	1	0
2	29	13	0	0
3	281	55	12	2.4359
4	656	13	0	0
11	27	18	0	0
12	180	58	14	5.1098
13	14	13	0	0
14	28	29	1	0
Instant	101
1	670	26	1	0
2	20	13	0	0
3	326	55	9	1.98995
4	640	13	0	0
11	28	16	0	0
12	197	56	16	3.81434
13	16	13	0	0
14	28	30	2	0
Instant	102
1	648	25	0	0
2	24	13	0	0
3	264	47	12	2.56579
4	656	13	0	0
11	27	17	0	0
12	220	57	11	4.36581
13	14	13	0	0
14	28	29	1	0
Instant	103
1	635	26	1	0.0464684
2	27	13	0	0
3	285	48	13	2.10417
4	641	13	0	0
11	27	17	0	0
12	165	55	16	3.88514
13	14	13	0	0
14	28	30	2	0
Instant	104
1	644	26	1	0
2	24	13	0	0
3	254	51	12	3.29646
4	655	13	0	0
11	28	17	0	0
12	183	55	16	5.33088
13	14	13	0	0
14	28	29	2	0
Instant	105
1	633	27	1	0
2	27	13	0	0
3	345	49	12	1.58991
4	648	13	0	0
11	27	17	0	0
12	163	59	16	4.87132
13	17	13	0	0
14	28	30	2	0
Instant	106
1	608	25	1	0
2	14	13	0	0
3	274	53	12	2.45307
4	655	13	0	0
11	27	18	0	0
12	202	59	15	3.96959
13	14	13	0	0
14	28	30	2	0
Instant	107
1	620	26	1	0.283554
2	15	13	0	0
3	309	48	10	2.36593
4	613	13	0	0
11	26	17	0	0
12	172	57	16	5.05515
13	16	13	0	0
14	27	32	3	0
Instant	108
1	653	25	1	0
2	30	13	0	0
3	258	53	13	2.58319
4	648	13	0	0
11	28	17	0	0
12	176	59	15	5.51471
13	14	13	0	0
14	27	30	2	0
Instant	109
1	620	26	1	0.321101
2	19	13	0	0
3	314	49	12	2.57186
4	662	13	0	0
11	27	17	0	0
12	151	51	14	4.16667
13	16	13	0	0
14	28	29	1	0
Instant	110
1	643	26	0	0
2	25	13	0	0
3	291	57	13	2.43167
4	634	13	0	0
11	28	17	0	0
12	186	58	15	5.56641
13	15	13	0	0
14	27	30	2	0.277778
Instant	111
1	594	28	1	0.296443
2	24	13	0	0
3	268	48	12	2.83251
4	641	13	0	0
11	25	17	0	0
12	177	63	17	5.00919
13	15	13	0	0
14	27	31	2	0
Instant	112
1	620	28	1	0
2	21	13	0	0
3	281	52	12	2.66359
4	648	13	0	0
11	27	17	0	0
12	186	57	15	4.39189
13	15	13	0	0
14	29	29	2	0
Instant	113
1	614	25	1	0.518868
2	11	13	0	0
3	309	51	13	1.88718
4	663	13	0	0
11	27	16	0	0
12	189	54	13	3.90625
13	15	13	0	0
14	28	29	1	0
Instant	114
1	559	25	1	0.359343
2	18	13	0	0
3	233	51	16	3.15959
4	655	13	0	0
11	25	18	0	0
12	150	65	16	6.38787
13	13	13	0	0
14	28	29	2	0
Instant	115
1	635	26	1	0
2	20	13	0	0
3	353	47	9	1.64474
4	648	13	0	0
11	27	18	0	0
12	177	54	14	3.96959
13	17	13	0	0
14	28	30	2	0
Instant	116
1	613	26	1	0.280899
2	25	13	0	0
3	281	53	13	2.52066
4	634	13	0	0
11	27	17	0	0
12	190	59	14	5.19301
13	15	13	0	0
14	27	30	2	0
Instant	117
1	586	26	1	0.34585
2	15	13	0	0
3	239	58	13	2.9717
4	641	13	0	0
11	25	16	0	0
12	186	61	16	5.51471
13	13	13	0	0
14	28	30	2	0
Instant	118
1	557	26	1	0.562372
2	10	13	0	0
3	238	53	14	2.9304
4	662	13	0	0
11	25	17	0	0
12	141	64	17	5.36318
13	13	13	0	0
14	29	29	1	0
Instant	119
1	530	26	1	0.969828
2	13	13	0	0
3	267	58	11	2.34657
4	641	13	0	0
11	23	17	0	0
12	144	62	18	6.38787
13	14	13	0	0
14	28	30	2	0
