	T	D	J	LP
Instant	0
1	0	0	0	0
2	0	0	0	0
3	0	0	0	0
4	0	0	0	0
11	0	0	0	0
12	0	0	0	0
13	0	0	0	0
14	0	0	0	0
Instant	1
1	377	26	2	0
2	15	13	0	0
3	150	42	9	0.256598
4	528	14	0	0
11	15	17	0	0
12	97	56	11	2.17391
13	6	13	0	0
14	20	27	1	0
Instant	2
1	1423	28	2	0.0204918
2	30	14	0	0
3	294	62	15	2.61399
4	4229	15	0	0
11	62	19	0	0
12	101	63	20	7.03125
13	16	13	0	0
14	170	31	1	0.486652
Instant	3
1	1394	28	2	0.246103
2	29	13	0	0
3	303	54	13	2.30801
4	4263	15	0	0
11	63	18	0	0
12	115	69	18	9.60478
13	15	13	0	0
14	194	30	0	0.757993
Instant	4
1	1457	27	2	0.145712
2	30	13	0	0
3	274	54	15	2.31959
4	2517	14	0	0
11	62	18	0	0
12	99	59	25	8.02365
13	14	13	0	0
14	99	32	1	1.98598
Instant	5
1	1247	27	2	0
2	26	13	0	0
3	334	52	13	1.99548
4	2586	14	0	0
11	55	18	0	0
12	98	67	20	3.67647
13	16	13	0	0
14	117	29	1	0
Instant	6
1	1218	28	2	0
2	18	13	0	0
3	279	58	12	2.39274
4	1870	14	0	0
11	54	17	0	0
12	150	64	17	12.8676
13	15	13	0	0
14	81	30	1	0
Instant	7
1	1330	26	2	0.30648
2	20	13	0	0
3	343	52	13	1.96402
4	1194	14	0	0
11	58	17	0	0
12	117	61	19	7.13682
13	17	13	0	0
14	53	29	2	0
Instant	8
1	1443	26	2	0.282486
2	25	13	0	0
3	311	54	14	2.23214
4	948	13	0	0
11	64	17	0	0
12	111	65	19	7.85846
13	16	13	0	0
14	41	28	1	0.310174
Instant	9
1	1319	27	2	0.36512
2	9	13	0	0
3	346	52	15	1.78571
4	935	13	0	0
11	60	17	0	0
12	122	70	20	7.95037
13	17	13	0	0
14	41	30	1	0
Instant	10
1	1095	29	2	0.568797
2	25	13	0	0
3	318	49	13	2.46637
4	1075	13	0	0
11	48	18	0	0
12	101	58	19	6.25
13	16	13	0	0
14	45	29	1	0
Instant	11
1	1202	27	2	0
2	31	13	0	0
3	332	52	14	1.73507
4	1047	13	0	0
11	52	17	0	0
12	166	52	17	7.12316
13	16	13	0	0
14	46	30	1	0
Instant	12
1	1118	28	2	0.558943
2	33	13	0	0
3	309	52	14	2.25279
4	966	13	0	0
11	51	17	0	0
12	174	60	17	4.96324
13	15	13	0	0
14	42	31	2	0
Instant	13
1	1002	27	2	0.177305
2	21	13	0	0
3	339	51	14	1.59024
4	901	13	0	0
11	43	17	0	0
12	170	57	17	2.75298
13	17	13	0	0
14	40	31	2	0
Instant	14
1	707	25	1	1.25392
2	19	13	0	0
3	360	53	14	2.0014
4	1239	13	0	0
11	33	18	0	0
12	147	63	20	8.82353
13	18	13	0	0
14	53	31	2	0
Instant	15
1	731	26	1	0.477707
2	23	13	0	0
3	324	53	13	1.90422
4	1570	13	0	0
11	32	17	0	0
12	190	59	15	4.77941
13	16	13	0	0
14	68	32	2	0
Instant	16
1	646	28	2	1.02313
2	29	13	0	0
3	326	50	13	2.00076
4	1703	13	0	0
11	29	17	0	0
12	111	57	17	6.37669
13	16	13	0	0
14	76	31	2	0
Instant	17
1	590	30	3	0.286807
2	24	13	0	0
3	337	45	12	1.76958
4	1935	13	0	0
11	27	18	0	0
12	145	63	15	7.35294
13	16	13	0	0
14	85	29	1	0
Instant	18
1	674	26	1	0.170358
2	25	13	0	0
3	304	48	13	2.4061
4	1808	13	0	0
11	30	17	0	0
12	151	64	18	5.79044
13	16	13	0	0
14	77	33	2	0
Instant	19
1	601	27	2	0.804924
2	26	13	0	0
3	293	50	13	2.30159
4	1058	13	0	0
11	27	18	0	0
12	191	56	17	3.63176
13	15	13	0	0
14	47	31	2	0
Instant	20
1	676	27	1	0
2	36	13	0	0
3	309	54	14	2.1875
4	823	13	0	0
11	28	17	0	0
12	157	58	19	6.02022
13	16	13	0	0
14	36	32	2	0
Instant	21
1	627	27	2	0.789474
2	21	13	0	0
3	368	51	11	1.61348
4	796	13	0	0
11	29	17	0	0
12	161	66	15	6.70956
13	17	13	0	0
14	34	29	1	0
Instant	22
1	652	27	1	0.319343
2	25	13	0	0
3	313	51	14	2.07364
4	688	13	0	0
11	28	18	0	0
12	157	60	17	5.8277
13	16	13	0	0
14	29	32	2	0.341297
Instant	23
1	627	28	1	0.318182
2	12	13	0	0
3	294	53	14	2.35008
4	634	13	0	0
11	28	17	0	0
12	172	59	16	4.77941
13	15	13	0	0
14	27	31	3	0.37037
Instant	24
1	594	27	2	0.632296
2	19	13	0	0
3	323	50	13	1.61856
4	665	13	0	0
11	26	17	0	0
12	166	61	13	5.33088
13	16	13	0	0
14	28	32	3	0.265018
Instant	25
1	619	28	1	0.285714
2	21	13	0	0
3	345	49	11	2.33402
4	821	13	0	0
11	26	17	0	0
12	160	59	22	4.83631
13	18	13	0	0
14	35	30	2	0
Instant	26
1	722	29	3	0.12
2	21	13	0	0
3	283	58	14	2.3398
4	798	13	0	0
11	32	17	0	0
12	115	55	20	7.35294
13	15	13	0	0
14	34	33	2	0.220588
Instant	27
1	672	27	2	0.254669
2	31	13	0	0
3	303	48	12	2.53456
4	771	13	0	0
11	30	17	0	0
12	172	64	16	5.69853
13	16	13	0	0
14	34	31	2	0
Instant	28
1	634	28	2	1.13843
2	18	13	0	0
3	273	52	13	2.83138
4	779	13	0	0
11	28	17	0	0
12	142	59	18	7.03125
13	15	13	0	0
14	34	30	2	0
Instant	29
1	577	29	2	0.537109
2	21	13	0	0
3	311	52	12	1.95807
4	768	13	0	0
11	26	18	0	0
12	116	61	18	4.2739
13	15	13	0	0
14	32	31	2	0
Instant	30
1	642	28	2	0.2693
2	30	13	0	0
3	351	50	11	1.89828
4	765	13	0	0
11	28	18	0	0
12	174	60	15	8.50184
13	17	13	0	0
14	33	30	2	0.53681
Instant	31
1	653	29	2	0.045208
2	15	13	0	0
3	324	54	14	1.88822
4	798	13	0	0
11	28	17	0	0
12	171	58	16	5.36318
13	16	13	0	0
14	34	30	1	0
Instant	32
1	523	26	1	0.719027
2	43	13	0	0
3	282	53	15	2.46275
4	735	13	0	0
11	23	17	0	0.434783
12	152	60	22	6.20404
13	15	13	0	0
14	31	32	2	0.559105
Instant	33
1	579	25	1	0.6
2	29	13	0	0
3	285	50	15	2.59046
4	681	13	0	0
11	25	18	1	0
12	138	59	18	6.47978
13	15	13	0	0
14	30	31	2	0
Instant	34
1	578	25	1	0
2	9	13	0	0
3	314	49	13	2.01238
4	693	13	0	0
11	26	17	0	0
12	200	60	15	3.80068
13	16	13	0	0
14	30	30	1	0
Instant	35
1	650	26	1	0.536673
2	23	13	0	0
3	335	49	13	2.04613
4	651	13	0	0
11	28	17	0	0
12	192	56	17	4.6875
13	16	13	0	0
14	27	32	2	0
Instant	36
1	586	28	1	0.30426
2	21	13	0	0
3	321	49	10	1.87008
4	700	13	0	0
11	25	17	0	0
12	190	65	16	4.82537
13	16	13	0	0
14	29	30	2	0.33557
Instant	37
1	634	27	1	0
2	31	13	0	0
3	316	52	12	1.89801
4	677	13	0	0
11	27	17	0	0
12	174	59	16	3.45982
13	16	13	0	0
14	29	32	2	0
Instant	38
1	622	27	2	0.0961538
2	25	13	0	0
3	286	47	11	2.39407
4	634	13	0	0
11	26	18	1	0
12	187	54	17	4.6875
13	15	13	0	0
14	26	32	2	0.648148
Instant	39
1	479	27	1	0.997653
2	34	13	0	0
3	294	48	12	2.32745
4	648	13	0	0
11	21	17	0	0
12	156	68	17	5.05515
13	15	13	0	0
14	28	30	2	0
Instant	40
1	569	25	1	0.946215
2	25	13	0	0
3	304	48	12	2.15927
4	641	13	0	0
11	25	17	0	0
12	164	57	15	7.55912
13	15	13	0	0
14	28	29	1	0
Instant	41
1	578	25	1	0.29703
2	21	13	0	0
3	315	50	15	2.39647
4	641	13	0	0
11	25	17	0	0
12	185	61	17	4.04412
13	16	13	0	0
14	27	31	2	0
Instant	42
1	580	27	2	0.301205
2	19	13	0	0
3	335	51	14	1.73507
4	634	13	0	0
11	25	17	0	0
12	153	61	14	6.43382
13	17	13	0	0
14	27	31	2	0
Instant	43
1	593	26	1	0.28626
2	15	13	0	0
3	304	50	13	2.16693
4	627	13	0	0
11	26	17	0	0
12	145	67	20	5.06757
13	15	13	0	0
14	27	31	2	0
Instant	44
1	528	26	2	1.31579
2	20	13	0	0
3	288	53	13	2.40864
4	655	13	0	0
11	23	17	0	0
12	139	55	15	7.35294
13	15	13	0	0
14	28	29	2	0
Instant	45
1	625	26	2	0.181818
2	31	13	0	0
3	338	54	13	1.75182
4	599	13	0	0
11	27	18	0	0
12	82	64	21	6.38787
13	17	13	0	0
14	26	31	2	0.294118
Instant	46
1	647	26	1	0.359066
2	29	13	0	0
3	320	54	13	2.00308
4	648	13	0	0
11	28	16	0	0
12	171	60	15	8.19257
13	16	13	0	0
14	27	31	2	0
Instant	47
1	641	26	1	0
2	24	13	0	0
3	289	52	14	2.35008
4	634	13	0	0
11	28	17	0	0
12	194	56	15	4.31985
13	15	13	0	0
14	27	31	2	0
Instant	48
1	607	26	1	0.29703
2	26	13	0	0
3	261	49	14	2.82895
4	613	13	0	0
11	25	16	0	0
12	178	61	16	4.59559
13	14	13	0	0
14	26	30	2	0.28626
Instant	49
1	472	27	2	0.705882
2	26	13	0	0
3	301	53	12	2.57937
4	600	13	0	0
11	21	17	0	0
12	152	62	17	4.24107
13	15	13	0	0
14	25	31	2	0
Instant	50
1	595	26	1	0.576923
2	17	13	0	0
3	329	50	13	1.72348
4	648	13	0	0
11	26	18	1	0
12	176	58	16	4.6875
13	16	13	0	0
14	28	30	2	0
Instant	51
1	633	27	1	0
2	39	13	0	0
3	335	50	13	2.09251
4	612	13	0	0
11	27	17	0	0
12	190	62	16	5.37684
13	17	13	0	0
14	26	31	2	0
Instant	52
1	581	27	1	0.306748
2	21	13	0	0
3	336	48	11	1.99704
4	621	13	0	0
11	24	17	0	0
12	151	58	16	6.25
13	17	13	0	0
14	26	32	2	0.284091
Instant	53
1	628	26	1	0
2	10	13	0	0
3	340	50	12	1.84911
4	634	13	0	0
11	27	18	1	0
12	198	56	17	3.72243
13	17	13	0	0
14	27	31	2	0
Instant	54
1	592	28	1	0.294118
2	19	13	0	0
3	303	50	12	1.99843
4	648	13	0	0
11	26	17	0	0
12	158	60	17	5.74449
13	16	13	0	0
14	28	30	2	0
Instant	55
1	549	29	2	0.37234
2	18	13	0	0
3	300	52	11	2.34751
4	613	13	0	0
11	24	17	0	0
12	189	63	16	4.6875
13	15	13	0	0
14	26	31	2	0.287356
Instant	56
1	560	27	1	0.306748
2	32	13	0	0
3	270	51	13	2.52101
4	648	13	0	0
11	25	17	0	0
12	164	57	20	6.11213
13	15	13	0	0
14	28	30	2	0
Instant	57
1	566	25	1	0.308008
2	15	13	0	0
3	339	50	12	2.19298
4	648	13	0	0
11	24	17	0	0
12	170	58	15	5.69853
13	17	13	0	0
14	28	30	2	0
Instant	58
1	624	27	1	0
2	19	13	0	0
3	345	50	13	2.28532
4	613	13	0	0
11	27	18	1	0
12	167	62	17	4.18074
13	18	13	0	0
14	26	32	2	0
Instant	59
1	651	26	1	0
2	21	13	0	0
3	287	50	12	2.71395
4	647	13	0	0
11	28	17	0	0
12	218	55	14	3.76838
13	16	13	0	0
14	27	30	2	0
Instant	60
1	656	25	1	0
2	25	13	0	0
3	293	50	12	2.56933
4	614	13	0	0
11	28	17	0	0
12	221	54	11	2.75735
13	15	13	0	0
14	26	32	2	0
Instant	61
1	593	26	1	0.293542
2	27	13	0	0
3	307	51	14	1.89394
4	627	13	0	0
11	26	17	0	0
12	145	56	15	5.46875
13	16	13	0	0
14	26	31	3	0
Instant	62
1	634	26	1	0.280899
2	28	13	0	0
3	351	47	11	1.88578
4	641	13	0	0
11	27	17	0	0
12	220	57	14	3.30882
13	17	13	0	0
14	28	30	2	0
Instant	63
1	634	26	1	0
2	23	13	0	0
3	334	47	11	1.72734
4	627	13	0	0
11	27	17	0	0
12	241	58	16	3.26287
13	17	13	0	0
14	27	31	2	0
Instant	64
1	568	30	2	0.311203
2	22	13	0	0
3	314	51	13	2.25155
4	634	13	0	0
11	24	17	0	0
12	144	66	18	5.91216
13	16	13	0	0
14	28	31	2	0
Instant	65
1	540	27	2	0.373134
2	21	13	0	0
3	342	52	15	1.79619
4	620	13	0	0
11	24	17	0	0
12	152	63	15	5.69853
13	17	13	0	0
14	26	32	2	0
Instant	66
1	631	26	1	0.27027
2	23	13	0	0
3	295	49	12	2.63158
4	641	13	0	0
11	28	17	0	0
12	157	62	16	6.29596
13	16	13	0	0
14	27	31	2	0
Instant	67
1	648	26	1	0
2	22	13	0	0
3	355	49	11	1.34058
4	662	13	0	0
11	27	17	0	0
12	196	55	16	3.67399
13	17	13	0	0
14	29	29	1	0
Instant	68
1	634	26	1	0
2	17	13	0	0
3	289	54	14	2.3336
4	641	13	0	0
11	27	17	0	0
12	206	54	15	4.05273
13	15	13	0	0
14	27	30	2	0
Instant	69
1	641	26	1	0
2	20	13	0	0
3	309	48	13	2.40916
4	620	13	0	0
11	27	17	0	0
12	202	54	15	4.2739
13	15	13	0	0
14	27	31	2	0.284091
Instant	70
1	542	27	1	0.56701
2	18	13	0	0
3	353	50	14	1.57593
4	641	13	0	0
11	24	17	0	0
12	166	66	18	5.23649
13	17	13	0	0
14	27	30	2	0
Instant	71
1	580	25	1	0.648703
2	14	13	0	0
3	341	48	12	1.63603
4	641	13	0	0
11	25	17	0	0
12	152	60	16	6.02022
13	17	13	0	0
14	27	30	2	0
Instant	72
1	553	27	1	0.36157
2	33	13	0	0
3	304	52	14	2.1722
4	620	13	0	0
11	24	17	0	0
12	160	66	16	5.91856
13	15	13	0	0
14	27	31	2	0
Instant	73
1	646	27	1	0
2	32	13	0	0
3	313	50	14	2.25313
4	648	13	0	0
11	27	17	0	0
12	172	57	16	3.73476
13	16	13	0	0
14	28	31	2	0
Instant	74
1	634	26	1	0
2	27	13	0	0
3	328	48	11	1.84551
4	620	13	0	0
11	27	17	0	0
12	187	53	18	4.36581
13	16	13	0	0
14	27	31	2	0
Instant	75
1	565	27	1	0.308008
2	22	13	0	0
3	348	47	11	1.82482
4	641	13	0	0
11	25	18	0	0
12	192	61	18	5.11364
13	17	13	0	0
14	27	32	2	0
Instant	76
1	634	27	1	0
2	24	13	0	0
3	308	50	12	1.96197
4	641	13	0	0
11	27	17	0	0
12	161	60	18	4.6875
13	15	13	0	0
14	27	30	2	0
Instant	77
1	634	26	1	0
2	28	13	0	0
3	373	47	11	1.54155
4	640	13	0	0
11	27	18	1	0
12	202	53	16	3.80859
13	18	13	0	0
14	27	30	2	0
Instant	78
1	599	27	1	0
2	32	13	0	0
3	381	50	12	1.47558
4	635	13	0	0
11	26	19	1	0
12	180	60	17	5.61523
13	18	13	0	0
14	28	30	1	0
Instant	79
1	655	26	1	0
2	30	13	0	0
3	290	51	13	2.3125
4	648	13	0	0
11	28	17	0	0
12	195	58	16	3.84291
13	15	13	0	0
14	27	31	2	0
Instant	80
1	604	27	1	0.332068
2	33	13	0	0
3	318	48	12	2.21374
4	648	13	0	0
11	26	17	0	0
12	182	59	17	4.49811
13	16	13	0	0
14	28	29	2	0
Instant	81
1	614	27	1	0
2	29	13	0	0
3	310	53	14	1.85484
4	626	13	0	0
11	26	18	0	0
12	171	54	15	4.6875
13	15	13	0	0
14	26	31	2	0
Instant	82
1	613	27	1	0
2	31	13	0	0
3	363	48	11	1.35563
4	664	13	0	0
11	26	17	0	0
12	164	58	18	4.91071
13	17	13	0	0
14	29	29	2	0
Instant	83
1	663	26	1	0
2	41	13	0	0
3	342	49	11	2.01613
4	662	13	0	0
11	28	17	0	0
12	214	57	14	3.78788
13	17	13	0	0
14	29	29	1	0
Instant	84
1	609	28	1	0.0475285
2	27	13	0	0
3	312	53	14	2.08991
4	620	13	0	0
11	27	17	1	0
12	160	62	17	5.68182
13	16	13	0	0
14	27	31	2	0
Instant	85
1	663	25	0	0
2	32	13	0	0
3	390	44	9	1.30244
4	663	14	0	0
11	28	17	0	0
12	218	58	15	2.16346
13	18	13	0	0
14	28	28	1	0
Instant	86
1	581	26	1	0.293542
2	25	13	0	0
3	292	53	14	2.2709
4	627	13	0	0
11	26	17	0	0
12	180	62	18	5.14706
13	15	13	0	0
14	27	30	2	0
Instant	87
1	639	27	1	0
2	25	13	0	0
3	312	53	13	1.76542
4	641	13	0	0
11	27	17	0	0
12	161	56	15	5.60662
13	15	13	0	0
14	27	31	2	0
Instant	88
1	648	25	1	0
2	31	13	0	0
3	275	52	15	2.47462
4	641	13	0	0
11	28	17	0	0
12	179	52	17	5.23649
13	14	13	0	0
14	28	30	1	0
Instant	89
1	596	26	1	0.286807
2	31	13	0	0
3	391	47	12	1.3472
4	641	13	0	0
11	26	17	0	0
12	204	54	16	3.49265
13	18	13	0	0
14	27	30	1	0
Instant	90
1	610	28	1	0
2	21	13	0	0
3	316	49	12	1.97981
4	641	13	0	0
11	25	17	0	0
12	171	55	13	5.81055
13	16	13	0	0
14	27	30	2	0
Instant	91
1	641	27	1	0
2	17	13	0	0
3	321	47	13	1.83256
4	613	13	0	0
11	27	17	0	0
12	154	51	14	5.1098
13	16	13	0	0
14	26	31	3	0.287356
Instant	92
1	620	27	1	0
2	33	13	0	0
3	353	45	11	1.57837
4	634	13	0	0
11	27	17	0	0
12	195	55	15	4.26136
13	17	13	0	0
14	27	30	2	0
Instant	93
1	646	25	1	0
2	14	13	0	0
3	308	48	13	1.74839
4	641	13	0	0
11	28	18	0	0
12	192	57	17	4.54545
13	15	13	0	0
14	28	31	2	0
Instant	94
1	634	27	1	0
2	29	13	0	0
3	359	48	12	1.5462
4	634	13	0	0
11	27	17	0	0
12	192	56	14	3.42061
13	17	13	0	0
14	27	31	3	0
Instant	95
1	648	26	1	0
2	21	13	0	0
3	304	50	14	1.96541
4	620	13	0	0
11	27	17	0	0
12	182	57	14	4.73346
13	16	13	0	0
14	26	31	2	0.284091
Instant	96
1	585	27	1	0.588235
2	16	13	0	0
3	319	50	13	2.19801
4	662	13	0	0
11	26	17	0	0
12	149	54	17	5.79044
13	16	13	0	0
14	29	29	1	0
Instant	97
1	575	26	1	0.347913
2	31	13	0	0
3	299	51	13	2.36
4	634	13	0	0
11	25	17	0	0
12	161	58	16	4.57317
13	15	13	0	0
14	27	30	2	0
Instant	98
1	634	25	1	0
2	24	13	0	0
3	317	50	12	2.05108
4	613	13	0	0
11	27	17	0	0
12	213	56	16	3.40074
13	16	13	0	0
14	25	32	3	0.287356
Instant	99
1	627	27	1	0.280899
2	11	13	0	0
3	332	48	12	1.97761
4	655	13	0	0
11	27	17	0	0
12	223	60	15	3.30882
13	17	13	0	0
14	28	29	1	0
Instant	100
1	627	27	1	0
2	26	13	0	0
3	277	51	13	2.35043
4	634	13	0	0
11	27	18	1	0
12	155	55	18	5.78547
13	14	13	0	0
14	28	31	2	0
Instant	101
1	613	27	1	0
2	21	13	0	0
3	273	50	14	2.49573
4	627	13	0	0
11	26	18	0	0
12	204	61	16	3.99816
13	14	13	0	0
14	26	31	2	0
Instant	102
1	632	26	1	0
2	24	13	0	0
3	288	48	13	2.5
4	634	13	0	0
11	27	17	0	0
12	215	62	14	3.26287
13	15	13	0	0
14	28	31	2	0
Instant	103
1	634	27	1	0
2	25	13	0	0
3	280	53	14	2.2122
4	634	13	0	0
11	27	17	0	0
12	195	57	18	3.92736
13	14	13	0	0
14	27	30	2	0
Instant	104
1	634	26	1	0
2	14	13	0	0
3	295	50	14	2.46
4	627	13	0	0
11	28	17	0	0
12	204	62	14	4.87132
13	15	13	0	0
14	27	32	2	0
Instant	105
1	627	27	1	0
2	18	13	0	0
3	319	47	12	2.1309
4	655	13	0	0
11	27	17	0	0
12	175	58	15	4.45772
13	16	13	0	0
14	28	30	2	0
Instant	106
1	556	30	1	0.0513347
2	30	13	0	0
3	320	50	13	1.80843
4	648	13	0	0
11	24	17	0	0
12	170	56	19	4.47635
13	15	13	0	0
14	28	30	2	0
Instant	107
1	589	26	1	0.298805
2	24	13	0	0
3	333	51	12	1.46379
4	648	13	0	0
11	25	18	1	0
12	176	60	14	4.91728
13	16	13	0	0
14	28	29	1	0
Instant	108
1	590	27	1	0.589391
2	18	13	0	0
3	327	49	13	1.84488
4	641	13	0	0
11	26	17	0	0
12	187	64	17	5.37684
13	16	13	0	0
14	27	31	2	0
Instant	109
1	593	26	1	0.434363
2	30	13	0	0
3	354	49	12	1.61232
4	641	13	0	0
11	26	17	0	0
12	157	54	16	4.38988
13	17	13	0	0
14	27	29	1	0.274725
Instant	110
1	522	28	2	0.769231
2	17	13	0	0
3	322	50	14	2
4	641	13	0	0
11	23	18	1	0
12	173	63	20	5.61523
13	16	13	0	0
14	27	30	2	0
Instant	111
1	634	27	1	0
2	34	13	0	0
3	314	52	14	1.87793
4	641	13	0	0
11	27	17	0	0
12	189	59	15	4.82537
13	15	13	0	0
14	28	30	2	0
Instant	112
1	627	27	1	0
2	38	13	0	0
3	350	46	12	1.86514
4	620	13	0	0
11	27	17	0	0
12	208	55	16	3.71622
13	17	13	0	0
14	26	31	2	0
Instant	113
1	634	26	1	0
2	35	13	0	0
3	312	51	12	2.2082
4	620	13	0	0
11	27	18	0	0
12	195	58	15	3.67647
13	16	13	0	0
14	26	32	3	0
Instant	114
1	654	26	1	0
2	16	13	0	0
3	330	47	10	1.8922
4	648	13	0	0
11	28	17	0	0
12	194	55	15	3.67647
13	16	13	0	0
14	28	30	1	0
Instant	115
1	627	27	1	0.0468165
2	9	13	0	0
3	302	50	13	2.22441
4	634	13	0	0
11	27	17	0	0
12	196	60	17	4.34966
13	16	13	0	0
14	28	31	2	0
Instant	116
1	634	26	0	0
2	22	13	0	0
3	293	47	14	2.10356
4	655	13	0	0
11	27	18	1	0
12	185	60	17	5.19301
13	15	13	0	0
14	28	29	2	0
Instant	117
1	592	27	1	0.297619
2	23	13	0	0
3	290	51	12	2.37805
4	613	13	0	0
11	25	18	0	0
12	192	64	17	4.50368
13	15	13	0	0
14	26	32	3	0
Instant	118
1	446	27	2	1.17284
2	26	13	0	0
3	314	53	12	2.1545
4	620	13	0	0
11	20	17	0	0
12	141	67	15	6.08108
13	16	13	0	0
14	27	32	3	0
Instant	119
1	615	27	1	0.283019
2	25	13	0	0
3	279	51	13	2.85349
4	655	13	0	0
11	27	16	0	0
12	179	52	15	5.05515
13	14	13	0	0
14	27	30	2	0
