	T	D	J	LP
Instant	0
1	0	0	0	0
2	0	0	0	0
3	0	0	0	0
4	0	0	0	0
11	0	0	0	0
12	0	0	0	0
13	0	0	0	0
14	0	0	0	0
Instant	1
1	293	28	2	0
2	13	13	0	0
3	109	44	9	0.874126
4	550	13	0	0
11	12	16	0	0
12	112	60	17	1.3587
13	5	13	0	0
14	21	30	2	0
Instant	2
1	989	29	2	0.0881316
2	15	13	0	0
3	166	66	15	5.53768
4	5571	15	0	0
11	43	17	0	0
12	74	76	19	8.59375
13	13	13	0	0
14	233	29	1	0.791139
Instant	3
1	849	28	2	0.280505
2	38	13	0	0
3	194	50	13	2.94118
4	4640	16	0	0
11	36	19	0	0
12	57	61	16	2.7114
13	13	13	0	0
14	183	27	0	2.43161
Instant	4
1	788	30	2	0
2	33	13	0	0
3	171	64	16	7.78612
4	5781	15	0	0
11	35	17	0	0
12	92	69	19	12.8801
13	13	13	0	0
14	250	28	0	0.762815
Instant	5
1	880	26	2	0
2	17	13	0	0
3	239	51	13	2.19115
4	6125	15	0	0
11	38	18	0	0
12	97	64	23	7.95037
13	15	13	0	0
14	266	28	0	0.489443
Instant	6
1	868	27	2	0
2	20	13	0	0
3	202	62	16	6.7623
4	4390	15	0	0
11	37	18	0	0
12	97	69	20	7.3989
13	13	13	0	0
14	177	30	0	1.55413
Instant	7
1	822	27	2	0
2	28	13	0	0
3	231	53	18	3.60444
4	4155	15	0	0
11	36	18	0	0
12	105	67	19	5.74324
13	13	13	0	0
14	181	31	1	0.678733
Instant	8
1	824	29	2	0
2	22	13	0	0
3	274	54	15	2.79851
4	3096	14	0	0
11	37	17	0	0
12	100	56	19	16.5901
13	15	13	0	0
14	131	29	1	1.48176
Instant	9
1	900	28	2	0
2	14	13	0	0
3	256	57	13	3.05556
4	3286	14	0	0
11	39	18	0	0
12	101	67	25	8.68566
13	14	13	0	0
14	137	30	1	0.643777
Instant	10
1	995	27	2	0
2	27	13	0	0
3	204	57	16	4.0362
4	2367	14	0	0
11	43	17	0	0
12	119	66	22	7.60135
13	13	13	0	0
14	99	30	1	1.34062
Instant	11
1	1398	26	2	0
2	18	13	0	0
3	240	53	13	3.2754
4	2003	14	0	0
11	60	17	0	0
12	125	61	19	6.84743
13	13	13	0	0
14	90	29	1	0
Instant	12
1	1189	27	3	0
2	31	13	0	0
3	224	53	15	3.78229
4	1294	13	0	0
11	52	17	0	0
12	52	73	18	6.89338
13	13	13	0	0
14	58	32	2	0
Instant	13
1	966	29	3	0.369914
2	23	13	0	0
3	230	58	14	3.39022
4	1168	13	0	0
11	42	17	0	0
12	60	77	16	7.47768
13	13	13	0	0
14	50	31	1	0
Instant	14
1	910	27	2	0.343321
2	19	13	0	0
3	218	52	15	3.81356
4	1217	13	0	0
11	41	16	0	0
12	66	72	19	9.83456
13	13	13	0	0
14	53	30	1	0
Instant	15
1	789	27	2	0.295421
2	30	13	0	0
3	269	60	15	2.48691
4	1142	13	0	0
11	34	17	0	0
12	96	58	30	12.454
13	14	13	0	0
14	49	31	1	0.308008
Instant	16
1	640	27	2	0.88968
2	36	13	0	0
3	237	63	15	2.98814
4	900	14	0	0
11	28	17	0	0
12	105	60	17	10.3885
13	13	13	0	0
14	39	31	2	0.262467
Instant	17
1	762	27	1	0.190549
2	21	13	0	0
3	274	55	13	3.13005
4	921	13	1	0
11	33	17	0	0
12	146	54	17	5.74449
13	15	13	0	0
14	39	30	1	0
Instant	18
1	780	25	1	0
2	11	13	0	0
3	204	54	15	4.27694
4	827	13	0	0
11	33	17	0	0
12	188	60	15	4.77941
13	13	13	0	0
14	37	33	2	0
Instant	19
1	720	28	2	0
2	26	13	0	0
3	220	54	16	3.68369
4	847	14	0	0
11	31	17	1	0
12	116	60	18	6.25
13	12	13	0	0
14	35	31	1	0.554017
Instant	20
1	625	25	1	0.819672
2	31	13	0	0
3	280	54	13	2.22315
4	833	13	0	0
11	28	17	0	0
12	133	61	16	7.62868
13	15	13	0	0
14	35	31	1	0.282486
Instant	21
1	579	28	2	0.545635
2	32	13	0	0
3	227	56	16	3.43691
4	692	13	0	0
11	26	17	0	0
12	105	69	21	5.79044
13	13	13	0	0
14	29	31	2	0.762712
Instant	22
1	630	26	1	0.322284
2	33	13	0	0
3	256	59	15	2.7535
4	831	13	0	0
11	27	17	0	0
12	140	66	19	8.86824
13	14	13	0	0
14	36	32	2	0
Instant	23
1	629	29	1	0.269784
2	23	13	0	0
3	247	57	14	3.06026
4	729	13	0	0
11	28	17	0	0
12	200	62	19	4.41176
13	13	13	0	0
14	30	33	2	0.322581
Instant	24
1	580	29	2	0.616016
2	24	13	0	0
3	246	52	15	2.60036
4	715	13	0	0
11	25	18	0	0
12	104	64	19	6.6636
13	13	13	0	0
14	31	29	1	0.327869
Instant	25
1	549	28	2	0.916497
2	32	13	0	0
3	234	57	15	3.34906
4	752	13	0	0
11	25	17	0	0
12	142	69	16	5.91518
13	13	13	0	0
14	33	31	2	0
Instant	26
1	717	27	1	0.237342
2	20	13	0	0
3	261	50	14	2.76817
4	694	13	0	0
11	32	17	0	0
12	143	60	17	6.93934
13	14	13	0	0
14	29	32	3	0.253378
Instant	27
1	735	28	2	0.473186
2	25	13	0	0
3	219	59	16	3.23617
4	701	13	0	0
11	32	17	0	0
12	111	66	14	8.13419
13	12	13	0	0
14	29	31	2	0.250836
Instant	28
1	760	26	1	0.232198
2	10	13	0	0
3	247	55	15	3.10252
4	795	13	0	0
11	33	17	0	0
12	173	63	18	5.59896
13	13	13	0	0
14	34	31	2	0
Instant	29
1	765	26	1	0.231839
2	11	13	0	0
3	271	54	12	2.48288
4	866	13	0	0
11	32	16	0	0
12	163	52	16	5.56066
13	14	13	0	0
14	38	30	1	0
Instant	30
1	673	28	2	0
2	21	13	0	0
3	239	55	14	3.1133
4	927	13	0	0
11	30	17	0	0
12	146	66	17	6.02022
13	13	13	0	0
14	39	30	1	0.380711
Instant	31
1	699	26	2	0.252101
2	28	13	0	0
3	244	54	15	2.57755
4	878	13	0	0
11	30	17	1	0
12	157	60	18	5.70101
13	13	13	0	0
14	39	30	2	0
Instant	32
1	607	27	1	0.332068
2	22	13	0	0
3	251	56	14	3.38908
4	835	13	0	0
11	27	17	0	0
12	138	62	20	7.53676
13	14	13	0	0
14	36	30	1	0
Instant	33
1	647	25	0	0.26362
2	29	13	0	0
3	218	54	15	3.14961
4	760	13	0	0
11	29	17	0	0
12	158	63	15	5.37684
13	12	13	0	0
14	32	31	1	0
Instant	34
1	600	28	1	0.291262
2	19	13	0	0
3	223	53	15	3.33988
4	795	13	0	0
11	26	18	0	0
12	121	58	19	6.71453
13	12	13	0	0
14	35	31	2	0
Instant	35
1	541	27	2	1.03093
2	28	13	0	0
3	244	57	15	3.07377
4	760	13	0	0
11	25	17	0	0
12	122	55	15	5.97426
13	13	13	0	0
14	32	32	3	0.230769
Instant	36
1	639	26	1	0.822669
2	39	13	0	0
3	244	52	14	2.98913
4	971	14	0	0
11	28	17	0	0
12	166	66	18	8.04228
13	13	13	0	0
14	42	29	1	0
Instant	37
1	679	27	1	0
2	29	13	0	0
3	281	53	14	2.49162
4	988	13	0	0
11	30	17	0	0
12	154	64	17	4.12946
13	14	13	0	0
14	42	29	1	0
Instant	38
1	553	27	2	0.914634
2	18	13	0	0
3	236	59	14	2.96729
4	884	13	0	0
11	25	17	0	0
12	95	65	26	6.75551
13	13	13	0	0
14	39	32	2	0
Instant	39
1	601	27	2	0.522814
2	39	13	0	0
3	216	51	16	3.42028
4	711	13	0	0
11	26	17	0	0
12	98	64	21	5.56066
13	12	13	0	0
14	30	31	2	0.247525
Instant	40
1	611	26	2	0.0499002
2	15	13	0	0
3	207	56	17	3.34867
4	704	13	0	0
11	25	17	0	0.670498
12	101	70	17	14.1892
13	12	13	0	0
14	30	31	3	0
Instant	41
1	368	29	3	1.91176
2	21	13	0	0
3	236	52	14	3.24586
4	738	13	0	0
11	17	17	0	0.297619
12	61	68	20	6.15809
13	13	13	0	0
14	32	31	2	0
Instant	42
1	480	27	2	0.692841
2	21	13	0	0
3	248	53	14	2.76508
4	812	13	0	0
11	21	18	0	0
12	47	73	24	5.28493
13	13	13	0	0
14	34	31	2	0
Instant	43
1	501	26	1	0.884956
2	27	13	0	0
3	227	59	16	3.15534
4	778	13	0	0
11	23	17	0	0
12	65	67	22	12.6689
13	12	13	0	0
14	34	30	1	0
Instant	44
1	524	25	2	1.35135
2	29	13	0	0
3	268	62	13	2.43421
4	729	13	0	0
11	22	17	0	0
12	82	71	20	12.4081
13	14	13	0	0
14	31	30	2	0
Instant	45
1	571	28	2	0.344488
2	31	13	0	0
3	198	56	13	3.69681
4	845	13	0	0
11	25	17	0	0.308642
12	105	67	18	7.35294
13	11	13	0	0
14	37	30	2	0.208914
Instant	46
1	538	29	2	0.386313
2	28	13	0	0
3	273	55	13	2.85714
4	727	13	0	0
11	23	17	0	0
12	119	67	17	5.70101
13	15	13	0	0
14	30	31	2	0.241935
Instant	47
1	573	28	1	0.296443
2	25	13	0	0
3	258	53	15	2.62097
4	627	13	0	0
11	26	18	1	0
12	124	59	20	12.1783
13	14	13	0	0
14	26	30	3	0.468165
Instant	48
1	454	27	2	1.62907
2	17	13	0	0
3	217	55	14	3.65566
4	661	13	0	0
11	20	18	1	0
12	132	60	19	6.57169
13	13	13	0	0
14	29	32	2	0
Instant	49
1	464	30	2	0.722892
2	45	13	0	0
3	213	52	15	2.85433
4	674	13	0	0
11	21	17	0	0
12	90	61	19	5.80357
13	12	13	0	0
14	28	29	2	0.520833
Instant	50
1	542	28	1	0
2	19	13	0	0
3	238	53	17	3.40251
4	825	13	0	0
11	24	17	0	0
12	118	62	18	9.88052
13	13	13	0	0
14	35	30	2	0
Instant	51
1	549	28	2	0.860215
2	26	13	0	0
3	257	55	14	2.5
4	695	13	0	0
11	23	17	0	0
12	140	61	19	6.57169
13	13	13	0	0
14	30	32	1	0
Instant	52
1	569	26	1	0.588235
2	16	13	0	0
3	277	53	16	2.90894
4	693	13	0	0
11	26	17	0	0
12	143	57	18	7.03125
13	14	13	0	0
14	30	30	1	0
Instant	53
1	623	27	1	0
2	27	13	0	0
3	253	51	13	2.79751
4	666	13	0	0
11	26	17	0	0
12	161	61	18	5.14706
13	14	13	0	0
14	28	31	2	0.264085
Instant	54
1	518	30	2	0.820569
2	36	13	0	0
3	229	56	16	3.14313
4	726	13	0	0
11	23	17	0	0
12	144	68	17	6.89338
13	13	13	0	0
14	31	29	2	0.242718
Instant	55
1	561	26	1	0.519751
2	28	13	0	0
3	277	50	14	2.64901
4	761	13	0	0
11	24	17	0	0
12	173	62	17	4.81419
13	15	13	0	0
14	33	30	1	0
Instant	56
1	562	26	1	0.608519
2	20	13	0	0
3	240	57	14	3.22802
4	659	13	0	0
11	25	18	0	0
12	115	61	19	7.90441
13	13	13	0	0
14	28	32	2	0
Instant	57
1	586	25	1	0.343137
2	23	13	0	0
3	204	53	14	3.33665
4	691	13	0	0
11	26	17	0	0
12	117	64	20	8.50184
13	12	13	0	0
14	29	30	2	0
Instant	58
1	555	25	2	0.617284
2	32	13	0	0
3	284	54	12	2.46627
4	688	13	0	0
11	25	17	1	0
12	111	66	16	6.71453
13	15	13	0	0
14	29	30	1	0
Instant	59
1	593	26	1	0
2	26	13	0	0
3	266	57	14	2.59434
4	677	13	0	0
11	26	18	1	0
12	182	57	16	4.13603
13	14	13	0	0
14	30	31	2	0
Instant	60
1	600	27	1	0.568182
2	33	13	0	0
3	302	52	13	2.39234
4	712	13	0	0
11	27	16	0	0
12	186	64	16	5.92831
13	15	13	0	0
14	30	29	1	0
Instant	61
1	621	26	0	0.292969
2	25	13	0	0
3	241	58	15	3.08501
4	717	13	0	0
11	26	16	0	0
12	137	64	18	5.31994
13	13	13	0	0
14	31	29	1	0
Instant	62
1	486	26	2	0.678733
2	21	13	0	0
3	247	55	15	2.91591
4	598	13	0	0
11	23	18	1	0
12	88	71	14	5.69853
13	13	13	0	0
14	25	30	1	0.392157
Instant	63
1	588	26	1	0.291262
2	27	13	0	0
3	260	55	14	2.9854
4	627	13	0	0
11	26	18	1	0
12	155	62	18	10.9835
13	14	13	0	0
14	27	31	2	0
Instant	64
1	651	26	1	0
2	16	13	0	0
3	279	53	12	2.8798
4	627	13	0	0
11	28	17	0	0
12	165	57	17	5.40541
13	15	13	0	0
14	27	32	2	0
Instant	65
1	627	27	1	0
2	5	13	0	0
3	237	59	16	2.92357
4	655	13	0	0
11	27	17	0	0
12	181	59	20	4.64154
13	13	13	0	0
14	28	30	2	0
Instant	66
1	580	26	1	0.349301
2	18	13	0	0
3	255	58	13	2.71352
4	641	13	0	0
11	25	17	0	0
12	165	66	14	6.02022
13	14	13	0	0
14	27	30	2	0
Instant	67
1	631	26	1	0
2	13	13	0	0
3	259	58	15	2.66464
4	613	13	0	0
11	27	17	0	0
12	157	60	20	5.48986
13	14	13	0	0
14	26	32	2	0
Instant	68
1	565	28	2	0.301811
2	25	13	0	0
3	238	58	15	3.51201
4	627	13	0	0
11	25	18	0	0.307377
12	110	60	16	6.68945
13	13	13	0	0
14	27	31	2	0
Instant	69
1	602	28	1	0
2	17	13	0	0
3	250	53	14	2.73723
4	612	13	0	0
11	26	17	0	0
12	130	59	15	7.8125
13	13	13	0	0
14	26	31	2	0.287356
Instant	70
1	606	27	1	0.290698
2	32	13	0	0
3	248	51	14	3.18021
4	628	13	0	0
11	26	17	0	0
12	152	56	15	6.50338
13	14	13	0	0
14	27	31	2	0
Instant	71
1	560	26	1	0.621118
2	27	13	0	0
3	295	53	13	2.28758
4	648	13	0	0
11	24	17	0	0
12	132	57	16	6.98529
13	15	13	0	0
14	27	30	2	0
Instant	72
1	642	25	0	0
2	21	13	0	0
3	270	52	14	2.31802
4	627	13	0	0
11	28	17	1	0
12	174	59	19	5.06629
13	14	13	0	0
14	27	32	2	0
Instant	73
1	620	26	1	0
2	27	13	0	0
3	239	52	14	2.98713
4	641	13	0	0
11	26	17	0	0
12	149	57	17	4.26829
13	13	13	0	0
14	27	30	2	0
Instant	74
1	640	26	1	0.275229
2	28	13	0	0
3	236	54	15	3.27103
4	627	13	0	0
11	27	17	0	0
12	198	60	16	3.95221
13	13	13	0	0
14	27	32	2	0
Instant	75
1	627	27	1	0
2	37	13	0	0
3	275	53	16	2.71465
4	641	13	0	0
11	27	17	0	0
12	182	63	17	5.39773
13	14	13	0	0
14	27	31	2	0
Instant	76
1	634	26	1	0
2	20	13	0	0
3	226	58	14	3.17797
4	634	13	0	0
11	27	18	0	0
12	155	59	19	5.81597
13	13	13	0	0
14	27	30	2	0
Instant	77
1	562	28	1	0.310559
2	24	13	0	0
3	214	54	15	3.69718
4	605	13	0	0
11	25	17	0	0
12	121	62	17	6.83594
13	12	13	0	0
14	25	31	2	0.581395
Instant	78
1	564	26	2	0.659229
2	27	13	0	0
3	293	49	12	2.26378
4	642	13	0	0
11	25	17	0	0
12	126	59	16	7.17773
13	15	13	0	0
14	28	30	2	0
Instant	79
1	583	28	1	0.304878
2	29	13	0	0
3	194	59	17	4.29448
4	648	13	0	0
11	25	17	0	0
12	132	64	18	6.75676
13	12	13	0	0
14	28	29	2	0
Instant	80
1	628	26	1	0
2	27	13	0	0
3	175	54	16	4.32373
4	641	13	0	0
11	27	17	0	0
12	113	58	20	7.38636
13	11	13	0	0
14	27	30	2	0
Instant	81
1	612	26	1	0.285171
2	34	13	0	0
3	261	52	11	2.72032
4	655	13	0	0
11	26	17	0	0
12	123	62	21	7.24432
13	13	13	0	0
14	28	29	1	0
Instant	82
1	633	25	1	0.271739
2	33	13	0	0
3	250	55	15	2.31481
4	641	13	0	0
11	28	17	0	0
12	164	60	20	5.89286
13	14	13	0	0
14	27	30	2	0
Instant	83
1	578	27	2	0.304878
2	33	13	0	0
3	252	54	13	3.11347
4	634	14	0	0
11	25	17	0	0
12	147	57	14	5.91856
13	13	13	0	0
14	27	31	3	0
Instant	84
1	647	26	1	0
2	22	13	0	0
3	267	52	14	2.65411
4	627	13	0	0
11	28	16	0	0
12	131	58	17	6.62879
13	14	13	0	0
14	27	30	2	0
Instant	85
1	627	27	1	0
2	28	13	0	0
3	273	50	13	2.56791
4	634	13	0	0
11	26	18	0	0
12	150	56	18	5.16827
13	15	13	0	0
14	28	30	2	0
Instant	86
1	633	27	1	0
2	34	13	0	0
3	259	54	13	2.99202
4	620	13	0	0
11	27	17	0	0
12	181	56	17	4.96324
13	14	13	0	0
14	26	32	3	0
Instant	87
1	575	27	2	0.295858
2	13	13	0	0
3	235	53	14	2.9533
4	648	13	0	0
11	26	17	0	0
12	139	71	16	7.3989
13	13	13	0	0
14	27	30	2	0
Instant	88
1	611	27	1	0.28463
2	24	13	0	0
3	248	52	13	3.14195
4	627	13	0	0
11	26	16	0	0
12	173	64	17	5.32095
13	13	13	0	0
14	27	31	2	0
Instant	89
1	580	25	1	0.34585
2	19	13	0	0
3	256	53	15	2.88793
4	648	13	0	0
11	25	17	0	0
12	144	68	21	5.88235
13	14	13	0	0
14	28	30	2	0
Instant	90
1	578	26	2	0.353535
2	47	13	0	0
3	230	55	14	3.2364
4	611	13	0	0
11	25	17	0	0
12	144	61	16	6.49414
13	13	13	0	0
14	26	32	3	0
Instant	91
1	615	27	1	0.185874
2	29	13	0	0
3	236	57	14	3.10734
4	641	13	0	0
11	27	17	0	0
12	154	62	16	4.72973
13	13	13	0	0
14	27	31	2	0
Instant	92
1	632	27	1	0
2	18	13	0	0
3	232	52	15	3.34906
4	648	13	0	0
11	26	17	0	0.27881
12	187	59	19	5.30303
13	13	13	0	0
14	27	30	2	0
Instant	93
1	573	27	1	0.359343
2	30	13	0	0
3	268	53	13	2.61925
4	641	13	0	0
11	25	17	0	0
12	143	60	14	6.20265
13	14	13	0	0
14	27	30	1	0
Instant	94
1	660	26	1	0
2	17	13	0	0
3	240	54	15	3.16456
4	627	13	0	0
11	29	17	0	0
12	184	59	17	4.6875
13	14	13	0	0
14	28	30	2	0.280899
Instant	95
1	663	28	1	0
2	19	13	0	0
3	230	55	15	3.39419
4	641	13	0	0
11	28	18	0	0
12	120	63	20	7.07721
13	13	13	0	0
14	26	30	2	0.274725
Instant	96
1	697	26	1	0.464527
2	16	13	0	0
3	247	56	16	2.93438
4	648	13	0	0
11	30	17	0	0
12	166	56	17	5.42279
13	13	13	0	0
14	28	30	1	0
Instant	97
1	676	27	1	0
2	31	13	0	0
3	231	56	16	3.03988
4	634	13	0	0
11	30	18	0	0
12	140	58	15	5.60213
13	12	13	0	0
14	27	32	2	0
Instant	98
1	702	25	1	0
2	33	13	0	0
3	243	54	15	2.60609
4	641	13	0	0
11	30	17	0	0
12	169	56	17	4.87132
13	13	13	0	0
14	27	30	2	0
Instant	99
1	661	28	1	0
2	25	13	0	0
3	248	51	13	3.34353
4	648	13	0	0
11	28	17	0	0
12	149	64	18	7.16912
13	14	13	0	0
14	28	29	2	0
Instant	100
1	686	27	2	0
2	19	13	0	0
3	207	57	16	3.42078
4	648	13	0	0
11	29	17	0	0
12	150	55	20	4.98311
13	12	13	0	0
14	28	30	2	0
Instant	101
1	579	27	1	0.836614
2	20	13	0	0
3	227	53	16	3.39829
4	641	13	0	0
11	26	17	1	0
12	84	65	19	6.11213
13	13	13	0	0
14	28	30	2	0
Instant	102
1	593	27	1	0.594059
2	15	13	0	0
3	232	58	15	3.07692
4	655	13	0	0
11	25	17	0	0
12	142	62	17	10.6618
13	13	13	0	0
14	28	29	2	0
Instant	103
1	521	27	2	0.37797
2	15	13	0	0
3	210	54	13	3.67203
4	634	13	0	0
11	23	17	0	0
12	103	63	21	7.93919
13	12	13	0	0
14	27	31	2	0
Instant	104
1	620	27	1	0
2	19	13	0	0
3	245	55	12	2.57827
4	641	13	0	0
11	27	18	1	0
12	143	62	16	5.65257
13	13	13	0	0
14	27	30	2	0
Instant	105
1	614	25	1	0.283554
2	22	13	0	0
3	258	58	15	2.87591
4	641	13	0	0
11	27	16	0	0
12	193	61	17	6.25
13	13	13	0	0
14	27	30	2	0
Instant	106
1	670	25	1	0
2	26	13	0	0
3	217	57	13	2.68041
4	641	13	0	0
11	28	17	0	0
12	190	59	16	4.01182
13	12	13	0	0
14	27	31	2	0
Instant	107
1	627	26	1	0
2	21	13	0	0
3	238	56	14	2.75187
4	613	13	0	0
11	27	18	0	0
12	174	57	18	4.91728
13	13	13	0	0
14	26	32	2	0
Instant	108
1	564	27	2	0.304878
2	25	13	0	0
3	295	50	14	1.94536
4	641	13	0	0
11	25	17	1	0
12	141	62	16	6.34191
13	15	13	0	0
14	27	30	2	0
Instant	109
1	647	26	1	0
2	14	13	0	0
3	267	54	16	2.95652
4	641	13	0	0
11	27	17	0	0
12	175	59	17	4.31548
13	14	13	0	0
14	27	31	2	0
Instant	110
1	627	27	1	0
2	25	13	0	0
3	247	57	15	3.11388
4	648	13	0	0
11	27	17	0	0
12	175	63	18	5.37109
13	14	13	0	0
14	28	29	2	0
Instant	111
1	656	25	1	0
2	26	13	0	0
3	243	52	14	2.73014
4	648	13	0	0
11	28	17	0	0
12	190	57	14	4.18199
13	13	13	0	0
14	27	30	2	0
Instant	112
1	620	27	1	0
2	29	13	0	0
3	283	53	15	2.9375
4	613	13	0	0
11	27	17	0	0
12	157	55	15	5.86993
13	15	13	0	0
14	27	31	3	0
Instant	113
1	594	27	1	0.295858
2	16	13	0	0
3	218	51	14	3.2557
4	648	13	0	0
11	26	18	0	0
12	135	61	16	6.11213
13	13	13	0	0
14	27	31	2	0
Instant	114
1	607	28	1	0
2	32	13	0	0
3	299	52	13	2.15301
4	648	13	0	0
11	26	16	0	0
12	156	61	15	5.14706
13	15	13	0	0
14	27	29	1	0
Instant	115
1	517	27	2	1.05088
2	27	13	0	0
3	241	47	13	2.9059
4	613	13	0	0
11	23	17	0	0
12	123	66	16	7.30574
13	13	13	0	0
14	26	32	3	0
Instant	116
1	631	26	1	0.275229
2	44	13	0	0
3	242	54	14	2.70522
4	634	14	0	0
11	27	17	0	0
12	157	62	16	6.34191
13	13	13	0	0
14	27	30	2	0
Instant	117
1	655	26	1	0
2	29	13	0	0
3	197	56	17	4.0568
4	648	13	0	0
11	28	17	0	0
12	197	63	17	5.14706
13	12	13	0	0
14	28	30	2	0
Instant	118
1	610	27	1	0.0475285
2	35	13	0	0
3	297	55	13	2.26726
4	627	13	0	0
11	26	17	0	0
12	156	64	16	4.89865
13	15	13	0	0
14	27	31	2	0
Instant	119
1	601	27	1	0.244618
2	33	13	0	0
3	287	55	17	2.2084
4	627	13	0	0
11	26	17	0	0
12	144	62	15	6.75551
13	14	13	0	0
14	27	31	2	0
