	T	D	J	LP
Instant	0
1	0	0	0	0
2	0	0	0	0
3	0	0	0	0
4	0	0	0	0
11	0	0	0	0
12	0	0	0	0
13	0	0	0	0
14	0	0	0	0
Instant	1
1	380	28	1	0
2	6	13	0	0
3	96	44	8	1.31086
4	344	13	0	0
11	16	17	0	0
12	119	57	15	1.01902
13	4	13	0	0
14	13	34	3	0
Instant	2
1	1449	27	2	0
2	33	13	0	0
3	211	56	16	3.95833
4	2908	14	0	0
11	62	17	0	0
12	125	65	18	6.93934
13	14	13	0	0
14	123	31	1	0
Instant	3
1	1289	29	2	0.273973
2	38	13	0	0
3	164	56	14	5.24725
4	2899	15	0	0
11	56	17	0	0
12	98	74	18	7.67463
13	11	13	0	0
14	124	31	0	0.60778
Instant	4
1	1215	28	2	0.284091
2	20	13	0	0
3	192	56	14	3.88021
4	2399	14	0	0
11	54	17	0	0
12	104	65	20	8.99493
13	11	13	0	0
14	109	36	1	0
Instant	5
1	895	28	2	0.589005
2	27	13	0	0
3	229	56	16	3.47889
4	2162	13	0	0
11	39	17	0	0
12	125	60	18	5.69853
13	13	13	0	0
14	91	32	1	0.597826
Instant	6
1	824	26	1	0
2	38	13	0	0
3	223	51	15	3.13688
4	2002	13	0	0
11	36	18	0	0
12	135	63	19	10.1562
13	13	13	0	0
14	90	33	1	0
Instant	7
1	767	26	1	0.221893
2	19	13	0	0
3	221	54	14	3.25758
4	1757	13	0	0
11	34	17	0	0
12	166	64	17	5.53209
13	12	13	0	0
14	75	32	1	0
Instant	8
1	926	28	2	0.0322581
2	8	13	0	0
3	222	57	14	2.91829
4	1410	13	0	0
11	39	17	0	0
12	148	59	17	5.65257
13	12	13	0	0
14	64	35	2	0
Instant	9
1	960	26	1	0
2	15	13	0	0
3	223	58	14	3.59848
4	1290	13	0	0
11	42	17	0	0
12	148	62	19	6.61765
13	13	13	0	0
14	55	32	2	0.182149
Instant	10
1	875	26	2	0.332447
2	25	13	0	0
3	195	55	14	3.90625
4	1052	13	0	0
11	38	17	0	0
12	150	51	14	6.08108
13	12	13	0	0
14	45	31	1	0.615213
Instant	11
1	720	27	1	0
2	26	13	0	0
3	216	56	14	3.90777
4	825	13	0	0
11	31	18	0	0
12	147	60	18	5.97426
13	13	13	0	0
14	35	34	2	0
Instant	12
1	641	26	2	0.812274
2	22	13	0	0
3	228	58	14	3.20209
4	722	13	0	0
11	28	17	0	0.446429
12	160	67	19	5.42279
13	13	13	0	0
14	31	34	2	0.243506
Instant	13
1	679	29	3	0.247934
2	25	13	0	0
3	213	59	16	3.10591
4	830	13	0	0
11	31	18	0	0
12	101	61	19	6.65923
13	12	13	0	0
14	36	32	2	0
Instant	14
1	770	29	1	0.487988
2	18	13	0	0
3	199	53	15	3.75536
4	753	13	0	0
11	33	18	0	0
12	136	61	15	7.95037
13	11	13	0	0
14	32	34	2	0
Instant	15
1	679	28	2	0.85034
2	25	13	0	0
3	217	54	14	2.87863
4	756	13	0	0
11	30	18	0	0
12	175	63	17	4.82537
13	12	13	0	0
14	32	34	3	0
Instant	16
1	834	24	1	0.240715
2	14	13	0	0
3	217	54	14	3.075
4	725	13	0	0
11	37	17	0	0
12	158	65	17	6.16554
13	12	13	0	0
14	31	35	3	0
Instant	17
1	686	28	1	0.383305
2	30	13	0	0
3	239	56	14	3.0853
4	695	13	0	0
11	30	17	0	0
12	191	59	17	3.81434
13	13	13	0	0
14	30	33	3	0
Instant	18
1	637	27	2	0.680581
2	34	13	0	0
3	256	54	13	2.93345
4	714	13	0	0
11	28	17	0	0
12	136	62	20	5.65257
13	14	13	0	0
14	31	32	2	0
Instant	19
1	620	26	1	0.561798
2	23	13	0	0
3	207	58	13	3.61111
4	706	13	0	0
11	27	17	0	0
12	132	61	18	6.79899
13	12	13	0	0
14	31	33	3	0
Instant	20
1	680	27	1	0
2	35	13	0	0
3	218	55	12	3.28695
4	746	13	0	0
11	30	17	0	0
12	172	58	17	5.97426
13	12	13	0	0
14	32	34	3	0
Instant	21
1	702	25	1	0
2	36	13	0	0
3	229	51	13	3.47619
4	937	13	0	0
11	30	17	0	0
12	186	57	16	4.91728
13	13	13	0	0
14	40	32	2	0
Instant	22
1	555	28	1	0.905433
2	21	13	0	0
3	227	56	16	3.11909
4	1016	13	0	0
11	25	18	0	0
12	163	61	17	5.06757
13	13	13	0	0
14	43	35	3	0
Instant	23
1	624	25	0	0.822669
2	23	13	0	0
3	234	54	14	3.35076
4	1040	13	0	0
11	27	17	0	0
12	141	59	18	5.8364
13	13	13	0	0
14	45	34	3	0
Instant	24
1	707	26	1	0.242718
2	17	13	0	0
3	215	54	13	3.14961
4	1057	13	0	0
11	31	17	0	0
12	137	62	17	7.30699
13	12	13	0	0
14	46	33	2	0
Instant	25
1	818	24	0	0.256975
2	21	13	0	0
3	234	50	14	3.60801
4	1012	13	0	0
11	35	17	0	0
12	157	59	16	4.7619
13	13	13	0	0
14	44	33	2	0
Instant	26
1	758	26	2	0
2	17	13	0	0
3	244	52	15	2.79059
4	1116	13	0	0
11	34	18	0	0
12	164	54	21	5.51471
13	13	13	0	0
14	49	33	3	0
Instant	27
1	778	25	1	0.460829
2	7	13	0	0
3	216	51	14	3.15606
4	971	13	0	0
11	33	17	0	0
12	185	65	16	6.29596
13	12	13	0	0
14	42	35	3	0
Instant	28
1	793	27	1	0.222222
2	22	13	0	0
3	248	56	14	2.76718
4	831	13	0	0
11	34	18	0	0
12	163	62	23	5.03472
13	13	13	0	0
14	36	35	3	0
Instant	29
1	799	26	1	0
2	21	13	0	0
3	236	49	15	2.63283
4	774	13	0	0
11	35	17	0	0
12	201	55	18	4.6875
13	13	13	0	0
14	34	34	2	0
Instant	30
1	925	25	1	0
2	36	13	0	0
3	208	54	17	3.31109
4	941	13	0	0
11	41	17	0	0
12	187	59	15	3.95221
13	12	13	0	0
14	41	30	1	0
Instant	31
1	757	27	1	0.238095
2	33	13	0	0
3	234	52	15	2.82336
4	1018	13	0	0
11	32	18	0	0
12	169	55	15	5.02534
13	12	13	0	0
14	43	32	2	0.17321
Instant	32
1	660	26	1	0
2	13	13	0	0
3	225	54	13	3.28815
4	962	13	0	0
11	29	17	0	0
12	170	53	16	5.8364
13	12	13	0	0
14	42	32	3	0
Instant	33
1	665	28	1	0
2	33	13	0	0
3	192	57	14	3.32073
4	947	13	0	0
11	28	17	0	0
12	148	63	18	3.99816
13	11	13	0	0
14	42	33	3	0
Instant	34
1	573	26	1	0.641026
2	32	13	0	0
3	237	52	13	2.63783
4	903	14	0	0
11	26	16	0	0
12	142	60	20	7.64358
13	13	13	0	0
14	39	32	3	0
Instant	35
1	682	25	1	0.255537
2	34	13	0	0
3	227	55	12	3.13121
4	740	13	0	0
11	29	18	0	0
12	172	58	17	5.8364
13	12	13	0	0
14	32	33	2	0
Instant	36
1	579	28	1	0.639764
2	25	13	0	0
3	222	57	15	3.03715
4	761	13	0	0
11	26	18	0	0
12	125	61	17	6.70956
13	12	13	0	0
14	32	33	3	0
Instant	37
1	680	27	1	0.254669
2	20	13	0	0
3	231	54	14	3.11909
4	761	13	0	0
11	30	17	0	0
12	146	65	17	5.24554
13	13	13	0	0
14	34	33	2	0
Instant	38
1	729	27	1	0
2	25	13	0	0
3	231	51	13	2.67157
4	736	13	0	0
11	31	17	0	0
12	156	57	18	5.8364
13	12	13	0	0
14	32	33	3	0
Instant	39
1	703	26	1	0.249169
2	34	13	0	0
3	187	57	19	4.25824
4	795	13	0	0
11	31	17	0	0.413907
12	145	60	18	6.52574
13	11	13	0	0
14	35	33	3	0
Instant	40
1	633	25	1	0
2	21	13	0	0
3	217	60	14	2.77495
4	746	13	0	0
11	27	17	0	0
12	172	61	20	6.63007
13	12	13	0	0
14	31	34	3	0.394322
Instant	41
1	640	27	1	0
2	30	13	0	0
3	234	56	13	2.96693
4	652	13	0	0
11	27	18	0	0
12	173	57	19	4.18199
13	12	13	0	0
14	27	33	3	0.539568
Instant	42
1	621	26	1	0
2	17	13	0	0
3	237	57	13	2.67857
4	549	13	0	0
11	27	18	1	0
12	197	59	16	4.91728
13	13	13	0	0
14	23	35	4	0.42735
Instant	43
1	648	26	0	0
2	27	13	0	0
3	219	58	15	3.0943
4	592	13	0	0
11	27	17	0	0
12	150	62	14	4.56081
13	12	13	0	0
14	25	34	3	0
Instant	44
1	606	26	0	0.287356
2	24	13	0	0
3	229	57	16	3.53818
4	592	13	0	0
11	26	19	1	0
12	177	62	16	6.15809
13	13	13	0	0
14	25	34	3	0
Instant	45
1	592	25	1	0.049505
2	50	13	0	0
3	235	57	14	3.2557
4	620	13	0	0
11	25	18	0	0
12	176	60	16	5.65257
13	13	13	0	0
14	27	31	2	0
Instant	46
1	571	25	1	0.646123
2	23	13	0	0
3	231	52	13	3.14885
4	606	13	0	0
11	25	17	0	0
12	130	54	20	5.65878
13	13	13	0	0
14	26	32	2	0.290698
Instant	47
1	613	26	1	0.28626
2	24	13	0	0
3	232	55	12	2.92706
4	571	13	0	0
11	26	17	0	0
12	183	63	17	5.56066
13	12	13	0	0
14	23	33	4	0.617284
Instant	48
1	600	26	1	0
2	13	13	0	0
3	243	55	13	2.62405
4	613	13	0	0
11	27	17	0	0
12	190	59	14	4.36581
13	13	13	0	0
14	27	32	3	0
Instant	49
1	605	27	1	0.291262
2	32	13	0	0
3	239	52	12	2.7439
4	599	13	0	0
11	26	17	0	0
12	154	62	14	4.24107
13	13	13	0	0
14	26	33	3	0
Instant	50
1	642	27	1	0
2	25	13	0	0
3	212	57	15	3.17623
4	613	13	0	0
11	27	17	0	0
12	187	63	13	4.73346
13	12	13	0	0
14	26	33	3	0
Instant	51
1	572	26	1	0
2	20	13	0	0
3	207	55	14	3.47077
4	585	13	0	0
11	23	18	0	0.409836
12	173	64	16	5.88235
13	12	13	0	0
14	25	34	3	0
Instant	52
1	641	26	1	0
2	18	13	0	0
3	226	53	13	3.04183
4	564	13	0	0
11	28	16	0	0
12	176	56	17	5.29514
13	13	13	0	0
14	24	36	3	0
Instant	53
1	545	29	2	0.318471
2	10	13	0	0
3	211	59	16	3.71414
4	511	13	0	0
11	24	17	0	0
12	124	56	20	7.16912
13	12	13	0	0
14	21	35	5	0.684932
Instant	54
1	565	26	1	0.50505
2	21	13	0	0
3	238	54	16	2.52381
4	572	13	0	0
11	25	18	0	0
12	123	61	17	7.03125
13	13	13	0	0
14	24	35	3	0.308642
Instant	55
1	636	26	1	0.0929368
2	28	13	0	0
3	270	50	13	2.54833
4	572	13	0	0
11	27	17	0	0
12	173	62	19	5.06757
13	14	13	0	0
14	24	33	4	0
Instant	56
1	640	26	1	0.0452899
2	14	13	0	0
3	214	54	15	3.36725
4	598	13	0	0
11	28	17	0	0
12	163	59	15	5.74449
13	13	13	0	0
14	26	33	3	0
Instant	57
1	589	26	1	0.301811
2	34	13	0	0
3	224	53	14	3.40457
4	600	13	0	0
11	25	18	0	0
12	153	58	15	5.92831
13	12	13	0	0
14	26	33	3	0
Instant	58
1	618	27	1	0.0469925
2	33	13	0	0
3	217	54	12	3.15682
4	591	13	0	0
11	27	17	0	0
12	149	61	17	5.70101
13	12	13	0	0
14	25	33	4	0
Instant	59
1	634	26	1	0
2	31	13	0	0
3	204	54	12	2.9457
4	621	13	0	0
11	27	18	0	0
12	201	55	14	4.6875
13	12	13	0	0
14	26	31	2	0.284091
Instant	60
1	627	27	1	0
2	26	13	0	0
3	224	52	16	3.74514
4	578	13	0	0
11	27	17	0	0
12	189	58	17	4.64154
13	12	13	0	0
14	25	35	4	0
Instant	61
1	613	27	1	0
2	17	13	0	0
3	233	52	16	2.81553
4	585	13	0	0
11	26	18	0	0
12	186	65	16	3.83185
13	12	13	0	0
14	25	34	3	0
Instant	62
1	643	26	1	0
2	22	13	0	0
3	221	51	16	3.10115
4	613	13	0	0
11	27	18	1	0
12	166	58	14	5.8364
13	13	13	0	0
14	27	32	3	0
Instant	63
1	622	27	1	0.047619
2	15	13	0	0
3	253	53	13	2.86364
4	606	13	0	0
11	27	17	0	0
12	185	58	13	5.05515
13	13	13	0	0
14	25	33	3	0
Instant	64
1	580	28	1	0.192678
2	22	13	0	0
3	234	59	16	2.85088
4	585	13	0	0
11	26	18	0	0
12	127	58	18	7.8125
13	13	13	0	0
14	26	33	3	0
Instant	65
1	546	26	1	0.786164
2	15	13	0	0
3	212	52	14	3.19416
4	606	13	0	0
11	24	17	0	0
12	128	60	16	6.38787
13	12	13	0	0
14	25	33	3	0
Instant	66
1	614	27	1	0.14313
2	16	13	0	0
3	214	59	15	3.45092
4	606	13	0	0
11	27	17	0	0
12	156	60	20	6.06618
13	12	13	0	0
14	26	32	3	0
Instant	67
1	641	26	1	0.181159
2	33	13	0	0
3	227	54	16	2.93542
4	592	13	0	0
11	28	17	0	0
12	173	59	18	4.98311
13	12	13	0	0
14	25	33	3	0
Instant	68
1	599	26	1	0.290698
2	24	13	0	0
3	247	47	17	2.69161
4	578	13	0	0
11	26	17	0	0
12	159	60	17	6.39648
13	13	13	0	0
14	25	35	3	0
Instant	69
1	648	26	1	0
2	18	13	0	0
3	223	56	14	3.24257
4	620	13	0	0
11	27	17	0	0
12	178	65	20	4.87132
13	12	13	0	0
14	27	32	3	0
Instant	70
1	649	25	1	0
2	13	13	0	0
3	227	54	15	3.00881
4	599	13	0	0
11	28	17	0	0
12	186	61	19	4.77196
13	12	13	0	0
14	26	33	3	0
Instant	71
1	662	24	0	0
2	19	13	0	0
3	236	54	15	2.62524
4	599	13	0	0
11	28	18	1	0
12	176	55	17	5.33088
13	12	13	0	0
14	25	33	3	0
Instant	72
1	634	25	1	0.271739
2	9	13	0	0
3	223	53	15	3.08219
4	606	13	0	0
11	28	17	0	0
12	146	65	17	5.87121
13	12	13	0	0
14	26	33	3	0
Instant	73
1	558	26	1	0.308008
2	28	13	0	0
3	222	54	15	3.28156
4	585	13	0	0
11	24	18	1	0
12	162	50	16	4.45884
13	12	13	0	0
14	25	35	4	0
Instant	74
1	581	26	1	0.295858
2	32	13	0	0
3	223	56	13	3.36725
4	571	13	0	0
11	25	17	0	0
12	183	58	16	5.28493
13	13	13	0	0
14	25	35	4	0
Instant	75
1	581	26	1	0.30303
2	43	13	0	0
3	209	50	15	3.24544
4	578	13	0	0
11	25	19	1	0
12	201	67	16	4.54545
13	12	13	0	0
14	25	35	4	0
Instant	76
1	574	26	1	0.303644
2	20	13	0	0
3	236	52	18	2.96243
4	578	13	0	0
11	25	18	0	0
12	148	64	19	5.90278
13	13	13	0	0
14	24	36	4	0
Instant	77
1	615	25	1	0.23855
2	36	13	0	0
3	232	54	12	2.92146
4	606	13	0	0
11	26	18	1	0
12	170	58	18	4.88281
13	13	13	0	0
14	26	32	3	0
Instant	78
1	662	24	0	0
2	35	13	0	0
3	222	53	14	3.16764
4	599	13	0	0
11	29	17	0	0
12	185	57	15	4.49219
13	12	13	0	0
14	26	33	3	0
Instant	79
1	641	26	0	0
2	20	13	0	0
3	226	56	13	2.96815
4	585	13	0	0
11	27	17	0	0
12	173	60	13	5.36318
13	12	13	0	0
14	25	34	3	0
Instant	80
1	618	26	1	0
2	32	13	0	0
3	235	54	14	3.29926
4	592	14	0	0
11	27	18	1	0
12	186	57	19	3.74053
13	13	13	0	0
14	25	33	3	0
Instant	81
1	579	25	1	0.301811
2	34	13	0	0
3	209	57	15	3.3264
4	599	13	0	0
11	25	18	1	0
12	161	62	16	6.29735
13	11	13	0	0
14	26	33	3	0
Instant	82
1	653	26	1	0
2	33	13	0	0
3	223	52	12	2.9
4	585	13	0	0
11	28	17	0	0
12	157	56	17	5.22321
13	12	13	0	0
14	24	34	3	0
Instant	83
1	655	25	0	0
2	19	13	0	0
3	250	55	14	2.84722
4	613	13	0	0
11	28	17	0	0
12	197	55	15	3.74053
13	13	13	0	0
14	27	33	3	0
Instant	84
1	634	27	1	0
2	22	13	0	0
3	250	53	15	2.49077
4	592	13	0	0
11	27	17	0	0
12	185	57	19	5.11364
13	13	13	0	0
14	25	33	2	0
Instant	85
1	537	26	1	0.694444
2	43	13	0	0
3	250	51	14	2.62318
4	613	14	0	0
11	24	18	0	0
12	145	57	17	4.84776
13	13	13	0	0
14	26	32	3	0
Instant	86
1	551	26	1	0.712831
2	23	13	0	0
3	251	54	14	2.96346
4	578	13	0	0
11	25	19	1	0
12	139	67	17	6.52574
13	14	13	0	0
14	25	33	3	0.304878
Instant	87
1	594	27	1	0.442043
2	26	13	0	0
3	227	53	12	3.43045
4	613	13	0	0
11	26	18	1	0
12	167	64	16	5.65257
13	13	13	0	0
14	26	33	3	0
Instant	88
1	570	25	1	0.554435
2	28	13	0	0
3	210	52	14	3.8872
4	606	13	0	0
11	25	17	0	0
12	144	69	15	7.01014
13	12	13	0	0
14	26	32	3	0
Instant	89
1	549	26	2	0.313808
2	26	13	0	0
3	239	53	15	2.29008
4	606	13	0	0
11	24	18	1	0
12	124	59	18	7.44485
13	13	13	0	0
14	26	33	3	0
Instant	90
1	641	25	1	0.18315
2	42	13	0	0
3	211	54	15	3.30729
4	585	13	0	0
11	27	17	0	0
12	176	59	15	4.78516
13	11	13	0	0
14	26	34	3	0
Instant	91
1	626	26	1	0.28463
2	13	13	0	0
3	233	51	15	2.98757
4	585	13	0	0
11	27	17	0	0
12	154	58	17	4.43412
13	13	13	0	0
14	25	34	3	0
Instant	92
1	640	25	1	0
2	16	13	0	0
3	240	50	14	2.79575
4	606	13	0	0
11	29	18	0	0
12	196	60	18	5.77652
13	13	13	0	0
14	25	34	3	0
Instant	93
1	647	27	1	0
2	33	13	0	0
3	234	54	13	3.19098
4	592	13	0	0
11	26	17	0	0
12	186	57	17	4.30871
13	12	13	0	0
14	25	33	3	0
Instant	94
1	592	27	1	0.287356
2	24	13	0	0
3	246	54	12	2.67857
4	606	13	0	0
11	26	18	0	0
12	166	52	15	4.72973
13	13	13	0	0
14	26	32	3	0
Instant	95
1	576	26	1	0.30426
2	19	13	0	0
3	235	50	14	2.8343
4	606	13	0	0
11	25	18	0	0
12	167	56	16	5.05515
13	12	13	0	0
14	26	32	3	0
Instant	96
1	614	26	1	0.0473485
2	16	13	0	0
3	198	57	16	3.48778
4	598	13	0	0
11	26	17	0	0
12	182	63	17	4.77941
13	12	13	0	0
14	24	33	3	0.294118
Instant	97
1	634	27	1	0
2	34	13	0	0
3	229	52	13	3.24707
4	586	13	0	0
11	27	17	0	0
12	166	57	15	4.15396
13	12	13	0	0
14	25	34	4	0
Instant	98
1	627	26	1	0
2	14	13	0	0
3	216	56	15	3.14386
4	599	13	0	0
11	27	18	1	0
12	173	56	17	5.69853
13	12	13	0	0
14	26	33	4	0
Instant	99
1	653	25	1	0
2	24	13	0	0
3	266	49	14	2.29682
4	627	13	0	0
11	28	17	0	0
12	225	61	15	3.03309
13	14	13	0	0
14	27	31	3	0
Instant	100
1	596	28	2	0.295276
2	25	13	0	0
3	243	54	13	2.89197
4	606	13	0	0
11	26	18	1	0
12	160	64	15	5.8277
13	13	13	0	0
14	25	33	3	0
Instant	101
1	627	25	0	0
2	21	13	0	0
3	211	57	18	3.29218
4	585	13	0	0
11	28	18	1	0
12	209	61	16	3.95221
13	12	13	0	0
14	25	34	3	0
Instant	102
1	653	26	1	0
2	22	13	0	0
3	222	52	15	2.86408
4	592	13	0	0
11	28	17	0	0
12	164	57	19	4.6875
13	12	13	0	0
14	26	33	4	0
Instant	103
1	662	25	0	0
2	19	13	0	0
3	259	49	13	2.88113
4	585	13	0	0
11	28	17	0	0
12	211	58	16	4.56081
13	13	13	0	0
14	25	34	2	0
Instant	104
1	655	25	0	0
2	12	13	0	0
3	234	53	14	2.62405
4	606	13	0	0
11	28	17	0	0
12	199	57	15	3.49265
13	13	13	0	0
14	26	33	3	0
Instant	105
1	645	27	1	0
2	21	13	0	0
3	227	54	16	3.51179
4	619	13	0	0
11	27	17	0	0
12	148	55	16	5.56066
13	12	13	0	0
14	26	32	3	0
Instant	106
1	665	25	0	0.0438596
2	31	13	0	0
3	227	54	14	2.67682
4	571	13	0	0
11	29	16	0	0
12	178	54	16	5.15203
13	13	13	0	0
14	25	34	3	0.308642
Instant	107
1	567	26	1	0.299401
2	27	13	0	0
3	210	55	15	3.1754
4	593	13	0	0
11	25	18	0	0
12	137	57	18	6.75551
13	12	13	0	0
14	25	33	3	0
Instant	108
1	634	26	1	0.280899
2	36	13	0	0
3	254	51	13	2.93578
4	585	13	0	0
11	27	17	0	0
12	187	59	18	4.87132
13	13	13	0	0
14	25	35	3	0
Instant	109
1	648	25	1	0
2	17	13	0	0
3	234	51	14	2.89179
4	585	13	0	0
11	28	17	0	0
12	174	62	16	3.64583
13	13	13	0	0
14	25	34	4	0
Instant	110
1	670	25	0	0
2	20	13	0	0
3	206	59	16	3.54938
4	606	13	0	0
11	28	17	0	0
12	211	57	16	4.10156
13	12	13	0	0
14	26	33	3	0
Instant	111
1	648	25	1	0
2	37	13	0	0
3	206	52	16	3.5609
4	592	13	0	0
11	28	17	0	0
12	185	60	14	4.2739
13	12	13	0	0
14	26	34	4	0
Instant	112
1	606	26	1	0.290135
2	36	13	0	0
3	238	54	16	3.24859
4	585	13	0	0
11	26	17	0	0
12	132	59	18	7.01014
13	13	13	0	0
14	25	34	4	0
Instant	113
1	538	29	2	0.623701
2	21	13	0	0
3	213	53	15	3.15061
4	585	13	0	0
11	24	18	1	0
12	125	65	16	6.15809
13	12	13	0	0
14	25	35	3	0
Instant	114
1	649	27	1	0
2	27	13	0	0
3	231	51	16	3.34951
4	564	13	0	0
11	27	16	0	0
12	165	61	16	5.37684
13	12	13	0	0
14	24	35	4	0
Instant	115
1	627	26	1	0
2	11	13	0	0
3	226	55	14	2.85645
4	599	13	0	0
11	27	17	0	0
12	180	56	16	5.06757
13	12	13	0	0
14	26	34	4	0
Instant	116
1	592	25	1	0.595238
2	24	13	0	0
3	247	53	13	2.20446
4	627	13	0	0
11	25	18	1	0
12	153	61	17	6.25
13	12	13	0	0
14	27	31	2	0
Instant	117
1	620	26	1	0.277778
2	16	13	0	0
3	208	59	14	3.35859
4	578	13	0	0
11	27	17	0	0
12	156	57	13	4.96324
13	12	13	0	0
14	25	35	4	0
Instant	118
1	655	26	1	0
2	23	13	0	0
3	223	55	13	3.08116
4	592	13	0	0
11	27	17	0	0
12	185	59	14	5.23649
13	12	13	0	0
14	25	33	3	0
Instant	119
1	584	26	1	0.622605
2	34	13	0	0
3	229	58	12	2.91262
4	592	13	0	0
11	26	17	0	0
12	130	61	18	6.38787
13	12	13	0	0
14	26	34	3	0
