	T	D	J	LP
Instant	0
1	0	0	0	0
2	0	0	0	0
3	0	0	0	0
4	0	0	0	0
11	0	0	0	0
12	0	0	0	0
13	0	0	0	0
14	0	0	0	0
Instant	1
1	438	28	2	0
2	21	13	0	0
3	103	49	8	0.95057
4	347	14	0	0
11	16	17	0	0
12	109	59	14	1.63043
13	5	13	0	0
14	12	37	3	0
Instant	2
1	1475	37	2	2.73329
2	29	13	0	0
3	239	59	14	3.73103
4	3299	14	0	0
11	75	18	0	0
12	155	62	17	5.88235
13	15	13	0	0
14	142	33	1	0
Instant	3
1	1581	34	2	1.11111
2	14	13	0	0
3	283	58	15	1.97148
4	3416	14	0	0
11	72	17	0	0
12	181	62	19	6.02022
13	15	13	0	0
14	151	29	1	0
Instant	4
1	1270	31	3	1.13839
2	31	13	0	0
3	199	54	15	5.2619
4	2553	14	0	0
11	58	19	0	0
12	170	61	16	6.37669
13	13	13	0	0
14	113	33	1	0
Instant	5
1	1161	29	3	0.409836
2	20	13	0	0
3	236	56	14	3.29545
4	2170	14	0	0
11	51	17	0	0
12	175	59	19	4.6875
13	13	13	0	0
14	97	33	1	0
Instant	6
1	972	27	3	0.030525
2	32	13	0	0
3	234	48	14	3.407
4	1283	13	0	0
11	41	17	0	0
12	188	60	12	5.1011
13	13	13	0	0
14	58	35	2	0
Instant	7
1	1023	27	2	0.0285714
2	12	13	0	0
3	293	53	13	2.64914
4	1022	13	0	0
11	45	17	0	0
12	166	59	20	4.2652
13	16	13	0	0
14	44	34	2	0.287356
Instant	8
1	937	27	2	0.0914634
2	31	13	0	0
3	290	55	13	2.05954
4	956	13	0	0
11	42	17	0	0
12	185	59	14	5.14706
13	15	13	0	0
14	41	34	3	0
Instant	9
1	956	26	1	0.250941
2	21	13	0	0
3	253	56	14	3.09187
4	949	13	0	0
11	41	17	0	0
12	198	62	15	4.36581
13	14	13	0	0
14	40	33	3	0.309406
Instant	10
1	923	27	1	0
2	18	13	0	0
3	276	54	12	2.8799
4	1036	13	0	0
11	40	17	0	0
12	178	64	14	3.75845
13	15	13	0	0
14	45	35	2	0
Instant	11
1	829	26	1	0
2	28	13	0	0
3	285	52	12	2.75765
4	887	13	0	0
11	37	18	0	0
12	186	56	17	4.18199
13	15	13	0	0
14	38	34	3	0.331565
Instant	12
1	782	26	1	0.263158
2	22	13	0	0
3	284	50	13	2.78675
4	956	13	0	0
11	34	17	0	0
12	208	60	13	3.99816
13	15	13	0	0
14	41	33	3	0.2457
Instant	13
1	682	28	3	0.511945
2	23	13	0	0
3	231	57	14	3.56822
4	1081	13	0	0
11	29	17	0	0.503356
12	173	59	14	3.75744
13	14	13	0	0
14	47	34	2	0.163043
Instant	14
1	728	28	2	0.234742
2	25	13	0	0
3	243	57	13	3.21624
4	1103	13	0	0
11	32	17	0	0
12	205	64	15	4.6875
13	13	13	0	0
14	48	31	3	0.0531915
Instant	15
1	608	28	3	1.40977
2	27	13	0	0
3	284	49	15	2.58481
4	1107	13	0	0
11	27	17	0	0
12	185	60	14	4.91728
13	15	13	0	0
14	47	32	2	0
Instant	16
1	671	27	1	1.05932
2	25	13	0	0
3	272	56	13	2.86145
4	914	13	0	0
11	30	18	0	0
12	191	56	15	3.84291
13	14	13	0	0
14	40	33	2	0
Instant	17
1	808	28	2	0.459689
2	31	13	0	0
3	239	54	11	3.43858
4	807	13	0	0
11	35	17	0	0
12	188	57	16	4.36581
13	14	13	0	0
14	35	34	2	0
Instant	18
1	976	28	1	0
2	30	13	0	0
3	274	55	13	2.55444
4	817	13	0	0
11	42	17	0	0
12	193	57	16	3.90625
13	15	13	0	0
14	36	35	3	0
Instant	19
1	707	27	2	0.403877
2	15	13	0	0
3	264	55	13	2.98635
4	712	13	0	0
11	32	18	0	0
12	160	64	14	4.98311
13	14	13	0	0
14	30	33	2	0.660066
Instant	20
1	784	28	1	0.226929
2	27	13	0	0
3	219	56	14	3.4466
4	622	13	0	0
11	33	17	0	0
12	191	54	14	4.96324
13	12	13	0	0
14	27	35	4	0
Instant	21
1	710	28	2	0.243506
2	22	13	0	0
3	242	51	12	2.81426
4	667	13	0	0
11	32	18	0	0
12	190	60	13	4.87132
13	13	13	0	0
14	28	33	3	0
Instant	22
1	605	26	1	0.560748
2	20	13	0	0
3	227	58	14	3.27553
4	655	13	0	0
11	27	18	0	0
12	176	51	15	4.34966
13	13	13	0	0
14	28	34	3	0
Instant	23
1	484	30	3	1.17925
2	18	13	0	0
3	263	56	12	2.74336
4	665	13	0	0
11	21	20	1	0.46729
12	128	62	13	6.80147
13	14	13	0	0
14	28	34	3	0.265018
Instant	24
1	544	26	1	0.691489
2	27	13	0	0
3	211	52	13	3.4585
4	656	13	0	0
11	23	17	0	0
12	180	57	16	5.1011
13	12	13	0	0
14	29	32	2	0
Instant	25
1	601	28	2	0.0480769
2	38	13	0	0
3	276	54	14	2.40385
4	648	13	0	0
11	26	17	0	0
12	164	54	16	4.24107
13	15	13	0	0
14	28	33	3	0
Instant	26
1	550	28	1	0.373932
2	25	13	0	0
3	201	55	15	3.73737
4	641	13	0	0
11	24	18	1	0
12	186	58	15	4.82537
13	12	13	0	0
14	27	34	4	0
Instant	27
1	580	30	2	0.149105
2	23	13	0	0
3	206	52	14	3.99408
4	629	13	0	0
11	25	18	0	0
12	203	61	13	4.31985
13	12	13	0	0
14	27	34	3	0.279851
Instant	28
1	597	27	1	0.291829
2	20	13	0	0
3	237	55	13	3.38208
4	656	13	0	0
11	26	18	1	0
12	165	57	15	5.51215
13	13	13	0	0
14	28	32	2	0
Instant	29
1	620	27	1	0
2	31	13	0	0
3	293	46	11	2.68139
4	632	13	0	0
11	27	18	0	0
12	204	60	14	3.40074
13	15	13	0	0
14	27	35	3	0
Instant	30
1	579	27	2	0.30426
2	17	13	0	0
3	276	58	15	2.23752
4	564	13	0	0
11	25	17	0	0
12	182	62	13	5.33088
13	14	13	0	0
14	24	35	3	0.41841
Instant	31
1	590	27	1	0.288462
2	30	13	0	0
3	267	57	15	2.53527
4	585	13	0	0
11	26	17	0	0
12	194	56	16	4.77196
13	14	13	0	0
14	25	33	3	0
Instant	32
1	610	27	1	0
2	23	13	0	0
3	294	53	13	2.47623
4	576	13	0	0
11	26	18	1	0
12	207	60	14	3.44669
13	16	13	0	0
14	24	34	3	0.304878
Instant	33
1	641	27	1	0
2	19	13	0	0
3	283	52	11	2.91868
4	694	13	0	0
11	27	17	0	0
12	229	62	16	3.125
13	15	13	0	0
14	30	33	3	0
Instant	34
1	506	27	2	0.660793
2	29	13	0	0
3	237	55	14	3.77807
4	607	13	0	0
11	23	19	1	0
12	139	59	18	5.1098
13	14	13	0	0
14	26	35	3	0.289575
Instant	35
1	606	27	1	0.290135
2	22	13	0	0
3	260	51	14	2.74123
4	782	13	0	0
11	26	18	1	0
12	206	58	14	3.67647
13	14	13	0	0
14	33	33	2	0
Instant	36
1	588	27	1	0
2	28	13	0	0
3	250	55	13	3.39559
4	739	13	0	0
11	25	17	0	0.396825
12	206	61	13	4.09007
13	14	13	0	0
14	32	32	2	0
Instant	37
1	565	26	1	0.619835
2	30	13	0	0
3	276	55	12	2.39496
4	681	13	0	0
11	24	18	0	0
12	192	56	16	3.64583
13	15	13	0	0
14	29	35	3	0
Instant	38
1	546	27	2	0.313152
2	29	13	0	0
3	240	52	14	3.37338
4	588	13	0	0
11	24	17	0	0
12	187	54	17	4.18199
13	13	13	0	0
14	25	33	3	0.398406
Instant	39
1	583	26	1	0.351406
2	30	13	0	0
3	237	51	13	3.01233
4	587	13	0	0
11	25	18	1	0
12	194	55	13	4.54963
13	13	13	0	0
14	24	35	4	0
Instant	40
1	579	29	1	0.293542
2	28	13	0	0
3	265	53	13	2.80656
4	578	13	0	0
11	26	17	0	0
12	190	59	16	4.64527
13	14	13	0	0
14	25	34	4	0
Instant	41
1	592	28	1	0
2	21	13	0	0
3	204	57	16	3.92012
4	606	13	0	0
11	25	19	1	0
12	201	55	16	3.95221
13	12	13	0	0
14	26	33	4	0
Instant	42
1	599	28	1	0.290698
2	28	13	0	0
3	254	54	14	2.75311
4	592	13	0	0
11	26	17	0	0
12	207	62	12	3.125
13	14	13	0	0
14	25	34	3	0
Instant	43
1	582	26	1	0.302419
2	27	13	0	0
3	279	47	12	2.72277
4	620	13	0	0
11	25	17	0	0
12	190	54	14	4.05405
13	15	13	0	0
14	27	32	3	0
Instant	44
1	607	28	1	0
2	29	13	0	0
3	253	55	11	2.7852
4	571	13	0	0
11	27	18	0	0
12	202	54	13	4.09007
13	14	13	0	0
14	25	35	4	0
Instant	45
1	612	29	1	0
2	28	13	0	0
3	310	51	13	2.00397
4	599	13	0	0
11	25	17	0	0
12	190	58	16	4.87132
13	15	13	0	0
14	26	33	3	0
Instant	46
1	586	27	1	0.287356
2	34	13	0	0
3	249	55	13	2.97939
4	585	13	0	0
11	26	18	1	0
12	184	60	15	4.43412
13	14	13	0	0
14	25	34	3	0
Instant	47
1	604	29	1	0.0491159
2	41	13	0	0
3	262	53	14	2.79255
4	613	13	0	0
11	25	17	0	0
12	203	56	16	3.81434
13	14	13	0	0
14	26	33	3	0
Instant	48
1	549	27	1	0.627615
2	35	13	0	0
3	244	56	12	2.67367
4	578	13	0	0
11	24	18	0	0
12	178	57	17	4.91728
13	13	13	0	0
14	24	35	3	0
Instant	49
1	573	27	1	0.252525
2	28	13	0	0
3	246	52	14	2.84091
4	613	13	0	0
11	25	17	0	0
12	159	56	18	4.20387
13	13	13	0	0
14	26	32	3	0
Instant	50
1	606	27	1	0
2	26	13	0	0
3	253	50	14	3.06216
4	564	13	0	0
11	27	18	0	0
12	203	61	13	4.36581
13	13	13	0	0
14	24	37	4	0
Instant	51
1	634	26	1	0
2	25	13	0	0
3	240	56	15	3.19056
4	578	13	0	0
11	26	18	0	0
12	189	62	13	4.18199
13	14	13	0	0
14	25	34	3	0
Instant	52
1	592	27	1	0.438596
2	25	13	0	0
3	221	57	14	3.85714
4	591	13	0	0
11	26	18	0	0
12	172	60	15	5.72917
13	13	13	0	0
14	26	34	3	0
Instant	53
1	607	28	2	0.283554
2	19	13	0	0
3	301	50	13	2.31918
4	606	13	0	0
11	26	17	0	0
12	181	55	14	4.13603
13	15	13	0	0
14	26	33	3	0
Instant	54
1	556	27	1	0.368421
2	28	13	0	0
3	231	55	13	3.25185
4	592	13	0	0
11	24	17	0	0
12	163	60	15	5.74449
13	13	13	0	0
14	25	33	3	0
Instant	55
1	585	27	1	0.049505
2	39	13	0	0
3	259	52	14	2.7606
4	606	13	0	0
11	25	17	0	0
12	194	58	14	3.96959
13	14	13	0	0
14	26	33	3	0
Instant	56
1	632	26	1	0.0473485
2	30	13	0	0
3	271	51	12	2.57353
4	586	13	0	0
11	26	17	0	0.277778
12	196	53	14	4.18199
13	14	13	0	0
14	25	34	4	0
Instant	57
1	547	27	1	0.679916
2	27	13	0	0
3	255	56	13	2.74501
4	578	13	0	0
11	24	17	0	0
12	177	65	15	4.59559
13	14	13	0	0
14	25	34	3	0
Instant	58
1	513	29	2	1.00211
2	23	13	0	0
3	234	54	14	3.10202
4	592	13	0	0
11	24	17	0	0
12	164	61	16	5.19426
13	13	13	0	0
14	25	34	3	0
Instant	59
1	625	27	1	0.332068
2	27	13	0	0
3	275	51	12	2.23368
4	606	13	0	0
11	26	17	0	0
12	218	56	14	3.76838
13	14	13	0	0
14	26	32	3	0
Instant	60
1	597	27	1	0.288462
2	19	13	0	0
3	249	58	12	3.16996
4	606	13	0	0
11	26	17	0	0
12	211	57	15	3.81434
13	14	13	0	0
14	26	33	3	0
Instant	61
1	536	27	2	0.642398
2	34	13	0	0
3	228	55	14	2.88275
4	585	13	0	0
11	24	17	0	0
12	166	57	16	3.64583
13	12	13	0	0
14	25	34	3	0
Instant	62
1	613	27	1	0
2	25	13	0	0
3	295	51	11	2.6509
4	592	13	0	0
11	26	17	0	0
12	227	56	15	3.81434
13	15	13	0	0
14	26	33	3	0
Instant	63
1	605	27	1	0.294118
2	30	13	0	0
3	231	52	13	2.9533
4	613	13	0	0
11	26	17	0	0
12	203	60	13	4.36581
13	13	13	0	0
14	26	32	2	0
Instant	64
1	573	26	1	0.300601
2	28	13	0	0
3	244	49	12	2.25632
4	585	13	0	0
11	25	17	0	0
12	151	58	16	5.74324
13	13	13	0	0
14	25	35	3	0
Instant	65
1	613	27	1	0
2	39	13	0	0
3	277	54	15	3.43264
4	578	13	0	0
11	26	17	0	0
12	189	56	13	5.00919
13	14	13	0	0
14	25	34	3	0
Instant	66
1	571	28	1	0.304878
2	28	13	0	0
3	267	52	14	2.35192
4	598	13	0	0
11	25	17	0	0
12	207	56	17	3.95221
13	14	13	0	0
14	25	34	4	0
Instant	67
1	598	27	1	0.240385
2	29	13	0	0
3	252	54	14	3.02245
4	586	13	0	0
11	26	17	0	0
12	164	56	14	3.58953
13	14	13	0	0
14	26	34	3	0
Instant	68
1	627	26	1	0.327103
2	29	13	0	0
3	307	56	13	2.5712
4	585	13	0	0
11	27	17	0	0
12	209	55	15	4.83398
13	15	13	0	0
14	25	35	4	0
Instant	69
1	606	26	1	0.294118
2	20	13	0	0
3	244	51	12	2.95578
4	599	13	0	0
11	26	18	1	0
12	154	62	16	5.60662
13	13	13	0	0
14	25	34	4	0
Instant	70
1	562	28	1	0.297619
2	32	13	0	0
3	252	49	15	3.21675
4	592	13	0	0
11	25	17	0	0
12	191	58	16	4.56081
13	14	13	0	0
14	26	33	3	0
Instant	71
1	671	25	1	0
2	27	13	0	0
3	249	54	10	2.94252
4	613	13	0	0
11	28	17	0	0
12	192	57	14	4.22794
13	13	13	0	0
14	26	33	3	0
Instant	72
1	646	26	1	0
2	30	13	0	0
3	219	56	13	3.32031
4	628	13	0	0
11	28	17	0	0
12	211	61	15	3.26705
13	12	13	0	0
14	27	31	3	0.279851
Instant	73
1	598	29	1	0
2	38	13	0	0
3	227	52	13	3.48011
4	630	13	0	0
11	26	17	0	0
12	156	59	14	4.19207
13	13	13	0	0
14	27	34	3	0
Instant	74
1	547	26	1	0.635593
2	27	13	0	0
3	250	53	15	2.64117
4	619	14	0	0
11	24	18	0	0
12	197	60	16	4.54963
13	13	13	0	0
14	26	34	3	0.285171
Instant	75
1	614	29	1	0
2	20	13	0	0
3	227	57	16	3.24248
4	648	13	0	0
11	26	16	0	0
12	192	59	14	4.26136
13	13	13	0	0
14	27	34	3	0
Instant	76
1	633	27	1	0
2	18	13	0	0
3	277	57	13	2.55102
4	738	13	0	0
11	28	16	0	0
12	193	62	15	4.25347
13	14	13	0	0
14	32	32	2	0
Instant	77
1	539	28	2	0.741525
2	36	13	0	0
3	235	50	12	2.51848
4	721	13	0	0
11	24	17	0	0
12	160	57	15	4.93164
13	13	13	0	0
14	31	33	3	0
Instant	78
1	598	27	1	0.294695
2	23	13	0	0
3	243	54	13	3.66419
4	654	13	0	0
11	26	17	0	0
12	232	60	15	3.80859
13	13	13	0	0
14	28	33	2	0
Instant	79
1	635	27	1	0
2	36	13	0	0
3	234	56	15	3.24586
4	668	13	0	0
11	26	18	0	0
12	193	64	14	3.37838
13	13	13	0	0
14	28	31	2	0
Instant	80
1	610	27	1	0
2	16	13	0	0
3	226	58	16	3.35425
4	641	13	0	0
11	27	18	1	0
12	200	59	17	4.07197
13	13	13	0	0
14	27	34	3	0.274725
Instant	81
1	627	27	1	0
2	25	13	0	0
3	267	50	13	2.45726
4	643	13	0	0
11	27	17	0	0
12	211	60	14	3.40909
13	14	13	0	0
14	28	34	3	0
Instant	82
1	620	26	1	0
2	31	13	0	0
3	237	56	13	3.06075
4	634	13	0	0
11	26	19	0	0
12	181	58	17	3.70536
13	13	13	0	0
14	27	34	3	0
Instant	83
1	613	27	1	0
2	24	13	0	0
3	252	52	14	2.9182
4	657	13	0	0
11	27	17	0	0
12	207	57	14	3.0303
13	14	13	0	0
14	28	33	3	0
Instant	84
1	634	27	1	0
2	34	13	0	0
3	261	57	13	2.28686
4	612	13	0	0
11	27	17	0	0
12	183	57	15	4.73485
13	14	13	0	0
14	26	37	4	0
Instant	85
1	600	25	1	0.587084
2	43	13	0	0
3	252	50	13	3.125
4	666	13	0	0
11	26	17	0	0
12	190	57	14	3.40545
13	14	13	0	0
14	29	32	3	0
Instant	86
1	560	28	1	0
2	21	13	0	0
3	255	52	13	3.01259
4	634	13	0	0
11	24	17	0	0
12	169	57	14	5.74449
13	13	13	0	0
14	27	35	3	0
Instant	87
1	620	28	1	0
2	20	13	0	0
3	272	52	14	2.63491
4	636	13	0	0
11	26	18	1	0
12	210	60	15	3.49265
13	15	13	0	0
14	27	34	3	0
Instant	88
1	639	26	1	0
2	13	13	0	0
3	291	50	10	2.15872
4	670	13	0	0
11	27	17	0	0
12	192	62	13	4.6875
13	15	13	0	0
14	28	32	2	0
Instant	89
1	641	26	0	0
2	17	13	0	0
3	250	52	12	3.35526
4	643	13	0	0
11	27	17	0	0
12	198	56	15	3.03309
13	14	13	0	0
14	28	33	3	0.273723
Instant	90
1	620	26	0	0
2	27	13	0	0
3	283	57	13	2.11794
4	652	13	0	0
11	27	18	1	0
12	180	57	17	4.3457
13	15	13	0	0
14	28	33	3	0
Instant	91
1	607	27	1	0
2	29	13	0	0
3	237	55	11	3.29422
4	652	13	0	0
11	26	17	0	0
12	163	51	14	4.85642
13	13	13	0	0
14	28	33	3	0
Instant	92
1	613	27	1	0.280899
2	20	13	0	0
3	252	51	12	2.91971
4	622	13	0	0
11	27	17	0	0
12	183	61	14	4.7822
13	14	13	0	0
14	26	34	3	0.283019
Instant	93
1	641	27	1	0
2	21	13	0	0
3	258	54	14	3.04825
4	595	13	0	0
11	27	17	0	0
12	222	56	14	4.54545
13	14	13	0	0
14	25	33	3	0.395257
Instant	94
1	620	27	1	0
2	24	13	0	0
3	248	52	13	3.13628
4	599	13	0	0
11	27	18	0	0
12	172	61	17	4.01182
13	14	13	0	0
14	26	33	3	0
Instant	95
1	619	27	1	0
2	20	13	0	0
3	238	49	12	3.01645
4	585	13	0	0
11	27	18	0	0
12	191	57	15	4.6875
13	13	13	0	0
14	25	34	4	0
Instant	96
1	642	26	1	0
2	24	13	0	0
3	209	52	16	3.425
4	599	13	0	0
11	27	17	0	0
12	191	62	16	4.22794
13	12	13	0	0
14	26	33	4	0
Instant	97
1	558	27	1	0.308008
2	18	13	0	0
3	249	52	13	2.99011
4	592	13	0	0
11	24	19	1	0
12	160	61	15	4.19207
13	13	13	0	0
14	26	33	3	0
Instant	98
1	619	25	1	0.28463
2	28	13	0	0
3	264	52	13	3.10315
4	599	13	0	0
11	26	17	0	0
12	192	55	16	4.91728
13	14	13	0	0
14	26	33	3	0
Instant	99
1	563	28	1	0.31185
2	21	13	0	0
3	256	50	13	2.2986
4	599	13	0	0
11	24	17	0	0
12	194	56	17	4.36581
13	14	13	0	0
14	25	32	2	0.294118
Instant	100
1	594	28	2	0
2	35	13	0	0
3	221	55	16	3.33821
4	592	13	0	0
11	26	19	1	0
12	179	57	15	5.15203
13	12	13	0	0
14	25	35	3	0
Instant	101
1	627	27	1	0
2	25	13	0	0
3	253	52	14	3.16996
4	592	13	0	0
11	27	17	0	0
12	198	57	15	3.58456
13	14	13	0	0
14	25	34	4	0
Instant	102
1	584	28	1	0.343137
2	31	13	0	0
3	241	50	16	3.42105
4	613	13	0	0
11	25	17	0	0
12	192	57	13	5.51471
13	14	13	0	0
14	26	31	2	0
Instant	103
1	612	28	1	0
2	21	13	0	0
3	217	52	15	3.73314
4	613	13	0	0
11	26	18	0	0
12	191	60	15	3.50507
13	13	13	0	0
14	26	33	3	0
Instant	104
1	599	27	1	0.335249
2	34	13	0	0
3	273	52	12	2.28055
4	578	14	0	0
11	26	18	0	0
12	194	58	14	3.81434
13	14	13	0	0
14	24	35	3	0
Instant	105
1	627	26	1	0
2	34	13	0	0
3	303	52	13	2.43482
4	585	13	0	0
11	27	18	0	0
12	190	61	16	4.73346
13	16	13	0	0
14	25	34	3	0
Instant	106
1	558	26	1	0
2	33	13	0	0
3	249	53	13	3.42672
4	591	13	0	0
11	25	17	0	0
12	182	56	14	3.50507
13	14	13	0	0
14	26	34	4	0
Instant	107
1	608	27	2	0.585938
2	36	13	0	0
3	264	50	11	2.78017
4	600	13	0	0
11	26	17	0	0
12	216	59	15	4.13603
13	14	13	0	0
14	25	33	3	0
Instant	108
1	601	25	1	0.333333
2	37	13	0	0
3	228	55	16	3.2882
4	620	13	0	0
11	26	17	0	0
12	189	61	13	4.59559
13	12	13	0	0
14	27	32	3	0
Instant	109
1	634	27	1	0
2	39	13	0	0
3	238	57	15	2.91193
4	563	13	0	0
11	27	17	0	0
12	152	56	15	4.16667
13	13	13	0	0
14	23	35	4	0.3125
Instant	110
1	578	27	2	0.297619
2	27	13	0	0
3	297	52	15	2.06022
4	586	13	0	0
11	26	18	0	0
12	214	59	13	4.3457
13	15	13	0	0
14	25	34	3	0
Instant	111
1	635	27	1	0
2	30	13	0	0
3	225	52	16	3.7642
4	620	13	0	0
11	27	17	0	0
12	180	59	15	4.09007
13	13	13	0	0
14	27	32	3	0
Instant	112
1	549	27	2	0.687104
2	28	13	0	0
3	261	56	14	2.70089
4	606	13	0	0
11	24	18	0	0
12	157	57	15	6.54561
13	14	13	0	0
14	26	33	3	0
Instant	113
1	601	26	1	0
2	27	13	0	0
3	251	52	13	2.40826
4	606	13	0	0
11	26	17	0	0
12	206	58	15	2.43566
13	13	13	0	0
14	26	32	3	0
Instant	114
1	617	29	2	0
2	26	13	0	0
3	273	55	16	2.7403
4	613	13	0	0
11	26	17	0	0
12	182	60	16	4.96324
13	14	13	0	0
14	26	32	2	0
Instant	115
1	621	25	1	0
2	14	13	0	0
3	256	54	15	2.83891
4	585	13	0	0
11	27	18	0	0
12	186	54	13	3.71622
13	14	13	0	0
14	25	35	4	0
Instant	116
1	646	26	1	0.275229
2	32	13	0	0
3	230	53	13	3.47481
4	599	13	0	0
11	27	17	0	0
12	190	60	12	5.37684
13	13	13	0	0
14	26	33	3	0
Instant	117
1	538	28	2	0.315126
2	26	13	0	0
3	269	47	12	2.60239
4	599	13	0	0
11	24	18	0	0
12	195	59	13	4.77941
13	14	13	0	0
14	26	33	3	0
Instant	118
1	628	28	1	0
2	20	13	0	0
3	265	51	11	2.87307
4	590	13	0	0
11	26	17	0	0
12	177	56	16	4.2652
13	14	13	0	0
14	25	33	2	0.297619
Instant	119
1	641	26	1	0
2	19	13	0	0
3	250	53	12	2.8211
4	621	13	0	0
11	28	17	0	0
12	188	57	14	4.77941
13	13	13	0	0
14	26	32	3	0
