	T	D	J	LP
Instant	0
1	0	0	0	0
2	0	0	0	0
3	0	0	0	0
4	0	0	0	0
11	0	0	0	0
12	0	0	0	0
13	0	0	0	0
14	0	0	0	0
Instant	1
1	288	28	1	0
2	11	13	0	0
3	101	52	12	0.686275
4	362	13	0	0
11	12	16	0	0
12	125	58	13	0.543478
13	5	13	0	0
14	14	34	3	0
Instant	2
1	827	28	2	0.484765
2	40	13	0	0
3	248	55	15	3.24394
4	2149	14	0	0
11	37	17	0	0
12	190	64	17	4.73346
13	14	13	0	0
14	91	30	1	0
Instant	3
1	1003	25	2	0.452489
2	24	13	0	0
3	276	54	13	2.90033
4	2049	14	0	0
11	44	17	0	0
12	200	60	15	5.23897
13	15	13	0	0
14	91	31	1	0
Instant	4
1	1075	25	1	1.16279
2	24	13	0	0
3	280	50	14	2.64113
4	1949	14	0	0
11	48	17	0	0
12	175	64	16	5.40541
13	15	13	0	0
14	85	29	1	0.301932
Instant	5
1	893	25	2	1.52743
2	33	13	0	0
3	250	58	15	3.40909
4	1530	14	0	0
11	41	17	0	0
12	182	63	15	5.74449
13	14	13	0	0
14	64	32	1	0.651841
Instant	6
1	869	29	2	0.636132
2	17	13	0	0
3	290	52	14	2.33723
4	1245	13	0	0
11	41	18	0	0
12	122	64	12	6.57169
13	15	13	0	0
14	55	35	1	0
Instant	7
1	810	28	2	1.1611
2	13	13	0	0
3	218	52	16	2.90755
4	1103	13	0	0
11	35	17	0	0
12	214	53	14	3.88514
13	12	13	0	0
14	48	32	1	0
Instant	8
1	836	25	1	0
2	23	13	0	0
3	272	49	11	2.5729
4	1006	13	0	0
11	37	18	0	0
12	225	56	13	3.125
13	14	13	0	0
14	44	32	1	0
Instant	9
1	763	26	1	0
2	22	13	0	0
3	224	51	14	3.32341
4	940	14	1	0
11	33	17	0	0
12	204	58	12	3.03309
13	12	13	0	0
14	41	32	2	0
Instant	10
1	767	26	1	0
2	24	13	0	0
3	271	49	12	2.52976
4	869	13	0	0
11	33	17	0	0
12	205	57	14	2.95608
13	14	13	0	0
14	38	31	2	0
Instant	11
1	765	25	1	0
2	29	13	0	0
3	327	46	13	1.68196
4	915	13	0	0
11	34	17	0	0
12	225	55	15	2.84926
13	16	13	0	0
14	40	30	1	0
Instant	12
1	726	27	2	0
2	28	13	0	0
3	301	51	12	2.4529
4	934	13	0	0
11	31	17	0	0
12	204	57	14	2.80331
13	16	13	0	0
14	41	31	2	0
Instant	13
1	575	27	2	1.55
2	30	13	0	0
3	296	49	11	2.34245
4	915	14	0	0
11	25	17	0	0
12	161	69	13	4.83631
13	15	13	0	0
14	39	33	2	0
Instant	14
1	753	25	1	0.0382263
2	22	13	0	0
3	291	51	14	2.07641
4	982	13	0	0
11	33	17	0	0
12	222	64	15	3.49265
13	15	13	0	0
14	43	31	1	0
Instant	15
1	750	29	1	0.455235
2	39	13	0	0
3	288	51	13	2.39899
4	941	14	0	0
11	33	17	0	0
12	201	56	13	3.86029
13	14	13	0	0
14	39	31	2	0.374065
Instant	16
1	708	25	2	0.728155
2	20	13	0	0
3	300	52	15	2.08
4	862	13	0	0
11	31	18	0	0
12	172	57	15	5.19426
13	15	13	0	0
14	38	33	1	0
Instant	17
1	779	27	1	0.456621
2	28	13	0	0
3	229	53	15	3.16604
4	851	13	0	0
11	33	17	0	0
12	188	58	14	4.45772
13	13	13	0	0
14	37	33	2	0
Instant	18
1	809	26	1	0.209497
2	21	13	0	0
3	260	53	13	2.48179
4	862	13	0	0
11	36	17	0	0
12	202	59	13	3.76838
13	13	13	0	0
14	37	31	1	0
Instant	19
1	816	26	1	0.216763
2	27	13	0	0
3	279	50	16	2.44519
4	681	13	0	0
11	35	18	0	0
12	193	58	15	3.63176
13	15	13	0	0
14	30	35	3	0
Instant	20
1	766	27	1	0
2	21	13	0	0
3	255	51	11	2.73014
4	726	13	0	0
11	32	18	0	0
12	225	56	14	3.40074
13	14	13	0	0
14	31	32	2	0
Instant	21
1	767	26	1	0.218341
2	21	13	0	0
3	289	49	12	2.48371
4	705	13	0	0
11	35	17	0	0
12	205	55	13	3.99816
13	15	13	0	0
14	30	32	3	0
Instant	22
1	978	25	1	0.18226
2	15	13	0	0
3	317	51	13	1.94401
4	701	13	0	0
11	42	17	0	0
12	172	60	16	4.56081
13	16	13	0	0
14	30	31	2	0
Instant	23
1	905	26	1	0
2	19	13	0	0
3	259	51	13	2.99912
4	667	13	0	0
11	40	17	0	0
12	212	54	13	3.07904
13	14	13	0	0
14	29	31	2	0
Instant	24
1	792	28	3	0.409226
2	23	13	0	0
3	251	48	13	2.70089
4	613	13	0	0
11	34	17	0	0
12	189	57	14	4.50368
13	14	13	0	0
14	26	32	3	0
Instant	25
1	919	26	1	0.214461
2	21	13	0	0
3	316	50	11	2.07006
4	627	13	0	0
11	41	17	0	0
12	195	59	15	2.90179
13	15	13	0	0
14	27	31	2	0
Instant	26
1	892	25	1	0.197368
2	15	13	0	0
3	292	49	11	2.29794
4	591	13	0	0
11	39	18	0	0
12	225	57	12	3.5386
13	16	13	0	0
14	26	34	4	0
Instant	27
1	756	27	1	0.799087
2	15	13	0	0
3	278	49	13	2.58176
4	614	13	0	0
11	34	17	0	0
12	222	57	14	3.35478
13	14	13	0	0
14	26	32	3	0
Instant	28
1	890	28	1	0
2	25	13	0	0
3	294	55	12	1.86992
4	585	13	0	0
11	38	17	0	0
12	182	56	13	4.60069
13	15	13	0	0
14	25	35	3	0
Instant	29
1	815	27	2	0.211268
2	24	13	0	0
3	280	51	13	2.5641
4	606	13	0	0
11	36	18	0	0
12	204	55	15	3.67647
13	14	13	0	0
14	25	33	3	0
Instant	30
1	915	26	1	0
2	17	13	0	0
3	248	52	12	2.74823
4	620	13	0	0
11	39	17	0	0
12	211	59	13	3.72243
13	14	13	0	0
14	27	32	3	0
Instant	31
1	929	26	1	0
2	22	13	0	0
3	353	49	11	1.83605
4	627	13	0	0
11	40	17	0	0
12	206	60	14	3.63176
13	17	13	0	0
14	27	31	2	0
Instant	32
1	858	25	0	0.206897
2	31	13	0	0
3	289	54	11	2.29675
4	648	13	0	0
11	37	17	0	0
12	224	55	15	2.94118
13	15	13	0	0
14	28	29	2	0
Instant	33
1	791	27	1	0.144092
2	29	13	0	0
3	253	51	14	2.6468
4	613	13	0	0
11	36	18	0	0
12	230	58	14	3.03309
13	14	13	0	0
14	26	31	2	0
Instant	34
1	736	26	1	0.503876
2	22	13	0	0
3	242	58	14	2.96053
4	599	13	0	0
11	33	17	0	0
12	162	58	14	4.89865
13	13	13	0	0
14	26	34	3	0
Instant	35
1	999	25	1	0.172612
2	29	13	0	0
3	267	50	13	2.75608
4	641	13	0	0
11	44	17	0	0
12	205	53	12	3.90625
13	14	13	0	0
14	26	31	2	0
Instant	36
1	908	25	0	0
2	26	13	0	0
3	279	49	12	2.47069
4	606	13	0	0
11	38	17	0	0
12	214	58	15	2.84926
13	14	13	0	0
14	27	32	2	0
Instant	37
1	782	26	1	0.223214
2	22	13	0	0
3	286	52	14	2.33086
4	634	13	0	0
11	34	18	0	0
12	191	55	15	3.1994
13	15	13	0	0
14	27	32	2	0
Instant	38
1	653	28	2	1.07573
2	11	13	0	0
3	253	52	14	2.88641
4	627	13	0	0
11	30	17	0	0
12	180	57	14	4.91728
13	13	13	0	0
14	26	32	2	0
Instant	39
1	771	25	1	0.0368189
2	27	13	0	0
3	275	49	10	2.29811
4	613	13	0	0
11	34	18	0	0
12	209	57	13	5.19301
13	14	13	0	0
14	27	31	3	0
Instant	40
1	849	25	1	0
2	26	13	0	0
3	264	50	12	2.40724
4	641	13	0	0
11	37	18	0	0
12	200	54	13	3.04054
13	14	13	0	0
14	27	30	2	0
Instant	41
1	708	25	1	0.247934
2	23	13	0	0
3	294	49	13	2.42326
4	641	13	0	0
11	31	17	0	0
12	230	57	13	3.17096
13	15	13	0	0
14	28	30	2	0
Instant	42
1	705	27	1	0
2	14	13	0	0
3	273	57	14	2.15372
4	550	13	0	0
11	30	17	0	0
12	194	57	17	3.44669
13	14	13	0	0
14	22	33	2	0.531915
Instant	43
1	647	26	1	0.52356
2	21	13	0	0
3	294	52	15	2.58197
4	599	13	0	0
11	29	17	0	0.443262
12	179	56	13	3.71622
13	15	13	0	0
14	26	32	2	0.590551
Instant	44
1	694	26	1	0.248756
2	23	13	0	0
3	226	57	14	3.0106
4	613	13	0	0
11	30	17	0	0.501672
12	197	54	14	4.77941
13	13	13	0	0
14	26	32	2	0
Instant	45
1	721	25	1	0.490998
2	18	13	0	0
3	259	47	13	2.65487
4	634	13	0	0
11	31	18	0	0
12	155	54	13	5.8364
13	14	13	0	0
14	27	31	2	0
Instant	46
1	648	26	1	0
2	41	13	0	0
3	248	54	13	2.85047
4	606	14	0	0
11	28	17	0	0
12	204	60	12	4.01182
13	13	13	0	0
14	26	31	2	0
Instant	47
1	682	25	1	0.26087
2	34	13	0	0
3	354	49	12	1.51239
4	620	14	0	0
11	29	17	0	0
12	215	53	12	3.63051
13	17	13	0	0
14	27	31	2	0
Instant	48
1	635	27	1	0.274223
2	20	13	0	0
3	274	51	12	2.34914
4	592	13	0	0
11	28	17	0	0
12	163	57	16	4.96324
13	14	13	0	0
14	26	33	3	0
Instant	49
1	719	24	1	0
2	26	13	0	0
3	302	45	11	2.52347
4	627	13	0	0
11	31	17	0	0
12	205	55	14	2.49256
13	16	13	0	0
14	27	31	3	0
Instant	50
1	686	26	0	0
2	27	13	0	0
3	286	52	11	2.49169
4	613	13	0	0
11	29	17	0	0
12	210	54	14	3.76838
13	15	13	0	0
14	26	32	2	0
Instant	51
1	700	25	1	0
2	20	13	0	0
3	317	50	11	1.86625
4	648	13	0	0
11	30	17	0	0
12	246	57	15	2.66544
13	16	13	0	0
14	27	30	2	0
Instant	52
1	666	26	1	0.268336
2	14	13	0	0
3	268	46	14	2.61678
4	585	13	0	0
11	28	18	0	0
12	206	57	13	3.34201
13	14	13	0	0
14	25	32	3	0.301205
Instant	53
1	786	25	0	0
2	25	13	0	0
3	323	50	14	1.90385
4	606	13	0	0
11	34	17	0	0
12	213	55	14	3.44669
13	16	13	0	0
14	26	33	3	0
Instant	54
1	833	25	1	0.211268
2	19	13	0	0
3	297	52	13	2.13762
4	606	13	0	0
11	36	17	0	0
12	200	54	15	3.35478
13	15	13	0	0
14	26	33	3	0
Instant	55
1	789	27	1	0.223881
2	25	13	0	0
3	318	46	12	2.22603
4	599	13	0	0
11	34	17	0	0
12	212	61	12	3.46284
13	16	13	0	0
14	26	33	3	0
Instant	56
1	875	26	1	0
2	26	13	0	0
3	296	56	14	2.24206
4	641	13	0	0
11	38	17	0	0
12	241	59	15	3.17096
13	15	13	0	0
14	27	30	1	0
Instant	57
1	891	25	0	0
2	20	13	0	0
3	267	50	15	2.65817
4	641	13	0	0
11	39	16	0	0
12	218	54	15	2.89522
13	14	13	0	0
14	27	31	2	0
Instant	58
1	828	25	1	0
2	16	13	0	0
3	289	50	15	2.26151
4	620	13	0	0
11	37	18	0	0
12	160	58	13	4.22297
13	15	13	0	0
14	26	32	2	0
Instant	59
1	812	25	1	0
2	25	13	0	0
3	301	48	13	2.02922
4	613	13	0	0
11	34	17	0	0
12	243	55	15	3.26287
13	15	13	0	0
14	26	32	2	0
Instant	60
1	812	25	1	0
2	17	13	0	0
3	322	46	12	1.9186
4	627	13	0	0
11	35	17	0	0
12	239	58	13	2.29779
13	16	13	0	0
14	27	30	2	0
Instant	61
1	786	25	0	0.222222
2	14	13	0	0
3	273	52	12	2.85051
4	606	13	0	0
11	34	17	0	0
12	183	52	17	3.60863
13	15	13	0	0
14	26	33	3	0
Instant	62
1	738	26	1	0
2	25	13	0	0
3	295	47	10	2.08674
4	627	13	0	0
11	32	18	0	0
12	233	54	15	2.94118
13	15	13	0	0
14	27	31	2	0
Instant	63
1	750	26	1	0.236593
2	23	13	0	0
3	327	52	13	1.70807
4	613	13	0	0
11	32	17	0	0
12	215	57	14	3.17096
13	16	13	0	0
14	26	32	2	0
Instant	64
1	696	26	1	0.161551
2	17	13	0	0
3	266	51	14	2.58319
4	582	13	0	0
11	31	17	0	0
12	206	59	13	4.34966
13	14	13	0	0
14	24	32	2	0.702811
Instant	65
1	638	26	1	0.28463
2	24	13	0	0
3	233	53	12	2.90643
4	1015	13	0	0
11	26	17	0	0.448029
12	183	55	14	4.41176
13	13	13	0	0
14	43	32	2	0
Instant	66
1	583	27	2	0.288462
2	18	13	0	0
3	277	53	13	2.77778
4	976	13	0	0
11	26	18	1	0.403226
12	161	67	16	5.14706
13	14	13	0	0
14	41	32	3	1.3253
Instant	67
1	621	25	1	0.290135
2	21	13	0	0
3	278	50	13	2.29719
4	934	13	0	0
11	26	18	1	0
12	200	61	14	4.34966
13	15	13	0	0
14	40	33	2	0
Instant	68
1	573	28	2	0
2	9	13	0	0
3	285	52	12	2.59631
4	792	13	0	0
11	24	18	0	0.306122
12	185	52	13	4.88281
13	15	13	0	0
14	34	33	2	1.03858
Instant	69
1	642	25	0	0.270758
2	12	13	0	0
3	314	48	11	1.97266
4	828	13	0	0
11	28	16	0	0
12	210	56	14	3.76838
13	16	13	0	0
14	35	31	3	0
Instant	70
1	651	26	1	0
2	6	13	0	0
3	277	52	11	2.50428
4	839	13	0	0
11	28	17	0	0
12	211	56	15	2.95608
13	14	13	0	0
14	36	34	3	0
Instant	71
1	634	27	2	0
2	29	13	0	0
3	261	48	11	2.57482
4	837	13	0	0
11	27	17	0	0
12	220	56	13	3.30882
13	14	13	0	0
14	36	32	2	0
Instant	72
1	573	27	2	0
2	31	13	0	0
3	252	52	12	2.65082
4	819	13	0	0
11	24	18	1	0.306122
12	186	59	14	4.02462
13	13	13	0	0
14	35	34	3	0
Instant	73
1	630	26	1	0
2	25	13	0	0
3	276	49	12	2.74914
4	788	13	0	0
11	27	17	0	0.0932836
12	198	53	12	3.16311
13	14	13	0	0
14	34	32	2	0.223214
Instant	74
1	592	24	0	0.346535
2	18	13	0	0
3	294	49	13	1.96
4	819	13	0	0
11	25	17	0	0
12	210	55	15	3.5386
13	15	13	0	0
14	36	31	2	0
Instant	75
1	655	25	0	0
2	27	13	0	0
3	256	50	14	2.96296
4	876	13	0	0
11	28	17	0	0
12	230	59	14	3.36174
13	13	13	0	0
14	37	31	2	0
Instant	76
1	625	25	1	0.272727
2	34	13	0	0
3	322	46	11	1.80251
4	847	13	0	0
11	28	18	1	0
12	214	56	15	2.99479
13	16	13	0	0
14	37	31	2	0
Instant	77
1	662	25	0	0
2	33	13	0	0
3	298	48	13	1.94754
4	869	13	0	0
11	28	17	0	0
12	219	57	14	2.68555
13	15	13	0	0
14	37	31	2	0
Instant	78
1	565	28	1	0.30426
2	28	13	0	0
3	299	48	16	2.187
4	814	14	0	0
11	25	17	0	0
12	192	55	16	4.49219
13	15	13	0	0
14	36	32	2	0
Instant	79
1	599	26	1	0.287356
2	29	13	0	0
3	273	50	13	2.69649
4	853	13	0	0
11	26	16	0	0.289575
12	191	56	14	3.67399
13	15	13	0	0
14	35	32	2	0
Instant	80
1	631	25	0	0
2	32	13	0	0
3	240	54	14	2.8828
4	874	13	0	0
11	27	17	0	0.0932836
12	207	55	16	4.16667
13	13	13	0	0
14	38	30	2	0
Instant	81
1	663	25	0	0
2	36	13	0	0
3	284	51	12	2.36318
4	887	13	0	0
11	28	17	0	0
12	221	58	15	2.65152
13	15	13	0	0
14	38	31	2	0.198413
Instant	82
1	655	25	0	0
2	18	13	0	0
3	234	57	16	2.67682
4	877	13	0	0
11	28	17	0	0
12	182	58	15	3.83929
13	12	13	0	0
14	37	32	2	0.403226
Instant	83
1	627	26	1	0
2	35	13	0	0
3	274	50	12	2.4257
4	902	13	0	0
11	27	18	0	0
12	221	55	15	3.40909
13	14	13	0	0
14	39	32	3	0
Instant	84
1	574	26	1	0.641026
2	26	13	0	0
3	289	48	14	2.47504
4	887	13	0	0
11	26	17	0	0
12	175	54	18	4.7822
13	15	13	0	0
14	38	33	3	0
Instant	85
1	593	25	1	0.3
2	23	13	0	0
3	312	52	12	1.97574
4	843	13	0	0
11	25	17	0	0
12	211	59	15	2.88462
13	15	13	0	0
14	37	32	2	0
Instant	86
1	605	26	1	0.287908
2	25	13	0	0
3	272	53	13	2.39877
4	848	13	0	0
11	26	17	0	0
12	203	57	14	4.09007
13	14	13	0	0
14	35	33	2	0
Instant	87
1	618	27	1	0
2	38	13	0	0
3	287	51	13	2.0938
4	700	13	0	0
11	27	17	0	0
12	189	58	13	4.64154
13	14	13	0	0
14	30	33	3	0.587248
Instant	88
1	591	25	1	0.347913
2	24	13	0	0
3	304	50	12	2.12723
4	654	13	0	0
11	25	17	0	0
12	190	54	14	4.72973
13	15	13	0	0
14	27	34	3	0.539568
Instant	89
1	634	27	1	0
2	21	13	0	0
3	244	56	13	2.7439
4	665	13	0	0
11	27	17	0	0
12	175	60	19	4.09007
13	13	13	0	0
14	28	33	4	0
Instant	90
1	639	26	1	0
2	17	13	0	0
3	282	54	12	2.38693
4	700	13	0	0
11	28	18	0	0
12	198	56	14	4.39453
13	14	13	0	0
14	30	31	2	0
Instant	91
1	566	26	1	0.357873
2	25	13	0	0
3	289	49	14	2.21808
4	655	13	0	0
11	25	19	0	0
12	180	48	13	4.60304
13	15	13	0	0
14	29	33	3	0
Instant	92
1	647	26	0	0
2	27	13	0	0
3	272	48	13	2.68159
4	669	14	0	0
11	27	17	0	0
12	229	49	14	3.31439
13	14	13	0	0
14	28	32	3	0
Instant	93
1	577	26	1	0.583658
2	21	13	0	0
3	257	54	12	2.69608
4	639	13	0	0
11	26	18	0	0
12	175	53	14	4.54545
13	14	13	0	0
14	27	33	2	0
Instant	94
1	634	26	1	0
2	24	13	0	0
3	346	44	11	1.59259
4	603	13	0	0
11	27	18	0	0
12	200	56	14	3.29392
13	17	13	0	0
14	26	34	3	0.389105
Instant	95
1	655	25	0	0
2	18	13	0	0
3	295	48	13	2.19156
4	627	13	0	0
11	28	17	0	0
12	232	55	12	2.38971
13	15	13	0	0
14	27	31	2	0
Instant	96
1	642	26	1	0.0451264
2	22	13	0	0
3	261	53	11	2.43625
4	578	13	0	0
11	28	17	0	0
12	203	61	13	3.44669
13	14	13	0	0
14	24	36	4	0
Instant	97
1	614	25	1	0.286807
2	21	13	0	0
3	265	51	14	2.57937
4	613	13	0	0
11	26	17	0	0
12	178	60	15	3.54421
13	14	13	0	0
14	26	32	3	0
Instant	98
1	584	27	1	0.298211
2	22	13	0	0
3	273	50	13	2.54591
4	627	13	0	0
11	25	16	0	0
12	188	58	16	4.41176
13	15	13	0	0
14	27	31	2	0
Instant	99
1	537	27	2	0.935551
2	28	13	0	0
3	305	48	14	2.1627
4	613	13	0	0
11	24	17	0	0
12	200	64	14	4.91728
13	15	13	0	0
14	26	32	3	0
Instant	100
1	632	27	1	0
2	15	13	0	0
3	254	55	13	3.10268
4	592	13	0	0
11	27	17	0	0
12	172	53	17	5.1098
13	14	13	0	0
14	26	34	3	0
Instant	101
1	655	25	1	0
2	21	13	0	0
3	253	51	14	2.74775
4	627	13	0	0
11	28	17	0	0
12	208	52	13	2.89522
13	13	13	0	0
14	27	32	3	0
Instant	102
1	580	26	1	0.35497
2	19	13	0	0
3	237	53	13	3.27103
4	592	13	0	0
11	25	18	0	0
12	196	61	14	4.22794
13	13	13	0	0
14	25	33	3	0.297619
Instant	103
1	588	26	1	0.291262
2	23	13	0	0
3	298	47	12	1.92939
4	592	13	0	0
11	26	17	0	0
12	214	59	13	3.88514
13	15	13	0	0
14	25	33	2	0
Instant	104
1	619	26	1	0.287356
2	38	13	0	0
3	287	51	13	2.11149
4	613	13	0	0
11	26	17	0	0
12	196	53	13	3.125
13	14	13	0	0
14	26	33	3	0
Instant	105
1	622	25	1	0.0461255
2	24	13	0	0
3	304	49	12	1.96834
4	613	13	0	0
11	27	17	1	0
12	179	54	12	5.42279
13	15	13	0	0
14	27	32	3	0
Instant	106
1	630	26	1	0.276753
2	35	13	0	0
3	291	50	13	2.39274
4	627	14	0	0
11	27	17	0	0
12	193	57	13	3.88514
13	15	13	0	0
14	26	32	3	0
Instant	107
1	663	25	0	0
2	29	13	0	0
3	325	47	12	1.89107
4	613	13	0	0
11	28	17	0	0
12	217	54	14	3.49265
13	16	13	0	0
14	27	31	2	0
Instant	108
1	655	25	1	0
2	32	13	0	0
3	320	48	12	1.98289
4	648	13	0	0
11	28	17	0	0
12	225	53	14	2.52757
13	16	13	0	0
14	27	30	2	0
Instant	109
1	667	24	1	0
2	22	13	0	0
3	351	46	9	1.89897
4	627	13	0	0
11	29	17	0	0
12	229	54	13	1.71131
13	16	13	0	0
14	26	31	2	0
Instant	110
1	627	28	2	0
2	21	13	0	0
3	247	50	14	2.74654
4	599	13	0	0
11	26	17	0	0
12	240	57	12	2.7832
13	14	13	0	0
14	26	34	3	0
Instant	111
1	593	25	1	0.331439
2	25	13	0	0
3	277	49	14	2.73038
4	641	13	0	0
11	27	17	0	0
12	207	52	13	3.49265
13	14	13	0	0
14	27	30	2	0
Instant	112
1	646	26	0	0
2	27	13	0	0
3	334	46	11	1.58882
4	634	13	0	0
11	27	18	0	0
12	191	53	14	3.92736
13	16	13	0	0
14	27	30	2	0
Instant	113
1	634	26	1	0
2	28	13	0	0
3	287	48	12	2.04545
4	592	13	0	0
11	27	18	1	0
12	191	57	14	3.5386
13	15	13	0	0
14	25	33	3	0
Instant	114
1	508	26	1	0.377155
2	23	13	0	0
3	291	51	13	2.53215
4	599	13	0	0
11	23	17	0	0
12	189	61	12	4.31985
13	15	13	0	0
14	25	34	4	0
Instant	115
1	628	26	1	0.330189
2	24	13	0	0
3	326	47	12	1.57465
4	599	13	0	0
11	26	17	0	0
12	204	55	14	3.75845
13	16	13	0	0
14	25	34	3	0
Instant	116
1	662	25	0	0
2	34	13	0	0
3	255	51	13	2.98246
4	620	13	0	0
11	28	17	0	0
12	233	55	14	3.81434
13	14	13	0	0
14	27	31	2	0
Instant	117
1	593	26	1	0.35
2	14	13	0	0
3	366	50	11	1.58067
4	634	13	0	0
11	25	17	0	0
12	233	52	12	2.25184
13	17	13	0	0
14	27	31	2	0
Instant	118
1	649	25	0	0
2	16	13	0	0
3	279	50	12	2.39185
4	606	13	0	0
11	28	17	0	0
12	187	54	15	3.92736
13	15	13	0	0
14	26	33	3	0
Instant	119
1	626	27	1	0
2	36	13	0	0
3	273	49	12	2.71368
4	620	14	0	0
11	26	17	0	0
12	249	52	12	1.74632
13	14	13	0	0
14	27	32	3	0
