	T	D	J	LP
Instant	0
1	0	0	0	0
2	0	0	0	0
3	0	0	0	0
4	0	0	0	0
11	0	0	0	0
12	0	0	0	0
13	0	0	0	0
14	0	0	0	0
Instant	1
1	344	26	1	0
2	13	13	0	0
3	127	43	8	1.21094
4	321	13	0	0
11	14	16	0	0
12	122	60	12	0.815217
13	6	13	0	0
14	11	36	3	0
Instant	2
1	1146	25	2	0.506586
2	19	13	0	0
3	317	52	14	2.05047
4	1427	13	0	0
11	51	17	0	0
12	206	60	14	4.31985
13	16	13	0	0
14	62	33	2	0
Instant	3
1	1056	26	1	0.631175
2	31	13	0	0
3	349	49	9	1.35747
4	1749	13	0	0
11	47	18	0	0
12	215	55	12	4.36581
13	16	13	0	0
14	75	32	1	0
Instant	4
1	815	27	3	1.26886
2	28	13	0	0
3	310	53	13	1.80308
4	1883	13	0	0
11	37	17	0	0
12	195	55	13	4.72973
13	15	13	0	0
14	83	33	1	0.31211
Instant	5
1	942	27	1	0.181159
2	28	13	0	0
3	334	50	13	1.36719
4	1841	13	0	0
11	42	17	0	0
12	226	61	15	3.125
13	16	13	0	0
14	79	34	1	0
Instant	6
1	1196	26	1	0
2	34	13	0	0
3	313	45	11	1.71178
4	1509	14	0	0
11	51	17	0	0
12	212	57	11	2.98713
13	15	13	0	0
14	67	33	1	0
Instant	7
1	1102	27	1	0.29349
2	22	13	0	0
3	309	50	12	1.98121
4	1186	14	0	0
11	48	17	0	0
12	195	57	12	4.18074
13	15	13	0	0
14	51	33	1	0.29703
Instant	8
1	846	26	1	0.401606
2	24	13	0	0
3	352	46	11	1.46739
4	995	13	0	0
11	38	18	0	0
12	184	59	14	4.64154
13	17	13	0	0
14	43	34	2	0
Instant	9
1	768	25	2	0.925926
2	33	13	0	0
3	310	51	13	1.80016
4	1201	13	1	0
11	34	18	0	0
12	165	62	16	5.19301
13	15	13	0	0
14	53	32	1	0
Instant	10
1	821	25	0	0
2	24	13	0	0
3	295	47	11	2.19758
4	1169	13	0	0
11	36	18	0	0
12	210	60	15	3.16723
13	15	13	0	0
14	50	35	1	0.351406
Instant	11
1	850	25	1	0
2	22	13	0	0
3	371	48	11	1.21201
4	1191	13	0	0
11	37	18	0	0
12	209	57	14	3.35478
13	17	13	0	0
14	51	33	2	0
Instant	12
1	827	27	1	0.432277
2	34	13	0	0
3	327	48	11	1.61856
4	1049	13	0	0
11	35	17	0	0
12	169	58	15	4.64154
13	16	13	0	0
14	46	32	1	0
Instant	13
1	867	28	2	0.193798
2	36	13	0	0
3	332	48	10	1.64161
4	1052	13	0	0
11	39	17	0	0
12	192	59	13	3.60863
13	15	13	0	0
14	46	33	2	0
Instant	14
1	995	29	1	0
2	17	13	0	0
3	325	48	12	1.76975
4	989	13	0	0
11	41	16	0	0
12	234	56	13	3.21691
13	16	13	0	0
14	43	33	2	0
Instant	15
1	884	27	1	0
2	34	13	0	0
3	244	52	13	2.84091
4	903	14	0	0
11	38	18	0	0
12	185	58	14	3.5386
13	13	13	0	0
14	40	35	2	0
Instant	16
1	612	26	1	0.690608
2	26	13	0	0
3	305	47	11	2.01035
4	1121	14	0	0
11	27	18	0	0.37594
12	181	60	15	5.61655
13	15	13	0	0
14	46	33	2	0
Instant	17
1	578	26	1	0.507099
2	38	13	0	0
3	349	51	13	1.53673
4	1189	13	0	0
11	25	17	0	0
12	172	60	16	4.36581
13	16	13	0	0
14	52	33	2	0
Instant	18
1	606	27	1	0
2	35	13	0	0
3	329	49	13	1.41066
4	978	14	0	0
11	27	18	0	0
12	192	55	15	4.54963
13	16	13	0	0
14	43	33	2	0
Instant	19
1	600	26	1	0.573614
2	40	13	0	0
3	303	51	12	1.98541
4	875	14	0	0
11	26	17	0	0
12	194	57	14	3.84291
13	15	13	0	0
14	37	31	2	0.402145
Instant	20
1	620	28	2	0
2	31	13	0	0
3	277	46	12	2.22902
4	846	13	0	0
11	27	18	0	0
12	178	53	16	5.14706
13	14	13	0	0
14	37	33	3	0
Instant	21
1	640	26	1	0
2	24	13	0	0
3	326	49	12	1.62618
4	933	13	0	0
11	27	17	0	0
12	208	56	15	3.67647
13	16	13	0	0
14	39	32	2	0.31407
Instant	22
1	547	27	2	0.639659
2	2	13	0	0
3	305	49	13	1.89641
4	833	13	0	0
11	24	18	0	0
12	159	53	15	4.47635
13	15	13	0	0
14	36	35	3	0
Instant	23
1	549	27	1	0.609756
2	15	13	0	0
3	313	48	12	1.88863
4	939	13	0	0
11	25	18	0	0
12	206	50	14	4.59559
13	16	13	0	0
14	41	30	1	0
Instant	24
1	593	27	2	0.583658
2	27	13	0	0
3	298	50	13	1.75041
4	800	13	0	0
11	26	17	0	0
12	195	59	13	3.5386
13	15	13	0	0
14	35	33	2	0
Instant	25
1	621	27	1	0
2	9	13	0	0
3	326	49	13	1.93237
4	909	13	0	0
11	26	17	0	0
12	194	56	16	3.27381
13	15	13	0	0
14	39	32	1	0
Instant	26
1	616	26	1	0
2	24	13	0	0
3	325	49	12	1.7393
4	1013	13	0	0
11	27	17	0	0
12	227	55	14	3.26287
13	16	13	0	0
14	44	31	1	0
Instant	27
1	579	26	1	0.604839
2	24	13	0	0
3	287	49	15	2.01271
4	913	13	0	0
11	25	18	0	0
12	165	60	18	5.97426
13	14	13	0	0
14	39	35	2	0.257732
Instant	28
1	662	26	1	0
2	26	13	0	0
3	312	49	10	1.86688
4	943	13	0	0
11	28	16	0	0
12	194	51	13	3.94965
13	15	13	0	0
14	41	34	2	0
Instant	29
1	591	26	1	0.339147
2	16	13	0	0
3	318	54	13	1.2275
4	858	13	0	0
11	26	17	0	0
12	212	57	15	3.5386
13	15	13	0	0
14	37	35	3	0
Instant	30
1	591	26	1	0.575816
2	36	13	0	0
3	330	51	12	1.49046
4	853	13	0	0
11	26	17	0	0
12	185	56	15	5.42279
13	15	13	0	0
14	37	34	2	0
Instant	31
1	588	28	1	0.29703
2	25	13	0	0
3	318	51	13	1.61483
4	947	13	0	0
11	26	17	0	0
12	194	57	15	3.46284
13	15	13	0	0
14	43	33	2	0
Instant	32
1	606	26	1	0.28626
2	22	13	0	0
3	320	51	13	1.5873
4	855	13	0	0
11	26	18	0	0
12	180	59	16	5.46875
13	15	13	0	0
14	36	36	3	0.204918
Instant	33
1	627	28	1	0
2	15	13	0	0
3	321	47	10	1.91693
4	831	13	0	0
11	26	17	0	0
12	183	59	15	4.82537
13	15	13	0	0
14	36	35	3	0
Instant	34
1	592	29	1	0
2	25	13	0	0
3	247	52	12	2.3524
4	816	13	0	0
11	26	17	0	0
12	174	54	14	4.43412
13	13	13	0	0
14	35	35	3	0
Instant	35
1	611	24	1	0.288462
2	26	13	0	0
3	292	52	12	2.11149
4	807	13	0	0
11	26	16	0	0.284091
12	179	56	17	4.77941
13	14	13	0	0
14	36	33	2	0
Instant	36
1	634	27	1	0
2	24	13	0	0
3	263	55	14	1.94085
4	867	13	0	0
11	27	17	0	0
12	190	58	16	4.59559
13	13	13	0	0
14	36	33	2	0.271003
Instant	37
1	559	27	1	0.614754
2	37	13	0	0
3	277	52	12	2.24417
4	807	13	0	0
11	25	17	0	0
12	186	60	17	3.49702
13	14	13	0	0
14	35	35	3	0
Instant	38
1	531	24	1	0.638298
2	30	13	0	0
3	257	51	13	2.63514
4	833	13	0	0
11	23	18	0	0
12	192	60	14	3.90625
13	14	13	0	0
14	36	34	2	0
Instant	39
1	641	25	1	0
2	27	13	0	0
3	302	47	12	1.71692
4	766	13	0	0
11	28	17	0	0
12	233	64	14	4.22794
13	15	13	0	0
14	33	34	3	0
Instant	40
1	611	27	1	0.288462
2	27	13	0	0
3	335	49	12	1.54834
4	740	13	0	0
11	26	17	0	0
12	191	56	14	4.13851
13	16	13	0	0
14	32	35	3	0
Instant	41
1	648	26	1	0
2	28	13	0	0
3	325	48	14	1.46469
4	685	13	0	0
11	27	17	0	0
12	179	58	17	4.41176
13	15	13	0	0
14	30	33	3	0.256849
Instant	42
1	641	25	1	0
2	33	13	0	0
3	356	50	13	1.30208
4	680	13	0	0
11	28	18	1	0
12	194	61	14	4.96324
13	16	13	0	0
14	30	34	2	0
Instant	43
1	670	25	1	0
2	30	13	0	0
3	342	51	11	1.3373
4	698	13	0	0
11	29	17	0	0
12	193	59	16	3.67399
13	16	13	0	0
14	30	34	3	0
Instant	44
1	632	26	1	0
2	23	13	0	0
3	367	50	12	1.38889
4	752	13	0	0
11	27	18	0	0
12	169	60	17	5.05515
13	17	13	0	0
14	32	34	3	0
Instant	45
1	587	26	1	0.296443
2	15	13	0	0
3	293	48	12	2.10438
4	737	13	0	0
11	26	17	0	0
12	201	58	16	5.00919
13	15	13	0	0
14	31	35	4	0
Instant	46
1	591	29	1	0.351406
2	15	13	0	0
3	312	52	13	1.49836
4	768	13	0	0
11	25	17	0	0
12	191	57	16	3.92736
13	15	13	0	0
14	33	32	3	0
Instant	47
1	605	26	1	0.28463
2	13	13	0	0
3	329	50	12	1.67707
4	683	13	0	0
11	27	18	0	0
12	202	57	14	3.81434
13	16	13	0	0
14	30	35	3	0
Instant	48
1	592	27	2	0.533981
2	27	13	0	0
3	301	49	13	1.61223
4	654	13	0	0
11	26	17	0	0
12	167	59	16	5.56066
13	15	13	0	0
14	28	34	3	0
Instant	49
1	634	27	1	0
2	30	13	0	0
3	344	48	11	1.70455
4	585	13	0	0
11	27	16	0	0
12	192	59	13	2.93899
13	17	13	0	0
14	25	34	3	0
Instant	50
1	578	27	2	0.304878
2	15	13	0	0
3	330	48	12	1.62037
4	599	13	0	0
11	25	17	0	0
12	215	55	13	3.21691
13	16	13	0	0
14	26	34	2	0
Instant	51
1	614	27	1	0
2	18	13	0	0
3	323	52	11	1.217
4	571	13	0	0
11	27	17	0	0
12	217	57	13	4.2739
13	15	13	0	0
14	24	36	4	0
Instant	52
1	547	28	2	1.03306
2	27	13	0	0
3	310	48	12	2.12302
4	578	13	0	0
11	24	17	0	0
12	170	57	14	4.51389
13	15	13	0	0
14	25	35	4	0
Instant	53
1	585	25	1	0.595238
2	25	13	0	0
3	304	49	13	1.47671
4	557	13	0	0
11	25	18	0	0
12	159	63	15	4.77941
13	15	13	0	0
14	25	36	5	0
Instant	54
1	613	28	1	0
2	34	13	0	0
3	300	52	13	2.12072
4	591	13	0	0
11	26	18	0	0
12	175	56	15	5.56066
13	15	13	0	0
14	25	34	3	0
Instant	55
1	612	27	2	0.281955
2	19	13	0	0
3	275	47	13	2.22366
4	600	13	0	0
11	27	17	0	0
12	200	60	13	3.67399
13	14	13	0	0
14	26	33	3	0
Instant	56
1	599	25	1	0.290698
2	28	13	0	0
3	301	52	13	1.99667
4	613	13	0	0
11	26	17	0	0
12	183	62	18	4.96324
13	15	13	0	0
14	26	32	3	0
Instant	57
1	601	26	1	0.289575
2	19	13	0	0
3	304	52	12	1.63043
4	613	13	0	0
11	26	18	0	0
12	203	56	11	4.59559
13	15	13	0	0
14	26	32	2	0
Instant	58
1	585	27	1	0.587084
2	30	13	0	0
3	307	47	13	1.75041
4	585	13	0	0
11	26	17	1	0
12	141	54	11	4.60304
13	15	13	0	0
14	26	34	3	0
Instant	59
1	702	26	1	0
2	12	13	0	0
3	325	50	13	1.52106
4	592	13	0	0
11	30	16	0	0
12	211	55	16	4.64154
13	15	13	0	0
14	24	35	4	0
Instant	60
1	677	27	1	0.347222
2	17	13	0	0
3	298	52	15	1.75292
4	578	13	0	0
11	29	17	0	0
12	219	59	13	3.40074
13	15	13	0	0
14	25	35	3	0
Instant	61
1	635	24	2	0.743007
2	29	13	0	0
3	314	51	12	1.9168
4	585	13	0	0
11	29	17	0	0
12	199	60	15	2.71577
13	15	13	0	0
14	25	33	4	0.301205
Instant	62
1	699	25	1	0.417362
2	30	13	0	0
3	280	49	14	2.33447
4	578	13	0	0
11	30	17	0	0
12	189	57	18	5.28493
13	14	13	0	0
14	25	34	3	0.304878
Instant	63
1	650	26	1	0.271248
2	33	13	0	0
3	338	48	12	1.45522
4	578	13	0	0
11	28	17	0	0
12	199	59	17	4.45772
13	16	13	0	0
14	24	35	4	0
Instant	64
1	627	26	1	0.37037
2	40	13	0	0
3	285	52	12	2.02465
4	592	13	0	0
11	27	17	0	0
12	179	52	14	5.40541
13	14	13	0	0
14	26	33	3	0
Instant	65
1	563	27	2	0.308008
2	26	13	0	0
3	267	49	13	2.60508
4	606	13	0	0
11	25	18	0	0
12	164	58	12	5.51471
13	14	13	0	0
14	26	33	3	0
Instant	66
1	638	26	1	0
2	16	13	0	0
3	282	51	13	1.85105
4	606	13	0	0
11	27	18	0	0
12	213	62	14	3.67647
13	14	13	0	0
14	26	33	2	0
Instant	67
1	636	27	1	0
2	19	13	0	0
3	327	49	12	1.87694
4	606	13	0	0
11	27	17	0	0
12	190	59	15	3.92736
13	16	13	0	0
14	26	33	3	0
Instant	68
1	600	28	1	0.335249
2	21	13	0	0
3	290	48	10	2.06612
4	548	13	0	0
11	26	17	0	0
12	228	56	14	2.44141
13	15	13	0	0
14	23	38	4	0
Instant	69
1	596	27	1	0.295276
2	30	13	0	0
3	278	54	12	2.15969
4	592	13	0	0
11	26	17	0	0
12	205	62	14	4.31985
13	14	13	0	0
14	25	34	4	0
Instant	70
1	627	26	1	0
2	37	13	0	0
3	289	49	12	2.18386
4	599	13	0	0
11	27	18	0	0
12	189	62	18	3.80068
13	15	13	0	0
14	25	33	3	0
Instant	71
1	605	26	1	0.28463
2	23	13	0	0
3	317	47	12	2.07337
4	593	13	0	0
11	27	17	0	0
12	204	56	14	3.72243
13	15	13	0	0
14	25	34	3	0
Instant	72
1	564	26	1	0.639659
2	22	13	0	0
3	315	46	13	1.91246
4	571	13	0	0
11	24	17	0	0
12	196	59	14	4.02462
13	16	13	0	0
14	24	35	4	0
Instant	73
1	532	27	1	0.571726
2	26	13	0	0
3	276	48	12	1.7951
4	606	13	0	0
11	24	18	0	0
12	183	58	15	3.39177
13	14	13	0	0
14	26	33	2	0
Instant	74
1	613	26	1	0.284091
2	35	13	0	0
3	341	46	11	1.90136
4	530	13	0	0
11	27	18	1	0
12	234	57	14	3.03309
13	16	13	0	0
14	22	35	4	0
Instant	75
1	627	25	1	0
2	19	13	0	0
3	358	46	10	1.19986
4	587	13	0	0
11	27	17	0	0
12	237	59	14	2.69886
13	17	13	0	0
14	25	33	3	0.4
Instant	76
1	562	29	2	0.618557
2	35	13	0	0
3	287	49	12	2.52547
4	613	13	0	0
11	24	18	1	0
12	197	55	12	3.47222
13	14	13	0	0
14	26	33	3	0
Instant	77
1	577	27	1	0.30303
2	41	13	0	0
3	307	50	13	1.80624
4	578	13	0	0
11	25	19	1	0
12	224	58	15	3.125
13	15	13	0	0
14	25	35	4	0
Instant	78
1	516	28	2	1.04626
2	32	13	0	0
3	253	49	13	2.83186
4	578	13	0	0
11	23	17	0	0
12	194	58	14	4.10156
13	14	13	0	0
14	25	35	4	0
Instant	79
1	578	27	1	0.601202
2	16	13	0	0
3	256	50	16	2.79059
4	590	13	0	0
11	25	17	0	0
12	170	57	16	4.60304
13	13	13	0	0
14	25	34	3	0
Instant	80
1	566	26	1	0.354251
2	11	13	0	0
3	353	45	11	0.953079
4	607	13	0	0
11	25	17	0	0
12	190	61	13	4.11932
13	17	13	0	0
14	26	33	2	0
Instant	81
1	628	27	1	0
2	26	13	0	0
3	351	47	10	1.44874
4	599	13	0	0
11	27	17	0	0
12	202	59	13	4.02462
13	17	13	0	0
14	25	33	3	0
Instant	82
1	579	28	1	0
2	20	13	0	0
3	305	54	13	1.89394
4	592	13	0	0
11	25	17	0	0
12	208	58	13	2.90179
13	15	13	0	0
14	25	34	4	0
Instant	83
1	534	27	2	0.682773
2	30	13	0	0
3	283	49	13	2.19565
4	585	13	0	0
11	24	18	1	0
12	184	54	15	3.88258
13	14	13	0	0
14	25	34	3	0
Instant	84
1	594	26	1	0.29703
2	27	13	0	0
3	274	49	14	2.28659
4	613	13	0	0
11	25	17	0	0
12	182	54	18	5.20833
13	14	13	0	0
14	26	32	3	0
Instant	85
1	576	26	1	0.397614
2	30	13	0	0
3	245	54	16	2.6819
4	592	13	0	0
11	25	17	0	0
12	188	57	18	3.56571
13	13	13	0	0
14	26	34	4	0
Instant	86
1	623	25	1	0.27881
2	28	13	0	0
3	327	46	11	1.85407
4	557	13	0	0
11	27	17	0	0
12	185	57	17	4.87132
13	15	13	0	0
14	24	34	3	0.632911
Instant	87
1	632	26	1	0
2	21	13	0	0
3	321	49	11	1.73287
4	592	13	0	0
11	27	18	0	0
12	195	59	14	4.2739
13	16	13	0	0
14	26	34	3	0
Instant	88
1	606	27	1	0.294118
2	26	13	0	0
3	360	49	11	1.02459
4	578	13	0	0
11	25	18	0	0
12	182	58	14	5.48986
13	16	13	0	0
14	24	36	4	0
Instant	89
1	620	25	1	0.277778
2	35	13	0	0
3	302	51	13	1.86897
4	592	13	0	0
11	27	17	0	0
12	204	55	12	2.89522
13	15	13	0	0
14	25	32	3	0.297619
Instant	90
1	629	26	1	0
2	18	13	0	0
3	279	50	13	2.27473
4	578	13	0	0
11	27	18	0	0
12	228	57	16	2.88086
13	14	13	0	0
14	25	36	3	0
Instant	91
1	605	26	1	0.287356
2	18	13	0	0
3	322	52	11	1.65207
4	605	13	0	0
11	26	18	1	0
12	203	57	14	3.5473
13	15	13	0	0
14	26	33	3	0
Instant	92
1	635	27	1	0
2	25	13	0	0
3	262	55	15	2.21774
4	607	13	0	0
11	27	17	0	0
12	210	52	14	3.55114
13	14	13	0	0
14	26	33	2	0
Instant	93
1	611	25	1	0.285171
2	21	13	0	0
3	338	47	12	1.52672
4	585	13	0	0
11	27	18	1	0
12	182	56	15	3.92992
13	16	13	0	0
14	26	34	3	0
Instant	94
1	573	26	1	0.6
2	29	13	0	0
3	304	52	15	2.0934
4	599	13	0	0
11	25	18	0	0
12	179	59	16	4.13851
13	15	13	0	0
14	25	34	3	0
Instant	95
1	612	28	2	0.0478927
2	27	13	0	0
3	321	48	11	1.78292
4	597	13	0	0
11	26	17	0	0
12	217	57	14	3.35478
13	15	13	0	0
14	25	34	3	0
Instant	96
1	647	25	0	0.0457875
2	27	13	0	0
3	304	49	14	1.80369
4	600	13	0	0
11	28	18	0	0
12	193	57	15	4.18199
13	14	13	0	0
14	26	32	2	0
Instant	97
1	634	26	0	0
2	29	13	0	0
3	321	49	12	1.5625
4	592	13	0	0
11	27	18	0	0
12	187	53	13	3.35366
13	15	13	0	0
14	25	34	4	0
Instant	98
1	620	27	1	0
2	27	13	0	0
3	289	50	12	2.12855
4	620	13	0	0
11	27	18	1	0
12	202	55	16	3.44669
13	15	13	0	0
14	26	32	3	0
Instant	99
1	648	26	1	0
2	24	13	0	0
3	332	50	11	1.56012
4	578	13	0	0
11	27	17	0	0
12	223	59	15	3.99816
13	16	13	0	0
14	25	33	3	0.304878
Instant	100
1	639	26	0	0
2	23	13	0	0
3	337	49	14	1.5361
4	627	13	0	0
11	27	17	0	0
12	180	59	14	4.64527
13	16	13	0	0
14	27	31	2	0
Instant	101
1	622	26	1	0.274725
2	23	13	0	0
3	308	48	13	1.90476
4	620	13	0	0
11	27	18	0	0
12	202	56	14	3.26287
13	15	13	0	0
14	27	32	2	0
Instant	102
1	669	24	0	0
2	11	13	0	0
3	305	46	14	2.33494
4	592	13	0	0
11	28	17	0	0
12	197	59	15	4.6875
13	15	13	0	0
14	26	33	3	0
Instant	103
1	620	26	1	0.280899
2	27	13	0	0
3	287	49	12	2.41191
4	592	13	0	0
11	27	17	0	0
12	191	57	16	4.22297
13	15	13	0	0
14	26	34	3	0
Instant	104
1	504	28	2	0.747126
2	21	13	0	0
3	284	50	11	2.10102
4	592	13	0	0
11	22	17	0	0
12	183	59	15	4.64154
13	14	13	0	0
14	25	35	3	0
Instant	105
1	587	27	1	0.0492126
2	37	13	0	0
3	316	49	11	1.62109
4	592	13	0	0
11	26	17	0	0
12	210	59	15	3.76838
13	16	13	0	0
14	26	33	3	0
Instant	106
1	637	26	1	0
2	39	13	0	0
3	289	50	13	2.32802
4	627	13	0	0
11	27	18	1	0
12	202	58	13	3.29392
13	15	13	0	0
14	27	31	2	0
Instant	107
1	627	26	1	0
2	34	13	0	0
3	347	49	11	1.48628
4	584	13	0	0
11	27	18	1	0
12	212	53	15	3.86029
13	16	13	0	0
14	25	33	4	0
Instant	108
1	634	26	1	0
2	38	13	0	0
3	310	48	12	2.01863
4	600	13	0	0
11	27	18	1	0
12	211	61	14	3.17096
13	16	13	0	0
14	26	33	3	0.294118
Instant	109
1	591	27	1	0.291262
2	29	13	0	0
3	307	53	12	1.7198
4	599	13	0	0
11	26	17	0	0
12	177	58	16	3.60863
13	15	13	0	0
14	26	33	3	0
Instant	110
1	642	26	0	0
2	12	13	0	0
3	326	49	11	1.39107
4	592	13	0	0
11	27	17	0	0
12	216	60	15	3.80859
13	16	13	0	0
14	25	34	3	0
Instant	111
1	605	26	1	0.287908
2	10	13	0	0
3	319	52	13	1.57767
4	592	13	0	0
11	26	18	1	0
12	191	60	12	4.22794
13	15	13	0	0
14	25	34	3	0
Instant	112
1	656	25	1	0
2	14	13	0	0
3	292	48	12	2.01681
4	599	13	0	0
11	27	17	0	0
12	199	53	13	3.5473
13	14	13	0	0
14	26	34	3	0
Instant	113
1	627	27	1	0
2	19	13	0	0
3	358	46	12	1.25181
4	585	13	0	0
11	28	17	0	0
12	216	57	14	3.58456
13	17	13	0	0
14	25	34	4	0
Instant	114
1	641	25	1	0
2	20	13	0	0
3	319	49	13	1.71926
4	578	13	0	0
11	28	18	0	0
12	209	57	15	3.76838
13	15	13	0	0
14	24	34	3	0.304878
Instant	115
1	594	24	0	0.345168
2	26	13	0	0
3	358	49	12	1.32712
4	613	13	0	0
11	26	18	0	0
12	175	55	15	3.96959
13	17	13	0	0
14	26	32	3	0
Instant	116
1	605	26	1	0.291262
2	30	13	0	0
3	277	54	14	2.24472
4	599	13	0	0
11	26	17	0	0
12	204	56	12	3.76838
13	14	13	0	0
14	25	34	3	0
Instant	117
1	634	26	1	0
2	33	13	0	0
3	308	52	12	1.70361
4	585	13	0	0
11	27	18	0	0
12	204	59	15	4.96324
13	15	13	0	0
14	25	34	3	0
Instant	118
1	567	28	2	0.589391
2	31	13	0	0
3	303	56	14	1.87188
4	585	13	0	0
11	26	17	1	0
12	178	59	13	4.2652
13	15	13	0	0
14	25	34	4	0
Instant	119
1	740	27	1	0.0401284
2	14	13	0	0
3	333	46	12	1.56489
4	578	13	0	0
11	31	17	0	0
12	207	58	17	3.99816
13	16	13	0	0
14	25	35	4	0
