	T	D	J	LP
Instant	0
1	0	0	0	0
2	0	0	0	0
3	0	0	0	0
4	0	0	0	0
11	0	0	0	0
12	0	0	0	0
13	0	0	0	0
14	0	0	0	0
Instant	1
1	382	25	2	0
2	15	13	0	0
3	26	51	21	1.59465
4	108	13	0	0
11	16	17	0	0
12	33	65	7	4.99195
13	1	13	0	0
14	3	50	10	0.247201
Instant	2
1	1538	28	2	0.114068
2	30	13	0	0
3	28	63	17	5.18084
4	602	13	0	0
11	68	19	0	0
12	6	75	24	1.0167
13	5	13	0	0
14	19	51	6	0.88229
Instant	3
1	1475	27	3	0.513834
2	22	13	0	0
3	31	74	26	6.05536
4	592	14	0	0
11	65	17	0	0
12	0	0	0	0
13	4	13	0	0
14	19	52	6	0.889328
Instant	4
1	1197	27	3	0.315534
2	20	13	0	0
3	29	57	18	3.64416
4	518	13	0	0
11	53	18	0	0
12	1	100	11	2.36904
13	4	13	0	0
14	17	48	6	1.1815
Instant	5
1	1085	25	2	0
2	26	13	0	0
3	23	79	24	6.25711
4	404	13	0	0
11	47	19	1	0
12	0	0	0	0
13	4	13	0	0
14	12	49	6	1.18933
Instant	6
1	1123	24	2	0.312175
2	17	13	0	0
3	30	67	22	8.57763
4	396	13	0	0
11	49	18	0	0
12	0	0	0	0
13	4	13	0	0
14	13	51	7	0.843157
Instant	7
1	999	26	2	0.436047
2	26	13	0	0
3	31	76	19	5.76923
4	374	13	0	0
11	44	18	0	0
12	7	68	24	3.3033
13	5	13	0	0
14	12	50	7	0.832466
Instant	8
1	894	26	2	0
2	25	13	0	0
3	23	67	22	4.58333
4	353	13	0	0
11	39	18	0	0
12	13	72	32	0.90777
13	4	13	0	0
14	11	55	9	0.950937
Instant	9
1	579	28	2	0.485437
2	26	13	0	0
3	25	70	18	6.82078
4	327	13	0	0
11	26	18	0	0
12	10	73	21	0.653595
13	4	13	0	0
14	11	53	8	0.849131
Instant	10
1	635	26	1	0.283019
2	36	13	0	0
3	30	76	15	6.79012
4	342	13	0	0
11	27	17	0	0
12	18	65	21	0.700701
13	4	13	0	0
14	12	54	7	0.635192
Instant	11
1	594	27	2	0.292969
2	17	13	0	0
3	22	75	14	4.65183
4	338	13	0	0
11	26	18	1	0
12	9	66	19	0.90777
13	4	13	0	0
14	11	50	8	0.938222
Instant	12
1	614	28	2	0
2	31	13	0	0
3	21	65	29	7.62061
4	308	13	0	0
11	26	19	1	0
12	16	75	16	0.689906
13	4	13	0	0
14	10	54	11	0.985325
Instant	13
1	574	25	1	0.584795
2	31	13	0	0
3	27	76	18	9.32476
4	317	13	0	0
11	26	17	0	0
12	16	70	20	0.499706
13	4	13	0	0
14	10	50	9	0.805794
Instant	14
1	464	29	2	1.00251
2	26	13	0	0
3	26	72	15	5.98705
4	317	13	0	0
11	20	18	0	0
12	7	63	21	0.762527
13	4	13	0	0
14	10	50	9	0.905576
Instant	15
1	477	27	2	1.04408
2	28	13	0	0
3	30	72	23	3.33859
4	319	13	0	0
11	22	18	0	0
12	9	68	23	1.08932
13	5	13	0	0
14	10	52	8	0.921964
Instant	16
1	538	28	1	0.635593
2	30	13	0	0
3	27	80	13	9.24731
4	332	13	0	0
11	24	17	0	0
12	18	69	18	0.734067
13	5	13	0	0
14	11	50	8	0.846049
Instant	17
1	552	29	2	0.105263
2	19	13	0	0
3	30	73	16	6.0231
4	347	13	0	0
11	24	18	1	0
12	19	63	20	0.326797
13	4	13	0	0
14	12	52	8	0.745712
Instant	18
1	485	28	2	0.580046
2	33	13	0	0
3	29	73	17	5.5914
4	370	13	0	0
11	22	17	0	0
12	16	59	23	0.617284
13	4	13	0	0
14	12	51	9	0.720056
Instant	19
1	513	25	1	1.40998
2	27	13	0	0
3	35	77	11	7.93011
4	343	13	0	0
11	23	18	0	0
12	8	77	12	0.934268
13	4	13	0	0
14	11	49	8	0.846576
Instant	20
1	538	27	1	0.593952
2	32	13	0	0
3	26	66	17	4.63889
4	331	13	0	0
11	23	18	0	0
12	10	68	13	0.835149
13	4	13	0	0
14	11	51	8	0.728678
Instant	21
1	634	26	1	0
2	38	13	0	0
3	22	75	24	5.9247
4	321	13	0	0
11	27	17	0	0
12	15	56	20	0.90777
13	4	13	0	0
14	10	50	9	1.00904
Instant	22
1	521	27	3	0.995575
2	32	13	0	0
3	28	66	17	8.09748
4	319	13	0	0
11	23	17	0	0
12	13	70	27	0.567234
13	4	13	0	0
14	10	46	7	0.901175
Instant	23
1	607	26	1	0.286807
2	27	13	0	0
3	40	77	19	4.16667
4	318	13	0	0
11	26	18	0	0
12	20	57	23	0.689906
13	5	13	0	0
14	10	50	8	0.880138
Instant	24
1	561	27	2	0.413223
2	24	13	0	0
3	25	80	17	5.38889
4	354	13	0	0
11	24	17	0	0
12	9	76	27	0.835149
13	4	13	0	0
14	12	47	7	0.872841
Instant	25
1	568	27	2	0.609756
2	18	13	0	0
3	25	72	15	5.72057
4	330	13	0	0
11	24	18	1	0
12	14	64	23	0.558495
13	4	13	0	0
14	10	52	8	0.756682
Instant	26
1	497	28	1	0.995575
2	23	13	0	0
3	21	79	17	5.89701
4	317	13	0	0
11	23	18	1	0
12	18	73	19	0.508352
13	4	13	0	0
14	10	50	8	0.921964
Instant	27
1	595	27	2	0.0479846
2	35	13	0	0
3	26	70	15	7.81926
4	324	13	0	0
11	26	18	0	0
12	16	62	18	0.762527
13	4	13	0	0
14	11	48	10	0.852273
Instant	28
1	460	29	1	1.46341
2	21	13	0	0
3	35	70	25	6.00329
4	304	13	0	0
11	20	19	1	0
12	6	67	17	1.02881
13	4	13	0	0
14	10	52	9	0.828026
Instant	29
1	594	27	1	0.3
2	28	13	0	0
3	23	73	15	7.55627
4	306	13	0	0
11	25	19	1	0
12	19	64	23	0.544662
13	4	13	0	0
14	10	55	9	0.76866
Instant	30
1	554	28	1	0.366876
2	23	13	0	0
3	40	75	24	5.17949
4	313	13	0	0
11	24	17	0	0
12	9	55	20	0.90777
13	5	13	0	0
14	10	51	7	0.919576
Instant	31
1	594	27	1	0
2	23	13	0	0
3	38	68	21	5.49422
4	324	13	0	0
11	26	18	0	0
12	13	69	23	0.700701
13	4	13	0	0
14	11	53	8	0.801282
Instant	32
1	592	28	1	0
2	26	13	0	0
3	46	71	22	6.56802
4	319	13	0	0
11	25	20	1	0
12	12	75	19	0.689906
13	5	13	0	0
14	10	50	8	0.811165
Instant	33
1	617	27	1	0
2	22	13	0	0
3	34	71	22	7.22222
4	353	13	0	0
11	26	18	1	0
12	20	67	17	0.798838
13	4	13	0	0
14	12	48	7	0.762195
Instant	34
1	544	27	1	0.3125
2	20	13	0	0
3	24	66	23	5
4	333	13	0	0
11	24	17	0	0
12	13	68	15	0.433767
13	4	13	0	0
14	11	52	9	0.780947
Instant	35
1	585	27	1	0.494071
2	31	13	0	0
3	33	72	19	6.4693
4	330	13	0	0
11	25	18	0	0
12	19	69	21	0.726216
13	4	13	0	0
14	10	47	7	0.949429
Instant	36
1	575	26	1	0.841584
2	45	13	0	0
3	34	73	12	4.80043
4	324	14	0	0
11	26	18	1	0
12	10	75	19	0.90777
13	4	13	0	0
14	11	51	9	0.777512
Instant	37
1	577	27	1	0.349301
2	35	13	0	0
3	36	73	15	4.43206
4	334	13	0	0
11	25	18	1	0
12	14	68	19	0.529101
13	4	13	0	0
14	11	52	8	0.717889
Instant	38
1	566	31	2	0.106838
2	11	13	0	0
3	27	81	16	6.05061
4	317	13	0	0
11	23	18	1	0
12	12	71	20	0.689906
13	4	13	0	0
14	10	49	8	0.8672
Instant	39
1	559	29	2	0.462012
2	26	13	0	0
3	20	74	20	3.90539
4	300	13	0	0
11	24	18	0	0
12	15	75	17	0.835149
13	4	13	0	0
14	9	50	7	0.912801
Instant	40
1	613	26	1	0
2	23	13	0	0
3	24	60	19	12.055
4	332	13	0	0
11	26	19	1	0
12	14	56	11	0.633967
13	4	13	0	0
14	11	49	8	0.79902
Instant	41
1	592	27	1	0.291262
2	21	13	0	0
3	32	79	26	4.51168
4	306	13	0	0
11	26	17	0	0
12	21	57	25	0.508352
13	4	13	0	0
14	9	45	8	1.07868
Instant	42
1	594	26	1	0.336538
2	26	13	0	0
3	31	65	20	5.18395
4	310	13	0	0
11	26	17	0	0
12	16	77	15	0.689906
13	4	13	0	0
14	10	51	9	0.804276
Instant	43
1	634	26	1	0
2	24	13	0	0
3	29	66	18	3.99579
4	313	13	0	0
11	27	18	0	0
12	8	76	10	0.800801
13	5	13	0	0
14	10	52	9	0.898389
Instant	44
1	579	27	1	0.30426
2	16	13	0	0
3	17	78	18	6.23602
4	323	13	0	0
11	25	18	0	0
12	19	58	18	0.689906
13	4	13	0	0
14	10	51	8	0.793173
Instant	45
1	557	27	1	0.511247
2	22	13	0	0
3	22	59	25	4.12698
4	309	13	0	0
11	25	17	0	0
12	21	70	19	0.399419
13	5	13	0	0
14	10	49	8	0.878294
Instant	46
1	541	29	2	0.319149
2	18	13	0	0
3	21	75	16	9.64326
4	330	13	0	0
11	23	19	0	0
12	11	70	25	0.834167
13	4	13	0	0
14	11	53	9	0.784314
Instant	47
1	612	28	2	0.0474383
2	23	13	0	0
3	33	71	19	11.6507
4	311	13	0	0
11	27	18	0	0
12	9	54	31	0.726216
13	5	13	0	0
14	10	53	9	0.859375
Instant	48
1	568	27	2	0.310559
2	32	13	0	0
3	30	72	15	7.17742
4	308	13	0	0
11	24	17	0	0
12	20	65	27	0.762527
13	4	13	0	0
14	9	50	9	1.04693
Instant	49
1	625	27	1	0
2	30	13	0	0
3	21	76	19	4.83218
4	308	13	0	0
11	27	18	0	0
12	10	64	28	0.617284
13	4	13	0	0
14	10	50	9	0.75662
Instant	50
1	542	26	1	0.373134
2	31	13	0	0
3	29	78	14	7.08333
4	309	13	0	0
11	23	19	1	0
12	12	66	19	0.689906
13	4	13	0	0
14	10	50	8	1.01677
Instant	51
1	627	27	1	0
2	16	13	0	0
3	25	70	17	5.28523
4	321	13	0	0
11	27	18	0	0
12	21	64	18	0.653595
13	4	13	0	0
14	11	51	8	0.769928
Instant	52
1	598	26	1	0.290698
2	22	13	0	0
3	31	76	15	7.95207
4	290	13	0	0
11	26	18	0	0
12	15	72	21	0.754458
13	4	13	0	0
14	9	51	8	0.944444
Instant	53
1	542	27	1	0.475687
2	37	13	0	0
3	30	68	17	5.27867
4	309	13	0	0
11	24	18	1	0
12	11	78	20	0.726216
13	4	13	0	0
14	10	50	9	0.924758
Instant	54
1	600	27	1	0.19305
2	42	13	0	0
3	26	79	16	6.25
4	311	14	0	0
11	26	18	0	0
12	10	60	28	0.798838
13	4	13	0	0
14	10	48	9	0.802277
Instant	55
1	562	29	1	0.610998
2	27	13	0	0
3	24	70	24	5.34745
4	327	13	0	0
11	25	18	0	0
12	13	72	14	0.834167
13	4	13	0	0
14	10	50	8	0.90882
Instant	56
1	579	28	1	0
2	26	13	0	0
3	26	80	14	6.73937
4	328	13	0	0
11	25	17	0	0
12	1	90	21	1.05301
13	4	13	0	0
14	11	50	8	0.802797
Instant	57
1	583	28	1	0
2	24	13	0	0
3	26	74	16	9.13719
4	311	13	0	0
11	25	18	0	0
12	18	67	25	0.798838
13	4	13	0	0
14	10	51	8	0.883522
Instant	58
1	575	30	2	0.720165
2	33	13	0	0
3	23	71	16	5.27497
4	307	13	0	0
11	24	17	0	0
12	12	58	20	0.767434
13	4	13	0	0
14	9	48	8	1.14068
Instant	59
1	592	27	1	0
2	28	13	0	0
3	32	81	19	6.75241
4	306	13	0	0
11	25	17	0	0.294118
12	16	64	18	0.617284
13	4	13	0	0
14	10	49	8	0.903042
Instant	60
1	561	27	1	0.660569
2	21	13	0	0
3	24	65	18	6.07811
4	317	13	0	0
11	25	17	0	0
12	16	70	18	0.689906
13	4	13	0	0
14	10	50	8	0.868056
Instant	61
1	623	27	1	0.286807
2	31	13	0	0
3	26	65	24	6.06823
4	329	14	0	0
11	26	17	0	0
12	21	68	23	0.352734
13	4	13	0	0
14	11	53	9	0.799763
Instant	62
1	541	27	2	0.317125
2	23	13	0	0
3	32	79	19	7.93901
4	341	13	0	0
11	24	18	0	0
12	14	65	23	0.726216
13	4	13	0	0
14	11	55	9	0.72774
Instant	63
1	570	25	2	0.360082
2	20	13	0	0
3	30	65	19	5.1282
4	334	13	0	0
11	24	19	1	0
12	7	60	32	1.0167
13	4	13	0	0
14	11	53	8	0.738151
Instant	64
1	535	30	2	0.104822
2	19	13	0	0
3	34	75	19	6.15468
4	308	13	0	0
11	24	18	1	0
12	19	64	23	0.600601
13	4	13	0	0
14	10	51	8	0.953434
Instant	65
1	586	27	2	0.498008
2	22	13	0	0
3	25	64	19	6.32465
4	293	13	0	0
11	25	18	1	0
12	20	70	16	0.544662
13	4	13	0	0
14	9	51	7	0.909392
Instant	66
1	592	28	1	0.297619
2	29	13	0	0
3	27	74	18	4.96743
4	318	13	0	0
11	25	18	0	0
12	14	70	18	0.617284
13	5	13	0	0
14	11	54	10	0.69784
Instant	67
1	620	28	1	0
2	26	13	0	0
3	28	75	14	6.69831
4	309	13	0	0
11	26	17	0	0
12	16	70	16	0.734067
13	4	13	0	0
14	10	52	8	0.991814
Instant	68
1	578	29	1	0.291262
2	37	13	0	0
3	35	73	27	4.9325
4	314	13	0	0
11	26	18	0	0
12	12	62	24	0.462963
13	5	13	0	0
14	10	51	9	0.760378
Instant	69
1	627	27	1	0
2	36	13	0	0
3	26	73	18	9.67113
4	289	13	0	0
11	26	18	0	0
12	10	71	29	1.19826
13	4	13	0	0
14	9	46	10	1.11408
Instant	70
1	550	28	2	0.369979
2	20	13	0	0
3	33	71	18	6.79688
4	311	13	0	0
11	24	18	1	0
12	12	65	18	0.433767
13	5	13	0	0
14	10	51	8	0.79588
Instant	71
1	594	25	1	0.583658
2	27	13	0	0
3	32	76	21	2.91005
4	324	13	0	0
11	26	18	0	0
12	17	69	21	0.87146
13	4	13	0	0
14	10	49	8	0.979217
Instant	72
1	586	28	1	0
2	26	13	0	0
3	24	73	26	9.1638
4	318	13	0	0
11	25	17	0	0
12	21	66	21	0.523756
13	4	13	0	0
14	10	52	8	0.735294
Instant	73
1	577	27	1	0.603622
2	18	13	0	0
3	32	71	17	6.32465
4	310	13	0	0
11	25	18	0	0
12	15	61	20	0.481783
13	4	13	0	0
14	10	50	7	0.975177
Instant	74
1	622	27	1	0.139147
2	19	13	0	0
3	32	76	17	6.27063
4	326	13	0	0
11	27	17	0	0
12	18	73	17	0.508352
13	4	13	0	0
14	11	50	8	0.622262
Instant	75
1	553	27	2	0.957661
2	26	13	0	0
3	29	62	16	6.32369
4	310	13	0	0
11	25	18	0	0
12	14	67	26	0.673401
13	4	13	0	0
14	10	54	8	0.82606
Instant	76
1	560	27	1	0.462963
2	28	13	0	0
3	39	69	17	5.38747
4	318	13	0	0
11	25	20	1	0
12	8	72	15	1.09739
13	5	13	0	0
14	10	51	8	0.747338
Instant	77
1	567	27	1	0.55
2	29	13	0	0
3	31	79	22	5.60065
4	311	13	0	0
11	25	18	0	0
12	16	61	22	0.655864
13	4	13	0	0
14	10	50	8	0.860451
Instant	78
1	567	27	1	0.310559
2	25	13	0	0
3	25	72	20	6.05061
4	299	13	0	0
11	24	18	0	0
12	9	64	14	0.810185
13	4	13	0	0
14	9	53	9	1.07405
Instant	79
1	566	27	1	0.307377
2	33	13	0	0
3	27	73	18	5.04115
4	311	13	0	0
11	24	19	1	0
12	16	78	17	0.567234
13	5	13	0	0
14	10	53	10	0.91032
Instant	80
1	611	26	0	0.289017
2	23	13	0	0
3	28	71	15	3.91211
4	307	13	0	0
11	26	17	0	0
12	22	70	20	0.598578
13	4	13	0	0
14	10	51	7	0.838608
Instant	81
1	519	27	2	1.23391
2	28	13	0	0
3	35	73	19	6.15468
4	314	13	0	0
11	23	17	0	0
12	13	74	20	0.598578
13	4	13	0	0
14	10	49	9	0.877463
Instant	82
1	590	28	2	0
2	32	13	0	0
3	42	64	16	4.46429
4	335	13	0	0
11	26	18	1	0
12	14	63	24	0.776014
13	5	13	0	0
14	11	49	8	0.783063
Instant	83
1	639	27	1	0.140713
2	17	13	0	0
3	16	87	24	5.9681
4	321	13	0	0
11	27	17	0	0
12	20	70	22	0.523756
13	4	13	0	0
14	11	52	8	0.771417
Instant	84
1	619	28	2	0.047259
2	24	13	0	0
3	27	70	22	4.61409
4	314	13	0	0
11	27	18	1	0
12	20	71	17	0.411523
13	4	13	0	0
14	10	49	8	0.792434
Instant	85
1	553	28	2	0.570539
2	22	13	0	0
3	31	73	15	6.04575
4	306	13	0	0
11	24	18	1	0
12	14	57	21	0.569801
13	4	13	0	0
14	10	54	9	0.804744
Instant	86
1	520	27	1	0.695931
2	27	13	0	0
3	30	77	13	5.59856
4	304	13	0	0
11	24	18	0	0
12	13	79	23	0.726216
13	4	13	0	0
14	10	56	8	1.02696
Instant	87
1	547	27	1	0.694444
2	28	13	0	0
3	26	62	24	8.25055
4	314	13	0	0
11	23	18	0	0
12	19	66	16	0.653595
13	4	13	0	0
14	10	53	7	0.775434
Instant	88
1	595	29	2	0.0480769
2	32	13	0	0
3	29	75	18	6.62879
4	306	13	0	0
11	26	17	0	0
12	13	58	18	0.667334
13	4	13	0	0
14	9	49	8	1.16328
Instant	89
1	585	27	1	0.609756
2	17	13	0	0
3	27	74	14	2.73179
4	311	13	0	0
11	25	18	0	0
12	14	76	22	0.762527
13	4	13	0	0
14	10	51	8	0.925345
Instant	90
1	475	28	1	0.699301
2	19	13	0	0
3	28	80	19	16.9304
4	326	13	0	0
11	22	18	1	0
12	1	79	0	0.964506
13	4	13	0	0
14	11	55	9	0.617284
Instant	91
1	544	29	1	0.691489
2	26	13	0	0
3	37	75	18	6.89845
4	312	13	0	0
11	24	18	0	0
12	16	74	17	0.867534
13	4	13	0	0
14	10	52	8	0.820864
Instant	92
1	590	29	1	0
2	20	13	0	0
3	23	72	16	5.72057
4	325	13	0	0
11	25	18	0	0
12	6	62	22	0.935279
13	4	13	0	0
14	11	49	7	0.732656
Instant	93
1	600	29	1	0
2	33	13	0	0
3	36	70	21	4.76939
4	328	14	0	0
11	26	17	0	0
12	13	74	23	0.710812
13	4	13	0	0
14	11	51	9	0.727435
Instant	94
1	513	28	2	0.704989
2	17	13	0	0
3	24	75	19	4.89071
4	309	13	0	0
11	23	18	0	0
12	17	61	28	0.600601
13	4	13	0	0
14	10	50	9	0.896226
Instant	95
1	551	27	1	0.314465
2	26	13	0	0
3	27	78	15	6.61422
4	305	13	0	0
11	24	18	0	0
12	15	65	23	0.726216
13	4	13	0	0
14	9	56	8	0.807823
Instant	96
1	528	28	1	0.71116
2	31	13	0	0
3	26	76	19	2.99564
4	326	13	0	0
11	23	17	0	0
12	15	76	18	0.762527
13	4	13	0	0
14	11	50	8	0.744934
Instant	97
1	562	28	2	0.357873
2	28	13	0	0
3	29	81	19	8.59873
4	319	13	0	0
11	25	18	0	0
12	14	64	18	0.542005
13	4	13	0	0
14	10	50	9	0.752033
Instant	98
1	549	29	1	0.259875
2	22	13	0	0
3	35	73	18	6.53595
4	311	13	0	0
11	24	18	0	0
12	18	67	13	0.544662
13	5	13	0	0
14	10	50	9	0.861353
Instant	99
1	611	27	2	0.295276
2	29	13	0	0
3	36	70	19	8.68167
4	310	13	0	0
11	25	19	1	0
12	17	66	19	0.580973
13	4	13	0	0
14	10	53	9	0.893977
Instant	100
1	512	29	2	0.615213
2	24	13	0	0
3	30	78	15	4.83281
4	341	13	0	0
11	22	19	1	0
12	9	68	20	1.06773
13	5	13	0	0
14	11	49	7	0.698431
Instant	101
1	589	28	1	0.295276
2	33	13	0	0
3	32	66	19	7.51096
4	309	13	0	0
11	26	18	0	0
12	12	64	14	0.580973
13	4	13	0	0
14	10	48	8	1.00376
Instant	102
1	613	27	1	0
2	26	13	0	0
3	26	79	18	5.73419
4	315	13	0	0
11	27	18	0	0
12	20	63	17	0.580973
13	4	13	0	0
14	10	53	8	0.765516
Instant	103
1	605	28	1	0.0490196
2	41	13	0	0
3	25	77	14	5.46358
4	327	13	0	0
11	26	18	0	0
12	12	68	26	0.633967
13	4	13	0	0
14	11	50	7	0.845267
Instant	104
1	565	26	1	0.641026
2	26	13	0	0
3	30	69	17	5.78627
4	302	13	0	0
11	25	18	0	0
12	17	65	16	0.762527
13	4	13	0	0
14	10	53	8	0.785256
Instant	105
1	591	27	1	0
2	12	13	0	0
3	27	71	26	6.17584
4	300	13	0	0
11	25	18	0	0
12	14	75	18	0.689906
13	4	13	0	0
14	9	55	10	0.875486
Instant	106
1	574	27	1	0.307377
2	19	13	0	0
3	27	70	18	4.66667
4	316	13	0	0
11	25	17	0	0
12	13	68	25	0.667334
13	4	13	0	0
14	10	54	9	0.796342
Instant	107
1	613	27	1	0
2	37	13	0	0
3	28	76	18	11.465
4	312	13	0	0
11	26	19	1	0
12	18	65	24	0.617284
13	4	13	0	0
14	10	54	9	0.927653
Instant	108
1	630	26	1	0
2	26	13	0	0
3	25	68	16	3.96308
4	315	13	0	0
11	27	18	0	0
12	21	66	15	0.43573
13	4	13	0	0
14	10	50	8	0.902434
Instant	109
1	606	27	2	0
2	24	13	0	0
3	32	70	18	6.78491
4	314	13	0	0
11	27	18	0	0
12	12	69	19	0.617284
13	4	13	0	0
14	10	47	8	0.93107
Instant	110
1	594	26	1	0.3
2	30	13	0	0
3	29	73	16	5.52885
4	318	13	0	0
11	25	17	0	0
12	26	65	18	0.308642
13	4	13	0	0
14	11	52	9	0.748382
Instant	111
1	607	28	1	0
2	30	13	0	0
3	27	70	17	2.80475
4	311	13	0	0
11	26	18	0	0
12	18	66	23	0.544662
13	4	13	0	0
14	10	49	8	0.829161
Instant	112
1	565	27	1	0.308008
2	26	13	0	0
3	29	77	15	9.76431
4	311	13	0	0
11	25	18	0	0
12	14	68	26	0.767434
13	4	13	0	0
14	10	52	8	0.949103
Instant	113
1	592	29	1	0.297619
2	14	13	0	0
3	29	71	15	5.58152
4	303	13	0	0
11	25	17	0	0
12	18	69	18	0.544662
13	4	13	0	0
14	10	51	8	0.92711
Instant	114
1	616	28	1	0
2	28	13	0	0
3	23	75	14	4.34905
4	315	13	0	0
11	26	17	0	0
12	26	64	24	0.363108
13	4	13	0	0
14	10	49	7	0.825133
Instant	115
1	606	26	1	0.574713
2	33	13	0	0
3	32	73	18	4.28803
4	328	13	0	0
11	26	17	0	0
12	11	70	15	0.600601
13	4	13	0	0
14	11	52	8	0.752177
Instant	116
1	592	29	1	0.146484
2	22	13	0	0
3	30	81	21	11.9048
4	320	13	0	0
11	26	18	1	0
12	16	69	18	0.90777
13	5	13	0	0
14	11	52	9	0.884146
Instant	117
1	624	27	1	0.0469925
2	24	13	0	0
3	25	72	15	5.75461
4	314	13	0	0
11	27	17	0	0
12	15	61	20	0.653595
13	4	13	0	0
14	10	52	8	0.849815
Instant	118
1	625	25	1	0.275735
2	33	13	0	0
3	27	76	20	4.6875
4	308	13	0	0
11	27	17	0	0
12	16	75	21	0.500501
13	4	13	0	0
14	10	50	7	0.982256
Instant	119
1	557	29	2	0.0533049
2	27	13	0	0
3	24	67	22	6.61111
4	313	13	0	0
11	23	18	0	0
12	22	71	16	0.43573
13	4	13	0	0
14	10	49	11	0.815779
