	T	D	J	LP
Instant	0
1	0	0	0	0
2	0	0	0	0
3	0	0	0	0
4	0	0	0	0
11	0	0	0	0
12	0	0	0	0
13	0	0	0	0
14	0	0	0	0
Instant	1
1	382	25	2	0
2	16	13	0	0
3	24	50	19	1.7094
4	90	13	0	0
11	16	17	0	0
12	33	70	7	4.43478
13	1	13	0	0
14	2	56	14	0.271392
Instant	2
1	1522	28	2	0.115296
2	24	13	0	0
3	21	59	14	5.74619
4	642	13	0	0
11	67	19	0	0
12	9	73	23	3.04557
13	4	13	0	0
14	19	53	7	0.997259
Instant	3
1	1437	26	2	0.533224
2	29	13	0	0
3	36	68	25	5.35117
4	633	13	0	0
11	63	18	0	0
12	3	98	0	0.680603
13	4	13	0	0
14	20	56	7	1.22095
Instant	4
1	921	28	2	0.404229
2	21	13	0	0
3	30	64	20	4.98252
4	507	13	0	0
11	42	17	0	0
12	0	0	0	0
13	4	13	0	0
14	15	52	7	1.17949
Instant	5
1	698	28	2	0
2	22	13	0	0
3	15	77	16	6.52432
4	442	13	0	0
11	30	19	1	0
12	0	0	0	0
13	4	13	0	0
14	14	53	7	1.02056
Instant	6
1	742	27	1	0.451128
2	25	13	0	0
3	38	74	17	5.11364
4	370	13	0	0
11	33	17	0	0
12	0	0	0	0
13	4	13	0	0
14	11	53	9	0.994567
Instant	7
1	900	27	2	0
2	20	13	0	0
3	25	64	21	5.15312
4	364	13	0	0
11	38	18	1	0
12	0	0	0	0
13	4	13	0	0
14	12	52	8	0.879778
Instant	8
1	736	28	1	0
2	32	13	0	0
3	15	78	13	5.66779
4	298	13	0	0
11	32	19	0	0
12	0	0	0	0
13	4	13	0	0
14	9	51	8	1.02814
Instant	9
1	651	27	1	0
2	27	13	0	0
3	24	68	21	7.00355
4	294	13	0	0
11	28	18	1	0
12	0	0	0	0
13	4	13	0	0
14	9	53	9	1.11588
Instant	10
1	700	27	1	0.250417
2	24	13	0	0
3	26	72	24	11.3531
4	283	13	0	0
11	30	18	1	0
12	0	0	0	0
13	4	13	0	0
14	9	53	8	1.05874
Instant	11
1	661	29	1	0
2	26	13	0	0
3	28	70	19	6.45425
4	318	13	0	0
11	29	18	0	0
12	0	0	0	0
13	4	13	0	0
14	10	53	8	0.814001
Instant	12
1	680	26	1	0.255537
2	30	13	0	0
3	29	82	14	4.49346
4	306	13	0	0
11	29	17	0	0
12	0	0	0	0
13	4	13	0	0
14	10	49	7	0.906489
Instant	13
1	681	28	1	0.261324
2	14	13	0	0
3	31	67	20	6.28371
4	333	13	0	0
11	29	17	0	0
12	0	0	0	0
13	4	13	0	0
14	11	50	8	0.850836
Instant	14
1	446	30	3	1.40587
2	20	13	0	0
3	25	78	14	7.94052
4	332	13	0	0
11	20	18	0	0
12	0	0	0	0
13	4	13	0	0
14	11	52	9	0.942751
Instant	15
1	581	28	1	0.301811
2	37	13	0	0
3	21	77	16	5.90909
4	297	13	0	0
11	25	18	0	0
12	0	0	0	0
13	4	13	0	0
14	9	51	7	0.954861
Instant	16
1	567	26	1	0.352113
2	17	13	0	0
3	21	77	18	4.67213
4	311	13	0	0
11	25	17	0	0
12	0	0	0	0
13	4	13	0	0
14	10	51	8	1.0534
Instant	17
1	660	26	1	0.0454545
2	21	13	0	0
3	19	77	20	7.65074
4	309	13	0	0
11	28	17	0	0
12	0	0	0	0
13	4	13	0	0
14	10	46	8	0.925926
Instant	18
1	599	28	1	0
2	34	13	0	0
3	19	76	21	7.66219
4	338	13	0	0
11	26	18	0	0
12	0	0	0	0
13	4	13	0	0
14	11	49	7	0.841994
Instant	19
1	497	29	2	0.813953
2	15	13	0	0
3	23	83	15	7.31293
4	316	13	0	0
11	22	18	0	0
12	0	0	0	0
13	4	13	0	0
14	10	49	9	0.88848
Instant	20
1	505	28	1	0.615213
2	24	13	0	0
3	31	75	15	4.45493
4	325	13	0	0
11	23	18	0	0
12	0	0	0	0
13	5	13	0	0
14	10	52	8	0.898204
Instant	21
1	543	30	2	0.741525
2	30	13	0	0
3	26	75	12	8.13559
4	295	13	0	0
11	23	17	0	0
12	0	0	0	0
13	4	13	0	0
14	9	55	9	1.07315
Instant	22
1	533	27	2	0.638298
2	22	13	0	0
3	26	66	21	7.12275
4	316	13	0	0
11	24	18	0	0
12	0	0	0	0
13	4	13	0	0
14	10	50	8	0.895782
Instant	23
1	555	27	1	0.935551
2	30	13	0	0
3	30	74	20	5.17799
4	297	13	0	0
11	24	17	0	0
12	0	0	0	0
13	5	13	0	0
14	9	53	9	0.823517
Instant	24
1	558	29	1	0.256148
2	31	13	0	0
3	22	75	16	6.85123
4	296	13	0	0
11	25	18	0	0
12	0	0	0	0
13	4	13	0	0
14	9	52	9	0.980392
Instant	25
1	586	28	1	0.049505
2	21	13	0	0
3	22	81	13	4.81546
4	311	13	0	0
11	25	18	0	0
12	0	0	0	0
13	4	13	0	0
14	9	50	9	1.04819
Instant	26
1	586	27	1	0.350701
2	22	13	0	0
3	20	54	24	6.10923
4	293	13	0	0
11	25	18	0	0
12	0	0	0	0
13	4	13	0	0
14	9	53	8	0.975177
Instant	27
1	575	28	1	0
2	24	13	0	0
3	26	72	28	6.83107
4	303	13	0	0
11	25	18	1	0
12	0	0	0	0
13	4	13	0	0
14	9	53	10	1.02696
Instant	28
1	599	27	1	0.290698
2	24	13	0	0
3	25	76	20	9.79885
4	288	13	0	0
11	26	19	1	0
12	0	0	0	0
13	4	13	0	0
14	9	51	8	0.98832
Instant	29
1	550	28	1	0.623701
2	25	13	0	0
3	23	77	15	5.60897
4	296	13	0	0
11	24	17	0	0
12	0	0	0	0
13	4	13	0	0
14	9	51	9	0.84644
Instant	30
1	578	27	1	0.304878
2	30	13	0	0
3	27	74	17	5.72222
4	310	13	0	0
11	25	19	1	0
12	0	0	0	0
13	4	13	0	0
14	10	49	8	0.86675
Instant	31
1	535	27	1	0.623701
2	21	13	0	0
3	35	73	17	5.66343
4	301	13	0	0
11	24	18	1	0
12	0	0	0	0
13	4	13	0	0
14	9	52	8	0.853737
Instant	32
1	615	27	1	0.29703
2	26	13	0	0
3	31	73	16	5.76063
4	302	13	0	0
11	25	18	0	0
12	0	0	0	0
13	4	13	0	0
14	9	50	8	1.11684
Instant	33
1	527	28	1	0.314465
2	29	13	0	0
3	25	78	16	4.11255
4	301	13	0	0
11	24	18	0	0
12	0	0	0	0
13	4	13	0	0
14	9	53	9	0.858161
Instant	34
1	491	28	2	1.51685
2	15	13	0	0
3	24	76	16	7.85634
4	291	13	0	0
11	22	17	0	0
12	0	0	0	0
13	4	13	0	0
14	9	52	9	0.883333
Instant	35
1	533	27	1	0.974026
2	17	13	0	0
3	30	71	23	7.48634
4	299	13	0	0
11	23	17	0	0
12	0	0	0	0
13	4	13	0	0
14	9	50	9	0.85056
Instant	36
1	634	25	1	0.274725
2	25	13	0	0
3	22	73	26	8.61204
4	294	13	0	0
11	27	18	0	0
12	0	0	0	0
13	4	13	0	0
14	9	55	8	0.934477
Instant	37
1	620	27	1	0
2	30	13	0	0
3	27	76	17	5.23575
4	295	13	0	0
11	27	18	1	0
12	0	0	0	0
13	4	13	0	0
14	9	53	8	0.838816
Instant	38
1	546	28	2	0.31185
2	28	13	0	0
3	31	69	22	6.8306
4	294	13	0	0
11	24	18	0	0
12	0	0	0	0
13	4	13	0	0
14	9	53	8	0.872859
Instant	39
1	577	27	1	0.309917
2	34	13	0	0
3	29	77	18	5.00559
4	317	13	0	0
11	24	19	1	0
12	0	0	0	0
13	4	13	0	0
14	10	52	8	0.884458
Instant	40
1	558	27	2	0.462012
2	19	13	0	0
3	25	75	16	5.38549
4	305	13	0	0
11	25	18	1	0
12	0	0	0	0
13	4	13	0	0
14	9	50	10	1.04167
Instant	41
1	561	29	1	0.306122
2	26	13	0	0
3	27	74	16	5.67941
4	303	13	0	0
11	24	17	0	0
12	0	0	0	0
13	4	13	0	0
14	9	52	10	0.970613
Instant	42
1	622	26	1	0.283019
2	24	13	0	0
3	21	74	23	7.17514
4	298	13	0	0
11	27	17	0	0
12	0	0	0	0
13	4	13	0	0
14	9	50	8	0.931309
Instant	43
1	620	27	1	0
2	36	13	0	0
3	28	68	19	7.95848
4	314	13	0	0
11	27	18	0	0
12	0	0	0	0
13	4	13	0	0
14	10	53	7	0.958748
Instant	44
1	529	27	2	0.655022
2	20	13	0	0
3	21	74	22	7.5477
4	289	13	0	0
11	23	18	0	0
12	0	0	0	0
13	4	13	0	0
14	9	49	9	0.915996
Instant	45
1	545	28	1	0.363071
2	16	13	0	0
3	27	81	13	7.11921
4	292	13	0	0
11	24	18	0	0
12	0	0	0	0
13	4	13	0	0
14	9	52	8	0.947473
Instant	46
1	554	29	1	0.323974
2	21	13	0	0
3	27	76	18	5.73818
4	304	13	0	0
11	23	18	1	0
12	0	0	0	0
13	4	13	0	0
14	10	50	9	0.903042
Instant	47
1	557	26	2	0.607287
2	30	13	0	0
3	36	76	13	3.67188
4	303	13	0	0
11	25	18	1	0
12	0	0	0	0
13	4	13	0	0
14	10	51	9	0.982906
Instant	48
1	612	27	2	0.0478011
2	38	13	0	0
3	24	76	20	7.36111
4	305	13	0	0
11	26	18	1	0
12	0	0	0	0
13	4	13	0	0
14	9	50	9	1.00446
Instant	49
1	588	28	1	0
2	18	13	0	0
3	29	76	20	4.09253
4	309	13	0	0
11	25	19	1	0
12	0	0	0	0
13	4	13	0	0
14	9	51	8	1.04035
Instant	50
1	550	28	1	0.3125
2	21	13	0	0
3	22	71	14	6.97809
4	312	13	0	0
11	24	18	0	0
12	0	0	0	0
13	4	13	0	0
14	10	53	7	0.819926
Instant	51
1	629	26	1	0.279851
2	19	13	0	0
3	29	69	17	6.46315
4	332	13	0	0
11	27	17	0	0
12	0	0	0	0
13	4	13	0	0
14	11	51	8	0.783392
Instant	52
1	623	26	1	0
2	27	13	0	0
3	21	72	22	5.98007
4	306	13	0	0
11	27	18	1	0
12	0	0	0	0
13	4	13	0	0
14	9	51	7	0.959916
Instant	53
1	621	26	1	0
2	22	13	0	0
3	24	66	22	7.91805
4	314	13	0	0
11	27	18	1	0
12	0	0	0	0
13	4	13	0	0
14	10	51	8	0.960347
Instant	54
1	612	26	1	0.294695
2	30	13	0	0
3	26	79	15	8.22148
4	329	13	0	0
11	26	18	0	0
12	0	0	0	0
13	4	13	0	0
14	11	51	9	0.688705
Instant	55
1	597	28	1	0
2	27	13	0	0
3	19	67	22	6.02477
4	320	13	0	0
11	26	18	0	0
12	0	0	0	0
13	4	13	0	0
14	10	50	8	0.969346
Instant	56
1	578	27	2	0.609756
2	20	13	0	0
3	29	77	13	6.85959
4	296	13	0	0
11	25	18	0	0
12	0	0	0	0
13	5	13	0	0
14	9	51	9	1.0607
Instant	57
1	573	27	2	0.344488
2	25	13	0	0
3	27	73	22	6.76734
4	310	13	0	0
11	26	18	1	0
12	0	0	0	0
13	4	13	0	0
14	10	52	9	0.874162
Instant	58
1	628	26	2	0.511152
2	28	13	0	0
3	25	75	14	4.35154
4	309	13	0	0
11	27	17	0	0
12	0	0	0	0
13	4	13	0	0
14	10	52	8	0.86675
Instant	59
1	620	26	1	0
2	26	13	0	0
3	29	77	17	7.84983
4	312	13	0	0
11	26	19	1	0
12	0	0	0	0
13	4	13	0	0
14	10	54	9	0.70911
Instant	60
1	547	26	1	0.317797
2	32	13	0	0
3	27	78	14	6.59609
4	331	13	0	0
11	24	19	1	0
12	0	0	0	0
13	4	13	0	0
14	11	51	8	0.855962
Instant	61
1	599	27	1	0
2	27	13	0	0
3	28	78	13	5.82497
4	314	13	0	0
11	26	19	0	0
12	0	0	0	0
13	4	13	0	0
14	10	54	8	0.834363
Instant	62
1	628	28	1	0
2	23	13	0	0
3	22	72	25	7.85953
4	291	13	0	0
11	27	17	0	0
12	0	0	0	0
13	4	13	0	0
14	9	57	9	1.09034
Instant	63
1	620	26	1	0
2	29	13	0	0
3	35	67	20	5.06051
4	326	13	0	0
11	27	18	1	0
12	0	0	0	0
13	4	13	0	0
14	10	49	8	0.83035
Instant	64
1	546	28	1	0.636943
2	19	13	0	0
3	26	77	14	5.68828
4	319	13	0	0
11	24	18	0	0
12	0	0	0	0
13	4	13	0	0
14	10	51	8	1.06577
Instant	65
1	549	28	2	0.313808
2	19	13	0	0
3	26	73	16	7.38573
4	292	13	0	0
11	24	19	1	0
12	0	0	0	0
13	4	13	0	0
14	8	52	8	1.02641
Instant	66
1	547	28	2	0.461066
2	27	13	0	0
3	32	75	23	6.42303
4	310	13	0	0
11	25	18	0	0
12	0	0	0	0
13	4	13	0	0
14	10	51	9	0.989322
Instant	67
1	515	28	1	0.963719
2	36	13	0	0
3	19	78	15	7.31638
4	319	13	0	0
11	22	18	1	0
12	0	0	0	0
13	4	13	0	0
14	10	50	8	0.862769
Instant	68
1	553	27	1	0.682773
2	34	13	0	0
3	33	72	17	4.81602
4	321	13	0	0
11	23	18	0	0.313808
12	0	0	0	0
13	4	13	0	0
14	11	52	9	0.82017
Instant	69
1	534	28	1	0.37234
2	28	13	0	0
3	36	76	13	4.49374
4	291	13	0	0
11	24	18	0	0
12	0	0	0	0
13	4	13	0	0
14	9	56	9	0.883333
Instant	70
1	596	29	2	0.149402
2	33	13	0	0
3	27	71	25	6.97674
4	302	13	0	0
11	25	17	0	0
12	0	0	0	0
13	4	13	0	0
14	9	52	9	0.885954
Instant	71
1	586	28	1	0.0982318
2	31	13	0	0
3	26	80	17	6.42536
4	293	13	0	0
11	25	19	1	0
12	0	0	0	0
13	4	13	0	0
14	9	54	9	0.992064
Instant	72
1	600	28	1	0
2	25	13	0	0
3	29	67	19	6.6777
4	336	13	0	0
11	26	18	1	0
12	0	0	0	0
13	4	13	0	0
14	11	48	7	0.922171
Instant	73
1	626	27	1	0
2	23	13	0	0
3	23	80	19	7.65074
4	319	13	0	0
11	27	17	0	0
12	0	0	0	0
13	4	13	0	0
14	10	52	7	0.833333
Instant	74
1	620	27	1	0
2	22	13	0	0
3	19	77	15	6.71378
4	306	13	0	0
11	27	18	0	0
12	0	0	0	0
13	4	13	0	0
14	10	54	9	0.924166
Instant	75
1	607	29	2	0
2	30	13	0	0
3	28	68	22	4.94881
4	309	13	0	0
11	25	18	1	0
12	0	0	0	0
13	4	13	0	0
14	10	49	10	0.913098
Instant	76
1	613	28	1	0
2	16	13	0	0
3	25	69	20	8.00111
4	315	13	0	0
11	26	17	0	0
12	0	0	0	0
13	4	13	0	0
14	10	53	9	0.941358
Instant	77
1	555	28	2	0.455466
2	21	13	0	0
3	25	74	18	5.13245
4	316	13	0	0
11	25	17	0	0
12	0	0	0	0
13	4	13	0	0
14	10	51	7	0.913383
Instant	78
1	585	27	1	0.308642
2	17	13	0	0
3	22	73	18	5.62701
4	299	13	0	0
11	24	18	0	0
12	0	0	0	0
13	4	13	0	0
14	10	53	8	1.016
Instant	79
1	578	28	1	0.301205
2	28	13	0	0
3	25	75	18	7.6087
4	307	13	0	0
11	25	18	0	0
12	0	0	0	0
13	4	13	0	0
14	10	49	9	0.829109
Instant	80
1	604	27	1	0
2	28	13	0	0
3	22	67	18	4.98221
4	316	13	0	0
11	26	19	1	0
12	0	0	0	0
13	4	13	0	0
14	10	48	7	0.760825
Instant	81
1	536	27	1	0.414938
2	20	13	0	0
3	26	70	19	4.42623
4	294	13	0	0
11	24	18	0	0
12	0	0	0	0
13	4	13	0	0
14	9	52	7	1.12836
Instant	82
1	546	27	1	0.37155
2	16	13	0	0
3	28	73	19	8.30583
4	298	13	0	0
11	24	19	1	0
12	0	0	0	0
13	4	13	0	0
14	9	53	8	1.127
Instant	83
1	613	27	1	0
2	34	13	0	0
3	29	65	20	9.33668
4	322	13	0	0
11	26	19	0	0
12	0	0	0	0
13	4	13	0	0
14	10	49	8	0.900081
Instant	84
1	613	27	1	0
2	36	13	0	0
3	38	65	20	5.49363
4	317	14	0	0
11	26	19	1	0
12	0	0	0	0
13	5	13	0	0
14	10	51	9	0.812883
Instant	85
1	486	26	1	0.91954
2	27	13	0	0
3	19	82	23	4.85876
4	319	13	0	0
11	22	19	1	0
12	0	0	0	0
13	4	13	0	0
14	10	51	9	0.876926
Instant	86
1	604	29	1	0
2	20	13	0	0
3	20	69	18	5.90643
4	306	13	0	0
11	25	18	0	0
12	0	0	0	0
13	4	13	0	0
14	9	53	8	0.987537
Instant	87
1	565	29	2	0.307377
2	35	13	0	0
3	29	75	18	9.25307
4	314	13	0	0
11	25	18	0	0
12	0	0	0	0
13	4	13	0	0
14	9	49	7	1.14339
Instant	88
1	539	28	2	0.675676
2	26	13	0	0
3	34	72	23	4.53552
4	292	13	0	0
11	24	17	0	0
12	0	0	0	0
13	4	13	0	0
14	9	52	8	0.884173
Instant	89
1	612	27	1	0
2	28	13	0	0
3	27	71	17	7.19955
4	294	13	0	0
11	26	18	0	0
12	0	0	0	0
13	4	13	0	0
14	9	50	8	0.968736
Instant	90
1	564	27	1	0.362319
2	21	13	0	0
3	22	70	16	6.85941
4	314	13	0	0
11	24	17	0	0
12	0	0	0	0
13	4	13	0	0
14	10	51	7	0.901318
Instant	91
1	579	27	1	0.493097
2	28	13	0	0
3	28	67	15	6.07581
4	289	13	0	0
11	25	18	1	0
12	0	0	0	0
13	4	13	0	0
14	9	54	9	1.06264
Instant	92
1	559	27	1	0.319149
2	16	13	0	0
3	25	69	13	3.21181
4	296	13	0	0
11	23	19	1	0
12	0	0	0	0
13	4	13	0	0
14	9	52	9	0.963644
Instant	93
1	602	27	1	0.289017
2	27	13	0	0
3	23	69	19	6.74863
4	289	13	0	0
11	26	17	0	0
12	0	0	0	0
13	4	13	0	0
14	9	49	8	0.940142
Instant	94
1	599	27	1	0
2	31	13	0	0
3	22	68	22	8.33333
4	318	13	0	0
11	26	18	0	0
12	0	0	0	0
13	4	13	0	0
14	10	47	8	0.901589
Instant	95
1	548	27	1	0.590129
2	31	13	0	0
3	20	73	17	9.73597
4	290	13	0	0
11	23	19	1	0
12	0	0	0	0
13	4	13	0	0
14	9	50	8	1.10294
Instant	96
1	521	28	1	0.787815
2	25	13	0	0
3	24	78	16	4.90524
4	291	13	0	0
11	24	18	0	0
12	0	0	0	0
13	4	13	0	0
14	9	50	9	0.985963
Instant	97
1	578	28	1	0.358607
2	35	13	0	0
3	22	73	21	5.21583
4	304	13	0	0
11	25	18	1	0
12	0	0	0	0
13	4	13	0	0
14	10	54	9	0.902778
Instant	98
1	585	29	2	0.0501002
2	25	13	0	0
3	26	71	15	7.70901
4	314	13	0	0
11	25	19	1	0
12	0	0	0	0
13	4	13	0	0
14	10	50	8	0.954434
Instant	99
1	562	26	2	0.461066
2	25	13	0	0
3	28	67	18	3.46535
4	332	13	0	0
11	25	18	0	0
12	0	0	0	0
13	4	13	0	0
14	11	51	10	0.803154
Instant	100
1	607	27	1	0
2	21	13	0	0
3	18	76	15	7.25146
4	307	13	0	0
11	26	18	1	0
12	0	0	0	0
13	4	13	0	0
14	10	49	9	0.970464
Instant	101
1	627	27	1	0
2	30	13	0	0
3	27	73	23	9.77298
4	303	13	0	0
11	26	18	0	0
12	0	0	0	0
13	4	13	0	0
14	9	51	10	0.842936
Instant	102
1	606	28	1	0
2	26	13	0	0
3	16	75	26	4.95418
4	313	13	0	0
11	26	18	1	0
12	0	0	0	0
13	4	13	0	0
14	10	53	8	0.825031
Instant	103
1	590	26	1	0.347913
2	40	13	0	0
3	24	74	22	5.594
4	306	13	0	0
11	25	17	0	0
12	0	0	0	0
13	4	13	0	0
14	10	50	8	0.942397
Instant	104
1	606	27	1	0
2	29	13	0	0
3	25	81	14	7.36067
4	302	13	0	0
11	26	18	0	0
12	0	0	0	0
13	5	13	0	0
14	10	51	8	0.87832
Instant	105
1	612	29	1	0
2	25	13	0	0
3	24	71	17	5.50895
4	302	13	0	0
11	26	17	0	0
12	0	0	0	0
13	4	13	0	0
14	9	52	10	0.909285
Instant	106
1	579	28	1	0.05
2	25	13	0	0
3	29	72	15	6.79224
4	293	13	0	0
11	25	20	1	0
12	0	0	0	0
13	4	13	0	0
14	8	53	10	1.15
Instant	107
1	575	26	1	0.302419
2	31	13	0	0
3	41	78	20	8.59539
4	311	13	0	0
11	25	18	1	0
12	0	0	0	0
13	5	13	0	0
14	10	54	10	0.79588
Instant	108
1	539	26	1	0.762527
2	29	13	0	0
3	29	68	22	4.15225
4	310	13	0	0
11	23	17	0	0.316456
12	0	0	0	0
13	4	13	0	0
14	9	52	8	0.9375
Instant	109
1	590	27	1	0
2	19	13	0	0
3	28	76	22	7.04436
4	301	13	0	0
11	25	18	0	0
12	0	0	0	0
13	4	13	0	0
14	9	52	10	0.955756
Instant	110
1	580	27	1	0.641026
2	29	13	0	0
3	29	74	23	6.40021
4	289	13	0	0
11	26	18	0	0
12	0	0	0	0
13	4	13	0	0
14	8	52	8	1.24831
Instant	111
1	628	28	1	0
2	22	13	0	0
3	21	76	26	4.13907
4	319	13	0	0
11	27	17	0	0
12	0	0	0	0
13	4	13	0	0
14	10	49	8	0.91687
Instant	112
1	605	26	1	0.294118
2	32	13	0	0
3	24	74	19	7.63403
4	314	13	0	0
11	26	20	1	0
12	0	0	0	0
13	4	13	0	0
14	10	51	8	0.915638
Instant	113
1	527	28	1	0.366876
2	23	13	0	0
3	17	73	15	3.19396
4	302	13	0	0
11	24	18	0	0
12	0	0	0	0
13	4	13	0	0
14	10	54	8	0.826931
Instant	114
1	596	27	2	0.294118
2	21	13	0	0
3	25	65	21	10.6902
4	294	13	0	0
11	25	18	0	0
12	0	0	0	0
13	4	13	0	0
14	8	53	8	1.19363
Instant	115
1	495	28	2	1.03687
2	28	13	0	0
3	26	66	20	7.9096
4	319	13	0	0
11	22	19	1	0
12	0	0	0	0
13	4	13	0	0
14	11	53	9	0.719789
Instant	116
1	596	29	1	0
2	23	13	0	0
3	27	78	19	5.47138
4	297	13	0	0
11	26	18	0	0
12	0	0	0	0
13	4	13	0	0
14	9	51	10	0.880052
Instant	117
1	613	26	1	0.287356
2	24	13	0	0
3	19	68	20	6.72414
4	301	13	0	0
11	26	18	0	0
12	0	0	0	0
13	4	13	0	0
14	9	51	8	1.07527
Instant	118
1	560	29	1	0.306748
2	31	13	0	0
3	19	63	26	6.02477
4	301	13	0	0
11	25	18	0	0
12	0	0	0	0
13	4	13	0	0
14	9	53	9	0.91817
Instant	119
1	611	28	2	0.0480769
2	35	13	0	0
3	23	74	29	4.26554
4	295	13	0	0
11	26	18	0	0
12	0	0	0	0
13	4	13	0	0
14	9	47	7	0.944736
