	T	D	J	LP
Instant	0
1	0	0	0	0
2	0	0	0	0
3	0	0	0	0
4	0	0	0	0
11	0	0	0	0
12	0	0	0	0
13	0	0	0	0
14	0	0	0	0
Instant	1
1	332	33	2	0
2	18	13	0	0
3	29	60	15	1.22411
4	112	13	0	0
11	12	18	0	0
12	28	70	4	5.15298
13	1	13	0	0
14	3	49	9	0.349504
Instant	2
1	1594	31	3	0.323741
2	31	13	0	0
3	41	62	20	4.92754
4	753	13	0	0
11	71	17	0	0
12	2	50	4	2.20386
13	5	13	0	0
14	22	51	7	1.10852
Instant	3
1	1330	30	3	0.693241
2	26	14	0	0
3	49	72	20	4.46429
4	703	14	0	0
11	61	18	0	0
12	0	0	0	0
13	5	13	0	0
14	23	53	6	1.05209
Instant	4
1	937	28	2	0.0316456
2	26	13	0	0
3	50	74	19	2.99902
4	594	13	0	0
11	41	17	0	0
12	6	71	24	2.78378
13	5	13	0	0
14	21	52	7	0.785699
Instant	5
1	812	29	2	0
2	32	13	0	0
3	25	70	19	7.72293
4	464	13	0	0
11	35	17	0	0
12	12	65	15	0.529412
13	4	13	0	0
14	16	50	8	0.871117
Instant	6
1	733	29	3	0
2	22	13	0	0
3	41	71	21	4.26357
4	406	13	0	0
11	32	18	1	0
12	14	76	20	0.529412
13	5	13	0	0
14	13	51	6	0.84373
Instant	7
1	786	27	2	0
2	24	13	0	0
3	40	68	18	5.51397
4	355	13	0	0
11	33	19	0	0
12	9	60	24	0.621622
13	5	13	0	0
14	12	51	10	0.94862
Instant	8
1	852	26	2	0.337382
2	20	13	0	0
3	36	75	13	5.44376
4	349	13	0	0
11	38	17	0	0
12	14	63	22	0.705882
13	5	13	0	0
14	11	49	9	0.730097
Instant	9
1	847	28	3	0
2	21	13	0	0
3	42	69	22	8.04924
4	342	13	0	0
11	37	18	0	0
12	12	71	16	0.529412
13	5	13	0	0
14	11	50	7	0.935956
Instant	10
1	841	28	3	0
2	21	13	0	0
3	36	69	23	4.26136
4	347	13	0	0
11	36	17	0	0
12	10	74	20	0.594595
13	5	13	0	0
14	12	54	7	0.763967
Instant	11
1	748	29	3	0.118483
2	22	13	0	0
3	41	66	19	4.69378
4	334	13	0	0
11	32	18	0	0
12	9	75	23	0.647059
13	5	13	0	0
14	11	51	9	0.841994
Instant	12
1	774	27	2	0
2	16	13	0	0
3	51	72	21	9.52381
4	348	13	0	0
11	33	18	0	0
12	14	69	18	0.735294
13	5	13	0	0
14	11	50	8	0.861423
Instant	13
1	692	26	2	0.654664
2	29	13	0	0
3	33	75	20	6.29572
4	352	13	0	0
11	31	18	0	0
12	11	61	19	0.452381
13	4	13	0	0
14	12	51	8	0.635359
Instant	14
1	733	26	3	0.241158
2	22	13	0	0
3	34	80	16	4.13022
4	362	13	0	0
11	31	18	0	0
12	0	0	0	0
13	5	13	0	0
14	12	50	8	0.843201
Instant	15
1	627	28	3	0.0452899
2	37	13	0	0
3	43	71	19	4.17896
4	336	13	0	0
11	28	19	0	0
12	2	89	25	1.94118
13	5	13	0	0
14	11	50	9	0.918407
Instant	16
1	599	29	3	0.878906
2	28	13	0	0
3	44	70	23	5.33626
4	321	13	0	0
11	26	18	0	0
12	14	59	24	0.702703
13	5	13	0	0
14	10	52	7	0.852502
Instant	17
1	555	28	2	0.677083
2	29	13	0	0
3	39	63	25	6.23209
4	326	13	0	0
11	24	18	0	0
12	14	73	23	0.5
13	5	13	0	0
14	11	50	7	0.796714
Instant	18
1	619	31	2	0
2	29	13	0	0
3	36	70	17	3.93314
4	319	13	0	0
11	27	18	0	0
12	6	74	25	0.735294
13	5	13	0	0
14	11	48	7	0.881995
Instant	19
1	607	28	1	0.144788
2	35	13	0	0
3	26	76	15	9.60722
4	338	13	0	0
11	26	19	1	0
12	6	64	29	0.72973
13	4	13	0	0
14	11	53	8	0.77196
Instant	20
1	601	28	2	1.14723
2	27	13	0	0
3	28	76	13	7.10168
4	319	13	0	0
11	26	17	0	0
12	12	57	20	0.529412
13	5	13	0	0
14	10	51	8	0.914634
Instant	21
1	603	28	2	0.336538
2	34	13	0	0
3	42	71	16	5.79502
4	335	14	0	0
11	26	18	0	0
12	13	58	25	0.823529
13	5	13	0	0
14	11	51	8	0.671887
Instant	22
1	528	27	1	0.900424
2	34	13	0	0
3	39	67	18	4.61648
4	338	13	0	0
11	24	19	1	0
12	16	62	19	0.351351
13	5	13	0	0
14	11	50	9	0.802576
Instant	23
1	532	29	2	0.539957
2	22	13	0	0
3	44	80	22	5.08309
4	350	13	0	0
11	23	17	0	0.431034
12	15	71	23	0.588235
13	5	13	0	0
14	12	47	7	0.626392
Instant	24
1	531	29	2	0.326087
2	28	13	0	0
3	27	69	21	5.35354
4	322	13	0	0
11	23	17	0	0
12	11	68	16	0.647059
13	5	13	0	0
14	11	52	7	0.87535
Instant	25
1	539	27	2	0.695931
2	18	13	0	0
3	25	81	18	5.78125
4	332	13	0	0
11	23	19	1	0
12	6	79	18	0.595238
13	5	13	0	0
14	11	51	8	0.680669
Instant	26
1	559	29	2	0.308008
2	16	13	0	0
3	36	64	21	6.49284
4	364	13	0	0
11	25	18	0	0
12	10	54	23	0.735294
13	5	13	0	0
14	12	49	7	0.962227
Instant	27
1	556	29	1	0.641026
2	29	13	0	0
3	41	73	18	9.30952
4	356	13	0	0
11	24	18	0	0
12	15	72	15	0.529412
13	5	13	0	0
14	12	49	7	0.641376
Instant	28
1	568	29	2	0.298805
2	21	13	0	0
3	47	67	22	3.75119
4	330	13	0	0
11	25	18	0	0
12	10	76	22	0.694444
13	5	13	0	0
14	11	49	8	0.846124
Instant	29
1	550	27	1	0.414938
2	17	13	0	0
3	32	75	27	8.25243
4	308	13	0	0
11	24	18	0	0
12	11	71	22	0.470588
13	4	13	0	0
14	10	53	7	0.95103
Instant	30
1	571	28	1	0.304878
2	24	13	0	0
3	27	75	18	5.18293
4	329	13	0	0
11	25	18	0	0
12	6	71	21	0.794118
13	5	13	0	0
14	11	50	8	0.792947
Instant	31
1	480	30	3	0.872093
2	19	13	0	0
3	48	72	15	6.52072
4	351	13	0	0
11	22	19	1	0
12	5	78	21	0.864865
13	5	13	0	0
14	12	49	8	0.787913
Instant	32
1	533	29	3	0.714286
2	15	13	0	0
3	38	73	23	4.98512
4	320	13	0	0
11	23	18	0	0
12	4	72	17	0.852941
13	5	13	0	0
14	11	53	7	0.627023
Instant	33
1	564	29	2	0.299401
2	22	13	0	0
3	27	77	15	8.43653
4	334	13	0	0
11	25	18	0	0
12	11	67	22	0.676471
13	5	13	0	0
14	12	49	9	0.744393
Instant	34
1	586	29	2	0.204499
2	23	13	0	0
3	37	71	23	5.41417
4	323	13	0	0
11	25	19	1	0
12	7	66	23	0.783784
13	5	13	0	0
14	11	50	7	0.72442
Instant	35
1	584	29	1	0.0497018
2	31	13	0	0
3	45	69	17	2.44083
4	341	13	0	0
11	25	18	1	0
12	9	66	19	0.558824
13	5	13	0	0
14	12	52	8	0.732496
Instant	36
1	551	30	2	0.321888
2	22	13	0	0
3	47	72	16	3.90019
4	331	13	0	0
11	24	17	0	0
12	7	64	13	0.852941
13	5	13	0	0
14	11	49	8	0.851939
Instant	37
1	541	30	2	0.265957
2	30	13	0	0
3	49	76	13	6.28415
4	310	13	0	0
11	24	18	0	0
12	4	65	22	0.738095
13	5	13	0	0
14	10	51	8	0.841698
Instant	38
1	571	29	2	0
2	34	13	0	0
3	41	74	13	8.1499
4	326	13	0	0
11	25	19	1	0
12	12	66	23	0.558824
13	4	13	0	0
14	11	50	8	0.875099
Instant	39
1	578	30	2	0
2	20	13	0	0
3	34	75	17	7.14286
4	314	13	0	0
11	25	18	1	0
12	15	68	24	0.558824
13	5	13	0	0
14	10	52	8	0.880717
Instant	40
1	552	29	1	0.684211
2	11	13	0	0
3	45	74	18	6.61178
4	324	13	0	0
11	24	18	0	0
12	11	71	24	0.810811
13	5	13	0	0
14	10	49	7	0.892499
Instant	41
1	497	30	3	0.560538
2	17	13	0	0
3	29	72	22	5.95596
4	324	13	0	0
11	22	18	1	0
12	6	79	11	0.676471
13	5	13	0	0
14	11	51	9	0.710284
Instant	42
1	548	29	2	0.528541
2	34	13	0	0
3	34	71	18	2.80258
4	312	13	0	0
11	24	19	1	0
12	11	67	16	0.676471
13	5	13	0	0
14	10	50	9	0.909185
Instant	43
1	593	29	2	0
2	26	13	0	0
3	39	76	17	9.01254
4	310	13	0	0
11	25	18	1	0
12	6	72	21	0.756757
13	4	13	0	0
14	10	50	8	0.89174
Instant	44
1	575	29	1	0
2	14	13	0	0
3	44	66	27	4.66667
4	334	13	0	0
11	25	19	1	0
12	9	72	18	0.617647
13	5	13	0	0
14	11	50	7	0.755814
Instant	45
1	628	26	2	0.047619
2	17	13	0	0
3	63	68	21	3.37409
4	323	13	0	0
11	26	18	0	0
12	12	64	24	0.735294
13	5	13	0	0
14	11	46	7	0.837321
Instant	46
1	574	28	2	0.302419
2	27	13	0	0
3	31	79	19	4.96942
4	318	13	0	0
11	25	18	0	0
12	11	59	26	0.540541
13	5	13	0	0
14	10	49	8	0.966626
Instant	47
1	561	27	2	0.0529661
2	15	13	0	0
3	45	72	9	6.29789
4	346	13	0	0
11	24	20	2	0
12	5	68	21	0.764706
13	5	13	0	0
14	12	52	7	0.654426
Instant	48
1	525	29	2	0.321888
2	24	13	0	0
3	42	70	16	3.71981
4	328	13	0	0
11	23	18	0	0
12	16	73	17	0.5
13	5	13	0	0
14	11	51	9	0.755332
Instant	49
1	561	30	2	0.357873
2	20	13	0	0
3	24	70	15	6.4877
4	346	13	0	0
11	25	18	0	0
12	18	62	14	0.357143
13	4	13	0	0
14	12	49	7	0.722598
Instant	50
1	560	30	2	0.321888
2	26	13	0	0
3	29	80	17	5.01567
4	319	13	0	0
11	23	18	0	0
12	18	67	14	0.382353
13	5	13	0	0
14	10	51	12	0.760341
Instant	51
1	516	28	1	0.639659
2	23	13	0	0
3	34	73	19	5.04518
4	321	13	0	0
11	23	18	1	0
12	8	77	23	0.647059
13	5	13	0	0
14	11	53	11	0.656566
Instant	52
1	580	29	2	0.25
2	30	13	0	0
3	40	69	19	4.0404
4	303	13	0	0
11	25	17	0	0
12	17	76	18	0.5
13	5	13	0	0
14	10	51	8	0.919355
Instant	53
1	639	27	2	0
2	27	13	0	0
3	33	67	24	5.82573
4	323	13	0	0
11	27	18	1	0
12	16	60	15	0.411765
13	5	13	0	0
14	10	51	7	0.833333
Instant	54
1	542	31	2	0.320513
2	39	13	0	0
3	35	67	21	3.66162
4	335	13	0	0
11	23	18	0	0
12	3	63	20	0.735294
13	5	13	0	0
14	11	48	7	0.854577
Instant	55
1	583	29	2	0.0496032
2	36	13	0	0
3	31	77	25	11.2094
4	335	13	0	0
11	25	18	1	0
12	12	66	20	0.72973
13	5	13	0	0
14	11	51	9	0.751843
Instant	56
1	548	31	3	0.378788
2	20	13	0	0
3	33	78	31	6.12094
4	326	13	0	0
11	23	18	0	0
12	6	70	40	0.647059
13	5	13	0	0
14	11	53	10	0.720103
Instant	57
1	550	30	2	0.304878
2	25	13	0	0
3	47	76	12	10.9572
4	319	13	0	0
11	25	18	0	0
12	8	79	23	0.852941
13	5	13	0	0
14	11	49	8	0.813008
Instant	58
1	567	30	2	0.206186
2	31	13	0	0
3	38	73	19	7.47801
4	342	14	0	0
11	24	18	0	0
12	15	67	26	0.459459
13	5	13	0	0
14	11	50	9	0.780061
Instant	59
1	581	30	2	0.347222
2	22	13	0	0
3	36	72	17	3.93519
4	311	13	0	0
11	25	17	0	0
12	14	58	21	0.647059
13	5	13	0	0
14	10	51	8	0.864583
Instant	60
1	601	29	2	0.147348
2	21	13	0	0
3	42	61	25	3.13433
4	330	13	0	0
11	26	17	0	0
12	17	73	23	0.5
13	5	13	0	0
14	10	48	7	0.797144
Instant	61
1	556	29	2	0.315789
2	28	13	0	0
3	41	72	16	9.00699
4	302	13	0	0
11	24	18	0	0
12	7	80	26	0.52381
13	5	13	0	0
14	10	53	8	0.985433
Instant	62
1	563	29	2	0.305499
2	22	13	0	0
3	36	76	15	4.44614
4	329	13	0	0
11	25	18	0	0
12	10	61	33	0.794118
13	5	13	0	0
14	11	47	7	0.8816
Instant	63
1	523	29	2	0.674157
2	19	13	0	0
3	43	72	19	6.88073
4	311	13	0	0
11	22	18	0	0.327511
12	13	67	27	0.647059
13	5	13	0	0
14	10	51	8	0.758051
Instant	64
1	601	28	2	0.143954
2	24	13	0	0
3	46	74	14	5.29865
4	321	13	0	0
11	26	17	0	0
12	9	67	23	0.756757
13	5	13	0	0
14	10	48	7	0.865539
Instant	65
1	575	28	2	0.302419
2	31	13	0	0
3	46	74	14	4.09644
4	350	13	0	0
11	25	18	0	0
12	5	78	15	0.764706
13	5	13	0	0
14	12	53	9	0.723026
Instant	66
1	584	29	2	0
2	33	13	0	0
3	36	79	13	6.2252
4	314	13	0	0
11	25	19	1	0
12	11	74	28	0.558824
13	5	13	0	0
14	10	52	9	0.907134
Instant	67
1	578	30	1	0
2	28	13	0	0
3	26	71	14	7.69231
4	323	13	0	0
11	25	18	1	0
12	8	66	25	0.810811
13	4	13	0	0
14	11	48	8	0.752106
Instant	68
1	562	29	2	0.321199
2	38	13	0	0
3	43	71	19	5.56358
4	326	14	0	0
11	23	18	0	0
12	6	67	16	0.75
13	5	13	0	0
14	11	51	8	0.667863
Instant	69
1	542	28	1	0.368421
2	33	13	0	0
3	41	64	17	4.42177
4	321	13	0	0
11	24	18	0	0
12	7	80	19	0.764706
13	5	13	0	0
14	11	51	9	0.659219
Instant	70
1	498	29	2	0.750577
2	26	13	0	0
3	49	69	20	4.64559
4	318	13	0	0
11	22	18	1	0
12	11	62	21	0.675676
13	5	13	0	0
14	10	50	9	0.804808
Instant	71
1	594	26	2	0
2	25	13	0	0
3	51	67	17	6.70498
4	332	13	0	0
11	25	18	0	0
12	13	64	20	0.558824
13	5	13	0	0
14	11	48	8	0.924296
Instant	72
1	527	29	2	0.597826
2	30	13	0	0
3	32	74	21	4.95972
4	325	13	0	0
11	23	18	1	0
12	14	68	21	0.606061
13	5	13	0	0
14	10	50	8	0.769384
Instant	73
1	592	29	1	0
2	31	13	0	0
3	39	80	14	4.82724
4	317	13	0	0
11	26	17	0	0
12	15	75	18	0.390244
13	5	13	0	0
14	10	54	9	0.849713
Instant	74
1	571	28	1	0.304878
2	25	13	0	0
3	41	76	15	9.31513
4	311	13	0	0
11	25	19	1	0
12	10	85	14	0.558824
13	5	13	0	0
14	10	54	8	0.935162
Instant	75
1	605	27	1	0
2	31	13	0	0
3	29	74	18	5.21148
4	328	13	0	0
11	26	19	0	0
12	13	72	26	0.69697
13	5	13	0	0
14	11	51	9	0.793651
Instant	76
1	601	30	2	0.149402
2	27	13	0	0
3	37	68	16	3.58617
4	318	13	0	0
11	25	17	0	0
12	15	59	18	0.555556
13	5	13	0	0
14	10	53	9	0.759894
Instant	77
1	599	29	1	0
2	30	13	0	0
3	33	64	15	5.03049
4	320	13	0	0
11	26	17	0	0
12	16	73	25	0.375
13	5	13	0	0
14	10	50	9	0.897202
Instant	78
1	625	27	2	0
2	28	13	0	0
3	52	75	16	6.92488
4	315	13	0	0
11	27	17	0	0
12	5	51	21	0.8125
13	5	13	0	0
14	10	51	8	0.918514
Instant	79
1	576	30	2	0
2	28	13	0	0
3	41	69	18	7.6087
4	314	13	0	0
11	24	19	1	0
12	6	78	35	0.702703
13	5	13	0	0
14	10	50	8	0.901318
Instant	80
1	566	29	2	0.308642
2	18	13	0	0
3	39	73	17	4.92188
4	313	13	0	0
11	25	17	0	0
12	19	71	21	0.545455
13	5	13	0	0
14	10	50	8	0.757576
Instant	81
1	541	30	1	0.315126
2	20	13	0	0
3	27	79	15	6.68215
4	301	13	0	0
11	24	17	0	0
12	6	76	27	0.69697
13	5	13	0	0
14	9	51	8	1.02151
Instant	82
1	480	28	2	1
2	26	13	0	0
3	50	74	12	4.77208
4	314	13	0	0
11	21	18	0	0
12	0	0	0	0
13	5	13	0	0
14	10	51	8	0.840553
Instant	83
1	593	27	1	0
2	18	13	0	0
3	38	77	12	5.28101
4	318	13	0	0
11	25	18	0	0
12	1	87	19	1.84848
13	5	13	0	0
14	10	51	7	0.750613
Instant	84
1	542	30	2	0.316456
2	19	13	0	0
3	28	63	24	4.79351
4	333	13	0	0
11	24	19	1	0
12	0	0	0	0
13	5	13	0	0
14	11	51	9	0.746993
Instant	85
1	622	27	1	0
2	23	13	0	0
3	44	70	19	6.44928
4	322	13	0	0
11	26	18	0	0
12	13	71	26	1.48718
13	5	13	0	0
14	10	49	7	0.832324
Instant	86
1	577	30	2	0
2	25	13	0	0
3	31	72	20	6.32942
4	307	13	0	0
11	25	18	1	0
12	8	62	25	0.705882
13	5	13	0	0
14	11	53	8	0.773359
Instant	87
1	593	29	2	0.101215
2	23	13	0	0
3	48	71	17	5.27778
4	316	13	0	0
11	25	18	1	0
12	5	61	39	0.647059
13	5	13	0	0
14	10	52	8	0.845633
Instant	88
1	552	27	1	0.359343
2	18	13	0	0
3	41	72	22	5.96264
4	318	13	0	0
11	24	18	0	0
12	13	64	17	0.837838
13	5	13	0	0
14	10	51	8	0.919118
Instant	89
1	606	28	3	0
2	18	13	0	0
3	46	69	19	2.54958
4	316	13	0	0
11	26	18	0	0
12	12	64	25	0.411765
13	5	13	0	0
14	10	52	9	0.903799
Instant	90
1	598	30	1	0
2	23	13	0	0
3	50	78	13	10.7598
4	317	13	0	0
11	25	17	0	0
12	14	66	27	0.5625
13	5	13	0	0
14	11	53	8	0.644172
Instant	91
1	596	29	2	0.0504032
2	12	13	0	0
3	39	71	21	4.14141
4	312	13	0	0
11	25	18	0	0
12	12	65	17	0.567568
13	5	13	0	0
14	10	54	9	0.625517
Instant	92
1	533	29	2	0.375536
2	26	13	0	0
3	36	74	17	4.54317
4	316	13	0	0
11	23	18	0	0
12	14	74	24	0.545455
13	5	13	0	0
14	10	51	9	0.949755
Instant	93
1	555	29	2	0.359343
2	31	13	0	0
3	41	68	25	5.74359
4	299	13	0	0
11	25	18	0	0
12	9	60	16	0.757576
13	5	13	0	0
14	9	49	9	0.951146
Instant	94
1	592	29	1	0
2	20	13	0	0
3	43	67	18	4.1791
4	316	13	0	0
11	25	18	0	0
12	13	62	21	0.486486
13	5	13	0	0
14	10	51	8	0.845633
Instant	95
1	620	26	1	0.280899
2	29	13	0	0
3	37	70	19	8.4073
4	322	13	0	0
11	27	17	0	0
12	5	76	12	0.823529
13	5	13	0	0
14	11	54	8	0.741525
Instant	96
1	581	28	2	0
2	29	13	0	0
3	43	67	17	6.71965
4	319	13	0	0
11	25	18	0	0
12	6	65	29	0.970588
13	5	13	0	0
14	10	49	9	0.778388
Instant	97
1	560	27	1	0.306748
2	24	13	0	0
3	33	72	20	7.05882
4	332	13	0	0
11	25	17	0	0
12	4	54	20	0.682927
13	5	13	0	0
14	11	52	9	0.8577
Instant	98
1	599	28	1	0
2	24	13	0	0
3	32	69	13	5.7971
4	318	13	0	0
11	26	18	0	0
12	18	64	14	0.382353
13	5	13	0	0
14	11	51	8	0.611995
Instant	99
1	522	30	1	0.328228
2	17	13	0	0
3	37	75	25	6.40831
4	321	13	0	0
11	23	19	1	0
12	15	68	19	0.558824
13	5	13	0	0
14	11	50	9	0.722022
Instant	100
1	585	28	1	0
2	26	13	0	0
3	51	69	22	4.26471
4	341	13	0	0
11	25	19	1	0
12	13	72	22	0.675676
13	5	13	0	0
14	11	49	8	0.862891
Instant	101
1	606	29	2	0
2	32	13	0	0
3	40	68	20	3.65497
4	330	13	0	0
11	26	17	0	0
12	21	57	20	0.235294
13	5	13	0	0
14	11	50	8	0.903023
Instant	102
1	535	29	2	0.60307
2	35	13	0	0
3	35	70	25	7.11009
4	341	13	0	0
11	23	17	0	0
12	11	71	31	0.588235
13	5	13	0	0
14	11	48	7	0.745065
Instant	103
1	521	28	3	0.688559
2	34	13	0	0
3	32	77	19	5.20513
4	323	13	0	0
11	24	18	0	0
12	13	78	18	0.513514
13	4	13	0	0
14	10	47	8	0.848394
Instant	104
1	604	28	2	0.05
2	22	13	0	0
3	34	76	14	4.65465
4	318	13	0	0
11	25	18	0	0
12	14	59	23	0.470588
13	5	13	0	0
14	10	51	8	0.942339
Instant	105
1	572	27	2	0.301811
2	19	13	0	0
3	45	70	13	3.47633
4	324	13	0	0
11	25	18	1	0
12	7	66	15	0.764706
13	5	13	0	0
14	10	48	9	0.889289
Instant	106
1	580	29	2	0
2	30	13	0	0
3	41	71	25	8.85572
4	338	13	0	0
11	25	18	0	0
12	14	70	14	0.621622
13	5	13	0	0
14	11	49	8	0.678406
Instant	107
1	586	28	1	0
2	23	13	0	0
3	44	76	23	8.13725
4	329	13	0	0
11	25	18	0	0
12	10	68	24	0.735294
13	5	13	0	0
14	11	51	10	0.805818
Instant	108
1	525	28	1	0.662252
2	33	13	0	0
3	52	74	13	5.11527
4	343	13	0	0
11	23	19	0	0
12	13	74	16	0.588235
13	5	13	0	0
14	12	50	7	0.766175
Instant	109
1	613	27	1	0.047259
2	21	13	0	0
3	40	84	16	6.50346
4	338	13	0	0
11	27	18	0	0
12	10	61	26	0.5
13	5	13	0	0
14	11	50	7	0.732177
Instant	110
1	596	28	1	0
2	25	13	0	0
3	28	72	23	4.69378
4	339	13	0	0
11	26	17	0	0
12	17	57	14	0.46875
13	5	13	0	0
14	12	52	9	0.76062
Instant	111
1	568	30	2	0
2	33	13	0	0
3	48	62	25	4.23977
4	304	13	0	0
11	24	19	1	0
12	16	63	19	0.441176
13	5	13	0	0
14	10	55	8	0.881104
Instant	112
1	568	30	2	0.360825
2	34	13	0	0
3	40	71	23	4.01874
4	330	13	0	0
11	24	17	0	0
12	16	75	17	0.513514
13	5	13	0	0
14	11	52	7	0.816608
Instant	113
1	550	31	2	0.106383
2	34	13	0	0
3	42	74	21	8.82353
4	308	13	0	0
11	24	20	1	0
12	11	68	18	0.617647
13	5	13	0	0
14	10	51	9	0.881612
Instant	114
1	510	29	2	0.655022
2	27	13	0	0
3	38	68	19	3.94872
4	310	13	0	0
11	23	17	0	0
12	9	74	21	0.588235
13	5	13	0	0
14	10	52	9	0.794647
Instant	115
1	565	29	2	0.664622
2	35	13	0	0
3	38	79	18	8.55589
4	344	14	0	0
11	24	17	0	0
12	11	71	21	0.72973
13	5	13	0	0
14	12	50	8	0.564972
Instant	116
1	616	27	2	0
2	28	13	0	0
3	40	72	18	4.15438
4	292	13	0	0
11	26	19	1	0
12	9	65	18	0.588235
13	5	13	0	0
14	9	47	9	1.17862
Instant	117
1	581	27	2	0.299401
2	34	13	0	0
3	38	78	23	6.61765
4	308	13	0	0
11	25	18	0	0
12	11	60	16	0.705882
13	5	13	0	0
14	10	54	9	0.774336
Instant	118
1	551	29	2	0.324675
2	11	13	0	0
3	44	68	17	6.74264
4	324	13	0	0
11	23	18	0	0
12	3	72	40	0.945946
13	5	13	0	0
14	11	51	8	0.768463
Instant	119
1	598	27	1	0
2	24	13	0	0
3	38	68	15	6.38298
4	321	13	0	0
11	26	18	1	0.294118
12	15	65	20	0.470588
13	5	13	0	0
14	10	50	8	0.905138
