	T	D	J	LP
Instant	0
1	0	0	0	0
2	0	0	0	0
3	0	0	0	0
4	0	0	0	0
11	0	0	0	0
12	0	0	0	0
13	0	0	0	0
14	0	0	0	0
Instant	1
1	316	27	1	0
2	18	13	0	0
3	29	51	20	1.24521
4	104	13	0	0
11	13	18	1	0
12	27	75	7	5.31401
13	1	13	0	0
14	3	48	13	0.353357
Instant	2
1	1366	29	3	0.0637213
2	36	13	0	0
3	38	68	29	5.09119
4	674	14	0	0
11	59	18	0	0
12	8	81	12	2.10603
13	5	13	0	0
14	20	53	7	1.01112
Instant	3
1	1501	28	3	0.541377
2	23	13	0	0
3	58	68	22	4.74435
4	647	13	0	0
11	67	19	0	0
12	0	0	0	0
13	5	13	0	0
14	20	57	6	1.32679
Instant	4
1	1025	27	3	0.755879
2	35	13	0	0
3	60	75	21	2.87281
4	552	14	0	0
11	47	18	0	0
12	0	0	0	0
13	6	13	0	0
14	16	55	7	1.20892
Instant	5
1	836	29	2	0.41958
2	23	13	0	0
3	53	69	26	5.5161
4	474	13	0	0
11	37	17	0	0
12	0	0	0	0
13	5	13	0	0
14	15	54	7	1.21901
Instant	6
1	767	28	3	0.0385802
2	18	13	0	0
3	45	71	18	6.40476
4	426	13	0	0
11	33	17	0	0
12	14	73	21	4.6841
13	5	13	0	0
14	14	54	7	0.976801
Instant	7
1	725	29	2	0
2	12	13	0	0
3	34	73	17	4.90196
4	372	13	0	0
11	31	18	1	0
12	11	74	21	0.767434
13	5	13	0	0
14	11	51	7	1.1849
Instant	8
1	738	26	1	0
2	25	13	0	0
3	41	71	21	6.49895
4	347	13	0	0
11	32	18	0	0
12	22	66	17	0.544662
13	5	13	0	0
14	11	53	8	0.862392
Instant	9
1	686	29	2	0.421585
2	17	13	0	0
3	47	72	15	5.68401
4	323	13	0	0
11	30	18	0	0
12	10	77	16	0.835149
13	5	13	0	0
14	10	51	9	0.843373
Instant	10
1	715	27	1	0.513428
2	23	13	0	0
3	36	71	18	6.37097
4	317	13	0	0
11	32	18	0	0
12	20	67	21	0.533867
13	4	13	0	0
14	10	51	9	0.925926
Instant	11
1	979	27	2	0
2	29	13	0	0
3	31	67	26	6.51466
4	314	13	0	0
11	42	18	0	0
12	9	69	23	0.617284
13	5	13	0	0
14	10	55	9	0.767408
Instant	12
1	846	31	2	0.753425
2	27	13	0	0
3	39	67	22	5.39659
4	310	13	0	0
11	37	18	0	0
12	11	66	20	1.08932
13	5	13	0	0
14	10	55	9	0.893977
Instant	13
1	928	28	3	0.185874
2	38	13	0	0
3	39	73	15	3.77166
4	308	13	0	0
11	41	17	0	0
12	8	77	34	0.734862
13	5	13	0	0
14	10	53	8	0.913604
Instant	14
1	869	30	2	0.47749
2	24	13	0	0
3	53	70	15	4.53869
4	318	13	0	0
11	38	18	0	0
12	10	66	22	0.87146
13	5	13	0	0
14	10	49	7	0.90734
Instant	15
1	781	26	2	0.216763
2	20	13	0	0
3	54	71	22	5.29466
4	310	13	0	0
11	35	18	0	0
12	2	75	14	0.980392
13	5	13	0	0
14	10	51	8	0.925926
Instant	16
1	713	27	3	0.756369
2	30	13	0	0
3	53	71	20	5.7877
4	296	13	0	0
11	32	18	0	0
12	13	62	22	1.03437
13	5	13	0	0
14	9	49	9	1.05389
Instant	17
1	860	27	2	0.207469
2	23	13	0	0
3	38	70	20	7.45482
4	306	13	0	0
11	37	18	0	0
12	7	70	22	0.87146
13	5	13	0	0
14	10	50	9	0.948167
Instant	18
1	681	28	2	0.0856164
2	30	13	0	0
3	41	65	17	5.32129
4	319	13	0	0
11	30	19	0	0
12	14	68	20	0.580973
13	5	13	0	0
14	10	48	8	0.927058
Instant	19
1	619	27	1	0.836431
2	25	13	0	0
3	34	65	22	4.62671
4	305	13	0	0
11	27	19	1	0
12	15	61	27	0.767434
13	4	13	0	0
14	9	47	10	1.13588
Instant	20
1	693	27	2	0.293624
2	23	13	0	0
3	29	77	15	4.96285
4	278	13	0	0
11	30	18	1	0
12	8	68	34	0.87146
13	4	13	0	0
14	8	51	9	1.08948
Instant	21
1	647	27	1	0.310284
2	17	13	0	0
3	51	77	17	8.11467
4	307	13	0	0
11	29	19	0	0
12	18	66	24	0.689906
13	5	13	0	0
14	10	51	9	0.944093
Instant	22
1	602	27	1	0.562852
2	15	13	0	0
3	37	73	19	5.65844
4	329	13	0	0
11	27	17	0	0
12	13	75	22	0.767434
13	5	13	0	0
14	10	49	8	0.897436
Instant	23
1	603	27	2	0.288462
2	25	13	0	0
3	44	67	18	5.64139
4	336	13	0	0
11	26	18	0	0
12	10	63	20	0.835149
13	5	13	0	0
14	11	52	7	0.916281
Instant	24
1	543	28	2	0.906183
2	15	13	0	0
3	55	75	22	4.2619
4	323	13	0	0
11	24	18	0	0
12	13	71	26	0.835149
13	5	13	0	0
14	11	50	8	0.821314
Instant	25
1	552	30	2	0.307377
2	23	13	0	0
3	43	74	19	3.59238
4	363	13	0	0
11	25	18	0	0
12	4	75	31	0.823045
13	5	13	0	0
14	12	52	8	0.746602
Instant	26
1	597	30	2	0.296443
2	22	13	0	0
3	40	65	18	6.1282
4	334	13	0	0
11	25	18	0	0
12	8	72	16	1.0167
13	5	13	0	0
14	11	50	9	0.750097
Instant	27
1	644	31	2	0
2	19	13	0	0
3	45	65	16	4.10663
4	329	13	0	0
11	28	18	1	0
12	5	80	21	1.08932
13	5	13	0	0
14	11	50	8	0.733846
Instant	28
1	678	27	1	0
2	30	13	0	0
3	32	77	19	8.02845
4	310	13	0	0
11	28	19	0	0
12	9	81	19	0.96022
13	5	13	0	0
14	10	53	8	0.951485
Instant	29
1	598	27	1	0.280899
2	22	13	0	0
3	31	80	18	6.99005
4	308	13	0	0
11	27	18	0	0
12	6	72	31	0.980392
13	5	13	0	0
14	10	54	8	0.868056
Instant	30
1	725	27	1	0
2	14	13	0	0
3	43	73	14	6.4951
4	321	13	0	0
11	31	18	1	0
12	18	70	23	0.472041
13	5	13	0	0
14	10	51	8	0.807103
Instant	31
1	642	30	2	0.319343
2	16	13	0	0
3	33	71	24	4.97355
4	300	13	0	0
11	28	18	0	0
12	10	70	20	0.800801
13	4	13	0	0
14	9	52	10	0.945017
Instant	32
1	554	27	1	0.503018
2	12	13	0	0
3	55	68	21	4.69322
4	300	13	0	0
11	25	18	0	0
12	10	65	19	0.835149
13	5	13	0	0
14	10	53	9	0.845254
Instant	33
1	620	27	1	0.459559
2	11	13	0	0
3	51	74	17	3.29341
4	323	13	0	0
11	27	17	0	0
12	19	74	21	0.87146
13	5	13	0	0
14	11	52	8	0.744404
Instant	34
1	634	26	3	0.537634
2	18	13	0	0
3	51	67	19	8.52327
4	318	13	0	0
11	28	17	0	0
12	11	75	21	0.600601
13	5	13	0	0
14	10	54	8	0.919118
Instant	35
1	547	28	3	0.387168
2	34	13	0	0
3	45	71	21	6.25611
4	331	13	0	0
11	22	18	0	0.527426
12	14	81	22	0.798838
13	5	13	0	0
14	10	50	9	0.952521
Instant	36
1	538	28	2	0.983437
2	22	13	0	0
3	41	69	12	5.34056
4	319	13	0	0
11	24	18	0	0
12	15	62	20	0.726216
13	5	13	0	0
14	10	49	7	0.832318
Instant	37
1	512	28	2	0.688073
2	24	13	0	0
3	30	70	11	3.95267
4	314	13	0	0
11	22	17	0	0
12	16	67	22	0.558495
13	5	13	0	0
14	10	54	9	0.878825
Instant	38
1	580	30	2	0.0996016
2	18	13	0	0
3	61	66	21	5.8728
4	288	13	0	0
11	25	17	0	0
12	10	71	19	0.798838
13	5	13	0	0
14	9	53	9	0.968862
Instant	39
1	500	27	2	0.820569
2	28	13	0	0
3	46	72	23	6.01054
4	312	13	0	0
11	23	18	0	0
12	17	75	19	0.726216
13	5	13	0	0
14	10	53	8	0.921325
Instant	40
1	578	28	1	0.311203
2	27	13	0	0
3	50	72	14	3.57143
4	302	13	0	0
11	23	19	1	0.304878
12	12	71	26	0.867534
13	5	13	0	0
14	9	50	8	0.806452
Instant	41
1	535	27	2	0.632911
2	22	13	0	0
3	52	72	16	5.43372
4	307	13	0	0
11	24	18	1	0.319149
12	8	73	21	0.87146
13	5	13	0	0
14	9	51	7	1.1518
Instant	42
1	520	25	2	0.657895
2	30	13	0	0
3	49	71	20	6.78008
4	344	13	0	0
11	23	18	1	0
12	9	78	16	0.762527
13	5	13	0	0
14	12	48	7	0.634876
Instant	43
1	629	27	1	0.280374
2	20	13	0	0
3	47	72	18	3.84425
4	334	13	0	0
11	27	17	0	0
12	11	74	19	0.734067
13	5	13	0	0
14	11	51	8	0.931315
Instant	44
1	481	28	2	0.696056
2	20	13	0	0
3	45	73	20	6.82261
4	286	13	0	0
11	21	19	1	0.471698
12	10	74	14	0.90777
13	5	13	0	0
14	9	53	9	1.00925
Instant	45
1	554	28	2	0.369198
2	22	13	0	0
3	40	57	25	6.01578
4	303	13	0	0
11	24	17	0	0.313808
12	15	63	20	0.689906
13	5	13	0	0
14	9	51	9	1.13393
Instant	46
1	575	28	2	0.357143
2	35	13	0	0
3	44	75	16	4.88855
4	321	13	0	0
11	24	17	0	0
12	12	72	20	0.834167
13	5	13	0	0
14	10	53	8	0.809208
Instant	47
1	597	28	2	0.145914
2	24	13	0	0
3	47	73	19	5.39659
4	319	13	0	0
11	26	18	0	0
12	10	61	22	0.726216
13	5	13	0	0
14	10	53	7	0.841444
Instant	48
1	634	26	1	0
2	24	13	0	0
3	45	69	19	4.34995
4	301	13	0	0
11	27	18	1	0
12	26	72	24	0.580973
13	5	13	0	0
14	10	55	9	0.890176
Instant	49
1	544	28	2	0.319829
2	35	13	0	0
3	29	76	20	7.94271
4	302	13	0	0
11	23	18	0	0
12	13	68	21	0.587889
13	5	13	0	0
14	9	48	8	0.975976
Instant	50
1	537	28	1	0.595238
2	28	13	0	0
3	49	73	20	3.7768
4	321	13	0	0
11	23	17	0	0
12	8	57	30	0.87146
13	5	13	0	0
14	10	48	8	0.804005
Instant	51
1	595	28	2	0
2	19	13	0	0
3	55	66	18	4.84934
4	320	13	0	0
11	26	18	1	0
12	23	66	22	0.544662
13	5	13	0	0
14	11	55	10	0.861719
Instant	52
1	594	29	1	0
2	26	13	0	0
3	61	71	19	3.94864
4	323	13	0	0
11	25	18	0	0
12	15	69	18	0.720165
13	5	13	0	0
14	10	52	8	0.824286
Instant	53
1	629	28	2	0
2	27	13	0	0
3	60	62	25	5.85458
4	315	13	0	0
11	27	17	0	0
12	19	75	22	0.43573
13	5	13	0	0
14	10	50	7	0.978885
Instant	54
1	618	27	2	0.281955
2	18	13	0	0
3	39	76	18	5.64677
4	299	13	0	0
11	27	17	0	0
12	15	61	21	0.835149
13	5	13	0	0
14	9	49	9	0.926528
Instant	55
1	535	28	1	0.324675
2	17	13	0	0
3	50	73	21	5.75397
4	315	13	0	0
11	23	19	1	0.323276
12	18	71	25	0.333667
13	5	13	0	0
14	10	53	9	0.860115
Instant	56
1	614	27	1	0.286807
2	22	13	0	0
3	44	68	17	5.53936
4	315	13	0	0
11	26	18	1	0
12	14	69	19	0.726216
13	5	13	0	0
14	10	50	7	0.886634
Instant	57
1	527	28	1	0.375536
2	18	13	0	0
3	38	72	20	5.58912
4	328	13	0	0
11	23	18	0	0
12	22	72	22	0.580973
13	5	13	0	0
14	11	53	8	0.706801
Instant	58
1	599	29	1	0.196078
2	28	13	0	0
3	43	71	14	3.9499
4	338	13	0	0
11	26	17	0	0
12	19	62	19	0.500501
13	5	13	0	0
14	11	49	8	0.732759
Instant	59
1	612	28	1	0
2	27	13	0	0
3	45	71	18	5.25794
4	304	13	0	0
11	26	18	0	0
12	17	66	16	0.726216
13	5	13	0	0
14	10	54	9	0.977564
Instant	60
1	621	26	2	0.274725
2	24	13	0	0
3	60	73	15	4.62204
4	297	13	0	0
11	27	17	0	0
12	15	71	19	0.653595
13	5	13	0	0
14	9	55	8	0.901782
Instant	61
1	612	28	1	0
2	14	13	0	0
3	36	65	19	6.62135
4	303	13	0	0
11	26	17	0	0
12	14	74	26	0.587889
13	5	13	0	0
14	10	55	11	0.914634
Instant	62
1	521	28	2	0.725446
2	24	13	0	0
3	54	75	18	6.38095
4	289	13	0	0
11	22	17	0	0
12	6	66	32	1.0167
13	5	13	0	0
14	9	53	9	0.890457
Instant	63
1	600	27	1	0
2	22	13	0	0
3	35	57	17	4.58075
4	307	13	0	0
11	26	18	1	0
12	9	64	18	0.944081
13	5	13	0	0
14	9	48	8	0.994318
Instant	64
1	620	28	1	0.0478927
2	18	13	0	0
3	35	74	23	6.32716
4	316	13	0	0
11	26	17	0	0
12	14	65	22	0.834167
13	5	13	0	0
14	10	53	8	0.962326
Instant	65
1	545	28	2	0.433839
2	30	13	0	0
3	39	66	20	4.85075
4	300	13	0	0
11	23	18	1	0
12	0	0	0	0
13	5	13	0	0
14	9	53	9	1.03898
Instant	66
1	621	27	1	0
2	33	13	0	0
3	49	78	22	7.71955
4	320	13	0	0
11	27	17	0	0
12	14	74	21	2.03341
13	5	13	0	0
14	11	54	9	0.734103
Instant	67
1	627	26	1	0
2	31	13	0	0
3	46	69	15	3.82353
4	308	13	0	0
11	27	19	1	0
12	11	55	20	0.700701
13	5	13	0	0
14	10	53	8	0.697065
Instant	68
1	608	29	2	0
2	22	13	0	0
3	56	69	23	3.80952
4	312	13	0	0
11	26	17	0	0
12	16	72	20	0.617284
13	5	13	0	0
14	10	51	8	1.02357
Instant	69
1	626	26	1	0
2	24	13	0	0
3	46	69	16	5.58014
4	308	13	0	0
11	28	18	0	0
12	10	67	25	0.689906
13	5	13	0	0
14	10	53	8	0.850232
Instant	70
1	552	29	1	0.317125
2	34	13	0	0
3	30	77	16	9.42368
4	310	13	0	0
11	24	17	0	0
12	16	69	23	0.767434
13	5	13	0	0
14	10	50	8	0.832293
Instant	71
1	588	29	2	0.153689
2	26	13	0	0
3	39	70	18	4.7047
4	302	13	0	0
11	24	17	0	0
12	9	61	22	0.835149
13	5	13	0	0
14	9	50	10	0.821596
Instant	72
1	579	26	1	0.293542
2	14	13	0	0
3	31	80	16	5.13021
4	306	13	0	0
11	26	17	0	0
12	22	60	19	0.635989
13	4	13	0	0
14	10	54	9	0.992569
Instant	73
1	561	27	1	0.622407
2	19	13	0	0
3	43	66	15	4.35549
4	325	13	0	0
11	24	17	0	0
12	8	68	20	0.63234
13	5	13	0	0
14	10	49	8	0.775656
Instant	74
1	601	28	1	0
2	30	13	0	0
3	42	71	11	5.97262
4	316	13	0	0
11	25	18	1	0
12	15	73	21	0.726216
13	5	13	0	0
14	10	51	7	0.97137
Instant	75
1	558	28	2	0.206186
2	26	13	0	0
3	33	72	14	5.32407
4	303	13	0	0
11	24	19	0	0
12	21	71	29	0.598578
13	5	13	0	0
14	9	53	9	0.968497
Instant	76
1	582	28	1	0.396825
2	35	13	0	0
3	40	70	18	9.59596
4	322	13	0	0
11	25	18	1	0
12	17	63	15	0.514403
13	5	13	0	0
14	10	52	8	0.898295
Instant	77
1	593	29	1	0
2	34	13	0	0
3	47	67	16	3.11016
4	303	13	0	0
11	25	18	0	0
12	7	65	39	0.887346
13	5	13	0	0
14	9	51	9	1.03235
Instant	78
1	589	28	1	0.304878
2	20	13	0	0
3	46	69	21	4.35664
4	311	13	0	0
11	25	18	0	0
12	10	70	21	0.848765
13	5	13	0	0
14	10	49	9	0.938673
Instant	79
1	601	26	1	0
2	23	13	0	0
3	39	73	18	8.9418
4	310	13	0	0
11	26	19	1	0
12	4	54	19	1.06773
13	4	13	0	0
14	10	51	7	0.917814
Instant	80
1	572	27	1	0.608519
2	25	13	0	0
3	46	75	18	5.02381
4	330	13	0	0
11	25	18	1	0
12	11	70	27	0.748223
13	5	13	0	0
14	11	49	7	0.868669
Instant	81
1	585	27	1	0
2	17	13	0	0
3	41	74	17	3.84417
4	288	13	0	0
11	25	19	1	0
12	11	71	30	0.785634
13	5	13	0	0
14	9	52	8	1.05989
Instant	82
1	485	30	2	0.990676
2	21	13	0	0
3	51	75	15	5.54748
4	304	13	0	0
11	21	19	1	0
12	19	66	23	0.740741
13	5	13	0	0
14	9	56	7	0.815217
Instant	83
1	604	28	1	0.0485437
2	19	13	0	0
3	42	74	16	5.53922
4	325	13	0	0
11	26	19	1	0
12	25	63	17	0.411523
13	5	13	0	0
14	10	52	8	1.00798
Instant	84
1	606	29	1	0
2	25	13	0	0
3	29	75	12	5.13661
4	321	13	0	0
11	25	18	0	0
12	9	64	18	0.860456
13	4	13	0	0
14	10	52	8	0.852502
Instant	85
1	549	28	2	0.601202
2	27	13	0	0
3	42	68	16	4.17926
4	306	13	0	0
11	25	17	0	0
12	7	59	25	0.823045
13	5	13	0	0
14	10	52	8	0.915404
Instant	86
1	621	28	2	0
2	19	13	0	0
3	38	73	18	8.63273
4	305	13	0	0
11	25	17	0	0
12	17	67	17	0.580973
13	5	13	0	0
14	10	50	8	0.829082
Instant	87
1	560	29	2	0.309917
2	20	13	0	0
3	37	75	16	4.61538
4	309	13	0	0
11	24	17	0	0.3125
12	8	76	31	0.90777
13	5	13	0	0
14	10	53	7	0.949832
Instant	88
1	587	26	1	0.293542
2	28	13	0	0
3	32	69	20	2.16823
4	340	13	0	0
11	26	17	0	0
12	7	69	12	1.06773
13	5	13	0	0
14	11	50	7	0.714286
Instant	89
1	573	28	2	0.299401
2	16	13	0	0
3	36	77	17	10.1385
4	320	13	0	0
11	25	18	0	0
12	15	71	25	0.617284
13	5	13	0	0
14	11	50	8	0.864685
Instant	90
1	547	28	1	0.0535332
2	22	13	0	0
3	52	73	17	6.875
4	322	13	0	0
11	23	17	0	0
12	18	56	15	0.347222
13	5	13	0	0
14	10	50	9	0.752525
Instant	91
1	552	26	1	0.631579
2	28	13	0	0
3	46	68	20	5.47112
4	322	13	0	0
11	24	19	2	0
12	8	79	21	1.06773
13	5	13	0	0
14	10	50	8	0.761703
Instant	92
1	625	28	1	0
2	16	13	0	0
3	51	65	15	4.03609
4	321	13	0	0
11	27	17	0	0
12	10	71	27	0.897868
13	5	13	0	0
14	10	50	7	1.10875
Instant	93
1	588	27	1	0.291829
2	21	13	0	0
3	45	69	16	6.82939
4	337	13	0	0
11	26	18	0	0
12	14	83	16	0.598578
13	5	13	0	0
14	11	52	8	0.729647
Instant	94
1	521	27	2	0.653595
2	29	13	0	0
3	58	70	17	4.45076
4	316	13	0	0
11	23	19	1	0
12	20	61	16	0.500501
13	5	13	0	0
14	10	48	7	0.926495
Instant	95
1	577	26	2	0.608519
2	27	13	0	0
3	35	79	17	3.95702
4	310	13	0	0
11	25	18	0	0
12	7	63	23	1.0167
13	5	13	0	0
14	10	51	8	0.90557
Instant	96
1	531	27	2	0.592672
2	34	13	0	0
3	40	71	18	6.16371
4	300	13	0	0
11	23	17	0	0
12	7	71	14	1.05301
13	5	13	0	0
14	9	50	8	1.06452
Instant	97
1	585	28	1	0
2	28	13	0	0
3	35	68	19	6.16987
4	293	13	0	0
11	26	17	0	0
12	10	63	28	0.542005
13	5	13	0	0
14	9	51	9	0.921634
Instant	98
1	600	27	1	0.293542
2	25	13	0	0
3	43	70	18	6.43143
4	297	13	0	0
11	25	18	1	0
12	11	70	28	0.90777
13	5	13	0	0
14	9	56	9	0.984552
Instant	99
1	613	28	1	0
2	18	13	0	0
3	46	66	15	4.25024
4	320	13	0	0
11	26	17	0	0
12	16	73	22	0.689906
13	5	13	0	0
14	10	53	8	0.722426
Instant	100
1	583	26	1	0.588235
2	18	13	0	0
3	40	71	19	6.1194
4	291	13	0	0
11	26	17	0	0
12	21	63	31	0.533867
13	5	13	0	0
14	9	56	9	1.13788
Instant	101
1	607	28	1	0
2	24	13	0	0
3	37	67	16	5.7598
4	320	13	0	0
11	25	18	1	0
12	21	76	20	0.43573
13	5	13	0	0
14	10	51	7	0.945122
Instant	102
1	619	27	1	0.28463
2	26	13	0	0
3	41	73	21	6.51741
4	307	13	0	0
11	26	17	0	0
12	23	70	18	0.217865
13	5	13	0	0
14	10	51	8	0.95103
Instant	103
1	586	28	2	0.29703
2	22	13	0	0
3	46	70	24	5.70707
4	294	13	0	0
11	25	18	1	0
12	19	67	30	0.767434
13	5	13	0	0
14	9	52	11	0.853018
Instant	104
1	506	27	1	0.722222
2	37	13	0	0
3	43	71	15	3.57143
4	289	13	0	0
11	23	18	0	0
12	20	65	20	0.472041
13	5	13	0	0
14	9	51	8	1.01095
Instant	105
1	570	26	1	0.610998
2	31	13	0	0
3	36	72	20	8.80243
4	313	13	0	0
11	25	17	0	0
12	19	69	23	0.544662
13	4	13	0	0
14	10	54	8	0.838509
Instant	106
1	614	27	1	0
2	25	13	0	0
3	61	64	16	3.36676
4	315	13	0	0
11	27	18	1	0
12	11	76	16	0.533867
13	5	13	0	0
14	10	54	8	0.767408
Instant	107
1	634	26	1	0
2	26	13	0	0
3	36	74	18	5.54696
4	319	13	0	0
11	27	17	0	0
12	22	61	22	0.653595
13	5	13	0	0
14	10	51	8	0.961538
Instant	108
1	565	27	2	0.709939
2	36	13	0	0
3	43	72	14	5.76923
4	288	13	0	0
11	25	18	1	0
12	13	77	15	0.653595
13	5	13	0	0
14	9	52	8	1.10774
Instant	109
1	598	26	1	0.29703
2	22	13	0	0
3	31	75	13	6.92308
4	312	13	0	0
11	25	18	1	0
12	21	77	19	0.440917
13	4	13	0	0
14	10	53	9	0.829187
Instant	110
1	554	28	1	0.0521921
2	31	13	0	0
3	48	70	14	2.86385
4	290	13	0	0
11	24	19	1	0
12	20	58	24	0.540123
13	5	13	0	0
14	9	51	8	1.03748
Instant	111
1	631	27	1	0
2	29	13	0	0
3	45	77	20	9.38124
4	310	13	0	0
11	27	17	0	0
12	13	74	20	0.689906
13	5	13	0	0
14	10	52	8	0.904433
Instant	112
1	641	26	1	0.0452899
2	23	13	0	0
3	44	69	19	3.42857
4	310	13	0	0
11	28	17	0	0
12	15	61	22	0.700701
13	5	13	0	0
14	10	50	8	0.946257
Instant	113
1	584	28	1	0.298211
2	32	13	0	0
3	42	75	16	3.73563
4	306	13	0	0
11	25	18	0	0
12	8	64	19	0.87146
13	5	13	0	0
14	9	49	7	0.969237
Instant	114
1	593	28	1	0
2	28	13	0	0
3	44	69	23	7.30994
4	322	13	0	0
11	25	17	0	0
12	21	69	16	0.363108
13	5	13	0	0
14	11	52	9	0.776836
Instant	115
1	588	26	1	0.582524
2	37	13	0	0
3	48	66	18	6.39368
4	311	13	0	0
11	26	18	1	0
12	12	62	28	0.800801
13	5	13	0	0
14	10	47	10	0.815669
Instant	116
1	554	28	2	0.369979
2	36	13	0	0
3	40	68	21	5.49077
4	307	13	0	0
11	24	18	0	0
12	13	64	18	0.689906
13	5	13	0	0
14	10	54	9	0.890223
Instant	117
1	629	27	1	0
2	25	13	0	0
3	37	63	28	3.7092
4	294	13	0	0
11	27	17	0	0
12	18	69	23	0.798838
13	5	13	0	0
14	9	54	10	1.02935
Instant	118
1	490	27	2	1.07466
2	30	13	0	0
3	38	71	24	4.84267
4	306	13	0	0
11	22	19	1	0
12	13	63	18	0.533867
13	5	13	0	0
14	10	54	9	0.79087
Instant	119
1	593	27	1	0
2	35	13	0	0
3	43	72	15	10.5994
4	307	13	0	0
11	25	17	0	0
12	18	59	20	0.762527
13	5	13	0	0
14	10	54	9	0.839631
