	T	D	J	LP
Instant	0
1	0	0	0	0
2	0	0	0	0
3	0	0	0	0
4	0	0	0	0
11	0	0	0	0
12	0	0	0	0
13	0	0	0	0
14	0	0	0	0
Instant	1
1	332	33	2	0
2	13	13	0	0
3	26	57	14	1.61616
4	126	13	0	0
11	12	19	0	0
12	21	71	1	5.58239
13	1	13	0	0
14	4	51	12	0.237417
Instant	2
1	1557	31	3	0.305755
2	27	13	0	0
3	48	67	16	5.08772
4	732	14	0	0
11	71	18	0	0
12	32	77	15	1.48874
13	5	13	0	0
14	24	46	5	0.668092
Instant	3
1	1518	29	3	0.676198
2	32	13	0	0
3	44	68	17	5.07042
4	657	14	0	0
11	67	18	0	0
12	28	45	14	0.254176
13	5	13	0	0
14	24	50	7	0.823442
Instant	4
1	1037	29	2	0.115075
2	17	13	0	0
3	38	76	24	4.5904
4	497	13	0	0
11	45	17	0	0
12	21	71	10	0.333667
13	5	13	0	0
14	18	50	6	0.618617
Instant	5
1	945	29	3	0
2	30	13	0	0
3	47	77	13	4.34783
4	444	13	0	0
11	40	18	0	0.310945
12	24	50	10	0.326797
13	6	13	0	0
14	16	48	6	0.519462
Instant	6
1	836	29	3	0.0350631
2	30	13	0	0
3	41	80	11	5.35382
4	450	13	0	0
11	36	18	0	0
12	33	57	8	0
13	5	13	0	0
14	16	47	6	0.600405
Instant	7
1	667	29	2	0.479094
2	22	13	0	0
3	46	67	24	5.82192
4	424	13	0	0
11	29	17	0	0
12	22	46	6	0.266934
13	5	13	0	0
14	15	49	7	0.668203
Instant	8
1	655	29	2	0
2	31	13	0	0
3	35	81	14	5.06208
4	415	14	0	0
11	29	17	0	0
12	30	59	9	0.0726216
13	5	13	0	0
14	15	51	7	0.614818
Instant	9
1	683	28	2	0.131349
2	31	13	0	0
3	53	70	17	8.01716
4	378	13	0	0
11	29	17	0	0
12	25	60	12	0.217865
13	5	13	0	0
14	13	51	8	0.69516
Instant	10
1	725	26	2	0
2	29	13	0	0
3	45	76	15	6.95899
4	377	13	0	0
11	32	18	1	0
12	18	50	10	0.500501
13	6	13	0	0
14	13	48	8	0.508972
Instant	11
1	707	27	1	0.0421585
2	27	13	0	0
3	68	65	17	4.02813
4	367	13	0	0
11	30	17	0	0
12	24	61	5	0.217865
13	6	13	0	0
14	13	48	7	0.673043
Instant	12
1	683	29	2	0
2	16	13	0	0
3	49	79	12	4.9458
4	361	13	0	0
11	29	19	0	0
12	6	73	12	0.980392
13	5	13	0	0
14	13	51	8	0.688445
Instant	13
1	452	30	2	1.13365
2	29	13	0	0
3	43	71	15	4.71996
4	359	13	0	0
11	21	18	0	0
12	18	64	15	0.470312
13	5	13	0	0
14	12	50	8	0.643816
Instant	14
1	461	27	2	1.49165
2	27	13	0	0
3	50	71	13	5.79096
4	373	13	0	0
11	21	18	1	0
12	15	51	16	0.689906
13	5	13	0	0
14	14	48	7	0.44845
Instant	15
1	559	28	2	0.315789
2	35	13	0	0
3	52	70	16	6.13456
4	407	13	0	0
11	24	17	0	0
12	17	54	9	0.508352
13	6	13	0	0
14	14	46	8	0.513372
Instant	16
1	524	28	2	0.93819
2	31	13	0	0
3	47	77	20	4.90741
4	349	13	0	0
11	23	17	0	0
12	24	54	4	0.433767
13	5	13	0	0
14	12	50	8	0.597222
Instant	17
1	573	30	2	0
2	18	13	0	0
3	41	75	16	7.3596
4	344	13	0	0
11	25	17	0	0
12	16	58	10	0.399419
13	6	13	0	0
14	12	49	8	0.866477
Instant	18
1	547	30	2	0.0524109
2	17	13	0	0
3	47	73	18	5.0813
4	344	13	0	0
11	24	18	1	0
12	21	55	20	0.762527
13	5	13	0	0
14	12	47	7	0.59322
Instant	19
1	538	30	3	0.276549
2	28	13	0	0
3	37	78	17	5.77101
4	361	14	0	0
11	23	18	0	0
12	23	53	12	0.3003
13	5	13	0	0
14	13	48	8	0.588817
Instant	20
1	506	30	2	1.01351
2	15	13	0	0
3	47	69	18	5.35382
4	350	13	0	0
11	22	17	0	0
12	24	42	7	0.326797
13	5	13	0	0
14	12	51	8	0.682071
Instant	21
1	532	31	2	0.380435
2	25	13	0	0
3	49	74	14	4.59095
4	365	13	0	0
11	23	19	1	0
12	14	63	15	0.653595
13	6	13	0	0
14	13	45	7	0.644101
Instant	22
1	603	29	2	0
2	25	13	0	0
3	44	73	14	5.05872
4	347	13	0	0
11	26	18	1	0
12	18	63	14	0.266934
13	5	13	0	0
14	12	46	8	0.724028
Instant	23
1	472	30	3	1.54394
2	24	13	0	0
3	42	69	18	7.09963
4	351	13	0	0
11	21	18	1	0
12	25	62	10	0.43573
13	6	13	0	0
14	12	50	7	0.689815
Instant	24
1	561	27	2	0.369198
2	20	13	0	0
3	43	74	18	7.96089
4	373	13	0	0
11	24	18	0	0
12	29	48	5	0.0363108
13	5	13	0	0
14	13	47	8	0.536088
Instant	25
1	529	29	2	0.638298
2	25	13	0	0
3	43	69	22	4.2381
4	345	13	0	0
11	23	19	1	0
12	21	58	7	0.323339
13	5	13	0	0
14	12	50	7	0.778904
Instant	26
1	536	30	2	0.735294
2	34	13	0	0
3	47	73	18	5.35714
4	368	13	0	0
11	24	17	0	0
12	26	61	11	0.145243
13	5	13	0	0
14	13	51	8	0.612227
Instant	27
1	581	27	1	0.295858
2	18	13	0	0
3	35	68	21	6.45604
4	372	13	0	0
11	26	18	1	0
12	8	72	16	0.90777
13	5	13	0	0
14	13	47	8	0.590241
Instant	28
1	581	27	2	0.30303
2	22	13	0	0
3	41	80	20	5.23679
4	341	13	0	0
11	25	18	0	0
12	22	52	10	0.377229
13	5	13	0	0
14	11	48	9	0.879947
Instant	29
1	576	29	2	0.298211
2	38	13	0	0
3	46	76	15	7.54848
4	376	13	0	0
11	25	17	0	0
12	21	60	18	0.653595
13	5	13	0	0
14	13	45	8	0.46918
Instant	30
1	555	28	2	0.309278
2	36	13	0	0
3	59	69	22	4.83512
4	361	13	0	0
11	24	18	0	0
12	25	56	12	0.399419
13	6	13	0	0
14	13	50	9	0.593312
Instant	31
1	540	31	2	0.851064
2	22	13	0	0
3	36	80	17	5.9739
4	350	13	0	0
11	23	17	0	0
12	27	63	12	0.133467
13	5	13	0	0
14	12	50	8	0.74239
Instant	32
1	572	29	2	0.357873
2	20	13	0	0
3	50	72	13	5.45045
4	365	13	0	0
11	25	17	0	0
12	26	57	10	0.290487
13	6	13	0	0
14	13	51	6	0.551994
Instant	33
1	591	28	2	0
2	25	13	0	0
3	58	72	15	4.54344
4	346	13	0	0
11	25	18	0	0
12	14	59	12	0.544662
13	6	13	0	0
14	12	53	9	0.63742
Instant	34
1	535	30	1	0.321888
2	15	13	0	0
3	53	72	16	4.06449
4	369	13	0	0
11	23	18	1	0
12	27	57	8	0.233567
13	5	13	0	0
14	13	48	8	0.593354
Instant	35
1	551	29	2	0.316456
2	18	13	0	0
3	52	76	12	5.34925
4	362	13	0	0
11	24	18	0	0
12	23	62	10	0.217865
13	6	13	0	0
14	13	50	8	0.62343
Instant	36
1	565	29	1	0.311203
2	22	13	0	0
3	53	75	15	2.61261
4	360	13	0	0
11	24	17	0	0
12	28	67	16	0.217865
13	6	13	0	0
14	13	48	7	0.529813
Instant	37
1	597	28	2	0
2	25	13	0	0
3	50	73	15	4.38144
4	373	13	0	0
11	26	18	0	0
12	22	76	8	0.26455
13	6	13	0	0
14	13	46	8	0.585255
Instant	38
1	541	29	3	0.374732
2	30	13	0	0
3	50	76	12	8.72146
4	359	13	0	0
11	24	17	0	0
12	32	59	7	0.254176
13	5	13	0	0
14	13	50	8	0.551936
Instant	39
1	586	29	2	0.05
2	25	13	0	0
3	44	73	20	6.76362
4	346	13	0	0
11	25	18	1	0
12	24	57	12	0.290487
13	5	13	0	0
14	12	47	7	0.733371
Instant	40
1	571	30	1	0.31185
2	25	13	0	0
3	42	74	18	5.56325
4	361	13	0	0
11	24	17	0	0
12	27	56	7	0.1001
13	5	13	0	0
14	13	51	8	0.615122
Instant	41
1	591	28	1	0
2	24	13	0	0
3	39	71	19	5.45894
4	351	13	0	0
11	26	18	0	0
12	26	55	19	0.326797
13	5	13	0	0
14	12	53	8	0.564815
Instant	42
1	575	30	2	0
2	24	13	0	0
3	50	69	23	6.66209
4	343	13	0	0
11	25	18	0	0
12	18	52	8	0.363108
13	5	13	0	0
14	12	51	8	0.677083
Instant	43
1	526	31	3	0.321888
2	24	13	0	0
3	34	74	19	4.91029
4	348	13	0	0
11	23	18	1	0
12	20	50	7	0.500501
13	5	13	0	0
14	12	48	6	0.830534
Instant	44
1	545	29	2	0.698925
2	25	13	0	0
3	49	71	19	7.41265
4	357	13	0	0
11	23	17	0	0
12	15	61	18	0.762527
13	5	13	0	0
14	12	49	8	0.554344
Instant	45
1	525	29	2	0.927948
2	20	13	0	0
3	40	72	19	4.65824
4	336	13	0	0
11	23	18	0	0
12	6	46	10	0.944081
13	5	13	0	0
14	11	51	8	0.767671
Instant	46
1	492	30	3	0.795455
2	29	13	0	0
3	50	73	16	4.91395
4	352	13	0	0
11	22	17	0	0
12	25	62	13	0.233567
13	5	13	0	0
14	12	50	8	0.545085
Instant	47
1	564	30	2	0.0520833
2	23	13	0	0
3	63	67	18	6.56436
4	350	13	0	0
11	24	18	0	0
12	26	51	12	0.254176
13	6	13	0	0
14	12	48	8	0.777778
Instant	48
1	600	27	2	0.145914
2	25	13	0	0
3	49	71	13	3.83632
4	345	13	0	0
11	26	18	1	0
12	14	73	14	0.689906
13	6	13	0	0
14	12	52	8	0.715631
Instant	49
1	470	32	4	0.719424
2	23	13	0	0
3	39	74	14	7.12881
4	357	13	0	0
11	21	17	0	0
12	23	51	9	0.235156
13	5	13	0	0
14	13	49	7	0.672483
Instant	50
1	587	29	2	0.305499
2	22	13	0	0
3	61	69	19	4.42982
4	347	13	0	0
11	24	18	0	0
12	17	58	18	0.726216
13	6	13	0	0
14	12	53	7	0.468691
Instant	51
1	603	27	2	0
2	13	13	0	0
3	37	70	23	7.1161
4	341	13	0	0
11	27	18	1	0
12	27	54	3	0.217865
13	5	13	0	0
14	11	47	8	0.847619
Instant	52
1	605	28	2	0.347222
2	21	13	0	0
3	56	69	14	3.32887
4	342	13	0	0
11	25	18	0	0
12	20	63	14	0.274348
13	5	13	0	0
14	12	47	8	0.721336
Instant	53
1	527	28	2	0.647948
2	32	13	0	0
3	61	72	17	6.0567
4	363	13	0	0
11	23	18	1	0
12	27	51	14	0.326797
13	6	13	0	0
14	13	47	9	0.58503
Instant	54
1	490	31	3	0.860092
2	16	13	0	0
3	41	74	21	6.85714
4	337	13	0	0
11	22	17	0	0
12	22	58	7	0.399419
13	5	13	0	0
14	11	51	9	0.759323
Instant	55
1	504	28	2	0.669643
2	29	13	0	0
3	46	74	15	3.36538
4	362	13	0	0
11	22	18	0	0.339367
12	17	44	10	0.467134
13	5	13	0	0
14	13	51	7	0.561848
Instant	56
1	554	30	2	0.317797
2	27	13	0	0
3	38	77	14	5.65476
4	370	13	0	0
11	24	19	1	0
12	26	58	5	0.181554
13	5	13	0	0
14	13	46	7	0.610935
Instant	57
1	506	29	2	0.694444
2	23	13	0	0
3	46	74	12	7.14286
4	373	13	0	0
11	21	19	1	0
12	17	47	19	0.580973
13	5	13	0	0
14	13	48	8	0.479428
Instant	58
1	513	30	2	0
2	23	13	0	0
3	44	63	19	6.40496
4	355	13	0	0
11	23	18	0	0
12	24	63	14	0.367034
13	5	13	0	0
14	12	50	9	0.60241
Instant	59
1	542	28	1	0.656455
2	23	13	0	0
3	51	74	18	3.92694
4	357	13	0	0
11	23	19	1	0
12	18	61	12	0.580973
13	5	13	0	0
14	12	51	8	0.659571
Instant	60
1	592	29	2	0
2	26	13	0	0
3	47	78	18	5.60147
4	347	13	0	0
11	26	18	0	0
12	5	81	22	0.689906
13	5	13	0	0
14	12	52	7	0.745219
Instant	61
1	592	29	1	0
2	17	13	0	0
3	64	69	17	4.65261
4	343	13	0	0
11	25	18	0	0
12	26	58	13	0.470312
13	6	13	0	0
14	12	50	8	0.641752
Instant	62
1	553	29	2	0.613497
2	24	13	0	0
3	40	72	23	4.23689
4	371	13	0	0
11	25	18	0	0
12	20	63	10	0.472041
13	5	13	0	0
14	13	47	8	0.537212
Instant	63
1	566	31	2	0.100604
2	24	13	0	0
3	39	66	25	6.01719
4	354	13	0	0
11	25	18	0	0
12	26	51	10	0.254176
13	5	13	0	0
14	13	50	8	0.647026
Instant	64
1	593	28	2	0.301205
2	25	13	0	0
3	44	64	22	3.73641
4	356	13	0	0
11	25	18	1	0
12	17	50	13	0.667334
13	5	13	0	0
14	12	48	8	0.527081
Instant	65
1	588	27	1	0.584795
2	20	13	0	0
3	42	75	22	7.02754
4	364	13	0	0
11	26	17	0	0
12	20	62	12	0.544662
13	5	13	0	0
14	13	48	8	0.664704
Instant	66
1	614	26	1	0
2	24	13	0	0
3	60	63	23	5.13699
4	385	13	0	0
11	26	18	1	0
12	15	65	12	0.254176
13	5	13	0	0
14	14	49	8	0.486464
Instant	67
1	548	29	3	0.318471
2	21	13	0	0
3	28	72	17	5.21739
4	359	13	0	0
11	24	18	0	0
12	17	66	15	0.867534
13	5	13	0	0
14	12	52	7	0.557671
Instant	68
1	539	31	3	0.326087
2	25	13	0	0
3	43	72	17	5.74866
4	349	13	0	0
11	23	17	0	0
12	20	58	13	0.385802
13	6	13	0	0
14	12	47	8	0.658139
Instant	69
1	582	29	2	0
2	30	13	0	0
3	26	70	21	5.24007
4	355	14	0	0
11	25	18	1	0.302419
12	25	59	9	0.290487
13	5	13	0	0
14	12	47	7	0.670865
Instant	70
1	546	29	2	0.621118
2	21	13	0	0
3	43	73	18	6.53736
4	370	13	0	0
11	24	18	1	0
12	16	67	8	0.667334
13	5	13	0	0
14	13	46	7	0.677578
Instant	71
1	544	28	2	0.430108
2	24	13	0	0
3	44	68	19	9.44293
4	361	13	0	0
11	23	17	0	0
12	23	52	8	0.326797
13	5	13	0	0
14	12	48	6	0.570223
Instant	72
1	611	28	2	0
2	18	13	0	0
3	45	74	16	5.00466
4	369	13	0	0
11	26	18	1	0
12	24	57	19	0.299289
13	5	13	0	0
14	13	50	8	0.62478
Instant	73
1	585	29	1	0
2	32	13	0	0
3	50	67	17	4.63458
4	342	13	0	0
11	25	18	1	0
12	6	92	13	0.692562
13	6	13	0	0
14	12	46	10	0.683371
Instant	74
1	570	27	1	0.360082
2	20	13	0	0
3	38	73	13	5.03145
4	341	13	0	0
11	25	17	0	0
12	28	61	12	0.399419
13	5	13	0	0
14	11	51	8	0.816151
Instant	75
1	556	28	2	0.363825
2	28	13	0	0
3	37	77	20	9.48357
4	346	13	0	0
11	24	17	0	0
12	20	68	18	0.673401
13	5	13	0	0
14	12	42	7	0.7397
Instant	76
1	593	30	2	0
2	24	13	0	0
3	47	70	22	5
4	360	13	0	0
11	25	17	0	0
12	27	57	8	0.171468
13	5	13	0	0
14	13	49	8	0.517459
Instant	77
1	606	27	1	0
2	17	13	0	0
3	42	69	20	4.89276
4	351	13	0	0
11	26	19	0	0
12	14	69	14	0.424383
13	5	13	0	0
14	12	48	8	0.647429
Instant	78
1	578	30	1	0
2	27	13	0	0
3	32	72	19	6.98925
4	366	13	0	0
11	25	19	1	0
12	29	69	11	0.385802
13	5	13	0	0
14	13	47	7	0.553489
Instant	79
1	497	28	1	1.0181
2	22	13	0	0
3	58	73	15	6.63082
4	362	13	0	0
11	22	18	0	0
12	12	54	7	0.4004
13	6	13	0	0
14	13	49	7	0.53144
Instant	80
1	613	28	2	0
2	22	13	0	0
3	39	69	19	4.2735
4	347	13	0	0
11	26	18	0	0
12	12	41	12	0.823045
13	5	13	0	0
14	12	52	7	0.716292
Instant	81
1	517	28	1	0.665188
2	20	13	0	0
3	55	62	23	5.97113
4	366	13	0	0
11	23	18	0	0
12	27	55	6	0.411523
13	6	13	0	0
14	13	50	7	0.631448
Instant	82
1	612	27	1	0
2	22	13	0	0
3	48	68	16	4.68612
4	342	13	0	0
11	26	18	0	0
12	25	54	9	0.141093
13	5	13	0	0
14	12	51	8	0.622387
Instant	83
1	620	26	1	0
2	26	13	0	0
3	44	69	17	5.29699
4	344	13	0	0
11	27	18	0	0
12	16	55	13	0.785634
13	5	13	0	0
14	12	48	7	0.67402
Instant	84
1	586	26	2	0
2	25	13	0	0
3	50	70	23	5.24444
4	352	13	0	0
11	25	19	1	0
12	17	55	10	0.561167
13	6	13	0	0
14	12	49	8	0.66465
Instant	85
1	552	27	1	1.23457
2	25	13	0	0
3	46	77	13	4.58221
4	363	13	0	0
11	24	18	0	0
12	13	51	21	0.538145
13	6	13	0	0
14	13	48	9	0.749013
Instant	86
1	567	28	2	0.102669
2	34	13	0	0
3	55	76	14	8.1546
4	361	13	0	0
11	25	17	0	0
12	23	65	9	0.363108
13	6	13	0	0
14	13	49	6	0.601005
Instant	87
1	568	29	1	0.304878
2	27	13	0	0
3	51	71	17	4.78437
4	363	13	0	0
11	24	17	0	0
12	25	57	13	0.544662
13	5	13	0	0
14	13	50	7	0.578579
Instant	88
1	561	30	2	0.311203
2	29	13	0	0
3	51	72	19	5.7971
4	346	13	0	0
11	24	17	0	0
12	22	74	9	0.3003
13	5	13	0	0
14	12	49	8	0.624534
Instant	89
1	622	28	1	0
2	21	13	0	0
3	46	67	22	6.24444
4	361	13	0	0
11	26	18	1	0
12	25	64	14	0.181554
13	6	13	0	0
14	13	47	7	0.518018
Instant	90
1	565	28	2	0.443787
2	20	13	0	0
3	48	78	19	5.23307
4	343	13	0	0
11	25	18	0	0
12	23	60	13	0.424383
13	6	13	0	0
14	12	52	8	0.552095
Instant	91
1	625	26	1	0
2	27	13	0	0
3	36	70	16	4.73103
4	342	13	0	0
11	26	18	1	0
12	24	70	9	0.233567
13	5	13	0	0
14	12	48	8	0.575689
Instant	92
1	529	29	3	0.703463
2	28	13	0	0
3	50	67	17	5.52536
4	361	13	0	0
11	23	17	0	0
12	19	55	8	0.448934
13	6	13	0	0
14	13	51	8	0.611951
Instant	93
1	583	28	2	0.351406
2	27	13	0	0
3	31	70	23	4.6748
4	347	13	0	0
11	25	18	0	0
12	29	62	9	0.0748223
13	5	13	0	0
14	12	49	9	0.575196
Instant	94
1	605	28	1	0
2	24	13	0	0
3	46	74	17	8.91137
4	354	13	0	0
11	26	18	0	0
12	13	53	20	0.600601
13	5	13	0	0
14	12	48	9	0.653326
Instant	95
1	582	29	1	0
2	24	13	0	0
3	39	67	23	6.13527
4	351	13	0	0
11	26	18	0	0
12	16	51	17	0.689906
13	5	13	0	0
14	12	51	8	0.496474
Instant	96
1	593	28	2	0
2	23	13	0	0
3	57	69	17	4.45587
4	367	13	0	0
11	25	18	1	0
12	21	56	9	0.290487
13	6	13	0	0
14	13	50	8	0.72695
Instant	97
1	605	28	1	0.0490196
2	24	13	0	0
3	62	70	17	3.17668
4	376	13	0	0
11	26	18	1	0
12	13	66	12	0.63234
13	6	13	0	0
14	13	50	7	0.528963
Instant	98
1	620	26	1	0
2	31	13	0	0
3	54	63	17	5.25742
4	347	13	0	0
11	27	18	0	0
12	6	70	9	0.90777
13	5	13	0	0
14	12	50	9	0.563945
Instant	99
1	538	29	2	0.382932
2	31	13	0	0
3	36	73	20	5.2944
4	346	13	0	0
11	23	18	1	0
12	26	66	11	0.290487
13	5	13	0	0
14	12	49	7	0.644619
Instant	100
1	620	28	2	0
2	37	13	0	0
3	52	61	19	5.39084
4	356	13	0	0
11	26	18	0	0
12	22	51	9	0.533867
13	5	13	0	0
14	12	48	7	0.686813
Instant	101
1	606	28	1	0
2	27	13	0	0
3	42	72	19	4.38121
4	362	13	0	0
11	26	18	0	0
12	23	67	15	0.399419
13	5	13	0	0
14	13	48	6	0.547773
Instant	102
1	599	28	1	0
2	22	13	0	0
3	45	73	25	9.09935
4	331	13	0	0
11	26	18	0	0
12	19	55	9	0.399419
13	5	13	0	0
14	11	50	8	0.752247
Instant	103
1	585	28	1	0
2	36	13	0	0
3	47	72	19	5.8356
4	346	13	0	0
11	25	18	0	0
12	22	59	13	0.4004
13	5	13	0	0
14	12	49	8	0.558371
Instant	104
1	573	29	2	0.705645
2	23	13	0	0
3	40	76	13	4.80226
4	358	13	0	0
11	25	18	0	0
12	23	68	11	0.108932
13	5	13	0	0
14	12	50	8	0.745184
Instant	105
1	589	29	2	0.0496032
2	18	13	0	0
3	46	65	24	5.22876
4	358	13	0	0
11	26	18	0	0
12	30	61	9	0.290487
13	5	13	0	0
14	13	48	7	0.57971
Instant	106
1	593	27	2	0.297619
2	28	13	0	0
3	56	70	21	5.05618
4	373	13	0	0
11	25	18	1	0
12	21	60	16	0.4004
13	5	13	0	0
14	13	48	7	0.580279
Instant	107
1	580	28	2	0
2	37	13	0	0
3	50	73	19	7.25352
4	362	13	0	0
11	26	19	1	0
12	25	70	16	0.290487
13	5	13	0	0
14	13	51	7	0.572861
Instant	108
1	596	29	1	0
2	31	13	0	0
3	39	74	22	5.00466
4	366	13	0	0
11	25	18	0	0
12	27	53	8	0.181554
13	5	13	0	0
14	13	50	9	0.557325
Instant	109
1	598	29	2	0.0490196
2	26	13	0	0
3	50	75	19	3.95778
4	356	13	0	0
11	26	18	1	0
12	24	69	11	0.205761
13	6	13	0	0
14	12	47	7	0.709707
Instant	110
1	591	29	1	0
2	17	13	0	0
3	49	76	17	7.47207
4	365	13	0	0
11	25	18	1	0
12	24	51	7	0.270062
13	5	13	0	0
14	13	52	7	0.510295
Instant	111
1	591	28	1	0
2	22	13	0	0
3	56	71	18	4.47861
4	401	13	0	0
11	25	18	1	0
12	20	53	17	0.508352
13	5	13	0	0
14	14	45	7	0.573171
Instant	112
1	559	29	2	0.366876
2	30	13	0	0
3	51	72	16	5.51891
4	382	13	0	0
11	24	18	0	0.309917
12	22	67	16	0.467134
13	6	13	0	0
14	14	49	8	0.505437
Instant	113
1	595	30	2	0
2	24	13	0	0
3	45	76	15	5.28801
4	388	13	0	0
11	25	17	0	0
12	28	56	10	0.181554
13	5	13	0	0
14	14	47	7	0.543297
Instant	114
1	582	28	2	0
2	29	13	0	0
3	55	78	18	5.90746
4	366	13	0	0
11	26	17	0	0
12	26	59	8	0.181554
13	5	13	0	0
14	12	47	8	0.658832
Instant	115
1	526	29	2	0.703463
2	31	13	0	0
3	40	70	18	5.84066
4	348	13	0	0
11	23	18	1	0
12	25	50	3	0.2002
13	5	13	0	0
14	12	52	8	0.585284
Instant	116
1	589	30	1	0
2	30	13	0	0
3	48	70	16	6.23306
4	327	13	0	0
11	25	17	0	0
12	26	55	10	0.181554
13	5	13	0	0
14	11	51	10	0.733254
Instant	117
1	598	28	1	0
2	20	13	0	0
3	43	67	16	5.73921
4	356	13	0	0
11	26	18	1	0
12	25	68	14	0.290487
13	5	13	0	0
14	12	52	9	0.667032
Instant	118
1	619	28	2	0
2	21	13	0	0
3	44	65	18	4.52447
4	358	13	0	0
11	27	17	0	0
12	17	66	8	0.533867
13	5	13	0	0
14	13	48	8	0.643116
Instant	119
1	571	29	2	0.414938
2	25	13	0	0
3	37	76	16	5.50847
4	364	13	0	0
11	24	19	0	0
12	18	58	8	0.43573
13	5	13	0	0
14	13	48	7	0.637255
