	T	D	J	LP
Instant	0
1	0	0	0	0
2	0	0	0	0
3	0	0	0	0
4	0	0	0	0
11	0	0	0	0
12	0	0	0	0
13	0	0	0	0
14	0	0	0	0
Instant	1
1	332	33	2	0
2	13	13	0	0
3	28	57	16	1.6129
4	89	13	0	0
11	12	19	0	0
12	34	57	7	6.8323
13	1	13	0	0
14	2	52	13	0.303321
Instant	2
1	1528	31	3	0.310673
2	25	13	0	0
3	27	65	15	6.44172
4	514	13	0	0
11	70	18	0	0
12	24	58	11	0.960384
13	5	13	0	0
14	15	51	6	0.960807
Instant	3
1	1287	28	2	0.982226
2	22	13	0	0
3	41	74	19	5.59896
4	529	14	0	0
11	56	19	0	0
12	37	44	7	0.720288
13	4	13	0	0
14	17	49	7	1.07616
Instant	4
1	1119	27	2	0.0515464
2	30	13	0	0
3	30	75	16	4.48522
4	510	13	0	0
11	50	17	0	0
12	21	71	7	0.937672
13	5	13	0	0
14	18	48	7	0.665775
Instant	5
1	865	28	2	0
2	23	13	0	0
3	29	68	13	3.26846
4	429	13	0	0
11	37	18	0	0
12	36	41	8	0.420168
13	5	13	0	0
14	15	51	8	0.831821
Instant	6
1	775	28	3	0
2	25	13	0	0
3	31	77	19	8.97436
4	465	13	0	0
11	33	18	0	0
12	20	60	7	0.60024
13	5	13	0	0
14	17	51	7	0.585226
Instant	7
1	707	28	2	0.284091
2	25	13	0	0
3	41	74	15	5.76162
4	468	13	0	0
11	31	17	0	0
12	18	50	12	1.37893
13	5	13	0	0
14	17	49	7	0.57543
Instant	8
1	627	29	2	0.369004
2	23	13	0	0
3	18	74	22	4.08333
4	440	13	0	0
11	28	18	0	0
12	12	50	5	1.38055
13	4	13	0	0
14	16	51	7	0.517598
Instant	9
1	641	29	1	0
2	31	13	0	0
3	26	74	17	8.97436
4	341	13	0	0
11	27	17	0	0.3663
12	17	69	12	1.2605
13	4	13	0	0
14	11	48	8	1.01082
Instant	10
1	660	29	1	0
2	37	13	0	0
3	31	81	21	7.95455
4	364	13	0	0
11	28	17	0	0
12	13	60	10	1.26862
13	5	13	0	0
14	12	49	8	0.821722
Instant	11
1	640	28	1	0
2	15	13	0	0
3	42	78	16	4.65465
4	338	13	0	0
11	28	18	0	0
12	26	58	13	0.90036
13	5	13	0	0
14	11	54	8	0.715922
Instant	12
1	600	29	1	0.35
2	18	13	0	0
3	32	74	16	7.84008
4	333	13	0	0
11	25	18	0	0
12	27	69	6	0.480192
13	5	13	0	0
14	11	52	8	0.801094
Instant	13
1	610	27	2	0.59415
2	21	13	0	0
3	31	71	20	5.22727
4	358	13	0	0
11	28	17	0	0
12	17	53	10	1.11759
13	5	13	0	0
14	12	50	8	0.71558
Instant	14
1	549	28	3	0.322581
2	23	13	0	0
3	41	73	18	6.20673
4	361	13	0	0
11	23	18	0	0.421941
12	33	51	8	0.30012
13	5	13	0	0
14	12	50	9	0.832438
Instant	15
1	553	29	2	0.309278
2	11	13	0	0
3	29	79	15	6.33013
4	321	13	0	0
11	24	19	0	0
12	19	71	18	0.90036
13	4	13	0	0
14	11	49	9	0.838415
Instant	16
1	532	27	1	0.701944
2	16	13	0	0
3	38	69	18	5.39659
4	344	13	0	0
11	23	17	0	0
12	25	42	7	0.827358
13	5	13	0	0
14	11	50	7	0.874718
Instant	17
1	570	27	2	0.29703
2	34	13	0	0
3	26	75	16	3.56771
4	352	13	0	0
11	25	17	0	0
12	14	62	13	1.20048
13	5	13	0	0
14	12	49	8	0.687523
Instant	18
1	595	27	2	0.249004
2	28	13	0	0
3	32	69	20	4.03727
4	346	13	0	0
11	25	17	0	0
12	38	55	8	0.660264
13	5	13	0	0
14	11	52	7	0.766928
Instant	19
1	541	28	2	0.690021
2	26	13	0	0
3	27	78	14	6.43939
4	345	13	0	0
11	24	18	1	0
12	35	62	6	0.165472
13	4	13	0	0
14	12	51	9	0.76952
Instant	20
1	585	28	1	0
2	17	13	0	0
3	53	74	17	7.88095
4	316	13	0	0
11	25	18	0	0
12	30	67	11	0.540216
13	5	13	0	0
14	11	53	8	0.791462
Instant	21
1	599	30	1	0
2	25	13	0	0
3	38	74	17	5.28701
4	317	13	0	0
11	25	17	0	0
12	22	51	7	1.02041
13	5	13	0	0
14	11	53	9	0.719975
Instant	22
1	567	28	2	0.30426
2	15	13	0	0
3	47	72	19	6.87094
4	303	13	0	0
11	25	17	0	0
12	20	54	16	0.99283
13	5	13	0	0
14	10	53	9	0.788861
Instant	23
1	552	28	2	0.627615
2	25	13	0	0
3	34	77	17	6.94444
4	329	13	0	0
11	24	18	0	0
12	22	59	8	0.960384
13	5	13	0	0
14	11	51	7	0.744576
Instant	24
1	531	27	2	0.692964
2	26	13	0	0
3	25	73	13	5.86518
4	357	13	0	0
11	23	18	1	0
12	31	57	18	0.540216
13	4	13	0	0
14	13	51	7	0.575658
Instant	25
1	559	30	2	0
2	28	13	0	0
3	31	77	16	4.83701
4	314	13	0	0
11	24	18	0	0
12	13	51	20	1.069
13	5	13	0	0
14	10	54	7	0.884458
Instant	26
1	537	28	2	0.639659
2	29	13	0	0
3	41	79	14	7.63285
4	329	13	0	0
11	24	17	0	0
12	28	55	12	0.840336
13	5	13	0	0
14	11	49	8	0.827423
Instant	27
1	556	28	2	0.951904
2	23	13	0	0
3	50	64	22	4.25425
4	343	13	0	0
11	25	17	0	0
12	17	73	12	1.14046
13	5	13	0	0
14	12	50	8	0.742527
Instant	28
1	575	27	2	0.306122
2	32	13	0	0
3	39	65	18	6.36503
4	327	13	0	0
11	25	18	0	0
12	35	52	8	0.453515
13	5	13	0	0
14	11	48	8	0.911613
Instant	29
1	549	27	1	0.368421
2	30	13	0	0
3	36	70	19	4.79418
4	321	13	0	0
11	24	18	0	0
12	21	64	11	0.780312
13	5	13	0	0
14	10	48	8	0.719605
Instant	30
1	539	28	2	0.636943
2	19	13	0	0
3	32	82	16	6.85976
4	331	13	0	0
11	24	18	0	0
12	22	67	9	1.2605
13	5	13	0	0
14	11	50	8	0.690364
Instant	31
1	591	28	1	0
2	17	13	0	0
3	25	79	13	6.99686
4	327	13	0	0
11	25	19	0	0
12	30	58	12	0.275786
13	5	13	0	0
14	11	50	7	0.8047
Instant	32
1	600	27	1	0.337838
2	12	13	0	0
3	27	66	14	5.13029
4	352	13	0	0
11	26	18	0	0
12	29	63	16	0.840336
13	4	13	0	0
14	12	50	6	0.706763
Instant	33
1	563	28	3	0.511247
2	19	13	0	0
3	39	77	17	5.71217
4	340	13	0	0
11	25	18	0	0
12	37	68	11	0.360144
13	5	13	0	0
14	11	49	7	0.770188
Instant	34
1	614	27	1	0
2	18	13	0	0
3	26	74	23	5.19211
4	321	13	0	0
11	25	19	1	0
12	17	50	22	1.1583
13	5	13	0	0
14	11	53	11	0.759863
Instant	35
1	517	27	2	0.708061
2	21	13	0	0
3	31	74	16	8.15217
4	338	13	0	0
11	23	19	2	0
12	23	50	9	0.840336
13	5	13	0	0
14	11	53	8	0.68243
Instant	36
1	564	29	1	0.254582
2	14	13	0	0
3	37	76	20	7.9902
4	344	13	0	0
11	25	17	0	0
12	35	77	5	0.420168
13	5	13	0	0
14	11	48	8	0.818284
Instant	37
1	576	30	2	0.3125
2	27	13	0	0
3	38	67	17	4.61847
4	315	13	0	0
11	24	17	0	0
12	28	49	10	0.388727
13	5	13	0	0
14	11	51	8	0.835383
Instant	38
1	493	27	1	0.85034
2	24	13	0	0
3	43	79	15	6.20098
4	323	13	0	0
11	22	19	1	0
12	32	65	10	0.420168
13	5	13	0	0
14	11	47	7	0.5716
Instant	39
1	580	29	1	0
2	17	13	0	0
3	25	75	15	5.62842
4	300	13	0	0
11	25	17	0	0
12	12	51	13	1.44058
13	4	13	0	0
14	9	48	7	1.06452
Instant	40
1	548	29	2	0.313152
2	27	13	0	0
3	31	71	21	5.11651
4	316	13	0	0
11	24	18	1	0
12	15	70	11	1.37893
13	5	13	0	0
14	10	52	8	0.954434
Instant	41
1	560	28	1	0.0523013
2	31	13	0	0
3	37	75	15	6.88516
4	301	13	0	0
11	24	18	1	0
12	37	57	12	0.360144
13	5	13	0	0
14	10	52	9	0.926521
Instant	42
1	561	29	2	0
2	33	13	0	0
3	41	67	17	5.65657
4	330	13	0	0
11	24	18	0	0
12	28	64	10	0.420168
13	5	13	0	0
14	11	50	10	0.748621
Instant	43
1	520	29	1	0.723831
2	23	13	0	0
3	41	73	19	4.49658
4	328	13	0	0
11	23	18	0	0
12	20	45	20	1.1583
13	5	13	0	0
14	11	49	9	0.715837
Instant	44
1	551	29	1	0.317125
2	22	13	0	0
3	33	68	17	5.51282
4	320	13	0	0
11	23	18	1	0
12	29	60	6	0.720288
13	5	13	0	0
14	11	50	9	0.82728
Instant	45
1	507	28	2	0.767544
2	23	13	0	0
3	30	69	14	10.061
4	345	13	0	0
11	23	19	1	0
12	30	52	10	0.420168
13	5	13	0	0
14	12	52	9	0.715631
Instant	46
1	594	27	2	0.297619
2	31	13	0	0
3	35	70	18	4.71698
4	323	13	0	0
11	25	17	0	0
12	38	65	8	0.0551572
13	5	13	0	0
14	10	51	7	0.73117
Instant	47
1	553	27	2	0.628931
2	20	13	0	0
3	23	74	21	6.85307
4	323	13	0	0
11	24	18	0	0
12	25	60	12	0.780312
13	4	13	0	0
14	10	52	9	0.951087
Instant	48
1	571	30	2	0
2	31	13	0	0
3	38	75	20	6.76768
4	340	13	0	0
11	25	18	1	0
12	15	65	13	1.08043
13	5	13	0	0
14	11	50	8	0.81718
Instant	49
1	600	30	2	0
2	31	13	0	0
3	35	74	15	5.39514
4	344	13	0	0
11	26	18	0	0
12	15	63	19	1.11759
13	5	13	0	0
14	11	49	9	0.752445
Instant	50
1	599	29	2	0
2	29	13	0	0
3	40	63	31	5.7598
4	348	13	0	0
11	25	18	0	0
12	23	67	10	0.780312
13	5	13	0	0
14	12	50	8	0.676558
Instant	51
1	592	29	1	0
2	17	13	0	0
3	35	69	22	3.85417
4	327	13	0	0
11	26	18	0	0
12	24	81	12	0.840336
13	5	13	0	0
14	11	51	9	0.617833
Instant	52
1	532	28	2	0.317125
2	37	13	0	0
3	44	73	13	6.74603
4	326	13	0	0
11	24	18	0	0
12	32	61	12	0.736961
13	5	13	0	0
14	11	50	8	0.886101
Instant	53
1	504	30	2	0.941176
2	28	13	0	0
3	35	70	15	7.10554
4	335	13	0	0
11	21	18	1	0
12	34	54	9	0
13	5	13	0	0
14	11	49	7	0.813953
Instant	54
1	530	29	2	0.639659
2	24	13	0	0
3	40	70	21	5.83083
4	320	13	0	0
11	24	18	1	0
12	33	56	9	0.780312
13	5	13	0	0
14	10	51	8	0.926488
Instant	55
1	557	28	1	0.619835
2	27	13	0	0
3	27	81	16	4.45619
4	328	13	0	0
11	24	19	1	0
12	18	34	10	1.04799
13	5	13	0	0
14	11	51	8	0.828402
Instant	56
1	584	28	3	0.345168
2	26	13	0	0
3	41	75	14	4.60271
4	334	13	0	0
11	26	17	0	0
12	7	52	11	1.2605
13	5	13	0	0
14	11	50	8	0.757576
Instant	57
1	611	27	2	0.282486
2	17	13	0	0
3	28	80	14	5.94496
4	339	13	0	0
11	27	17	0	0
12	20	45	7	1.5006
13	5	13	0	0
14	11	48	8	0.641026
Instant	58
1	541	28	1	0.659341
2	24	13	0	0
3	38	67	19	7.15385
4	318	13	0	0
11	23	18	0	0
12	36	50	8	0.220629
13	5	13	0	0
14	11	50	9	0.833333
Instant	59
1	583	29	1	0
2	25	13	0	0
3	43	73	24	4.34372
4	338	13	0	0
11	26	18	0	0
12	32	43	8	0.480192
13	5	13	0	0
14	11	52	7	0.798691
Instant	60
1	563	27	1	0.618557
2	28	13	0	0
3	29	73	20	6.10436
4	327	13	0	0
11	24	20	1	0
12	23	54	14	0.840336
13	5	13	0	0
14	11	53	8	0.710171
Instant	61
1	565	27	1	0.0518672
2	26	13	0	0
3	49	69	20	8.26231
4	345	13	0	0
11	24	18	0	0
12	27	71	13	0.5345
13	5	13	0	0
14	12	50	8	0.705418
Instant	62
1	592	28	1	0
2	37	13	0	0
3	25	75	24	7.16146
4	310	13	0	0
11	26	18	0	0
12	34	57	9	0.240096
13	5	13	0	0
14	10	53	9	0.874162
Instant	63
1	625	28	2	0
2	23	13	0	0
3	34	72	13	6.38462
4	330	13	0	0
11	26	18	0	0
12	38	60	6	0.540216
13	5	13	0	0
14	11	49	8	0.806769
Instant	64
1	595	29	2	0
2	29	13	0	0
3	25	69	21	4.66457
4	324	13	0	0
11	26	17	0	0
12	33	70	6	0.110314
13	4	13	0	0
14	11	53	8	0.710284
Instant	65
1	582	28	2	0.0998004
2	20	13	0	0
3	32	66	22	7.31884
4	348	13	0	0
11	25	19	1	0.301205
12	22	57	16	1.08043
13	5	13	0	0
14	11	46	9	0.758845
Instant	66
1	588	28	1	0
2	19	13	0	0
3	50	68	23	4.24063
4	355	13	0	0
11	25	18	0	0
12	23	58	10	0.840336
13	5	13	0	0
14	12	49	8	0.832419
Instant	67
1	564	29	2	0.60241
2	19	13	0	0
3	33	76	19	5.90062
4	341	13	0	0
11	25	18	0	0
12	15	59	17	1.43409
13	5	13	0	0
14	11	50	9	0.753697
Instant	68
1	613	28	1	0
2	12	13	0	0
3	30	76	16	5.64438
4	337	13	0	0
11	25	18	1	0
12	31	69	10	0.510204
13	5	13	0	0
14	11	54	8	0.744048
Instant	69
1	579	29	2	0
2	15	13	0	0
3	28	85	11	7.38169
4	337	13	0	0
11	26	18	1	0
12	28	50	10	0.60024
13	5	13	0	0
14	11	52	8	0.875674
Instant	70
1	585	29	1	0.050813
2	27	13	0	0
3	28	77	17	7.90598
4	337	13	0	0
11	25	18	1	0
12	38	56	8	0.0551572
13	4	13	0	0
14	11	49	8	0.807382
Instant	71
1	551	28	1	0.319829
2	28	13	0	0
3	22	70	11	4.11458
4	353	13	0	0
11	24	18	1	0
12	18	48	11	1.08043
13	4	13	0	0
14	12	55	8	0.589971
Instant	72
1	606	28	1	0
2	22	13	0	0
3	36	74	16	6.00105
4	348	13	0	0
11	26	18	0	0
12	15	51	15	0.927644
13	5	13	0	0
14	12	49	7	0.78125
Instant	73
1	611	28	1	0
2	35	13	0	0
3	45	77	20	6.36407
4	331	13	0	0
11	27	17	0	0
12	14	62	18	1.29418
13	5	13	0	0
14	11	51	9	0.7034
Instant	74
1	507	29	2	0.723831
2	18	13	0	0
3	30	80	9	5.16113
4	323	13	0	0
11	23	18	1	0
12	27	48	6	0.840336
13	5	13	0	0
14	11	51	9	0.87535
Instant	75
1	589	28	1	0
2	29	13	0	0
3	26	71	27	8.0825
4	299	13	0	0
11	25	18	1	0
12	36	76	9	0.494743
13	5	13	0	0
14	9	54	9	0.739774
Instant	76
1	541	29	2	0.421053
2	19	13	0	0
3	34	79	20	8.15603
4	310	13	0	0
11	24	17	0	0
12	36	54	6	0.340136
13	5	13	0	0
14	10	49	8	0.920724
Instant	77
1	612	28	2	0
2	31	13	0	0
3	36	68	17	3.52467
4	351	13	0	0
11	27	18	0	0
12	17	40	19	1.08418
13	5	13	0	0
14	12	49	8	0.759259
Instant	78
1	628	27	1	0
2	37	13	0	0
3	23	74	16	7.15812
4	346	13	0	0
11	27	17	0	0
12	21	57	18	1.21173
13	4	13	0	0
14	11	48	8	0.826757
Instant	79
1	600	28	2	0.0494071
2	30	13	0	0
3	39	78	18	6.25641
4	345	13	0	0
11	25	18	1	0
12	23	60	15	0.937672
13	5	13	0	0
14	11	47	6	0.781544
Instant	80
1	627	27	1	0
2	33	13	0	0
3	48	74	17	4.31034
4	322	13	0	0
11	27	18	0	0
12	18	79	10	0.865801
13	5	13	0	0
14	11	52	8	0.845338
Instant	81
1	627	28	1	0
2	35	13	0	0
3	39	78	13	6.08108
4	335	13	0	0
11	26	17	0	0
12	13	60	19	1.42239
13	5	13	0	0
14	11	51	8	0.877959
Instant	82
1	563	28	1	0
2	31	13	0	0
3	39	77	12	8.00898
4	329	13	0	0
11	25	17	0	0
12	27	72	11	0.816327
13	5	13	0	0
14	11	50	8	0.845126
Instant	83
1	531	30	2	0.639659
2	25	13	0	0
3	34	71	18	5.20186
4	328	13	0	0
11	23	18	1	0
12	29	67	16	0.4329
13	5	13	0	0
14	11	54	9	0.753072
Instant	84
1	552	28	2	0.362319
2	25	13	0	0
3	42	79	19	4.77674
4	317	13	0	0
11	24	18	0	0
12	39	52	10	0.123686
13	5	13	0	0
14	10	54	8	0.850758
Instant	85
1	515	31	2	0.402299
2	23	13	0	0
3	24	82	11	5.7508
4	325	13	0	0
11	22	19	1	0
12	35	55	12	0.209314
13	4	13	0	0
14	10	47	7	0.902113
Instant	86
1	627	26	1	0
2	23	13	0	0
3	40	73	18	5.88663
4	341	13	0	0
11	27	17	0	0
12	19	59	11	1.14046
13	5	13	0	0
14	12	55	9	0.703957
Instant	87
1	598	29	1	0
2	14	13	0	0
3	37	67	25	6.66667
4	309	13	0	0
11	25	18	0	0
12	14	64	22	1.20048
13	5	13	0	0
14	10	53	7	0.818732
Instant	88
1	607	29	2	0
2	20	13	0	0
3	20	69	20	6.16292
4	324	13	0	0
11	26	17	0	0
12	19	62	18	1.10314
13	4	13	0	0
14	11	50	8	0.883534
Instant	89
1	584	27	1	0.581395
2	30	13	0	0
3	30	71	17	5.39709
4	323	13	0	0
11	26	17	0	0
12	34	59	9	0.60024
13	4	13	0	0
14	10	49	8	0.849417
Instant	90
1	534	31	2	0.583864
2	36	13	0	0
3	30	64	25	8.46273
4	327	13	0	0
11	24	18	0	0
12	31	62	9	0.382653
13	5	13	0	0
14	11	47	9	0.754438
Instant	91
1	579	28	1	0
2	37	13	0	0
3	30	69	26	5.17598
4	315	13	0	0
11	24	19	0	0
12	21	60	12	1.04799
13	5	13	0	0
14	10	52	8	0.865266
Instant	92
1	548	29	2	0.977366
2	27	13	0	0
3	29	79	16	6.19726
4	323	13	0	0
11	25	17	0	0
12	34	55	11	0.185529
13	4	13	0	0
14	11	49	9	0.80629
Instant	93
1	578	30	2	0
2	18	13	0	0
3	35	67	15	7.17949
4	329	13	0	0
11	24	18	1	0
12	25	70	16	0.865801
13	5	13	0	0
14	11	51	8	0.757576
Instant	94
1	549	29	2	0.529661
2	29	13	0	0
3	29	76	17	5.18576
4	322	13	0	0
11	24	18	0	0
12	26	51	8	0.606729
13	5	13	0	0
14	11	51	8	0.751202
Instant	95
1	466	29	2	0.7109
2	26	13	0	0
3	26	78	17	6.36033
4	319	13	0	0
11	21	17	0	0
12	32	60	10	0.360144
13	5	13	0	0
14	11	52	6	0.731707
Instant	96
1	512	28	2	0.735294
2	25	13	0	0
3	22	82	14	5.49363
4	324	13	0	0
11	22	17	0	0
12	22	44	10	0.960384
13	5	13	0	0
14	11	49	7	0.73205
Instant	97
1	538	28	2	0.431034
2	32	13	0	0
3	30	72	19	7.56369
4	316	13	0	0
11	23	18	0	0
12	27	53	9	0.597312
13	5	13	0	0
14	10	50	8	0.866337
Instant	98
1	569	28	1	0
2	21	13	0	0
3	48	72	12	6.14641
4	342	13	0	0
11	24	19	0	0
12	13	62	10	1.44058
13	5	13	0	0
14	11	47	7	0.754556
Instant	99
1	618	27	1	0.566038
2	18	13	0	0
3	34	69	16	6.45833
4	304	13	0	0
11	26	17	0	0
12	40	61	14	0.30012
13	5	13	0	0
14	9	48	9	0.991561
Instant	100
1	609	29	2	0
2	33	13	0	0
3	24	73	23	6.83962
4	340	13	0	0
11	26	18	0	0
12	24	61	13	0.717044
13	5	13	0	0
14	11	51	7	0.812309
Instant	101
1	584	29	1	0.0978474
2	27	13	0	0
3	23	80	17	6.87367
4	341	13	0	0
11	26	18	0	0
12	25	62	15	0.60024
13	5	13	0	0
14	12	50	7	0.755416
Instant	102
1	592	29	2	0
2	17	13	0	0
3	33	72	19	5.74252
4	319	13	0	0
11	25	18	1	0
12	32	53	5	0.840336
13	4	13	0	0
14	10	49	9	0.943971
Instant	103
1	542	29	2	0.315789
2	20	13	0	0
3	29	73	21	6.21019
4	323	13	0	0
11	24	18	1	0
12	20	60	20	0.882515
13	5	13	0	0
14	11	50	9	0.684452
Instant	104
1	591	29	3	0
2	22	13	0	0
3	48	70	16	4.43008
4	325	13	0	0
11	25	19	1	0
12	17	48	11	1.2605
13	5	13	0	0
14	11	49	8	0.819345
Instant	105
1	528	29	2	0.704989
2	23	13	0	0
3	33	74	18	4.63862
4	307	13	0	0
11	23	18	0	0
12	22	74	12	0.960384
13	4	13	0	0
14	10	51	8	1.01922
Instant	106
1	541	29	1	0.32538
2	23	13	0	0
3	39	74	22	7.82365
4	329	13	0	0
11	23	19	0	0
12	32	58	9	0.551572
13	5	13	0	0
14	11	52	9	0.623282
Instant	107
1	580	26	2	0.295276
2	36	13	0	0
3	24	71	20	3.9185
4	329	13	0	0
11	26	17	0	0
12	29	59	17	0.60024
13	4	13	0	0
14	11	52	8	0.792011
Instant	108
1	583	27	2	0.542406
2	28	13	0	0
3	24	69	26	8.15047
4	338	13	0	0
11	26	18	0	0
12	30	58	16	0.660264
13	5	13	0	0
14	11	49	8	0.754517
Instant	109
1	606	28	1	0
2	37	13	0	0
3	28	68	16	6.00214
4	290	13	0	0
11	25	18	1	0
12	24	68	17	0.680272
13	4	13	0	0
14	9	54	10	1.05275
Instant	110
1	527	29	2	0.378788
2	22	13	0	0
3	37	71	23	6.18836
4	336	13	0	0
11	23	18	0	0
12	40	61	12	0.510204
13	5	13	0	0
14	12	49	8	0.691222
Instant	111
1	578	28	1	0.301205
2	31	13	0	0
3	27	79	20	4.28496
4	299	13	0	0
11	25	18	0	0
12	26	58	6	0.60024
13	5	13	0	0
14	10	50	9	0.913979
Instant	112
1	608	27	2	0.384615
2	35	13	0	0
3	44	71	26	9.15459
4	334	13	0	0
11	26	17	0	0
12	10	61	8	1.10314
13	5	13	0	0
14	11	52	8	0.641026
Instant	113
1	572	27	1	0.3
2	19	13	0	0
3	38	72	19	3.97196
4	323	13	0	0
11	25	18	0	0
12	24	71	12	0.780312
13	5	13	0	0
14	10	51	8	0.827317
Instant	114
1	521	27	2	0.974026
2	22	13	0	0
3	38	64	19	4.4702
4	327	13	0	0
11	23	17	0	0
12	36	55	6	0.420168
13	4	13	0	0
14	11	50	7	0.749008
Instant	115
1	582	27	2	0.344488
2	25	13	0	0
3	44	70	16	9.48276
4	314	13	0	0
11	25	18	1	0
12	19	79	14	1.04799
13	5	13	0	0
14	10	51	8	0.882594
Instant	116
1	582	28	1	0.298805
2	28	13	0	0
3	38	77	21	4.33333
4	336	13	0	0
11	25	18	1	0
12	30	58	11	0.540216
13	5	13	0	0
14	11	50	7	0.901163
Instant	117
1	606	28	1	0
2	32	13	0	0
3	36	72	14	4.31118
4	318	13	0	0
11	26	18	0	0
12	25	71	11	0.660264
13	5	13	0	0
14	11	48	8	0.734394
Instant	118
1	544	28	2	0.315789
2	30	13	0	0
3	35	73	20	7.16819
4	332	13	0	0
11	24	19	0	0
12	32	49	10	0.606729
13	5	13	0	0
14	11	49	7	0.720405
Instant	119
1	519	27	2	0.688073
2	27	13	0	0
3	22	74	22	6.80642
4	331	13	0	0
11	22	18	0	0
12	25	46	13	0.720288
13	5	13	0	0
14	11	53	7	0.808824
