	T	D	J	LP
Instant	0
1	0	0	0	0
2	0	0	0	0
3	0	0	0	0
4	0	0	0	0
11	0	0	0	0
12	0	0	0	0
13	0	0	0	0
14	0	0	0	0
Instant	1
1	332	33	2	0
2	18	13	0	0
3	26	56	14	1.57233
4	110	13	0	0
11	12	19	0	0
12	37	64	5	4.88459
13	1	13	0	0
14	3	49	10	0.33338
Instant	2
1	1569	31	3	0.321658
2	33	13	0	0
3	13	66	21	6.36574
4	675	13	0	0
11	72	18	0	0
12	28	66	18	2.54176
13	4	13	0	0
14	19	51	6	1.20843
Instant	3
1	1469	30	2	0.698882
2	33	13	0	0
3	20	77	21	6.00707
4	614	13	0	0
11	65	17	0	0
12	26	66	15	0.508352
13	4	13	0	0
14	19	53	7	1.37569
Instant	4
1	1024	28	2	0.0291715
2	26	13	0	0
3	14	76	25	4.32749
4	497	13	0	0
11	44	17	0	0
12	30	42	5	0.233567
13	4	13	0	0
14	15	50	6	1.13577
Instant	5
1	846	25	2	0.345781
2	36	13	0	0
3	21	75	17	6.17612
4	414	13	0	0
11	37	18	0	0
12	26	75	9	0.108932
13	4	13	0	0
14	13	50	7	1.00063
Instant	6
1	887	27	2	0
2	25	13	0	0
3	10	79	13	7.20641
4	390	13	0	0
11	38	18	0	0
12	29	49	7	0.181554
13	4	13	0	0
14	12	52	7	0.904167
Instant	7
1	708	30	2	0
2	14	13	0	0
3	16	69	29	5.13264
4	400	13	0	0
11	31	18	0	0
12	26	56	15	0.3003
13	4	13	0	0
14	13	49	7	0.833333
Instant	8
1	664	29	3	0.531915
2	22	13	0	0
3	13	74	19	7.67241
4	356	13	0	0
11	28	17	0	0
12	27	56	13	0.217865
13	4	13	0	0
14	13	50	8	0.734494
Instant	9
1	765	28	2	0
2	13	13	0	0
3	15	78	24	12.2931
4	316	13	0	0
11	34	17	0	0
12	24	68	9	0.254176
13	4	13	0	0
14	9	53	7	1.02366
Instant	10
1	728	29	1	0
2	20	13	0	0
3	21	74	19	3.93678
4	335	13	0	0
11	31	17	0	0
12	23	61	15	0.3003
13	4	13	0	0
14	11	52	8	0.755389
Instant	11
1	642	27	1	0
2	27	13	0	0
3	13	76	16	10.5124
4	326	13	0	0
11	28	18	0	0
12	18	61	10	0.508352
13	4	13	0	0
14	10	51	8	0.885044
Instant	12
1	622	27	1	0.669216
2	15	13	0	0
3	13	73	26	5.44983
4	324	13	0	0
11	26	18	0	0
12	25	65	14	0.326797
13	4	13	0	0
14	10	51	9	0.799361
Instant	13
1	566	30	2	0.0502008
2	24	13	0	0
3	22	79	16	8.06925
4	310	13	0	0
11	25	19	1	0
12	19	63	13	0.352734
13	4	13	0	0
14	10	54	8	1.07966
Instant	14
1	478	27	3	1.51699
2	32	13	0	0
3	20	75	13	5.33676
4	315	13	0	0
11	20	17	0	0
12	21	54	12	0.508352
13	4	13	0	0
14	10	54	9	0.749179
Instant	15
1	522	30	2	0.323974
2	33	13	0	0
3	16	76	16	8.6561
4	319	13	0	0
11	23	17	0	0.328947
12	26	61	13	0.290487
13	4	13	0	0
14	10	52	10	0.873984
Instant	16
1	551	28	2	0.315126
2	23	13	0	0
3	17	71	25	6.12829
4	326	13	0	0
11	24	19	1	0
12	28	53	12	0.0667334
13	4	13	0	0
14	10	50	7	0.890016
Instant	17
1	580	26	1	0.587084
2	30	13	0	0
3	14	77	25	8.11475
4	338	13	0	0
11	26	17	0	0
12	19	59	15	0.326797
13	4	13	0	0
14	11	50	7	0.977842
Instant	18
1	474	32	2	0.849515
2	37	13	0	0
3	15	63	28	5.20115
4	331	13	0	0
11	20	18	0	0
12	31	51	7	0.145243
13	4	13	0	0
14	11	50	8	0.802217
Instant	19
1	536	28	1	0.694444
2	26	13	0	0
3	11	58	29	6.09195
4	338	13	0	0
11	23	18	0	0
12	27	73	8	0.166834
13	4	13	0	0
14	11	54	7	0.839087
Instant	20
1	548	28	1	0.367647
2	28	13	0	0
3	16	73	20	6.77966
4	346	13	0	0
11	24	17	0	0
12	27	46	12	0.181554
13	4	13	0	0
14	12	49	9	0.70932
Instant	21
1	504	28	2	0.736961
2	30	13	0	0
3	21	67	18	6.96387
4	324	13	0	0
11	22	18	0	0
12	30	51	11	0
13	4	13	0	0
14	10	49	9	0.849321
Instant	22
1	583	29	2	0
2	29	13	0	0
3	20	72	20	9.00116
4	298	13	0	0
11	25	18	0	0
12	28	62	11	0.0667334
13	4	13	0	0
14	9	49	8	1.04573
Instant	23
1	560	28	3	0.671488
2	23	13	0	0
3	20	76	17	6.16959
4	330	13	0	0
11	24	18	1	0
12	32	52	11	0
13	4	13	0	0
14	11	50	8	0.607843
Instant	24
1	471	32	3	0.796569
2	21	13	0	0
3	21	68	16	5.70175
4	318	13	0	0
11	20	17	0	0
12	20	57	14	0.399419
13	4	13	0	0
14	10	56	9	0.955285
Instant	25
1	591	28	1	0
2	27	13	0	0
3	27	74	21	9.01416
4	303	13	0	0
11	26	18	0	0
12	25	68	9	0.176367
13	4	13	0	0
14	9	49	9	0.905797
Instant	26
1	592	27	2	0.301205
2	39	13	0	0
3	22	74	20	3.39721
4	307	13	0	0
11	25	18	1	0
12	35	53	12	0.145243
13	4	13	0	0
14	10	52	9	0.978535
Instant	27
1	596	29	1	0
2	20	13	0	0
3	20	77	20	7.34266
4	313	13	0	0
11	26	18	1	0
12	16	61	9	0.217865
13	4	13	0	0
14	11	52	9	0.82196
Instant	28
1	612	28	1	0
2	27	13	0	0
3	23	74	17	6.05556
4	311	13	0	0
11	26	18	0	0
12	30	69	11	0.274348
13	4	13	0	0
14	10	51	8	0.78125
Instant	29
1	561	28	1	0.352113
2	31	13	0	0
3	18	79	23	8.93887
4	323	13	0	0
11	25	18	1	0
12	27	58	11	0.108932
13	4	13	0	0
14	10	48	7	0.843373
Instant	30
1	606	29	1	0
2	39	13	0	0
3	14	76	21	7.03125
4	312	13	0	0
11	26	18	0	0
12	23	69	10	0.363108
13	4	13	0	0
14	10	48	8	0.996264
Instant	31
1	605	28	2	0
2	16	13	0	0
3	9	77	15	5.42973
4	298	13	0	0
11	26	18	1	0
12	24	52	14	0.433767
13	4	13	0	0
14	9	55	8	1.07158
Instant	32
1	544	28	2	0.367647
2	19	13	0	0
3	14	71	23	9.77218
4	292	13	0	0
11	24	18	1	0
12	31	55	12	0.0726216
13	4	13	0	0
14	9	53	9	1.10375
Instant	33
1	592	29	1	0
2	23	13	0	0
3	12	70	22	5.98511
4	315	13	0	0
11	25	19	1	0
12	26	67	14	0.217865
13	4	13	0	0
14	10	51	8	0.940197
Instant	34
1	585	29	1	0
2	25	13	0	0
3	24	74	16	8.13424
4	318	13	0	0
11	25	18	0	0
12	27	57	14	0.1001
13	4	13	0	0
14	10	47	7	1.05317
Instant	35
1	550	28	2	0.31185
2	29	13	0	0
3	29	74	18	5.85893
4	331	13	0	0
11	24	18	1	0
12	25	61	14	0.290487
13	4	13	0	0
14	11	49	7	0.811815
Instant	36
1	612	27	1	0.0473485
2	36	13	0	0
3	24	74	15	6.4562
4	322	13	0	0
11	26	17	0	0
12	28	58	11	0.0726216
13	4	13	0	0
14	10	50	9	0.833333
Instant	37
1	555	30	2	0.642398
2	26	13	0	0
3	13	66	25	5.90154
4	334	13	0	0
11	23	18	1	0
12	19	54	18	0.411523
13	4	13	0	0
14	11	53	8	0.912976
Instant	38
1	549	29	1	0.3125
2	32	13	0	0
3	16	71	23	6.72727
4	304	13	0	0
11	24	18	0	0
12	23	53	10	0.399419
13	4	13	0	0
14	10	53	9	0.830141
Instant	39
1	580	28	2	0.0996016
2	26	13	0	0
3	25	74	21	8.91862
4	307	13	0	0
11	25	18	0	0
12	23	69	12	0.399419
13	4	13	0	0
14	9	51	9	0.96764
Instant	40
1	606	27	1	0
2	29	13	0	0
3	18	69	16	7.99087
4	312	13	0	0
11	26	19	1	0
12	28	66	13	0.233567
13	4	13	0	0
14	10	46	7	0.944858
Instant	41
1	571	28	1	0.304878
2	24	13	0	0
3	15	68	30	5.11945
4	300	13	0	0
11	25	18	1	0
12	26	57	12	0.0726216
13	4	13	0	0
14	9	49	9	0.867831
Instant	42
1	572	28	2	0.306122
2	35	13	0	0
3	14	72	17	7.51812
4	307	13	0	0
11	24	17	0	0
12	30	59	10	0.254176
13	4	13	0	0
14	10	53	9	0.945776
Instant	43
1	565	28	2	0
2	22	13	0	0
3	17	77	18	7.37074
4	322	13	0	0
11	25	17	0	0
12	26	54	8	0.166834
13	4	13	0	0
14	11	50	10	0.72879
Instant	44
1	578	29	1	0.356415
2	19	13	0	0
3	19	84	25	5.78002
4	312	13	0	0
11	24	18	1	0
12	15	57	20	0.653595
13	4	13	0	0
14	10	55	10	0.902169
Instant	45
1	528	29	2	0.331858
2	26	13	0	0
3	23	72	17	7.24513
4	290	13	0	0
11	23	19	1	0
12	25	59	17	0.326797
13	4	13	0	0
14	9	47	8	0.967065
Instant	46
1	588	29	2	0
2	12	13	0	0
3	13	84	19	5.96927
4	331	13	0	0
11	25	18	0	0
12	20	52	7	0.3003
13	4	13	0	0
14	10	48	8	0.898789
Instant	47
1	602	27	1	0.0475285
2	23	13	0	0
3	17	74	24	9.83835
4	306	13	0	0
11	26	18	1	0
12	21	62	21	0.544662
13	4	13	0	0
14	9	51	9	1.08926
Instant	48
1	586	29	2	0.407332
2	29	13	0	0
3	20	79	14	5.69249
4	313	13	0	0
11	25	17	0	0
12	17	63	12	0.472041
13	4	13	0	0
14	9	49	9	0.979785
Instant	49
1	494	31	2	0.229885
2	29	13	0	0
3	14	72	14	7.22222
4	301	13	0	0
11	22	18	0	0
12	24	45	11	0.176367
13	4	13	0	0
14	10	54	9	0.775194
Instant	50
1	605	29	1	0.281955
2	28	13	0	0
3	18	74	15	6.85579
4	327	13	0	0
11	26	17	0	0
12	20	44	8	0.43573
13	4	13	0	0
14	11	52	8	0.870942
Instant	51
1	706	28	2	0.290698
2	24	13	0	0
3	18	66	28	7.10784
4	326	13	0	0
11	30	18	1	0
12	34	52	8	0.181554
13	4	13	0	0
14	10	49	8	0.886418
Instant	52
1	566	27	2	1.07803
2	24	13	0	0
3	13	72	25	7.83274
4	329	13	0	0
11	25	17	0	0
12	27	56	5	0
13	4	13	0	0
14	11	50	8	0.795053
Instant	53
1	572	30	2	0
2	17	13	0	0
3	29	68	23	4.85876
4	308	13	0	0
11	25	18	1	0
12	18	48	13	0.544662
13	4	13	0	0
14	10	53	8	0.931187
Instant	54
1	585	29	1	0
2	26	13	0	0
3	13	63	23	6.466
4	301	13	0	0
11	25	19	1	0
12	24	55	8	0.181554
13	4	13	0	0
14	9	55	9	0.829054
Instant	55
1	565	28	1	0.304878
2	19	13	0	0
3	20	82	23	4.48944
4	303	13	0	0
11	25	18	1	0
12	24	47	12	0.500501
13	4	13	0	0
14	10	54	10	0.855798
Instant	56
1	614	26	2	0.3327
2	30	13	0	0
3	25	78	17	11.8537
4	328	13	0	0
11	26	17	0	0
12	30	64	8	0.108932
13	4	13	0	0
14	11	50	7	0.702692
Instant	57
1	606	28	1	0
2	22	13	0	0
3	28	71	14	3.71315
4	321	13	0	0
11	26	18	0	0
12	21	52	12	0.399419
13	4	13	0	0
14	10	51	8	1.0404
Instant	58
1	590	29	1	0
2	32	13	0	0
3	27	74	18	6.43535
4	299	13	0	0
11	24	19	1	0
12	30	58	12	0
13	4	13	0	0
14	9	54	9	1.21753
Instant	59
1	599	27	2	0.287356
2	18	13	0	0
3	22	65	24	7.69444
4	320	13	0	0
11	26	18	0	0
12	29	63	12	0.145243
13	4	13	0	0
14	10	51	9	0.881995
Instant	60
1	590	30	1	0
2	30	13	0	0
3	18	73	16	4.662
4	287	13	0	0
11	25	17	0	0
12	32	46	11	0
13	4	13	0	0
14	9	51	9	0.850112
Instant	61
1	591	29	2	0
2	24	13	0	0
3	18	75	20	9.76277
4	319	13	0	0
11	25	18	0	0
12	19	65	16	0.382128
13	4	13	0	0
14	10	49	7	0.848577
Instant	62
1	599	28	2	0
2	23	13	0	0
3	24	67	16	5.3491
4	343	13	0	0
11	25	19	1	0
12	23	69	11	0.290487
13	4	13	0	0
14	11	49	8	0.764439
Instant	63
1	589	27	1	0.294695
2	28	13	0	0
3	15	76	21	9.08046
4	320	13	0	0
11	26	18	0	0
12	25	65	14	0.472041
13	4	13	0	0
14	10	52	7	0.909553
Instant	64
1	551	30	2	0
2	24	13	0	0
3	27	67	20	5.29801
4	327	13	0	0
11	24	17	0	0
12	30	55	10	0.133467
13	4	13	0	0
14	10	52	7	0.784664
Instant	65
1	625	27	2	0
2	27	13	0	0
3	23	87	18	7.54108
4	319	13	0	0
11	27	18	0	0
12	15	74	17	0.399419
13	4	13	0	0
14	10	49	8	0.969697
Instant	66
1	609	28	2	0.0480769
2	28	13	0	0
3	20	77	15	8.07382
4	322	13	0	0
11	26	17	0	0
12	22	73	10	0.472041
13	4	13	0	0
14	10	54	9	0.868687
Instant	67
1	561	29	2	0
2	21	13	0	0
3	20	72	29	5.33109
4	323	13	0	0
11	24	19	1	0
12	29	55	10	0.266934
13	4	13	0	0
14	11	52	9	0.70613
Instant	68
1	554	30	2	0.313808
2	24	13	0	0
3	20	76	17	5.37725
4	305	13	0	0
11	24	18	1	0
12	26	63	8	0.0771605
13	4	13	0	0
14	10	56	8	0.888676
Instant	69
1	606	28	1	0
2	23	13	0	0
3	18	78	20	6.11111
4	323	13	0	0
11	27	18	0	0
12	22	52	12	0.508352
13	4	13	0	0
14	10	47	8	0.777176
Instant	70
1	625	28	2	0
2	30	13	0	0
3	17	75	21	4.08163
4	287	13	0	0
11	26	17	0	0
12	12	59	15	0.667334
13	4	13	0	0
14	9	53	9	0.937082
Instant	71
1	587	28	2	0
2	24	13	0	0
3	17	66	21	7.70548
4	307	13	0	0
11	25	18	0	0
12	19	44	8	0.508352
13	4	13	0	0
14	10	52	9	0.990047
Instant	72
1	515	30	2	0.446429
2	22	13	0	0
3	17	64	27	7.56803
4	310	13	0	0
11	23	18	0	0
12	18	46	16	0.448934
13	4	13	0	0
14	10	54	9	0.824979
Instant	73
1	613	27	1	0
2	23	13	0	0
3	19	68	27	7.20486
4	310	13	0	0
11	26	18	0	0
12	15	51	21	0.481783
13	4	13	0	0
14	10	50	8	0.815669
Instant	74
1	617	27	2	0.281955
2	32	13	0	0
3	25	73	14	5.60296
4	317	13	0	0
11	27	17	0	0
12	21	57	10	0.363108
13	4	13	0	0
14	10	52	8	0.852737
Instant	75
1	521	29	1	0.700431
2	22	13	0	0
3	19	75	12	9.21053
4	315	13	0	0
11	23	19	1	0
12	29	53	9	0.0748223
13	4	13	0	0
14	11	56	9	0.742574
Instant	76
1	559	29	1	0.315789
2	29	13	0	0
3	27	68	18	6.06061
4	331	13	0	0
11	24	17	0	0
12	29	54	7	0.205761
13	4	13	0	0
14	11	50	7	0.65043
Instant	77
1	548	29	2	0.359343
2	27	13	0	0
3	22	77	18	9.18592
4	343	13	0	0
11	24	18	1	0
12	25	58	8	0.192901
13	4	13	0	0
14	12	51	8	0.703095
Instant	78
1	565	28	2	0.319149
2	21	13	0	0
3	20	73	19	5.13889
4	332	13	0	0
11	23	18	0	0
12	26	51	11	0.192901
13	4	13	0	0
14	10	53	7	0.744222
Instant	79
1	558	30	2	0.3125
2	16	13	0	0
3	20	70	17	5.46965
4	318	13	0	0
11	24	17	0	0
12	23	66	12	0.367034
13	4	13	0	0
14	10	52	8	1.02761
Instant	80
1	532	29	2	0.323276
2	28	13	0	0
3	15	73	22	8.50816
4	329	13	0	0
11	23	17	0	0
12	20	60	7	0.486345
13	4	13	0	0
14	11	52	8	0.899565
Instant	81
1	596	28	1	0
2	17	13	0	0
3	17	85	7	7.14699
4	328	13	0	0
11	26	19	1	0
12	25	60	12	0.224467
13	4	13	0	0
14	10	50	9	0.810597
Instant	82
1	600	28	1	0
2	32	13	0	0
3	23	79	17	9.15033
4	344	13	0	0
11	26	18	0	0
12	18	56	12	0.42328
13	4	13	0	0
14	12	50	9	0.742202
Instant	83
1	599	29	2	0
2	30	13	0	0
3	13	75	18	5.05319
4	317	13	0	0
11	26	18	1	0
12	20	57	13	0.374112
13	4	13	0	0
14	10	50	7	0.882293
Instant	84
1	588	29	2	0.30303
2	20	13	0	0
3	21	71	20	7.55556
4	313	13	0	0
11	25	18	0	0
12	26	58	9	0.261878
13	4	13	0	0
14	10	48	7	1.00682
Instant	85
1	627	26	1	0
2	25	13	0	0
3	11	84	12	5.78292
4	314	13	0	0
11	27	18	0	0
12	28	66	16	0.126622
13	4	13	0	0
14	10	51	8	0.91677
Instant	86
1	578	30	2	0
2	24	13	0	0
3	14	77	12	5.36131
4	311	13	0	0
11	25	18	1	0
12	23	47	11	0.43573
13	4	13	0	0
14	10	53	8	0.806284
Instant	87
1	535	28	3	0.650759
2	17	13	0	0
3	23	67	16	11.2558
4	309	13	0	0
11	23	18	0	0
12	29	64	14	0
13	4	13	0	0
14	10	50	8	0.901042
Instant	88
1	599	28	3	0
2	23	13	0	0
3	21	67	17	4.16667
4	322	13	0	0
11	26	18	0	0
12	24	59	15	0.367034
13	4	13	0	0
14	10	50	8	0.98128
Instant	89
1	585	27	1	0.301205
2	31	13	0	0
3	14	82	20	6.60819
4	320	13	0	0
11	25	18	1	0
12	13	58	19	0.689906
13	4	13	0	0
14	10	49	8	0.885986
Instant	90
1	514	28	3	0.649351
2	23	13	0	0
3	24	65	28	4.81859
4	326	13	0	0
11	23	18	0	0
12	26	52	9	0.308642
13	4	13	0	0
14	11	54	8	0.859313
Instant	91
1	571	29	1	0.31185
2	28	13	0	0
3	12	82	23	3.86598
4	303	13	0	0
11	24	19	1	0
12	21	61	16	0.333667
13	4	13	0	0
14	10	52	8	0.802509
Instant	92
1	574	29	2	0.0511247
2	27	13	0	0
3	20	79	18	10.3299
4	311	13	0	0
11	24	19	1	0.306122
12	23	50	10	0.261878
13	4	13	0	0
14	10	48	8	0.78125
Instant	93
1	541	29	3	0.37961
2	29	13	0	0
3	23	70	17	7.32999
4	310	13	0	0
11	23	18	0	0
12	27	72	15	0.261878
13	4	13	0	0
14	10	51	10	0.895833
Instant	94
1	597	28	1	0
2	38	13	0	0
3	13	73	19	4.79885
4	316	13	0	0
11	26	18	1	0
12	23	53	12	0.3003
13	4	13	0	0
14	10	52	9	0.8672
Instant	95
1	502	29	2	1.10723
2	29	13	0	0
3	15	78	13	10.1336
4	301	13	0	0
11	22	18	0	0
12	31	51	7	0
13	4	13	0	0
14	9	50	8	1.03359
Instant	96
1	600	27	3	0.144231
2	31	13	0	0
3	24	62	18	7.63666
4	314	13	0	0
11	26	19	1	0
12	23	56	16	0.363108
13	4	13	0	0
14	10	53	8	0.79316
Instant	97
1	613	28	1	0
2	20	13	0	0
3	18	78	11	7.75862
4	319	13	0	0
11	27	17	0	0
12	29	63	16	0
13	4	13	0	0
14	10	48	8	0.89939
Instant	98
1	610	28	1	0
2	21	13	0	0
3	22	71	23	6.66667
4	318	13	0	0
11	26	17	0	0
12	34	68	12	0.181554
13	4	13	0	0
14	10	50	7	0.835371
Instant	99
1	634	26	1	0.0457875
2	28	13	0	0
3	13	82	16	7.43634
4	310	13	0	0
11	27	18	0	0
12	19	61	17	0.290487
13	4	13	0	0
14	10	50	7	0.875
Instant	100
1	578	29	2	0
2	23	13	0	0
3	15	81	19	5.93939
4	313	13	0	0
11	25	19	1	0
12	16	53	17	0.600601
13	4	13	0	0
14	10	53	8	0.78801
Instant	101
1	565	27	2	0.358607
2	30	13	0	0
3	13	69	21	8.16032
4	297	13	0	0
11	25	17	0	0
12	33	54	11	0.145243
13	4	13	0	0
14	9	52	8	0.995188
Instant	102
1	631	27	2	0
2	20	13	0	0
3	12	74	16	5.54577
4	304	13	0	0
11	27	17	0	0
12	24	59	10	0.254176
13	4	13	0	0
14	10	54	9	0.829082
Instant	103
1	527	29	2	0.653595
2	24	13	0	0
3	14	75	29	10.3428
4	299	13	0	0
11	23	17	0	0
12	23	67	15	0.3003
13	4	13	0	0
14	9	56	9	0.889757
Instant	104
1	548	28	2	0
2	28	13	0	0
3	24	77	17	4.96575
4	323	13	0	0
11	24	19	1	0
12	32	50	7	0
13	4	13	0	0
14	11	50	8	0.791266
Instant	105
1	545	29	2	0.315789
2	23	13	0	0
3	30	76	18	5.39374
4	322	13	0	0
11	24	18	0	0
12	29	54	14	0.0363108
13	4	13	0	0
14	10	51	7	1.00644
Instant	106
1	570	27	1	0.315126
2	31	13	0	0
3	22	63	23	5
4	345	13	0	0
11	24	18	0	0
12	25	62	16	0.266934
13	4	13	0	0
14	12	50	8	0.801462
Instant	107
1	475	29	2	0.636574
2	28	13	0	0
3	22	80	14	10.5011
4	315	13	0	0
11	22	17	0	0
12	29	56	8	0.145243
13	4	13	0	0
14	10	53	9	0.729552
Instant	108
1	567	29	2	0.770021
2	16	13	0	0
3	19	73	16	3.22034
4	307	13	0	0
11	24	19	1	0
12	29	56	9	0.0726216
13	4	13	0	0
14	9	51	9	0.937632
Instant	109
1	606	29	2	0.0483559
2	21	13	0	0
3	17	70	18	5.36773
4	302	13	0	0
11	26	17	0	0
12	23	70	18	0.205761
13	4	13	0	0
14	10	51	7	0.902062
Instant	110
1	561	29	2	0.313808
2	25	13	0	0
3	20	75	14	8.73288
4	350	13	0	0
11	24	18	0	0
12	21	55	9	0.655864
13	4	13	0	0
14	12	51	8	0.764739
Instant	111
1	589	28	1	0
2	31	13	0	0
3	22	67	26	10.3267
4	342	13	0	0
11	26	19	0	0
12	19	51	7	0.290487
13	4	13	0	0
14	11	49	7	0.887434
Instant	112
1	499	29	1	0.981524
2	33	13	0	0
3	12	80	19	5.47786
4	306	13	0	0
11	22	18	1	0
12	23	64	12	0.333667
13	4	13	0	0
14	9	51	8	0.820707
Instant	113
1	533	28	1	0.32967
2	28	13	0	0
3	29	71	19	6.66667
4	331	13	0	0
11	23	19	1	0
12	32	60	12	0.145243
13	4	13	0	0
14	11	51	7	0.87952
Instant	114
1	538	29	2	0.417537
2	32	13	0	0
3	27	71	18	9.01361
4	296	13	0	0
11	24	17	0	0
12	26	58	9	0
13	4	13	0	0
14	9	51	8	0.8519
Instant	115
1	593	26	1	0.293542
2	26	13	0	0
3	17	75	19	6.10731
4	320	13	0	0
11	26	17	0	0
12	14	65	18	0.700701
13	4	13	0	0
14	11	49	7	0.829288
Instant	116
1	534	29	1	0.323276
2	18	13	0	0
3	23	78	14	5.38012
4	304	13	0	0
11	23	19	1	0
12	32	60	11	0.181554
13	4	13	0	0
14	10	52	8	0.917627
Instant	117
1	512	27	1	0.974771
2	31	13	0	0
3	20	78	17	5.89569
4	313	13	0	0
11	22	18	1	0
12	22	56	6	0.326797
13	4	13	0	0
14	10	52	8	0.749586
Instant	118
1	596	28	2	0
2	34	13	0	0
3	24	73	22	7.10956
4	307	13	0	0
11	25	17	0	0
12	12	74	16	0.533867
13	4	13	0	0
14	10	55	8	0.851311
Instant	119
1	485	31	2	0.686499
2	23	13	0	0
3	16	76	14	7.78357
4	306	13	0	0
11	22	18	0	0
12	25	54	10	0.544662
13	4	13	0	0
14	10	53	8	0.849156
