	T	D	J	LP
Instant	0
1	0	0	0	0
2	0	0	0	0
3	0	0	0	0
4	0	0	0	0
11	0	0	0	0
12	0	0	0	0
13	0	0	0	0
14	0	0	0	0
Instant	1
1	186	33	3	1.32275
2	19	13	0	0
3	30	46	15	1.92982
4	101	13	0	0
11	7	17	0	0
12	53	62	9	3.30579
13	2	13	0	0
14	2	47	10	0.289855
Instant	2
1	720	27	1	0
2	30	13	0	0
3	30	62	27	6.15265
4	642	14	0	0
11	32	17	0	0
12	75	60	13	1.04521
13	5	13	0	0
14	21	49	6	0.81103
Instant	3
1	709	29	1	0
2	25	13	0	0
3	51	68	24	4.81482
4	583	14	0	0
11	29	18	0	0
12	74	61	12	1.43413
13	4	13	0	0
14	19	50	6	1.12244
Instant	4
1	745	26	1	0
2	26	13	0	0
3	30	74	19	5.42201
4	461	14	0	0
11	32	18	0	0
12	53	51	10	0.826446
13	4	13	0	0
14	15	50	7	1.06195
Instant	5
1	808	27	2	0.360231
2	24	13	0	0
3	42	69	17	4.51496
4	397	13	0	0
11	35	18	0	0
12	70	58	17	2.21196
13	5	13	0	0
14	13	53	7	0.918217
Instant	6
1	561	27	2	0.762195
2	33	13	0	0
3	34	71	21	6.45576
4	392	13	0	0
11	25	17	0	0
12	66	59	11	1.16675
13	5	13	0	0
14	13	51	9	0.710979
Instant	7
1	667	27	2	0.265018
2	14	13	0	0
3	20	76	16	7.67974
4	342	13	0	0
11	28	18	0	0
12	65	63	11	1.09448
13	4	13	0	0
14	11	51	8	0.939636
Instant	8
1	627	26	1	0.280374
2	18	13	0	0
3	42	68	14	4.25753
4	325	13	0	0
11	27	18	0	0
12	73	67	12	1.09383
13	5	13	0	0
14	10	52	8	0.904277
Instant	9
1	658	27	1	0
2	13	13	0	0
3	30	74	18	8.07823
4	330	13	0	0
11	29	18	0	0
12	47	57	17	1.94458
13	4	13	0	0
14	11	50	7	0.70098
Instant	10
1	658	28	1	0
2	24	13	0	0
3	36	70	18	4.16667
4	310	13	0	0
11	28	18	0	0
12	69	60	14	0.960465
13	5	13	0	0
14	10	54	9	0.951935
Instant	11
1	641	28	1	0.271739
2	14	13	0	0
3	46	71	14	4.88959
4	315	13	0	0
11	28	18	0	0
12	54	62	12	1.31259
13	4	13	0	0
14	10	54	8	0.920182
Instant	12
1	653	28	2	0
2	33	13	0	0
3	38	72	19	6.35965
4	322	13	0	0
11	28	18	0	0
12	57	64	16	1.65289
13	4	13	0	0
14	11	51	9	0.927046
Instant	13
1	664	28	1	0.26178
2	32	13	0	0
3	35	69	19	5.07246
4	315	13	0	0
11	29	18	0	0
12	65	58	15	1.12161
13	5	13	0	0
14	10	51	8	0.899096
Instant	14
1	615	29	2	0.604089
2	31	13	0	0
3	33	68	15	5.16247
4	310	13	0	0
11	27	18	0	0
12	78	61	13	0.850754
13	4	13	0	0
14	10	53	7	0.71875
Instant	15
1	614	27	1	0.277264
2	16	13	0	0
3	35	69	21	4.78836
4	312	13	0	0
11	27	17	0	0
12	58	57	10	1.06952
13	4	13	0	0
14	10	51	7	1.07794
Instant	16
1	672	28	2	0.268817
2	22	13	0	0
3	41	73	18	7.65413
4	322	13	0	0
11	28	18	0	0
12	66	55	14	1.76457
13	5	13	0	0
14	10	53	8	0.806127
Instant	17
1	660	25	1	0.261324
2	32	13	0	0
3	40	71	27	5.327
4	331	13	0	0
11	29	18	0	0
12	60	55	17	1.3369
13	4	13	0	0
14	11	48	8	0.775761
Instant	18
1	675	27	1	0
2	31	13	0	0
3	30	68	15	7.57576
4	327	13	0	0
11	29	18	0	0
12	64	61	11	1.55566
13	4	13	0	0
14	10	51	7	0.891795
Instant	19
1	662	27	2	0
2	30	13	0	0
3	38	75	17	5.3681
4	329	13	0	0
11	29	18	0	0.44484
12	57	59	18	1.18383
13	5	13	0	0
14	11	50	8	0.86478
Instant	20
1	521	26	1	0.800915
2	29	13	0	0
3	38	72	17	7.09779
4	310	13	0	0
11	22	18	0	0
12	65	60	10	1.48274
13	4	13	0	0
14	10	51	8	0.931742
Instant	21
1	643	27	1	0.397527
2	33	13	0	0
3	33	68	20	5.47386
4	297	13	0	0
11	28	18	0	0
12	60	63	9	1.26398
13	4	13	0	0
14	9	54	8	1.03486
Instant	22
1	594	28	2	0.636008
2	36	13	0	0
3	32	72	18	5.53746
4	296	13	0	0
11	26	19	0	0
12	52	59	15	1.49654
13	4	13	0	0
14	9	52	8	1.09361
Instant	23
1	621	29	1	0.321691
2	28	13	0	0
3	32	75	21	6.5552
4	312	13	0	0
11	27	19	0	0
12	62	56	12	1.60428
13	5	13	0	0
14	10	54	9	0.782546
Instant	24
1	615	27	1	0.287356
2	19	13	0	0
3	36	76	19	4.85669
4	314	13	0	0
11	26	18	0	0
12	57	61	15	1.50705
13	4	13	0	0
14	10	52	8	0.897277
Instant	25
1	658	28	1	0.302768
2	26	13	0	0
3	33	70	18	7.69657
4	312	13	0	0
11	29	18	0	0
12	53	61	15	1.25935
13	4	13	0	0
14	10	55	8	0.692721
Instant	26
1	607	27	2	0.289575
2	37	13	0	0
3	44	75	18	4.88241
4	313	14	0	0
11	26	18	0	0
12	67	53	7	0.70491
13	5	13	0	0
14	10	53	8	0.873908
Instant	27
1	644	28	2	0.526316
2	24	13	0	0
3	28	75	19	5.88889
4	328	13	0	0
11	29	18	0	0
12	44	51	12	0.631988
13	4	13	0	0
14	11	53	9	0.861899
Instant	28
1	843	28	1	0
2	24	13	0	0
3	27	71	19	6.25
4	318	13	0	0
11	36	17	0	0
12	46	58	12	1.28558
13	4	13	0	0
14	10	49	7	0.938896
Instant	29
1	710	29	1	0.442834
2	11	13	0	0
3	29	72	20	5.94864
4	340	13	0	0
11	31	18	0	0
12	62	55	13	0.413223
13	5	13	0	0
14	11	49	9	0.81045
Instant	30
1	760	27	1	0.235479
2	22	13	0	0
3	38	72	17	6.54952
4	373	13	0	0
11	32	17	0	0
12	39	54	13	1.45843
13	4	13	0	0
14	12	49	9	0.800278
Instant	31
1	650	26	1	0.215517
2	28	13	0	0
3	35	79	14	6.68264
4	335	13	0	0
11	29	17	0	0
12	62	54	8	0.603082
13	5	13	0	0
14	10	52	8	0.936166
Instant	32
1	734	27	1	0
2	24	13	0	0
3	42	73	28	5.53877
4	307	13	0	0
11	31	18	0	0
12	54	64	19	6.87895
13	5	13	0	0
14	10	50	8	0.819586
Instant	33
1	687	26	2	0.510204
2	28	13	0	0
3	39	79	19	5.04732
4	314	13	0	0
11	30	18	0	0
12	67	62	13	1.11813
13	5	13	0	0
14	10	53	10	0.857994
Instant	34
1	689	26	2	0.255973
2	29	13	0	0
3	37	72	21	5.24194
4	306	13	0	0
11	30	17	0	0
12	65	61	16	1.13916
13	4	13	0	0
14	10	51	9	0.925338
Instant	35
1	684	29	2	0.285016
2	11	13	0	0
3	45	73	16	3.95963
4	326	13	0	0
11	31	18	0	0
12	58	53	14	1.50705
13	5	13	0	0
14	11	53	9	0.844259
Instant	36
1	726	28	1	0.204918
2	26	13	0	0
3	40	70	17	5.59777
4	310	13	0	0
11	31	18	0	0
12	55	58	13	1.53136
13	5	13	0	0
14	10	50	8	0.965957
Instant	37
1	775	29	2	0.47654
2	20	13	0	0
3	30	78	17	7.33122
4	313	13	0	0
11	34	17	0	0
12	58	61	18	1.21999
13	4	13	0	0
14	10	51	7	0.950021
Instant	38
1	695	28	2	0.51458
2	22	13	0	0
3	34	72	19	6.6879
4	329	13	0	0
11	29	18	0	0
12	55	60	11	1.50705
13	4	13	0	0
14	11	52	8	0.826446
Instant	39
1	672	27	1	0
2	27	13	0	0
3	30	78	13	5.07361
4	309	13	0	0
11	29	18	0	0
12	65	67	14	1.72581
13	5	13	0	0
14	10	50	9	0.969602
Instant	40
1	550	26	1	0.940594
2	14	13	0	0
3	28	67	22	7.97814
4	311	13	0	0
11	25	18	0	0
12	60	55	12	0.469064
13	4	13	0	0
14	10	52	8	0.769472
Instant	41
1	673	27	1	0
2	33	13	0	0
3	42	68	19	5.23023
4	336	13	0	0
11	28	18	0	0
12	38	59	15	1.23967
13	5	13	0	0
14	11	51	7	0.801651
Instant	42
1	714	30	2	0
2	21	13	0	0
3	32	66	27	4.16667
4	358	13	0	0
11	30	18	0	0
12	58	65	11	3.40301
13	4	13	0	0
14	12	49	7	0.815217
Instant	43
1	694	25	1	0.248344
2	31	13	0	0
3	33	77	19	6.44189
4	309	13	0	0
11	30	17	0	0
12	60	59	15	1.27317
13	4	13	0	0
14	10	52	9	0.787443
Instant	44
1	717	26	2	0.522508
2	36	13	0	0
3	32	73	17	7.64736
4	318	13	0	0
11	31	17	0	0
12	77	61	15	1.04521
13	5	13	0	0
14	10	50	9	0.939542
Instant	45
1	833	27	1	0.207469
2	33	13	0	0
3	37	71	18	5.09119
4	307	13	0	0
11	37	18	0	0
12	56	62	12	1.40982
13	5	13	0	0
14	9	53	9	0.976975
Instant	46
1	726	28	2	0
2	35	13	0	0
3	34	74	20	5.98007
4	312	13	0	0
11	32	18	0	0
12	64	60	9	0.603082
13	4	13	0	0
14	10	53	8	0.884311
Instant	47
1	749	26	1	0
2	30	13	0	0
3	36	74	18	4.98418
4	310	13	0	0
11	32	17	0	0
12	59	63	17	2.28488
13	5	13	0	0
14	10	53	8	0.893977
Instant	48
1	658	27	2	0.589837
2	14	13	0	0
3	27	78	13	5.60065
4	298	13	0	0
11	28	17	0	0
12	49	56	13	1.09383
13	4	13	0	0
14	10	52	8	0.925325
Instant	49
1	658	28	2	0.265018
2	30	13	0	0
3	32	76	19	7.8125
4	306	13	0	0
11	29	18	0	0
12	53	50	10	0.51161
13	5	13	0	0
14	9	54	7	0.913462
Instant	50
1	660	27	1	0
2	27	13	0	0
3	34	75	13	5.98629
4	305	13	0	0
11	29	18	0	0
12	55	62	13	0.850754
13	4	13	0	0
14	9	48	7	1.06157
Instant	51
1	632	27	1	0.279851
2	28	13	0	0
3	39	74	19	4.24383
4	321	13	0	0
11	27	19	1	0
12	68	57	13	3.98639
13	5	13	0	0
14	10	51	9	0.883838
Instant	52
1	649	28	2	0.0451264
2	25	13	0	0
3	37	74	15	6.7086
4	331	13	0	0
11	28	18	0	0
12	58	60	15	1.3315
13	5	13	0	0
14	10	49	7	0.819672
Instant	53
1	584	27	2	0.439453
2	16	13	0	0
3	24	70	18	7.3224
4	296	13	0	0
11	25	18	0	0.395257
12	67	59	14	1.28828
13	4	13	0	0
14	9	48	9	1.11656
Instant	54
1	628	27	1	0
2	19	13	0	0
3	43	67	21	4.29217
4	324	13	0	0
11	27	18	0	0
12	39	59	14	1.09383
13	5	13	0	0
14	11	50	8	0.790316
Instant	55
1	574	26	1	0.30426
2	17	13	0	0
3	27	79	23	7.46032
4	310	13	0	0
11	25	18	1	0
12	44	51	11	1.16149
13	5	13	0	0
14	9	52	10	0.949103
Instant	56
1	568	28	1	0
2	28	13	0	0
3	36	79	27	5.45793
4	327	13	0	0
11	25	18	0	0
12	58	57	13	3.06271
13	4	13	0	0
14	11	50	8	0.856233
Instant	57
1	596	29	2	0.30303
2	23	13	0	0
3	34	65	29	6.61458
4	317	13	0	0
11	25	18	0	0
12	70	58	13	1.38551
13	4	13	0	0
14	10	52	8	0.832312
Instant	58
1	600	29	1	0
2	27	13	0	0
3	36	76	19	5.52832
4	300	13	0	0
11	26	18	0	0
12	74	59	18	0.871119
13	4	13	0	0
14	10	55	8	0.970613
Instant	59
1	547	29	2	0.317797
2	22	13	0	0
3	40	71	20	5.78078
4	313	13	0	0
11	24	19	1	0
12	56	56	16	1.70151
13	5	13	0	0
14	10	50	9	0.819842
Instant	60
1	587	28	1	0.296443
2	21	13	0	0
3	33	75	12	6.18449
4	293	13	0	0
11	25	18	0	0
12	53	57	13	0.826446
13	5	13	0	0
14	9	52	9	1.04996
Instant	61
1	613	27	1	0
2	34	13	0	0
3	34	67	21	5.14019
4	308	13	0	0
11	27	18	0	0
12	50	56	13	0.688705
13	4	13	0	0
14	10	50	8	0.831242
Instant	62
1	625	27	1	0
2	17	13	0	0
3	44	70	13	6.19856
4	317	13	0	0
11	26	18	1	0
12	78	59	13	2.81964
13	5	13	0	0
14	10	52	9	0.870188
Instant	63
1	579	28	2	0.300601
2	30	13	0	0
3	33	72	20	6.204
4	311	13	0	0
11	25	19	1	0
12	60	57	15	1.43413
13	5	13	0	0
14	10	52	8	0.954318
Instant	64
1	586	29	1	0
2	30	13	0	0
3	36	73	18	4.91388
4	324	13	0	0
11	25	18	0	0
12	53	56	8	1.02747
13	5	13	0	0
14	11	52	7	0.909273
Instant	65
1	581	27	1	0.295858
2	23	13	0	0
3	40	69	26	7.29814
4	296	13	0	0
11	25	19	1	0
12	56	58	12	0.777832
13	5	13	0	0
14	9	54	8	0.8519
Instant	66
1	566	29	2	0.311203
2	24	13	0	0
3	36	62	18	5.2673
4	307	13	0	0
11	24	17	0	0
12	67	59	10	0.364609
13	5	13	0	0
14	10	51	10	0.843882
Instant	67
1	578	29	1	0
2	22	13	0	0
3	41	67	19	3.63036
4	289	13	0	0
11	25	17	0	0
12	47	57	14	0.647755
13	4	13	0	0
14	9	50	8	1.06395
Instant	68
1	597	27	1	0.590551
2	19	13	0	0
3	39	76	12	7.00816
4	312	13	0	0
11	25	18	1	0
12	57	55	10	0.80062
13	5	13	0	0
14	10	51	8	0.959942
Instant	69
1	562	27	1	0.355691
2	14	13	0	0
3	34	72	27	6.24339
4	326	13	0	0
11	25	18	0	0
12	54	60	12	0.947983
13	5	13	0	0
14	10	48	8	0.819428
Instant	70
1	614	27	1	0
2	17	13	0	0
3	35	67	23	5.53846
4	321	13	0	0
11	26	18	1	0
12	53	54	11	0.670092
13	5	13	0	0
14	10	53	8	0.838415
Instant	71
1	620	27	1	0
2	21	13	0	0
3	35	67	19	5.37383
4	313	13	0	0
11	27	18	1	0
12	48	52	15	1.04521
13	5	13	0	0
14	10	55	8	0.823045
Instant	72
1	627	26	1	0
2	26	13	0	0
3	34	74	21	4.48718
4	298	13	0	0
11	27	19	0	0
12	56	64	16	8.66516
13	4	13	0	0
14	9	52	10	0.964052
Instant	73
1	592	28	1	0.298805
2	24	13	0	0
3	24	68	19	8.01179
4	295	13	0	0
11	25	18	0	0
12	52	60	14	1.22959
13	4	13	0	0
14	9	53	10	1.00481
Instant	74
1	515	28	2	0.592672
2	25	13	0	0
3	30	74	21	6.50871
4	305	13	0	0
11	23	17	0	0
12	70	58	13	1.40982
13	4	13	0	0
14	9	52	8	0.824819
Instant	75
1	627	28	1	0
2	33	13	0	0
3	30	72	21	7.8976
4	308	13	0	0
11	26	17	0	0
12	51	62	13	1.6028
13	4	13	0	0
14	10	50	8	1.01934
Instant	76
1	625	27	1	0
2	18	13	0	0
3	31	75	20	3.99471
4	324	13	0	0
11	27	17	0	0
12	46	66	14	1.76768
13	5	13	0	0
14	11	51	9	0.762134
Instant	77
1	577	30	3	0.348606
2	18	13	0	0
3	40	66	16	4.74359
4	319	13	0	0
11	25	17	0	0
12	55	51	10	1.00723
13	5	13	0	0
14	10	52	9	0.885986
Instant	78
1	619	28	1	0
2	24	13	0	0
3	35	75	18	7.36979
4	332	13	0	0
11	26	17	0	0
12	58	53	17	2.2469
13	5	13	0	0
14	11	52	8	0.708284
Instant	79
1	549	27	1	0.369198
2	21	13	0	0
3	22	75	22	6.34243
4	323	13	0	0
11	24	18	1	0.315126
12	62	56	13	1.18383
13	4	13	0	0
14	10	51	9	0.871394
Instant	80
1	613	26	1	0
2	20	13	0	0
3	32	73	21	6.61376
4	323	13	0	0
11	26	19	1	0
12	63	65	13	1.35237
13	5	13	0	0
14	10	50	8	0.902946
Instant	81
1	607	28	1	0
2	40	13	0	0
3	48	67	18	6.18449
4	317	13	0	0
11	25	19	1	0
12	64	61	16	1.37741
13	5	13	0	0
14	11	54	8	0.722426
Instant	82
1	571	26	1	0
2	30	13	0	0
3	29	72	20	5.01618
4	295	13	0	0
11	25	18	1	0
12	51	57	12	1.53483
13	4	13	0	0
14	9	52	8	1.03618
Instant	83
1	569	27	1	0.965447
2	24	13	0	0
3	27	63	18	5.99788
4	316	13	0	0
11	25	18	0	0
12	65	56	14	1.22715
13	5	13	0	0
14	10	50	7	0.921376
Instant	84
1	613	27	1	0.047259
2	26	13	0	0
3	32	72	24	7.41034
4	302	13	0	0
11	27	18	1	0
12	51	60	12	1.57776
13	5	13	0	0
14	9	51	9	0.975976
Instant	85
1	564	27	1	0.560081
2	32	13	0	0
3	33	76	23	4.68917
4	309	13	0	0
11	24	18	1	0
12	46	69	21	1.65289
13	4	13	0	0
14	10	50	9	0.804094
Instant	86
1	606	25	1	0.290135
2	24	13	0	0
3	35	73	17	6.11979
4	321	13	0	0
11	26	18	1	0
12	62	61	16	1.57997
13	4	13	0	0
14	10	49	7	0.896816
Instant	87
1	485	27	2	0.925926
2	26	13	0	0
3	32	73	18	6.56997
4	328	13	0	0
11	22	18	0	0
12	55	56	12	1.62859
13	4	13	0	0
14	11	52	8	0.786817
Instant	88
1	593	26	1	0.19802
2	31	13	0	0
3	39	64	25	5.57292
4	304	13	0	0
11	25	18	1	0
12	56	59	14	1.65289
13	5	13	0	0
14	10	52	7	0.888676
Instant	89
1	599	28	1	0.294118
2	25	13	0	0
3	35	74	18	5.97826
4	322	13	0	0
11	26	18	0	0
12	57	65	19	1.55566
13	5	13	0	0
14	10	51	8	0.928715
Instant	90
1	605	27	1	0
2	33	13	0	0
3	38	78	17	6.44809
4	332	13	0	0
11	26	19	1	0
12	50	62	14	1.42045
13	4	13	0	0
14	11	50	8	0.752247
Instant	91
1	539	26	1	0.315126
2	23	13	0	0
3	38	74	19	4.75815
4	330	13	0	0
11	24	18	0	0
12	56	61	12	1.56355
13	4	13	0	0
14	11	55	8	0.721437
Instant	92
1	613	28	1	0.290135
2	22	13	0	0
3	33	79	14	7.08599
4	321	13	0	0
11	26	17	0	0
12	45	56	10	1.07688
13	4	13	0	0
14	10	52	8	0.926488
Instant	93
1	614	27	1	0.139405
2	18	13	0	0
3	35	73	20	5.87748
4	309	13	0	0
11	27	18	0	0
12	47	66	13	2.35412
13	5	13	0	0
14	10	48	9	0.835435
Instant	94
1	626	27	1	0
2	18	13	0	0
3	34	68	21	6.13311
4	316	13	0	0
11	26	17	0	0
12	58	60	13	1.76457
13	4	13	0	0
14	10	52	8	0.833333
Instant	95
1	594	27	2	0.337187
2	23	13	0	0
3	31	77	22	6.32716
4	328	13	0	0
11	26	18	0	0
12	66	55	13	1.26398
13	4	13	0	0
14	11	53	9	0.864966
Instant	96
1	599	27	1	0.290698
2	23	13	0	0
3	29	78	16	5.26602
4	355	13	0	0
11	26	17	0	0
12	57	62	14	1.43413
13	4	13	0	0
14	12	50	8	0.658617
Instant	97
1	574	29	2	0.306748
2	23	13	0	0
3	36	73	17	7.22403
4	317	13	0	0
11	24	17	0	0
12	56	62	16	1.29006
13	4	13	0	0
14	10	52	7	0.852737
Instant	98
1	541	25	1	0.678497
2	33	13	0	0
3	28	79	18	3.13755
4	308	13	0	0
11	24	18	1	0
12	54	54	10	0.777832
13	5	13	0	0
14	10	52	8	0.850126
Instant	99
1	612	28	1	0
2	19	13	0	0
3	35	67	16	8.75661
4	335	13	0	0
11	26	18	1	0
12	59	72	18	2.38211
13	4	13	0	0
14	11	49	8	0.79849
Instant	100
1	500	28	2	0.675676
2	33	13	0	0
3	28	74	23	6.18609
4	314	13	0	0
11	22	18	1	0
12	59	61	15	1.65289
13	5	13	0	0
14	10	53	8	0.799299
Instant	101
1	627	27	1	0
2	25	13	0	0
3	32	59	19	5.84164
4	296	13	0	0
11	27	18	1	0
12	72	62	19	1.11813
13	4	13	0	0
14	9	52	10	0.848664
Instant	102
1	527	26	1	0.703463
2	30	13	0	0
3	49	60	16	5.25148
4	323	13	0	0
11	23	18	1	0
12	56	58	12	1.19105
13	5	13	0	0
14	10	50	8	0.936498
Instant	103
1	588	28	1	0.341797
2	29	13	0	0
3	40	65	19	6.24355
4	304	13	0	0
11	26	17	0	0
12	61	62	15	1.63056
13	5	13	0	0
14	10	52	8	0.889812
Instant	104
1	573	26	1	0.356415
2	26	13	0	0
3	30	73	24	6.1828
4	327	13	0	0
11	25	18	0	0
12	75	58	15	1.04521
13	4	13	0	0
14	11	50	9	0.887897
Instant	105
1	505	27	2	1.00897
2	19	13	0	0
3	33	69	14	4.24731
4	303	13	0	0
11	22	18	0	0
12	65	66	16	1.19105
13	4	13	0	0
14	9	49	9	0.92711
Instant	106
1	590	28	1	0
2	39	13	0	0
3	35	70	36	6.5072
4	302	13	0	0
11	25	18	0	0
12	52	68	12	1.58588
13	5	13	0	0
14	9	50	9	1.07112
Instant	107
1	453	27	2	1.24069
2	32	13	0	0
3	28	72	20	5.93354
4	315	13	0	0
11	20	19	1	0
12	61	52	8	0.559067
13	4	13	0	0
14	10	51	8	0.838477
Instant	108
1	609	27	1	0.237192
2	25	13	0	0
3	45	72	18	6.37703
4	305	13	0	0
11	26	17	0	0
12	52	57	11	0.875061
13	5	13	0	0
14	10	53	8	0.784872
Instant	109
1	600	29	1	0.149402
2	33	13	0	0
3	34	72	26	6.10766
4	305	13	0	0
11	25	17	0	0
12	51	63	13	2.81385
13	5	13	0	0
14	9	49	10	1.00721
Instant	110
1	620	27	1	0
2	20	13	0	0
3	35	67	17	4.75027
4	335	13	0	0
11	27	18	0	0
12	62	58	16	1.49793
13	4	13	0	0
14	11	49	8	0.881783
Instant	111
1	627	26	1	0
2	26	13	0	0
3	33	73	22	6.05811
4	333	13	0	0
11	27	18	0	0
12	63	64	16	1.16675
13	4	13	0	0
14	11	51	8	0.809914
Instant	112
1	511	27	2	0.725446
2	30	13	0	0
3	30	65	20	4.75798
4	322	14	0	0
11	22	18	0	0
12	56	57	13	0.759437
13	4	13	0	0
14	11	52	7	0.70698
Instant	113
1	508	28	2	0.7287
2	26	13	0	0
3	33	73	24	7.83228
4	309	13	0	0
11	22	18	0	0.339367
12	67	61	10	0.534759
13	5	13	0	0
14	10	52	8	0.956284
Instant	114
1	521	28	2	0.436681
2	30	13	0	0
3	35	76	15	7.7044
4	319	13	0	0
11	23	17	0	0
12	65	57	10	0.315994
13	4	13	0	0
14	10	54	8	0.816099
Instant	115
1	572	30	2	0.30426
2	38	13	0	0
3	34	65	22	4.15385
4	307	13	0	0
11	25	18	1	0
12	53	58	9	0.759437
13	5	13	0	0
14	10	54	8	0.876637
Instant	116
1	619	28	1	0.0478927
2	33	13	0	0
3	38	71	18	6.36646
4	310	13	0	0
11	26	17	0	0
12	50	66	16	5.12883
13	5	13	0	0
14	9	52	9	0.837521
Instant	117
1	539	27	2	0.534188
2	42	13	0	0
3	29	73	16	7.63889
4	320	13	0	0
11	24	17	0	0
12	50	60	14	1.89597
13	5	13	0	0
14	10	50	7	0.942822
Instant	118
1	556	28	2	0.509165
2	31	13	0	0
3	46	69	18	4.39533
4	302	13	0	0
11	25	17	0	0
12	59	61	11	1.31785
13	5	13	0	0
14	9	51	7	0.962773
Instant	119
1	599	26	1	0.294695
2	39	13	0	0
3	33	72	16	7.03884
4	324	14	0	0
11	26	18	1	0
12	67	63	14	1.38551
13	4	13	0	0
14	11	50	9	0.841346
