	T	D	J	LP
Instant	0
1	0	0	0	0
2	0	0	0	0
3	0	0	0	0
4	0	0	0	0
11	0	0	0	0
12	0	0	0	0
13	0	0	0	0
14	0	0	0	0
Instant	1
1	332	33	2	0
2	16	13	0	0
3	32	55	17	1.41026
4	94	13	0	0
11	12	19	0	0
12	56	68	7	3.47826
13	2	13	0	0
14	3	54	11	0.307096
Instant	2
1	1442	32	3	0.483481
2	29	14	0	0
3	47	65	23	4.26413
4	740	14	0	0
11	64	18	0	0
12	108	56	17	1.91176
13	5	13	0	0
14	24	51	5	0.695545
Instant	3
1	1238	30	3	0.691244
2	23	14	0	0
3	48	63	22	6.54229
4	665	14	0	0
11	56	18	0	0
12	105	63	12	0.852941
13	5	13	0	0
14	20	53	6	1.19816
Instant	4
1	1300	27	3	0.196335
2	29	13	0	0
3	38	70	20	4.84267
4	606	14	0	0
11	59	17	0	0
12	86	58	12	1.05405
13	5	13	0	0
14	20	51	6	1.12366
Instant	5
1	1202	29	3	0.269608
2	25	13	0	0
3	45	70	17	5.74458
4	494	14	0	0
11	53	18	0	0
12	81	57	12	1.44118
13	5	13	0	0
14	15	52	7	1.08868
Instant	6
1	856	31	4	0.67659
2	40	13	0	0
3	46	74	18	5.1105
4	416	13	0	0
11	38	19	0	0
12	75	58	12	1.44118
13	5	13	0	0
14	13	50	7	1.03777
Instant	7
1	814	28	2	0.284495
2	20	13	0	0
3	43	75	18	5.54795
4	428	13	0	0
11	35	18	0	0
12	75	59	12	1.16216
13	5	13	0	0
14	15	48	7	0.811344
Instant	8
1	967	29	2	0.0619579
2	23	13	0	0
3	38	70	14	4.3456
4	418	13	0	0
11	41	17	0	0
12	85	57	13	1.41176
13	5	13	0	0
14	15	53	8	0.686047
Instant	9
1	713	29	2	0.122549
2	23	13	0	0
3	46	75	17	7.6639
4	379	13	0	0
11	32	18	0	0
12	84	57	10	0.852941
13	5	13	0	0
14	13	51	8	0.651578
Instant	10
1	715	26	1	0.2443
2	14	13	0	0
3	38	73	19	4.38218
4	375	13	0	0
11	31	18	0	0
12	70	61	11	1.16216
13	5	13	0	0
14	13	50	6	0.657667
Instant	11
1	640	28	3	0.137112
2	20	13	0	0
3	53	73	15	6.3343
4	344	13	0	0
11	28	18	0	0
12	87	58	13	0.970588
13	5	13	0	0
14	11	52	7	0.805085
Instant	12
1	539	30	2	1.30261
2	25	13	0	0
3	54	75	13	4.98615
4	331	13	0	0
11	25	18	0	0
12	84	55	12	1.29412
13	5	13	0	0
14	11	49	7	0.748239
Instant	13
1	550	29	2	1.16773
2	31	13	0	0
3	51	72	21	4.54967
4	333	13	0	0
11	23	18	0	0
12	92	60	12	9.90476
13	5	13	0	0
14	11	54	8	0.661221
Instant	14
1	517	29	3	0.672646
2	17	13	0	0
3	39	77	20	7.40741
4	349	13	0	0
11	23	18	0	0
12	97	59	9	0.676471
13	5	13	0	0
14	12	51	8	0.755879
Instant	15
1	504	29	3	1.23656
2	29	13	0	0
3	42	71	20	3.82883
4	352	13	0	0
11	23	17	0	0
12	102	69	10	3
13	5	13	0	0
14	12	49	7	0.639963
Instant	16
1	589	27	1	0.289575
2	16	13	0	0
3	46	60	22	5.23023
4	346	13	0	0
11	26	18	0	0
12	70	57	11	1.32432
13	5	13	0	0
14	12	50	9	0.670229
Instant	17
1	604	29	2	0.875486
2	22	13	0	0
3	51	67	20	6.28613
4	326	13	0	0
11	26	19	1	0
12	78	63	12	1.02941
13	5	13	0	0
14	11	52	7	0.798611
Instant	18
1	560	29	1	0.306748
2	31	13	0	0
3	30	75	18	6.69599
4	337	13	0	0
11	24	18	0	0.414938
12	75	64	13	4.64706
13	5	13	0	0
14	11	49	8	0.843943
Instant	19
1	592	28	1	0
2	26	13	0	0
3	43	75	17	5.52297
4	375	13	0	0
11	26	18	1	0
12	74	68	14	2.2973
13	5	13	0	0
14	12	47	7	0.651986
Instant	20
1	541	27	2	0.904255
2	34	13	0	0
3	51	64	16	4.10765
4	390	13	0	0
11	23	19	0	0
12	80	56	13	1.52941
13	5	13	0	0
14	14	51	8	0.532269
Instant	21
1	487	28	3	0.868056
2	31	13	0	0
3	47	78	17	6.80272
4	340	13	0	0
11	22	18	0	0
12	92	57	12	0.794118
13	5	13	0	0
14	11	51	8	0.79023
Instant	22
1	539	28	2	0.318471
2	18	13	0	0
3	47	69	19	4.2522
4	327	13	0	0
11	24	18	1	0
12	76	62	14	1.32432
13	5	13	0	0
14	11	52	10	0.743163
Instant	23
1	572	28	2	0.308642
2	28	13	0	0
3	41	77	11	6.92488
4	330	13	0	0
11	25	17	0	0
12	92	54	13	1.05882
13	5	13	0	0
14	11	50	7	0.671569
Instant	24
1	598	28	2	0.0482625
2	19	13	0	0
3	41	68	18	5.0995
4	337	13	0	0
11	26	18	0	0
12	67	60	12	1.47059
13	5	13	0	0
14	11	52	9	0.714562
Instant	25
1	532	31	2	0.551876
2	23	13	0	0
3	43	68	22	4.69518
4	341	13	0	0
11	23	18	1	0
12	72	61	12	1.09524
13	5	13	0	0
14	12	48	7	0.755416
Instant	26
1	473	32	4	0.462963
2	42	13	0	0
3	41	76	14	6.16472
4	347	13	0	0
11	22	19	1	0
12	98	62	13	0.941177
13	5	13	0	0
14	11	48	7	0.77074
Instant	27
1	589	29	2	0.653924
2	29	13	0	0
3	45	76	14	4.80769
4	350	13	0	0
11	25	17	0	0
12	92	60	11	0.911765
13	5	13	0	0
14	12	49	7	0.77487
Instant	28
1	533	27	2	0.652174
2	24	13	0	0
3	53	72	19	4.71429
4	344	13	0	0
11	23	18	0	0
12	66	52	15	1.5
13	5	13	0	0
14	12	47	7	0.688939
Instant	29
1	592	28	1	0
2	27	13	0	0
3	42	76	13	6.501
4	307	13	0	0
11	26	18	1	0
12	82	59	10	1.32353
13	5	13	0	0
14	10	49	10	0.838574
Instant	30
1	565	28	2	0.453629
2	22	13	0	0
3	41	73	15	5.79409
4	347	13	0	0
11	25	17	0	0
12	74	64	13	1.05882
13	5	13	0	0
14	12	52	7	0.571161
Instant	31
1	551	30	3	0.520833
2	16	13	0	0
3	40	70	14	5.17241
4	297	13	0	0
11	24	19	0	0
12	78	62	15	1.2973
13	5	13	0	0
14	9	52	9	0.881201
Instant	32
1	602	28	2	0.296443
2	15	13	0	0
3	52	69	15	4.92424
4	350	13	0	0
11	26	18	1	0
12	69	55	14	1.67647
13	5	13	0	0
14	12	51	8	0.658139
Instant	33
1	536	28	3	0.368421
2	15	13	0	0
3	45	76	15	5.86785
4	320	13	0	0
11	24	19	1	0
12	89	64	13	1.47059
13	5	13	0	0
14	11	51	8	0.804982
Instant	34
1	455	28	3	1.04167
2	25	13	0	0
3	36	68	19	7.74482
4	346	13	0	0
11	20	18	1	0.364078
12	79	60	13	1.08108
13	5	13	0	0
14	12	47	7	0.646067
Instant	35
1	598	28	2	0.198413
2	21	13	0	0
3	29	74	20	5.49645
4	360	13	0	0
11	25	17	0	0.295276
12	87	55	14	0.941177
13	5	13	0	0
14	13	51	7	0.611951
Instant	36
1	547	29	2	0.318471
2	26	13	0	0
3	40	68	22	5.30952
4	355	13	0	0
11	24	18	1	0
12	70	59	14	1.70588
13	5	13	0	0
14	12	50	8	0.679993
Instant	37
1	557	30	2	0
2	26	13	0	0
3	59	72	18	5.51111
4	359	13	0	0
11	23	20	1	0
12	80	60	14	0.880952
13	6	13	0	0
14	13	51	7	0.601048
Instant	38
1	573	28	1	0.443787
2	29	13	0	0
3	54	70	20	4.06977
4	337	13	0	0
11	25	18	0	0
12	91	64	13	0.941177
13	5	13	0	0
14	12	52	8	0.632484
Instant	39
1	605	27	1	0.290698
2	21	13	0	0
3	44	77	16	7.18391
4	354	13	0	0
11	26	17	0	0
12	82	70	13	1.67647
13	5	13	0	0
14	12	49	8	0.667032
Instant	40
1	600	29	1	0
2	36	13	0	0
3	47	77	23	5.13006
4	329	13	0	0
11	26	18	0	0
12	90	63	13	0.837838
13	5	13	0	0
14	11	48	7	0.748621
Instant	41
1	557	27	2	0.667351
2	29	13	0	0
3	39	68	18	5.79053
4	357	13	0	0
11	24	19	1	0
12	80	60	12	1.20588
13	5	13	0	0
14	12	50	7	0.591985
Instant	42
1	524	27	3	0.919913
2	18	13	0	0
3	57	78	19	5.36562
4	327	13	0	0
11	23	17	0	0
12	80	58	11	0.941177
13	5	13	0	0
14	11	52	8	0.898499
Instant	43
1	560	28	2	0.309917
2	18	13	0	0
3	35	71	18	4.91029
4	329	13	0	0
11	24	17	0	0
12	81	56	14	1.24324
13	5	13	0	0
14	11	52	8	0.632661
Instant	44
1	585	28	1	0
2	23	13	0	0
3	39	71	21	4.82323
4	334	13	0	0
11	25	18	1	0
12	78	61	12	1.58824
13	5	13	0	0
14	11	49	8	0.881783
Instant	45
1	518	28	3	0.822368
2	27	13	0	0
3	45	72	18	7.27053
4	365	13	0	0
11	23	18	0	0
12	74	59	12	1.47059
13	5	13	0	0
14	12	47	7	0.73896
Instant	46
1	600	28	2	0
2	20	13	0	0
3	42	74	13	5.03372
4	373	13	0	0
11	25	19	0	0
12	64	58	14	1.67568
13	5	13	0	0
14	13	52	7	0.601464
Instant	47
1	552	29	2	0.368421
2	16	13	0	0
3	44	66	22	6.78404
4	356	13	0	0
11	24	17	0	0
12	88	59	12	1
13	5	13	0	0
14	13	51	8	0.611537
Instant	48
1	441	31	2	1.17866
2	26	13	0	0
3	34	73	16	4.84848
4	330	13	0	0
11	20	18	0	0
12	62	50	12	1.73529
13	5	13	0	0
14	11	49	9	0.766901
Instant	49
1	694	26	2	0
2	28	13	0	0
3	52	63	16	6.30312
4	333	13	0	0
11	29	18	1	0
12	86	58	13	0.738095
13	5	13	0	0
14	11	51	7	0.752247
Instant	50
1	546	27	3	0.557809
2	25	13	0	0
3	42	66	16	5.39352
4	327	13	0	0
11	25	18	0	0
12	95	58	12	0.882353
13	5	13	0	0
14	10	50	10	0.831354
Instant	51
1	617	28	1	0.293542
2	33	13	0	0
3	40	68	17	4.76865
4	333	13	0	0
11	26	17	0	0
12	86	66	12	1.20588
13	5	13	0	0
14	11	52	7	0.672515
Instant	52
1	541	29	3	0.365344
2	21	13	0	0
3	40	74	21	6.39835
4	347	13	0	0
11	24	18	0	0
12	86	62	12	0.805556
13	5	13	0	0
14	12	46	7	0.71161
Instant	53
1	566	27	1	0.259336
2	30	13	0	0
3	42	65	26	4.72779
4	318	13	0	0
11	24	17	0	0
12	89	68	16	36.6176
13	5	13	0	0
14	10	53	8	0.746041
Instant	54
1	605	30	2	0
2	28	13	0	0
3	41	64	21	5.65217
4	344	13	0	0
11	26	17	0	0
12	48	63	17	3
13	5	13	0	0
14	11	50	9	0.779782
Instant	55
1	506	29	2	1.01351
2	26	13	0	0
3	44	75	20	6.95252
4	359	13	0	0
11	23	17	0	0
12	63	66	19	3.16216
13	5	13	0	0
14	13	51	7	0.595883
Instant	56
1	487	30	3	0.473934
2	31	13	0	0
3	37	69	20	5.53053
4	352	13	0	0
11	21	18	0	0
12	93	58	13	0.852941
13	5	13	0	0
14	12	50	8	0.591279
Instant	57
1	497	31	2	0.620767
2	20	13	0	0
3	50	75	15	4.79167
4	362	13	0	0
11	22	17	0	0
12	77	58	14	1.38235
13	5	13	0	0
14	13	48	8	0.653419
Instant	58
1	487	29	2	0.411765
2	23	13	0	0
3	53	75	17	4.38596
4	334	13	0	0
11	22	18	0	0
12	90	58	9	0.675676
13	5	13	0	0
14	11	52	9	0.633217
Instant	59
1	579	28	1	0.350701
2	28	13	0	0
3	44	71	14	4.24063
4	329	13	0	0
11	25	18	1	0
12	81	63	13	1.35294
13	5	13	0	0
14	11	54	8	0.671406
Instant	60
1	434	30	3	1.24021
2	30	13	0	0
3	45	74	20	5.2644
4	335	13	0	0
11	19	19	1	0
12	78	63	11	1.26471
13	5	13	0	0
14	12	51	8	0.699267
Instant	61
1	531	29	2	0.698925
2	13	13	0	0
3	37	77	12	6.8915
4	355	13	0	0
11	23	17	0	0
12	71	65	13	1.33333
13	5	13	0	0
14	12	51	8	0.589364
Instant	62
1	485	27	2	0.988372
2	24	13	0	0
3	43	70	18	6.15196
4	344	13	0	0
11	22	18	1	0
12	88	56	12	1.26471
13	5	13	0	0
14	12	51	8	0.729755
Instant	63
1	602	28	2	0
2	31	13	0	0
3	51	70	19	5.67847
4	348	13	0	0
11	26	17	0	0
12	84	63	14	0.882353
13	5	13	0	0
14	12	51	8	0.648563
Instant	64
1	511	28	2	0.725446
2	21	13	0	0
3	41	72	18	4.66667
4	331	13	0	0
11	22	18	0	0
12	82	64	11	1.54054
13	5	13	0	0
14	11	51	9	0.718897
Instant	65
1	543	30	3	0.326087
2	12	13	0	0
3	45	69	20	5.73967
4	351	13	0	0
11	23	18	0	0
12	87	60	15	1.11765
13	5	13	0	0
14	12	48	7	0.728245
Instant	66
1	592	29	2	0
2	30	13	0	0
3	38	74	18	7.67736
4	370	13	0	0
11	26	18	0	0
12	72	55	12	1.58824
13	5	13	0	0
14	13	53	9	0.690778
Instant	67
1	593	27	1	0.341797
2	35	13	0	0
3	47	77	16	5.74291
4	343	13	0	0
11	26	18	1	0
12	61	59	18	1.59459
13	5	13	0	0
14	12	51	7	0.718065
Instant	68
1	620	28	2	0
2	33	13	0	0
3	55	73	19	5.32407
4	321	13	0	0
11	27	17	0	0
12	82	65	18	15.4375
13	5	13	0	0
14	11	53	8	0.697791
Instant	69
1	571	33	2	0
2	34	13	0	0
3	37	75	14	5.08475
4	351	14	0	0
11	24	17	0	0
12	89	53	16	2.23529
13	5	13	0	0
14	12	48	9	0.750834
Instant	70
1	459	30	3	1.16422
2	30	13	0	0
3	58	72	15	3.62216
4	347	13	0	0
11	20	18	1	0
12	68	58	10	1.62162
13	5	13	0	0
14	12	51	8	0.755879
Instant	71
1	494	28	2	0.745413
2	16	13	0	0
3	51	67	20	4.61394
4	354	13	0	0
11	22	18	0	0
12	91	62	9	2.94118
13	5	13	0	0
14	13	51	9	0.634356
Instant	72
1	546	29	2	0.313808
2	22	13	0	0
3	30	70	20	7.46785
4	367	13	0	0
11	24	18	0	0
12	74	57	12	1.48485
13	5	13	0	0
14	12	50	8	0.735034
Instant	73
1	539	31	2	0.376344
2	27	13	0	0
3	44	67	17	7.25883
4	361	13	0	0
11	23	17	0	0
12	73	62	12	2.7561
13	5	13	0	0
14	12	48	7	0.805585
Instant	74
1	494	28	2	1.07955
2	25	13	0	0
3	44	69	18	2.98651
4	359	13	0	0
11	22	17	0	0
12	87	63	8	1.97059
13	5	13	0	0
14	13	50	8	0.611413
Instant	75
1	509	28	2	0.340909
2	43	13	0	0
3	54	67	16	7.6002
4	342	13	0	0
11	22	19	1	0
12	84	64	17	2.30303
13	5	13	0	0
14	11	49	8	0.63447
Instant	76
1	578	29	2	0.60241
2	31	13	0	0
3	35	73	19	5.09777
4	344	13	0	0
11	25	18	1	0
12	64	60	14	2.75
13	5	13	0	0
14	11	51	9	0.817271
Instant	77
1	576	29	1	0.304878
2	21	13	0	0
3	34	72	16	5.07692
4	333	13	0	0
11	24	19	0	0
12	77	62	12	1.53125
13	5	13	0	0
14	11	50	7	0.747863
Instant	78
1	505	30	3	0.33557
2	24	13	0	0
3	47	74	18	6.54229
4	352	13	0	0
11	23	18	0	0
12	69	57	11	1.3125
13	5	13	0	0
14	12	50	8	0.843473
Instant	79
1	473	30	2	1.04167
2	27	13	0	0
3	46	70	20	6.37681
4	347	13	0	0
11	21	17	0	0
12	54	60	15	1.94595
13	5	13	0	0
14	12	48	8	0.692106
Instant	80
1	459	30	3	1.52439
2	35	13	0	0
3	43	69	22	4.61877
4	343	13	0	0
11	20	18	1	0
12	95	58	13	1.09091
13	5	13	0	0
14	11	50	7	0.779171
Instant	81
1	554	28	3	0.154004
2	20	13	0	0
3	43	65	21	6.37255
4	354	13	0	0
11	24	18	0	0
12	82	56	12	1.12121
13	5	13	0	0
14	12	53	9	0.60241
Instant	82
1	606	28	1	0
2	21	13	0	0
3	45	80	16	4.51489
4	364	13	0	0
11	26	17	0	0
12	67	65	15	1.31429
13	5	13	0	0
14	13	48	8	0.680363
Instant	83
1	605	28	2	0
2	18	13	0	0
3	40	72	16	4.73103
4	359	13	0	0
11	26	19	1	0
12	77	55	13	1.36364
13	5	13	0	0
14	12	47	7	0.693689
Instant	84
1	583	28	2	0
2	31	13	0	0
3	38	75	14	5.75221
4	339	13	0	0
11	25	18	1	0.302419
12	77	59	14	1.27273
13	5	13	0	0
14	12	50	7	0.64433
Instant	85
1	595	29	2	0.0492126
2	47	13	0	0
3	39	62	19	7.25552
4	324	13	0	0
11	26	18	1	0
12	74	60	13	1.20513
13	5	13	0	0
14	11	50	9	0.78748
Instant	86
1	553	28	2	0.628931
2	27	13	0	0
3	51	68	19	5.97928
4	330	13	0	0
11	24	18	1	0
12	64	61	10	1.58824
13	5	13	0	0
14	11	49	8	0.731252
Instant	87
1	567	28	2	0.30303
2	21	13	0	0
3	47	66	14	4.03609
4	327	13	0	0
11	25	18	0	0
12	86	62	14	1.5
13	5	13	0	0
14	11	51	8	0.780628
Instant	88
1	537	30	2	0.377155
2	32	13	0	0
3	58	70	19	3.8371
4	336	13	0	0
11	24	18	0	0
12	84	58	10	1.16216
13	5	13	0	0
14	11	51	10	0.755814
Instant	89
1	559	28	2	0.564682
2	35	13	0	0
3	36	69	18	6.28055
4	334	13	0	0
11	24	18	0	0
12	83	63	12	0.882353
13	5	13	0	0
14	11	49	8	0.731589
Instant	90
1	501	29	3	0.460829
2	24	13	0	0
3	44	76	14	6.29353
4	349	13	0	0
11	22	18	0	0
12	91	62	11	1.03125
13	5	13	0	0
14	12	50	7	0.62314
Instant	91
1	580	28	2	0.25
2	25	13	0	0
3	42	71	20	7.43879
4	328	13	0	0
11	25	18	0	0
12	69	60	16	1.37838
13	5	13	0	0
14	11	49	8	0.809637
Instant	92
1	599	29	1	0
2	26	13	0	0
3	45	71	16	4.07143
4	330	13	0	0
11	26	18	0	0
12	69	54	14	1.84848
13	5	13	0	0
14	11	52	9	0.680473
Instant	93
1	521	29	2	0.672646
2	32	13	0	0
3	35	80	17	7.18137
4	325	13	0	0
11	22	18	0	0
12	79	61	13	1.15152
13	5	13	0	0
14	10	49	8	0.847289
Instant	94
1	545	29	1	0.316456
2	23	13	0	0
3	56	60	19	3.10411
4	339	13	0	0
11	24	19	1	0
12	72	63	9	1.37838
13	5	13	0	0
14	11	52	9	0.701653
Instant	95
1	540	30	2	0.642398
2	27	13	0	0
3	48	71	14	5.05618
4	333	13	0	0
11	23	17	0	0
12	90	56	10	0.941177
13	5	13	0	0
14	11	49	8	0.735867
Instant	96
1	532	29	1	0.269978
2	24	13	0	0
3	45	63	27	6.39303
4	351	13	0	0
11	23	17	1	0
12	71	60	18	21.6471
13	5	13	0	0
14	12	51	8	0.712172
Instant	97
1	605	27	1	0
2	24	13	0	0
3	42	69	14	4.49255
4	342	13	0	0
11	26	18	0	0
12	81	69	13	1.63415
13	5	13	0	0
14	11	52	9	0.667614
Instant	98
1	600	26	2	0.290135
2	22	13	0	0
3	43	68	20	6.25604
4	339	13	0	0
11	26	18	1	0
12	81	58	18	2.47059
13	5	13	0	0
14	11	48	8	0.762371
Instant	99
1	606	28	1	0.0490196
2	22	13	0	0
3	34	69	29	4.10628
4	323	13	0	0
11	25	18	0	0
12	104	68	14	1.82353
13	5	13	0	0
14	11	54	8	0.763052
Instant	100
1	596	29	2	0
2	21	13	0	0
3	43	72	16	4.35934
4	330	13	0	0
11	26	17	0	0
12	94	67	17	1.89189
13	5	13	0	0
14	11	48	10	0.854826
Instant	101
1	637	27	2	0
2	29	13	0	0
3	45	72	19	11.3548
4	328	14	0	0
11	27	18	0	0
12	75	60	13	1.17647
13	5	13	0	0
14	11	47	9	0.737332
Instant	102
1	497	31	2	0.412736
2	22	13	0	0
3	42	73	18	4.56989
4	308	13	0	0
11	21	19	1	0
12	83	64	19	2.97059
13	5	13	0	0
14	10	54	10	0.857382
Instant	103
1	507	28	2	0.709607
2	31	13	0	0
3	42	66	18	4.53004
4	326	13	0	0
11	23	18	0	0
12	72	56	12	2.18919
13	5	13	0	0
14	11	49	8	0.775656
Instant	104
1	578	29	1	0
2	37	13	0	0
3	56	73	16	4.63748
4	323	13	0	0
11	25	18	1	0
12	81	64	17	2.52941
13	5	13	0	0
14	10	47	9	0.871394
Instant	105
1	570	28	2	0.308008
2	24	13	0	0
3	41	69	18	6.33037
4	344	13	0	0
11	25	18	0	0
12	96	68	16	1.91176
13	5	13	0	0
14	12	49	7	0.707814
Instant	106
1	580	28	2	0
2	30	13	0	0
3	37	77	13	6.26263
4	332	13	0	0
11	25	18	1	0
12	66	66	18	1.08108
13	5	13	0	0
14	11	51	8	0.768703
Instant	107
1	594	29	1	0
2	19	13	0	0
3	39	65	25	6.58683
4	313	13	0	0
11	26	17	0	0
12	56	64	23	4.64706
13	5	13	0	0
14	10	48	8	0.809612
Instant	108
1	578	28	2	0.313808
2	28	13	0	0
3	40	66	20	3.91451
4	347	13	0	0
11	24	18	1	0
12	77	60	12	2.38235
13	5	13	0	0
14	12	48	8	0.68743
Instant	109
1	558	29	2	0.308008
2	13	13	0	0
3	35	75	16	6.4006
4	345	13	0	0
11	24	17	0	0.3125
12	82	58	12	1.69048
13	5	13	0	0
14	12	49	8	0.692884
Instant	110
1	582	30	2	0
2	24	13	0	0
3	43	75	17	5.62443
4	339	13	0	0
11	25	17	0	0.302419
12	85	61	12	1.125
13	5	13	0	0
14	11	51	8	0.719217
Instant	111
1	572	28	2	0.300601
2	25	13	0	0
3	47	73	17	6.94444
4	314	13	0	0
11	25	18	0	0
12	66	59	13	1.58824
13	5	13	0	0
14	10	51	9	0.697891
Instant	112
1	561	28	1	0.306122
2	12	13	0	0
3	43	73	26	5.6686
4	345	13	0	0
11	25	19	1	0
12	68	62	12	1.81081
13	5	13	0	0
14	12	53	7	0.747743
Instant	113
1	622	28	1	0
2	29	13	0	0
3	32	71	18	5.32191
4	324	13	0	0
11	26	18	0	0
12	57	63	15	1.73529
13	5	13	0	0
14	10	51	7	0.819345
Instant	114
1	483	27	2	0.743707
2	24	13	0	0
3	54	72	15	4.86891
4	321	13	0	0
11	22	17	0	0
12	80	58	15	1.61765
13	5	13	0	0
14	11	53	9	0.82728
Instant	115
1	612	28	1	0.294695
2	29	13	0	0
3	34	79	18	6.55458
4	321	13	0	0
11	25	18	1	0
12	76	65	14	1.21622
13	5	13	0	0
14	11	49	8	0.656566
Instant	116
1	571	28	1	0.304878
2	30	13	0	0
3	42	67	16	4.0282
4	339	13	0	0
11	25	17	0	0
12	67	56	13	1.58824
13	5	13	0	0
14	12	50	8	0.712782
Instant	117
1	633	26	1	0
2	31	13	0	0
3	45	68	24	7.06418
4	331	13	0	0
11	27	18	0	0
12	83	65	16	1.5
13	5	13	0	0
14	11	49	8	0.722092
Instant	118
1	577	28	1	0.298211
2	32	13	0	0
3	30	76	20	6.58915
4	316	13	0	0
11	25	18	0	0
12	51	58	13	2.08108
13	5	13	0	0
14	11	50	8	0.705522
Instant	119
1	550	29	2	0.639659
2	18	13	0	0
3	45	73	18	4.82983
4	337	13	0	0
11	24	18	1	0
12	81	60	14	1.20588
13	5	13	0	0
14	11	50	8	0.68243
