	T	D	J	LP
Instant	0
1	0	0	0	0
2	0	0	0	0
3	0	0	0	0
4	0	0	0	0
11	0	0	0	0
12	0	0	0	0
13	0	0	0	0
14	0	0	0	0
Instant	1
1	332	33	2	0
2	19	13	0	0
3	30	57	13	1.26706
4	73	13	0	0
11	12	19	0	0
12	29	66	10	7.00976
13	1	13	0	0
14	2	53	10	0.442834
Instant	2
1	1534	31	3	0.309767
2	24	13	0	0
3	25	64	25	6.22259
4	563	13	0	0
11	71	17	0	0
12	3	65	15	1.92077
13	4	13	0	0
14	16	51	6	0.99481
Instant	3
1	1274	28	2	0.522814
2	16	13	0	0
3	41	65	22	4.30556
4	546	13	0	0
11	55	19	0	0
12	0	0	0	0
13	4	13	0	0
14	17	53	7	1.24285
Instant	4
1	985	28	3	0
2	29	13	0	0
3	25	73	22	5.98629
4	495	13	0	0
11	42	17	0	0
12	0	0	0	0
13	5	13	0	0
14	16	51	6	0.943396
Instant	5
1	953	28	2	0
2	25	13	0	0
3	34	68	16	4.13978
4	401	13	0	0
11	42	19	0	0
12	0	0	0	0
13	4	13	0	0
14	12	50	8	1.00309
Instant	6
1	963	28	2	0
2	27	13	0	0
3	34	82	13	5.41922
4	339	13	0	0
11	41	18	0	0
12	0	0	0	0
13	5	13	0	0
14	10	54	9	1.25714
Instant	7
1	996	29	3	0.0289017
2	24	13	0	0
3	34	68	17	6.30411
4	320	13	0	0
11	44	17	0	0
12	0	0	0	0
13	4	13	0	0
14	10	52	10	1.13774
Instant	8
1	950	30	3	0
2	15	13	0	0
3	25	61	23	3.52564
4	338	13	0	0
11	41	18	0	0
12	0	0	0	0
13	4	13	0	0
14	11	52	8	0.894566
Instant	9
1	993	29	3	0.0595948
2	36	13	0	0
3	24	76	15	6.82796
4	316	13	0	0
11	43	18	0	0
12	0	0	0	0
13	4	13	0	0
14	10	50	7	0.937884
Instant	10
1	910	28	3	0
2	37	13	0	0
3	31	74	18	5.18518
4	328	13	0	0
11	40	17	0	0
12	0	0	0	0
13	5	13	0	0
14	11	49	8	0.850138
Instant	11
1	887	27	3	0
2	18	13	0	0
3	35	71	23	4.62073
4	352	13	0	0
11	38	17	0	0
12	0	0	0	0
13	5	13	0	0
14	11	52	8	0.844408
Instant	12
1	853	27	3	0.0339213
2	23	13	0	0
3	19	77	16	8.03279
4	314	13	0	0
11	37	18	0	0
12	0	0	0	0
13	4	13	0	0
14	9	52	8	1.01852
Instant	13
1	840	27	2	0.208333
2	35	13	0	0
3	22	69	21	5.71038
4	315	13	0	0
11	36	19	0	0
12	0	0	0	0
13	4	13	0	0
14	10	54	8	0.921376
Instant	14
1	985	27	2	0
2	20	13	0	0
3	28	75	11	5.71279
4	333	13	0	0
11	42	16	0	0
12	0	0	0	0
13	5	13	0	0
14	11	53	8	0.774854
Instant	15
1	965	30	3	0.35503
2	16	13	0	0
3	25	79	17	15.25
4	304	13	0	0
11	43	17	0	0
12	0	0	0	0
13	4	13	0	0
14	10	52	8	0.950106
Instant	16
1	837	29	2	0.214286
2	26	13	0	0
3	23	81	15	6.78721
4	314	13	0	0
11	36	19	0	0
12	0	0	0	0
13	5	13	0	0
14	10	45	7	0.829213
Instant	17
1	726	29	2	0.472441
2	20	13	0	0
3	28	75	16	4.18015
4	278	13	0	0
11	32	18	0	0
12	0	0	0	0
13	4	13	0	0
14	8	56	10	1.05471
Instant	18
1	707	29	2	0.483092
2	30	13	0	0
3	18	68	17	7.03212
4	329	13	0	0
11	31	18	0	0
12	0	0	0	0
13	4	13	0	0
14	10	49	8	0.94293
Instant	19
1	714	28	2	0.488599
2	28	13	0	0
3	26	78	16	7.21354
4	323	13	0	0
11	31	18	0	0
12	0	0	0	0
13	4	13	0	0
14	10	52	9	0.805153
Instant	20
1	615	28	2	0.330189
2	20	13	0	0
3	25	69	23	7.27554
4	295	13	0	0
11	27	18	0	0
12	0	0	0	0
13	5	13	0	0
14	9	57	8	0.870565
Instant	21
1	626	28	2	0.277778
2	34	13	0	0
3	25	77	19	7.07305
4	316	13	0	0
11	27	18	0	0
12	0	0	0	0
13	5	13	0	0
14	10	52	9	0.927634
Instant	22
1	555	29	2	0.609756
2	32	13	0	0
3	32	77	15	5.29543
4	311	13	0	0
11	25	17	0	0
12	0	0	0	0
13	4	13	0	0
14	10	52	8	0.819842
Instant	23
1	602	27	1	0.337838
2	32	13	0	0
3	26	79	19	5.01089
4	319	13	0	0
11	26	19	1	0
12	0	0	0	0
13	4	13	0	0
14	10	50	7	0.97561
Instant	24
1	568	28	2	0.308008
2	39	13	0	0
3	39	68	14	6.22428
4	315	13	0	0
11	25	18	0	0
12	0	0	0	0
13	5	13	0	0
14	10	54	8	0.915638
Instant	25
1	522	30	2	0.388027
2	28	13	0	0
3	30	74	22	7.16931
4	310	14	0	0
11	23	18	1	0
12	0	0	0	0
13	4	13	0	0
14	10	50	9	0.931742
Instant	26
1	585	27	1	0.401606
2	29	13	0	0
3	34	67	20	4.88506
4	281	13	0	0
11	25	17	0	0
12	0	0	0	0
13	5	13	0	0
14	9	56	9	0.906795
Instant	27
1	558	28	1	0.311203
2	27	13	0	0
3	25	69	14	5.68783
4	291	13	0	0
11	24	17	0	0
12	0	0	0	0
13	5	13	0	0
14	9	54	8	1.01111
Instant	28
1	611	28	2	0
2	26	13	0	0
3	36	74	11	8.70021
4	308	13	0	0
11	26	18	1	0
12	0	0	0	0
13	4	13	0	0
14	9	52	9	0.994318
Instant	29
1	565	29	2	0.304878
2	27	13	0	0
3	27	82	20	5.14469
4	304	13	0	0
11	24	17	0	0
12	0	0	0	0
13	5	13	0	0
14	9	49	8	0.878033
Instant	30
1	532	31	2	0.386313
2	18	13	0	0
3	31	78	17	7.29847
4	297	13	0	0
11	23	18	0	0
12	0	0	0	0
13	4	13	0	0
14	10	50	9	0.998264
Instant	31
1	525	29	2	0.653595
2	26	13	0	0
3	25	70	23	4.74277
4	324	13	0	0
11	23	17	0	0
12	0	0	0	0
13	5	13	0	0
14	10	51	7	0.76256
Instant	32
1	544	29	2	0.639659
2	16	13	0	0
3	33	72	18	6.75526
4	311	13	0	0
11	23	19	0	0
12	0	0	0	0
13	4	13	0	0
14	10	50	7	0.994792
Instant	33
1	529	28	1	0.320513
2	24	13	0	0
3	40	73	14	4.52236
4	295	13	0	0
11	23	19	1	0
12	0	0	0	0
13	5	13	0	0
14	9	51	8	1.0444
Instant	34
1	540	32	2	0.326087
2	16	13	0	0
3	25	70	18	5.45198
4	316	13	0	0
11	23	18	1	0
12	0	0	0	0
13	4	13	0	0
14	10	52	8	0.787321
Instant	35
1	545	29	2	0.367647
2	28	13	0	0
3	33	74	18	7.79652
4	321	13	0	0
11	24	17	0	0
12	0	0	0	0
13	5	13	0	0
14	11	52	9	0.840421
Instant	36
1	548	29	2	0.625
2	17	13	0	0
3	33	70	17	6.95329
4	312	13	0	0
11	24	17	0	0
12	0	0	0	0
13	5	13	0	0
14	9	50	9	1.06625
Instant	37
1	564	29	2	0.617284
2	23	13	0	0
3	36	72	18	4.77778
4	301	13	0	0
11	24	18	0	0
12	0	0	0	0
13	4	13	0	0
14	9	51	8	0.975636
Instant	38
1	522	28	1	0.656455
2	32	13	0	0
3	30	70	16	3.18086
4	313	13	0	0
11	23	19	1	0
12	0	0	0	0
13	5	13	0	0
14	10	51	9	0.779637
Instant	39
1	495	29	1	0.934579
2	37	13	0	0
3	27	70	20	5.13039
4	301	13	0	0
11	22	18	1	0
12	0	0	0	0
13	4	13	0	0
14	9	51	8	0.978495
Instant	40
1	559	30	3	0.0501002
2	25	13	0	0
3	33	67	21	5.41535
4	306	13	0	0
11	25	17	0	0
12	0	0	0	0
13	4	13	0	0
14	10	51	8	0.868056
Instant	41
1	576	29	1	0.309278
2	26	13	0	0
3	32	71	16	9.24765
4	313	13	0	0
11	24	18	0	0
12	0	0	0	0
13	5	13	0	0
14	10	52	8	0.921325
Instant	42
1	579	30	2	0
2	16	13	0	0
3	31	74	18	7.30453
4	304	13	0	0
11	25	18	0	0
12	0	0	0	0
13	5	13	0	0
14	9	53	9	0.965642
Instant	43
1	518	30	1	0.671141
2	27	13	0	0
3	35	74	18	5.58058
4	299	13	0	0
11	23	18	0	0
12	0	0	0	0
13	5	13	0	0
14	9	49	8	1.0674
Instant	44
1	522	30	2	0.377155
2	27	13	0	0
3	32	76	21	5.05676
4	287	13	0	0
11	23	19	1	0
12	0	0	0	0
13	5	13	0	0
14	8	50	9	1.02064
Instant	45
1	573	28	2	0.315126
2	35	13	0	0
3	24	64	20	11.2295
4	328	13	0	0
11	24	18	1	0
12	0	0	0	0
13	4	13	0	0
14	11	50	9	0.797662
Instant	46
1	532	28	2	0.313808
2	28	13	0	0
3	29	65	21	4.46623
4	295	13	0	0
11	24	19	1	0
12	0	0	0	0
13	4	13	0	0
14	9	50	10	1.03211
Instant	47
1	561	31	1	0.321888
2	28	13	0	0
3	34	78	17	6.8743
4	303	13	0	0
11	23	18	1	0
12	0	0	0	0
13	4	13	0	0
14	9	52	8	0.941378
Instant	48
1	528	30	2	0.378788
2	23	13	0	0
3	22	72	17	7.40741
4	305	13	0	0
11	23	18	0	0
12	0	0	0	0
13	5	13	0	0
14	10	54	9	0.997877
Instant	49
1	533	29	2	0.434783
2	18	13	0	0
3	35	67	23	5.44554
4	297	13	0	0
11	23	19	1	0
12	0	0	0	0
13	4	13	0	0
14	9	52	9	0.947712
Instant	50
1	580	29	2	0
2	32	13	0	0
3	36	66	19	4.38034
4	318	13	0	0
11	24	19	1	0
12	0	0	0	0
13	5	13	0	0
14	10	50	9	0.950203
Instant	51
1	592	28	1	0.290698
2	16	13	0	0
3	26	76	17	5.81516
4	291	13	0	0
11	26	17	0	0
12	0	0	0	0
13	4	13	0	0
14	9	50	8	0.792332
Instant	52
1	606	28	1	0
2	21	13	0	0
3	21	69	15	6.26344
4	290	13	0	0
11	26	18	0	0
12	0	0	0	0
13	4	13	0	0
14	9	52	8	1.04584
Instant	53
1	550	29	2	0.315126
2	33	13	0	0
3	28	73	20	7.06821
4	278	13	0	0
11	24	18	0	0
12	0	0	0	0
13	4	13	0	0
14	9	52	9	0.906048
Instant	54
1	490	29	2	0.700935
2	27	13	0	0
3	25	70	17	6.8718
4	305	13	0	0
11	21	18	0	0.348837
12	0	0	0	0
13	5	13	0	0
14	9	52	9	1.00849
Instant	55
1	546	29	1	0.319829
2	19	13	0	0
3	32	76	17	5.77742
4	300	13	0	0
11	24	17	0	0
12	0	0	0	0
13	5	13	0	0
14	9	56	8	0.928944
Instant	56
1	587	28	2	0.100402
2	16	13	0	0
3	33	69	12	5.23193
4	278	13	0	0
11	25	18	0	0
12	0	0	0	0
13	4	13	0	0
14	8	54	9	1.16225
Instant	57
1	519	30	2	0.32967
2	20	13	0	0
3	33	77	15	7.73809
4	291	13	0	0
11	23	18	0	0
12	0	0	0	0
13	4	13	0	0
14	9	53	8	0.852273
Instant	58
1	567	29	1	0.31185
2	26	13	0	0
3	29	71	20	7.60753
4	296	13	0	0
11	24	17	0	0
12	0	0	0	0
13	4	13	0	0
14	9	54	8	0.956912
Instant	59
1	541	28	1	0.639659
2	26	13	0	0
3	22	70	19	5.10033
4	299	13	0	0
11	23	18	0	0
12	0	0	0	0
13	4	13	0	0
14	9	52	8	1.07004
Instant	60
1	501	29	2	0.663717
2	29	13	0	0
3	30	76	20	6.32465
4	304	13	0	0
11	23	17	0	0
12	0	0	0	0
13	4	13	0	0
14	9	50	8	0.981647
Instant	61
1	586	28	2	0.589391
2	21	13	0	0
3	34	68	18	7.4187
4	289	13	0	0
11	26	18	0	0
12	0	0	0	0
13	5	13	0	0
14	9	52	8	1.03333
Instant	62
1	598	28	1	0.294695
2	25	13	0	0
3	22	70	25	4.86799
4	295	13	0	0
11	26	17	0	0
12	0	0	0	0
13	5	13	0	0
14	9	51	9	0.996257
Instant	63
1	551	28	1	0.360082
2	30	13	0	0
3	29	68	23	7.16187
4	298	13	0	0
11	24	17	0	0
12	0	0	0	0
13	4	13	0	0
14	9	51	8	0.911458
Instant	64
1	611	27	1	0
2	18	13	0	0
3	26	74	20	3.18627
4	313	13	0	0
11	25	19	1	0
12	0	0	0	0
13	4	13	0	0
14	10	52	8	1.01575
Instant	65
1	588	29	2	0.0498008
2	34	13	0	0
3	29	65	22	10.0273
4	299	13	0	0
11	25	18	1	0
12	0	0	0	0
13	4	13	0	0
14	9	52	8	0.858161
Instant	66
1	596	28	2	0
2	32	13	0	0
3	22	76	16	7.50534
4	290	13	0	0
11	26	19	1	0
12	0	0	0	0
13	4	13	0	0
14	9	53	8	0.916667
Instant	67
1	541	28	2	0.364583
2	18	13	0	0
3	30	69	19	5.61889
4	320	13	0	0
11	24	18	1	0
12	0	0	0	0
13	4	13	0	0
14	11	50	8	0.776836
Instant	68
1	576	30	2	0.157563
2	21	13	0	0
3	27	70	15	5.50987
4	298	13	0	0
11	24	18	1	0
12	0	0	0	0
13	4	13	0	0
14	9	54	8	0.833333
Instant	69
1	483	30	2	0.755814
2	26	13	0	0
3	32	63	20	3.90365
4	322	13	0	0
11	22	18	1	0
12	0	0	0	0
13	4	13	0	0
14	10	50	8	1.03663
Instant	70
1	607	28	2	0
2	20	13	0	0
3	27	80	13	7.65693
4	286	13	0	0
11	25	18	0	0
12	0	0	0	0
13	4	13	0	0
14	9	53	9	0.892857
Instant	71
1	518	30	2	0.323974
2	31	13	0	0
3	28	72	22	6.33653
4	319	13	0	0
11	23	18	0	0
12	0	0	0	0
13	4	13	0	0
14	10	50	8	0.857694
Instant	72
1	578	30	2	0
2	25	13	0	0
3	36	79	19	5.50265
4	299	13	0	0
11	25	18	0	0
12	0	0	0	0
13	4	13	0	0
14	10	52	9	0.870082
Instant	73
1	613	28	1	0
2	25	13	0	0
3	20	75	15	8.36004
4	300	13	0	0
11	26	18	0	0
12	0	0	0	0
13	5	13	0	0
14	9	56	9	0.987694
Instant	74
1	525	29	1	0.380435
2	27	13	0	0
3	28	76	17	6.25
4	303	13	0	0
11	23	18	0	0
12	0	0	0	0
13	4	13	0	0
14	9	48	9	0.863363
Instant	75
1	563	26	1	0.357873
2	17	13	0	0
3	23	76	17	5.58252
4	304	13	0	0
11	24	17	0	0
12	0	0	0	0
13	4	13	0	0
14	9	52	11	1.02711
Instant	76
1	575	30	2	0.0523013
2	34	13	0	0
3	25	73	16	8.1427
4	297	13	0	0
11	24	18	0	0
12	0	0	0	0
13	4	13	0	0
14	9	51	9	0.934376
Instant	77
1	568	27	1	0.554435
2	38	13	0	0
3	38	70	16	5.54654
4	302	13	0	0
11	25	18	0	0
12	0	0	0	0
13	4	13	0	0
14	9	53	8	0.928909
Instant	78
1	547	29	1	0.311203
2	35	13	0	0
3	34	73	18	6.54008
4	301	13	0	0
11	24	18	0	0
12	0	0	0	0
13	5	13	0	0
14	9	53	7	0.906263
Instant	79
1	594	28	2	0
2	33	13	0	0
3	32	72	20	6.3172
4	291	13	0	0
11	25	17	0	0
12	0	0	0	0
13	4	13	0	0
14	9	54	9	1.00134
Instant	80
1	619	28	2	0
2	33	13	0	0
3	39	71	21	5.39832
4	302	14	0	0
11	26	17	0	0
12	0	0	0	0
13	4	13	0	0
14	9	49	7	1.03763
Instant	81
1	591	30	2	0
2	36	13	0	0
3	29	73	16	5.90062
4	314	13	0	0
11	25	18	1	0
12	0	0	0	0
13	5	13	0	0
14	10	51	9	0.82203
Instant	82
1	598	28	1	0
2	30	13	0	0
3	31	81	18	6.31148
4	314	13	0	0
11	26	18	1	0
12	0	0	0	0
13	4	13	0	0
14	10	53	9	0.87963
Instant	83
1	586	28	2	0
2	28	13	0	0
3	31	69	17	4.54309
4	302	13	0	0
11	26	19	1	0
12	0	0	0	0
13	5	13	0	0
14	9	52	8	0.992064
Instant	84
1	557	28	1	0.3125
2	31	13	0	0
3	28	78	17	6.42076
4	299	13	0	0
11	24	18	0	0
12	0	0	0	0
13	4	13	0	0
14	9	51	8	0.994133
Instant	85
1	606	27	1	0.284091
2	30	13	0	0
3	22	73	16	6.99454
4	292	13	0	0
11	27	18	0	0
12	0	0	0	0
13	4	13	0	0
14	9	52	9	0.912489
Instant	86
1	569	27	2	0.369198
2	25	13	0	0
3	22	74	23	6.55968
4	318	13	0	0
11	24	18	1	0
12	0	0	0	0
13	4	13	0	0
14	10	52	7	0.897593
Instant	87
1	546	27	2	0.369979
2	30	13	0	0
3	26	65	15	5.80556
4	302	13	0	0
11	24	18	1	0
12	0	0	0	0
13	4	13	0	0
14	9	52	9	1.06589
Instant	88
1	591	28	2	0.339806
2	18	13	0	0
3	34	72	25	7.2065
4	307	13	0	0
11	26	17	0	0
12	0	0	0	0
13	5	13	0	0
14	10	53	9	0.854298
Instant	89
1	564	26	1	0.35497
2	32	13	0	0
3	29	76	20	5.29101
4	303	13	0	0
11	25	18	0	0
12	0	0	0	0
13	4	13	0	0
14	9	51	9	1.02696
Instant	90
1	593	29	2	0
2	15	13	0	0
3	30	77	16	5.92841
4	294	13	0	0
11	25	19	1	0
12	0	0	0	0
13	4	13	0	0
14	9	49	8	1.04579
Instant	91
1	592	29	1	0
2	23	13	0	0
3	31	69	16	5.01055
4	285	13	0	0
11	26	18	0	0
12	0	0	0	0
13	4	13	0	0
14	9	53	8	1.11526
Instant	92
1	620	28	2	0
2	32	13	0	0
3	29	75	17	7.62758
4	289	13	0	0
11	26	17	1	0
12	0	0	0	0
13	4	13	0	0
14	9	55	10	1.04864
Instant	93
1	613	27	1	0
2	31	13	0	0
3	31	70	18	4.97904
4	286	13	0	0
11	26	19	1	0
12	0	0	0	0
13	5	13	0	0
14	9	51	8	1.04449
Instant	94
1	620	27	1	0
2	34	13	0	0
3	23	78	20	6.2009
4	302	13	0	0
11	27	17	0	0
12	0	0	0	0
13	4	13	0	0
14	10	52	9	0.804376
Instant	95
1	594	28	2	0
2	36	13	0	0
3	33	71	18	9.89426
4	327	13	0	0
11	26	18	1	0
12	0	0	0	0
13	5	13	0	0
14	11	52	9	0.745823
Instant	96
1	584	28	2	0.301205
2	19	13	0	0
3	26	76	16	2.589
4	297	13	0	0
11	25	18	0	0
12	0	0	0	0
13	4	13	0	0
14	9	51	7	1.0879
Instant	97
1	549	29	1	0.625
2	31	13	0	0
3	33	70	20	8.52459
4	305	13	0	0
11	24	17	0	0
12	0	0	0	0
13	4	13	0	0
14	9	49	8	1.02321
Instant	98
1	486	31	2	0.298329
2	35	13	0	0
3	29	68	21	5.67823
4	283	13	0	0
11	21	18	0	0
12	0	0	0	0
13	4	13	0	0
14	9	58	9	0.991518
Instant	99
1	508	29	2	0.932018
2	33	13	0	0
3	22	80	19	4.20792
4	292	13	0	0
11	23	18	1	0
12	0	0	0	0
13	4	13	0	0
14	9	50	8	1.02368
Instant	100
1	607	28	1	0
2	40	13	0	0
3	25	74	16	10.5556
4	308	13	0	0
11	25	19	1	0
12	0	0	0	0
13	4	13	0	0
14	10	51	9	0.889099
Instant	101
1	527	27	1	0.645161
2	20	13	0	0
3	31	75	16	5.89744
4	292	13	0	0
11	24	18	0	0
12	0	0	0	0
13	4	13	0	0
14	9	50	8	0.821208
Instant	102
1	570	31	2	0
2	28	13	0	0
3	21	71	18	5.14706
4	287	13	0	0
11	24	18	1	0
12	0	0	0	0
13	4	13	0	0
14	9	51	8	1.02339
Instant	103
1	614	28	1	0
2	34	13	0	0
3	29	70	17	8.71585
4	291	13	0	0
11	26	18	1	0
12	0	0	0	0
13	4	13	0	0
14	9	54	9	0.970549
Instant	104
1	615	28	2	0
2	20	13	0	0
3	19	72	19	6.39785
4	302	13	0	0
11	26	18	0	0
12	0	0	0	0
13	4	13	0	0
14	9	51	9	1.02688
Instant	105
1	539	30	2	0.476695
2	24	13	0	0
3	32	72	23	7.31511
4	301	13	0	0
11	24	18	0	0
12	0	0	0	0
13	4	13	0	0
14	9	53	8	0.989247
Instant	106
1	541	30	2	0.319829
2	13	13	0	0
3	35	73	17	5.60949
4	284	13	0	0
11	23	18	0	0
12	0	0	0	0
13	4	13	0	0
14	8	53	8	1.03028
Instant	107
1	586	26	2	0.592885
2	37	13	0	0
3	24	78	12	5.18817
4	303	13	0	0
11	25	18	0	0
12	0	0	0	0
13	4	13	0	0
14	9	47	8	0.988248
Instant	108
1	554	29	2	0.370763
2	31	13	0	0
3	30	72	18	6.92308
4	315	13	0	0
11	24	17	0	0
12	0	0	0	0
13	5	13	0	0
14	10	50	8	0.803461
Instant	109
1	573	28	2	0.345168
2	21	13	0	0
3	22	82	15	5.29782
4	296	13	0	0
11	25	18	0	0
12	0	0	0	0
13	4	13	0	0
14	10	52	9	0.983268
Instant	110
1	593	29	2	0
2	30	13	0	0
3	35	75	21	5.41401
4	301	13	0	0
11	25	18	0	0
12	0	0	0	0
13	5	13	0	0
14	10	55	9	0.717652
Instant	111
1	597	27	1	0
2	20	13	0	0
3	29	73	21	6.09177
4	290	13	0	0
11	26	19	1	0
12	0	0	0	0
13	4	13	0	0
14	9	50	8	1.05281
Instant	112
1	573	28	1	0.305499
2	16	13	0	0
3	31	83	18	6.10215
4	291	13	0	0
11	25	17	0	0
12	0	0	0	0
13	4	13	0	0
14	9	54	9	0.931504
Instant	113
1	600	28	1	0.292969
2	15	13	0	0
3	38	70	22	7.36979
4	306	13	0	0
11	26	17	0	0
12	0	0	0	0
13	5	13	0	0
14	10	51	9	0.744048
Instant	114
1	482	31	2	0.412736
2	22	13	0	0
3	33	60	22	3.93082
4	297	13	0	0
11	21	18	0	0
12	0	0	0	0
13	5	13	0	0
14	9	50	7	0.952381
Instant	115
1	565	28	3	0.3125
2	5	13	0	0
3	26	76	17	10.5811
4	306	13	0	0
11	24	17	0	0
12	0	0	0	0
13	4	13	0	0
14	9	49	8	1.0696
Instant	116
1	623	27	1	0
2	25	13	0	0
3	23	76	27	4.85036
4	275	13	0	0
11	27	17	0	0
12	0	0	0	0
13	4	13	0	0
14	8	52	9	0.993724
Instant	117
1	538	31	2	0.32538
2	22	13	0	0
3	23	71	22	5.43231
4	293	13	0	0
11	23	18	0	0
12	0	0	0	0
13	4	13	0	0
14	9	53	9	1.07222
Instant	118
1	585	30	2	0
2	30	13	0	0
3	31	70	20	6.95297
4	303	13	0	0
11	26	17	0	0
12	0	0	0	0
13	5	13	0	0
14	9	50	9	0.851542
Instant	119
1	627	27	1	0
2	18	13	0	0
3	26	78	14	6.23656
4	309	13	0	0
11	26	18	0	0
12	0	0	0	0
13	4	13	0	0
14	10	50	9	0.892857
