	T	D	J	LP
Instant	0
1	0	0	0	0
2	0	0	0	0
3	0	0	0	0
4	0	0	0	0
11	0	0	0	0
12	0	0	0	0
13	0	0	0	0
14	0	0	0	0
Instant	1
1	360	26	2	0
2	16	13	0	0
3	9	49	12	2.19216
4	61	13	0	0
11	15	18	0	0
12	42	65	1	10.5978
13	0	13	0	0
14	2	55	8	0.299878
Instant	2
1	1688	29	3	0.0355872
2	29	13	0	0
3	6	73	30	3.83732
4	318	13	0	0
11	72	18	0	0
12	51	59	11	2.38971
13	2	13	0	0
14	7	51	10	0.618934
Instant	3
1	1533	30	2	0
2	20	14	0	0
3	4	67	15	1.97011
4	323	14	0	0
11	69	17	0	0
12	83	68	8	0
13	2	13	0	0
14	7	56	13	0.790917
Instant	4
1	1336	30	2	0
2	26	13	0	0
3	6	81	13	5.44872
4	320	13	0	0
11	58	18	0	0
12	70	63	7	0.168919
13	2	13	0	0
14	8	53	11	0.710422
Instant	5
1	1300	27	2	0
2	21	13	0	0
3	4	84	24	3.02511
4	293	13	0	0
11	55	17	0	0
12	76	59	9	0.183824
13	2	13	0	0
14	7	54	12	0.688567
Instant	6
1	1210	30	3	0
2	17	13	0	0
3	3	84	17	2.76826
4	289	13	0	0
11	52	18	0	0
12	51	59	10	1.83824
13	2	13	0	0
14	7	56	10	0.725757
Instant	7
1	1016	27	3	0.139821
2	23	13	0	0
3	1	81	16	0.905374
4	311	13	0	0
11	46	18	0	0
12	67	56	5	0.168919
13	2	13	0	0
14	8	52	10	0.931663
Instant	8
1	1037	30	2	0
2	30	14	0	0
3	4	82	16	1.38587
4	286	13	0	0
11	44	17	0	0
12	58	51	6	1.28676
13	2	13	0	0
14	8	51	10	0.533059
Instant	9
1	1137	26	3	0
2	19	13	0	0
3	1	92	6	5.92874
4	282	13	0	0
11	50	17	0	0
12	50	60	8	2.02206
13	2	13	0	0
14	8	55	10	0.715365
Instant	10
1	979	28	3	0.210337
2	21	13	0	0
3	4	80	21	7.90929
4	249	13	0	0
11	43	18	0	0
12	45	64	10	2.19595
13	2	13	0	0
14	7	56	11	0.639201
Instant	11
1	875	27	2	0.100267
2	28	13	0	0
3	1	85	8	2.07412
4	250	14	0	0
11	38	17	0	0
12	57	42	8	1.47059
13	2	13	0	0
14	6	47	9	0.618717
Instant	12
1	776	28	2	0.299401
2	32	13	0	0
3	1	83	19	4.75788
4	256	14	0	0
11	34	18	0	0
12	57	64	10	1.10294
13	2	13	0	0
14	6	57	10	0.687005
Instant	13
1	659	27	2	0.688468
2	26	13	0	0
3	3	69	30	3.95928
4	255	14	0	0
11	29	18	1	0
12	28	70	20	3.125
13	2	13	0	0
14	7	56	9	0.703434
Instant	14
1	833	27	2	0.035868
2	22	13	0	0
3	3	79	20	1.39509
4	277	13	0	0
11	35	17	0	0.211864
12	56	56	10	1.10294
13	2	13	0	0
14	8	52	10	0.507772
Instant	15
1	812	28	2	0.464286
2	24	13	0	0
3	2	92	17	1.43581
4	259	13	0	0
11	36	17	0	0
12	67	62	7	1.65441
13	2	13	0	0
14	7	56	9	0.604924
Instant	16
1	674	28	2	0.255537
2	26	13	0	0
3	2	89	19	6.7637
4	269	13	0	0
11	30	17	0	0
12	60	65	9	0.506757
13	2	13	0	0
14	8	50	9	0.545617
Instant	17
1	736	28	2	0
2	33	13	0	0
3	1	78	30	12.3899
4	251	13	0	0
11	32	18	0	0
12	57	49	11	1.47059
13	2	13	0	0
14	6	53	10	0.605845
Instant	18
1	682	29	2	0.255973
2	24	13	0	0
3	1	69	29	1.23239
4	254	13	0	0
11	29	17	0	0
12	47	62	7	0.919118
13	2	13	0	0
14	7	53	9	0.686232
Instant	19
1	566	31	2	0.462963
2	33	13	0	0
3	1	81	23	3.62805
4	243	14	0	0
11	24	19	1	0.302419
12	49	66	12	2.53378
13	2	13	0	0
14	7	55	10	0.584918
Instant	20
1	541	30	1	0.916497
2	25	13	0	0
3	4	73	20	9.80114
4	236	13	0	0
11	25	17	0	0
12	55	65	8	1.65441
13	2	13	0	0
14	6	56	9	0.650239
Instant	21
1	568	30	3	0.462012
2	21	13	0	0
3	3	92	12	14.5079
4	254	13	0	0
11	25	18	0	0
12	52	59	11	1.65441
13	2	13	0	0
14	7	51	10	0.539383
Instant	22
1	500	27	2	1.0181
2	34	13	0	0
3	6	67	20	9.4673
4	237	13	0	0
11	22	18	0	0
12	59	57	7	0.844595
13	2	13	0	0
14	6	52	11	0.602583
Instant	23
1	521	28	3	1.03486
2	33	13	0	0
3	1	79	17	5.60248
4	231	14	0	0
11	23	18	0	0
12	49	75	11	2.02206
13	2	13	0	0
14	6	55	10	0.599669
Instant	24
1	593	28	1	0
2	22	13	0	0
3	1	72	19	5.78271
4	242	13	0	0
11	26	19	1	0
12	21	71	22	2.38971
13	2	13	0	0
14	6	56	10	0.862118
Instant	25
1	558	29	1	0.315789
2	27	13	0	0
3	3	67	14	3.00218
4	236	13	0	0
11	24	17	0	0
12	34	65	19	4.01786
13	2	13	0	0
14	7	55	8	0.528557
Instant	26
1	550	28	2	0.973361
2	35	13	0	0
3	4	83	13	2.28041
4	233	14	0	0
11	24	18	1	0
12	47	64	13	2.38971
13	2	13	0	0
14	6	55	10	0.528846
Instant	27
1	531	30	1	0.328228
2	24	13	0	0
3	1	78	11	4.16667
4	233	13	0	0
11	23	18	1	0
12	49	47	8	3.125
13	2	13	0	0
14	6	52	9	0.522335
Instant	28
1	472	32	2	1.11241
2	30	13	0	0
3	4	64	26	3.5676
4	241	14	0	0
11	22	17	0	0
12	59	52	8	0.868056
13	2	13	0	0
14	6	54	11	0.65853
Instant	29
1	548	29	2	0.378788
2	22	13	0	0
3	1	83	28	4.41005
4	247	13	0	0
11	23	17	0	0
12	48	47	20	1.47059
13	2	13	0	0
14	7	53	9	0.580656
Instant	30
1	484	28	1	0.752315
2	22	13	0	0
3	1	88	26	4.27489
4	231	13	0	0
11	22	18	1	0
12	23	77	20	4.41176
13	2	13	0	0
14	6	52	11	0.660271
Instant	31
1	520	29	1	0.388889
2	27	13	0	0
3	3	76	29	11.0833
4	251	13	0	0
11	22	18	0	0
12	36	55	13	3.37838
13	2	13	0	0
14	7	55	8	0.499891
Instant	32
1	488	28	2	1.27907
2	28	13	0	0
3	3	81	15	9.33258
4	242	14	0	0
11	21	17	0	0
12	31	51	10	4.41176
13	2	13	0	0
14	6	52	10	0.645736
Instant	33
1	541	28	2	0.052521
2	20	13	0	0
3	3	79	13	4.4682
4	249	13	0	0
11	24	18	1	0
12	36	56	16	2.02206
13	2	13	0	0
14	7	56	12	0.545738
Instant	34
1	417	34	4	1.2633
2	19	13	0	0
3	2	82	23	6.02578
4	239	13	0	0
11	19	18	0	0
12	67	46	6	1.01351
13	2	13	0	0
14	6	54	9	0.676877
Instant	35
1	606	28	1	0.532946
2	24	13	0	0
3	0	87	10	0.7109
4	228	13	0	0
11	26	18	0	0
12	52	56	9	1.47059
13	2	13	0	0
14	6	53	9	0.610737
Instant	36
1	519	29	2	0.649351
2	26	13	0	0
3	1	89	11	5.31798
4	225	13	0	0
11	23	18	0	0
12	41	47	8	2.20588
13	2	13	0	0
14	6	54	10	0.646578
Instant	37
1	612	28	1	0
2	26	13	0	0
3	1	87	12	6.88364
4	237	13	0	0
11	26	17	0	0
12	52	43	3	1.6369
13	2	13	0	0
14	6	54	10	0.557707
Instant	38
1	610	26	1	0.285171
2	26	13	0	0
3	1	86	15	3.05233
4	220	14	0	0
11	26	17	0	0
12	33	60	8	1.28676
13	2	13	0	0
14	5	54	9	0.828402
Instant	39
1	486	30	3	0.403226
2	18	13	0	0
3	2	78	13	16.2946
4	249	13	0	0
11	22	18	1	0
12	26	79	8	4.96324
13	2	13	0	0
14	7	51	11	0.512273
Instant	40
1	528	28	2	0.662252
2	27	13	0	0
3	4	79	25	8.45264
4	255	13	0	0
11	23	19	1	0.324675
12	46	64	11	3.20946
13	2	13	0	0
14	7	50	9	0.578673
Instant	41
1	547	29	2	0
2	38	13	0	0
3	2	72	24	1.74226
4	225	14	0	0
11	24	17	0	0
12	68	43	9	1.28676
13	2	13	0	0
14	6	59	11	0.713424
Instant	42
1	587	29	2	0.3
2	21	13	0	0
3	1	79	27	2.35465
4	258	13	0	0
11	25	17	0	0
12	33	50	10	1.65441
13	2	13	0	0
14	7	54	11	0.439065
Instant	43
1	471	28	2	0.833333
2	22	13	0	0
3	1	61	7	1.83293
4	224	13	0	0
11	21	18	1	0
12	67	62	9	1.68919
13	2	13	0	0
14	5	51	10	0.766178
Instant	44
1	525	28	3	0.984683
2	25	13	0	0
3	1	80	10	6.50224
4	231	13	0	0
11	23	18	0	0
12	56	58	10	1.10294
13	2	13	0	0
14	6	53	12	0.601789
Instant	45
1	551	30	2	0.317797
2	22	13	0	0
3	0	87	20	5.19366
4	235	13	0	0
11	24	17	0	0
12	25	70	10	4.41176
13	2	13	0	0
14	6	51	9	0.548411
Instant	46
1	539	29	3	0.679916
2	32	13	0	0
3	2	77	15	4.28812
4	229	13	0	0
11	24	19	1	0
12	43	70	9	2.02703
13	2	13	0	0
14	6	55	10	0.607603
Instant	47
1	598	28	2	0
2	27	13	0	0
3	2	86	7	6.96023
4	230	13	0	0
11	25	18	1	0
12	64	68	7	0.919118
13	2	13	0	0
14	6	56	10	0.552215
Instant	48
1	585	28	1	0.3
2	25	13	0	0
3	4	80	19	7.83854
4	237	14	0	0
11	25	18	1	0
12	32	60	10	3.125
13	2	13	0	0
14	6	53	11	0.639592
Instant	49
1	577	29	2	0.0492126
2	20	13	0	0
3	2	69	16	4.99429
4	249	13	0	0
11	25	18	0	0
12	48	54	15	1.33929
13	2	13	0	0
14	7	48	8	0.633631
Instant	50
1	552	28	1	0.37234
2	16	13	0	0
3	3	85	19	11.9369
4	229	13	0	0
11	24	18	1	0
12	27	49	12	4.59559
13	2	13	0	0
14	6	52	11	0.640531
Instant	51
1	572	28	1	0.309278
2	28	13	0	0
3	2	70	32	6.16554
4	235	13	0	0
11	24	18	1	0
12	58	60	10	1.10294
13	2	13	0	0
14	6	50	9	0.583324
Instant	52
1	558	29	2	0.255624
2	22	13	0	0
3	0	72	19	2.53995
4	227	13	0	0
11	25	18	1	0
12	45	74	11	2.60417
13	2	13	0	0
14	6	53	10	0.726228
Instant	53
1	508	28	1	0.736961
2	30	13	0	0
3	3	76	17	3.98207
4	243	13	0	0
11	22	17	0	0
12	28	45	10	3.49265
13	2	13	0	0
14	7	54	11	0.493133
Instant	54
1	474	30	3	1.19904
2	25	13	0	0
3	3	74	18	1.77778
4	226	13	0	0
11	21	19	1	0
12	44	60	10	3.30882
13	2	13	0	0
14	6	55	14	0.633519
Instant	55
1	535	31	2	0.107759
2	29	13	0	0
3	2	82	18	6.85206
4	235	13	0	0
11	23	17	0	0
12	46	39	4	2.02703
13	2	13	0	0
14	6	51	9	0.567918
Instant	56
1	578	27	1	0.297619
2	24	13	0	0
3	1	82	10	5.30134
4	234	13	0	0
11	25	18	0	0
12	52	67	11	2.38971
13	2	13	0	0
14	6	54	10	0.613219
Instant	57
1	428	31	4	1.34048
2	34	13	0	0
3	2	71	18	6.97674
4	222	13	0	0
11	19	18	0	0
12	46	51	11	1.65441
13	2	13	0	0
14	6	54	11	0.652335
Instant	58
1	567	27	1	0.407332
2	20	13	0	0
3	2	79	33	5.35301
4	248	13	0	0
11	25	18	0	0
12	0	0	0	0
13	2	13	0	0
14	7	49	9	0.630967
Instant	59
1	513	29	1	0.326087
2	18	13	0	0
3	1	59	37	4.03226
4	245	13	0	0
11	23	19	1	0
12	0	0	0	0
13	2	13	0	0
14	6	54	10	0.669443
Instant	60
1	579	29	1	0.311203
2	27	13	0	0
3	5	81	13	7.96196
4	233	13	0	0
11	24	19	0	0
12	51	65	11	15.2574
13	2	13	0	0
14	6	54	11	0.627314
Instant	61
1	613	28	2	0
2	24	13	0	0
3	3	75	12	1.92308
4	232	13	0	0
11	26	17	0	0
12	27	41	13	3.125
13	2	13	0	0
14	6	56	10	0.553234
Instant	62
1	579	28	2	0.303644
2	23	13	0	0
3	0	46	39	1.22093
4	242	13	0	0
11	24	17	0	0.298805
12	68	66	11	0.735294
13	2	13	0	0
14	7	53	10	0.540556
Instant	63
1	594	28	2	0
2	22	13	0	0
3	3	66	18	7.22477
4	245	13	0	0
11	26	18	0	0
12	49	61	11	3.125
13	2	13	0	0
14	7	54	9	0.522819
Instant	64
1	550	27	2	0.977366
2	27	13	0	0
3	1	69	21	2.19595
4	248	13	0	0
11	24	18	1	0
12	28	53	17	1.85811
13	2	13	0	0
14	7	51	9	0.576923
Instant	65
1	480	32	3	0.531915
2	33	13	0	0
3	1	78	13	5.01761
4	243	13	0	0
11	21	17	0	0
12	49	52	6	3.67647
13	2	13	0	0
14	7	53	9	0.549451
Instant	66
1	568	28	2	0.305499
2	30	13	0	0
3	2	74	17	10.398
4	223	14	0	0
11	25	18	1	0
12	46	61	14	0.551471
13	2	13	0	0
14	6	52	11	0.628256
Instant	67
1	626	28	2	0
2	21	13	0	0
3	1	87	13	11.7991
4	251	13	0	0
11	26	17	0	0
12	55	61	12	2.87162
13	2	13	0	0
14	7	54	10	0.594555
Instant	68
1	599	28	1	0
2	28	13	0	0
3	4	81	19	3.31689
4	232	13	0	0
11	26	18	0	0
12	29	62	19	3.51562
13	2	13	0	0
14	6	55	10	0.543125
Instant	69
1	532	30	2	0.636943
2	20	13	0	0
3	0	50	23	0.466009
4	248	13	0	0
11	24	17	0	0
12	60	57	9	1.47059
13	2	13	0	0
14	7	56	10	0.700055
Instant	70
1	573	28	1	0.0511247
2	27	13	0	0
3	2	72	17	1.6129
4	231	14	0	0
11	25	17	0	0
12	45	61	11	2.19595
13	2	13	0	0
14	6	54	10	0.542899
Instant	71
1	549	31	3	0.316456
2	23	13	0	0
3	3	74	18	6.86047
4	241	13	0	0
11	24	17	0	0
12	52	56	9	1.83824
13	2	13	0	0
14	7	54	9	0.562852
Instant	72
1	637	27	1	0.047081
2	21	13	0	0
3	0	92	10	0.823864
4	218	13	0	0
11	27	17	0	0
12	61	51	9	0.378788
13	2	13	0	0
14	5	54	11	0.736398
Instant	73
1	599	29	2	0
2	25	13	0	0
3	2	76	13	6.50568
4	244	13	0	0
11	26	18	0	0
12	59	59	10	0.457317
13	2	13	0	0
14	7	53	8	0.528952
Instant	74
1	554	27	1	0.309917
2	26	13	0	0
3	1	73	18	4.27928
4	248	13	0	0
11	24	18	1	0
12	18	38	13	3.86029
13	2	13	0	0
14	7	52	9	0.579273
Instant	75
1	585	29	1	0
2	22	13	0	0
3	4	76	12	4.41176
4	224	13	0	0
11	25	18	1	0
12	34	60	18	4.35606
13	2	13	0	0
14	6	57	10	0.638474
Instant	76
1	587	29	2	0
2	25	13	0	0
3	1	91	12	4.80978
4	245	13	0	0
11	25	19	1	0
12	24	72	12	4.51389
13	2	13	0	0
14	7	54	8	0.595606
Instant	77
1	515	28	2	0.668151
2	12	13	0	0
3	2	69	19	1.85731
4	249	13	0	0
11	22	18	1	0
12	54	53	8	2.53906
13	2	13	0	0
14	7	50	10	0.583498
Instant	78
1	585	27	2	0.3
2	20	13	0	0
3	2	72	11	4.88281
4	242	13	0	0
11	25	19	1	0
12	47	53	12	0.78125
13	2	13	0	0
14	6	51	10	0.70239
Instant	79
1	585	29	2	0
2	32	13	0	0
3	2	76	19	2.5059
4	232	14	0	0
11	25	18	1	0
12	59	61	8	1.68919
13	2	13	0	0
14	6	52	9	0.561814
Instant	80
1	620	28	1	0
2	27	13	0	0
3	4	78	30	11.402
4	227	13	0	0
11	27	18	0	0
12	49	64	14	2.27273
13	2	13	0	0
14	6	55	10	0.638016
Instant	81
1	578	27	1	0.294118
2	40	13	0	0
3	1	90	10	2.53456
4	231	14	0	0
11	26	18	0	0
12	44	52	8	2.27273
13	2	13	0	0
14	6	53	9	0.654349
Instant	82
1	605	28	1	0.0484496
2	27	13	0	0
3	2	61	30	3.03191
4	256	13	0	0
11	26	17	0	0
12	46	61	15	1.96429
13	2	13	0	0
14	7	53	9	0.562068
Instant	83
1	541	29	2	0.0539957
2	22	13	0	0
3	0	86	32	1.15741
4	235	13	0	0
11	23	18	0	0
12	43	56	5	2.84091
13	2	13	0	0
14	7	54	10	0.594511
Instant	84
1	585	29	2	0.351406
2	31	13	0	0
3	2	72	13	7.91667
4	223	13	0	0
11	25	18	1	0
12	38	72	18	2.84091
13	2	13	0	0
14	5	56	8	0.683863
Instant	85
1	598	28	1	0.0502008
2	25	13	0	0
3	1	88	10	4.10959
4	234	13	0	0
11	25	19	1	0
12	37	60	9	2.40385
13	2	13	0	0
14	6	56	8	0.609827
Instant	86
1	516	30	3	0.43956
2	23	13	0	0
3	1	86	22	2.14844
4	249	13	0	0
11	23	18	1	0
12	60	57	12	1.83824
13	2	13	0	0
14	7	56	11	0.622172
Instant	87
1	591	30	2	0.0980392
2	29	13	0	0
3	1	78	17	7.67937
4	231	13	0	0
11	26	18	0	0
12	35	61	11	2.57353
13	2	13	0	0
14	6	52	11	0.643001
Instant	88
1	585	28	1	0.297619
2	17	13	0	0
3	3	76	15	18.6934
4	231	13	0	0
11	25	18	1	0
12	56	75	8	2.19595
13	2	13	0	0
14	6	51	9	0.567175
Instant	89
1	597	27	1	0.347913
2	33	13	0	0
3	3	71	20	8.79089
4	233	13	0	0
11	25	18	0	0
12	39	59	9	3.125
13	2	13	0	0
14	6	52	9	0.607287
Instant	90
1	488	29	2	0.345622
2	29	13	0	0
3	3	91	11	5.77354
4	242	13	0	0
11	22	19	0	0
12	38	60	9	2.53906
13	2	13	0	0
14	7	51	11	0.570166
Instant	91
1	613	27	2	0.284091
2	23	13	0	0
3	3	84	31	10.4535
4	236	13	0	0
11	26	18	0	0
12	33	70	12	3.20946
13	2	13	0	0
14	7	54	9	0.538924
Instant	92
1	505	30	3	0.688073
2	31	13	0	0
3	8	73	17	2.93311
4	237	13	0	0
11	22	21	1	0
12	36	51	10	0.757576
13	2	13	0	0
14	7	54	11	0.601681
Instant	93
1	547	29	2	0.369979
2	34	13	0	0
3	0	87	27	3.6385
4	230	13	0	0
11	23	19	1	0
12	41	61	15	4.54545
13	2	13	0	0
14	6	56	9	0.562706
Instant	94
1	592	27	1	0.294118
2	29	13	0	0
3	1	89	9	2.12054
4	237	13	0	0
11	26	17	0	0
12	61	57	8	1.18243
13	2	13	0	0
14	6	56	9	0.6439
Instant	95
1	588	27	1	0.295858
2	27	13	0	0
3	2	79	20	1.82175
4	235	13	0	0
11	25	18	0	0
12	28	78	9	4.04412
13	2	13	0	0
14	6	53	10	0.562533
Instant	96
1	581	28	2	0.299401
2	19	13	0	0
3	0	87	7	3.73804
4	238	13	0	0
11	25	18	0	0
12	44	50	10	2.57353
13	2	13	0	0
14	6	55	9	0.650176
Instant	97
1	563	28	1	0.315789
2	26	13	0	0
3	3	75	10	4.1309
4	227	13	0	0
11	24	18	1	0
12	48	51	7	1.21951
13	2	13	0	0
14	6	55	11	0.673899
Instant	98
1	579	28	2	0.246063
2	24	13	0	0
3	1	88	12	1.82648
4	234	13	0	0
11	25	19	1	0
12	49	61	10	2.20588
13	2	13	0	0
14	6	54	10	0.594086
Instant	99
1	499	29	2	0.819672
2	27	13	0	0
3	2	86	8	24
4	241	14	0	0
11	21	19	1	0
12	56	73	16	1.28676
13	2	13	0	0
14	6	48	9	0.623547
Instant	100
1	465	30	3	0.829384
2	28	13	0	0
3	2	68	25	5.07287
4	237	14	0	0
11	21	18	1	0
12	58	63	11	2.36486
13	2	13	0	0
14	6	53	9	0.591494
Instant	101
1	493	28	2	0.647059
2	17	13	0	0
3	2	73	32	9.52103
4	239	13	0	0
11	21	19	0	0
12	44	59	9	1.65441
13	2	13	0	0
14	6	52	10	0.581663
Instant	102
1	622	27	2	0
2	25	13	0	0
3	0	85	2	1.67824
4	240	13	0	0
11	27	18	1	0
12	36	50	6	2.75735
13	2	13	0	0
14	6	54	9	0.559415
Instant	103
1	548	29	2	0.583864
2	20	13	0	0
3	2	67	19	0.401376
4	233	13	0	0
11	24	17	0	0
12	50	56	6	3.04054
13	2	13	0	0
14	6	57	9	0.740098
Instant	104
1	550	28	1	0
2	32	13	0	0
3	5	84	15	6.88606
4	248	14	0	0
11	23	19	1	0.316456
12	49	66	15	1.83824
13	2	13	0	0
14	7	49	11	0.565368
Instant	105
1	607	28	2	0
2	22	13	0	0
3	0	81	11	5.1592
4	240	14	0	0
11	26	18	1	0
12	51	60	11	2.20588
13	2	13	0	0
14	7	53	10	0.516435
Instant	106
1	537	29	2	0.328228
2	24	13	0	0
3	3	76	11	9.3318
4	239	14	0	0
11	23	19	1	0
12	43	66	10	2.19595
13	2	13	0	0
14	6	54	9	0.610978
Instant	107
1	562	30	2	0.355691
2	16	13	0	0
3	2	74	34	4.83193
4	223	13	0	0
11	25	17	0	0
12	64	66	7	0.919118
13	2	13	0	0
14	6	58	10	0.654762
Instant	108
1	582	28	1	0.296443
2	17	13	0	0
3	2	82	15	3.18182
4	238	13	0	0
11	25	18	0	0
12	36	47	27	3.30882
13	2	13	0	0
14	6	53	11	0.630965
Instant	109
1	527	28	1	0.657895
2	27	13	0	0
3	0	62	25	1.9837
4	235	13	0	0
11	23	18	1	0
12	47	51	6	1.4881
13	2	13	0	0
14	6	53	9	0.601868
Instant	110
1	563	28	2	0.316456
2	24	13	0	0
3	1	81	17	13.0282
4	247	13	0	0
11	24	18	0	0
12	47	58	8	1.75781
13	2	13	0	0
14	7	53	10	0.572063
Instant	111
1	509	32	3	0.709607
2	27	13	0	0
3	3	76	16	23.0469
4	232	13	0	0
11	23	18	1	0
12	49	54	10	2.20588
13	2	13	0	0
14	6	54	10	0.668001
Instant	112
1	591	27	2	0.298211
2	23	13	0	0
3	3	71	29	3.30396
4	227	13	0	0
11	25	17	0	0
12	37	74	14	3.5473
13	2	13	0	0
14	6	55	9	0.58548
Instant	113
1	586	29	1	0
2	25	13	0	0
3	2	90	22	35.0742
4	232	13	0	0
11	25	18	1	0
12	32	47	10	3.67647
13	2	13	0	0
14	6	50	10	0.749251
Instant	114
1	493	28	2	0.342466
2	21	13	0	0
3	2	86	16	4.79858
4	248	13	0	0
11	22	18	1	0
12	50	73	14	1.83824
13	2	13	0	0
14	7	51	10	0.520086
Instant	115
1	579	29	2	0.354251
2	28	13	0	0
3	4	79	12	7.22222
4	227	13	0	0
11	25	18	0	0
12	44	59	6	2.36486
13	2	13	0	0
14	6	53	9	0.693028
Instant	116
1	549	27	2	0.363825
2	25	13	0	0
3	1	86	15	1.16342
4	237	13	0	0
11	24	17	0	0
12	29	63	18	2.57353
13	2	13	0	0
14	6	51	9	0.63719
Instant	117
1	565	29	1	0.31185
2	22	13	0	0
3	4	72	20	7.39397
4	239	13	0	0
11	24	18	1	0
12	39	63	8	2.75735
13	2	13	0	0
14	7	51	9	0.609617
Instant	118
1	592	28	2	0
2	27	13	0	0
3	3	68	18	2.30856
4	232	13	0	0
11	25	19	1	0
12	53	64	12	2.7027
13	2	13	0	0
14	6	52	12	0.638065
Instant	119
1	558	29	2	0.363071
2	25	13	0	0
3	0	82	17	11.2615
4	240	13	0	0
11	24	19	1	0
12	39	74	10	2.57353
13	2	13	0	0
14	6	49	9	0.595001
