	T	D	J	LP
Instant	0
1	0	0	0	0
2	0	0	0	0
3	0	0	0	0
4	0	0	0	0
11	0	0	0	0
12	0	0	0	0
13	0	0	0	0
14	0	0	0	0
Instant	1
1	360	26	2	0
2	12	13	0	0
3	9	61	8	2.05607
4	76	14	0	0
11	15	18	0	0
12	11	63	0	19.3237
13	0	13	0	0
14	2	57	11	0.203252
Instant	2
1	1856	30	3	0.0484183
2	19	13	0	0
3	3	72	18	1.93015
4	430	14	0	0
11	79	17	0	0
12	0	0	0	0
13	2	13	0	0
14	12	53	11	0.587209
Instant	3
1	1774	29	3	0
2	26	13	0	0
3	1	74	26	2.71739
4	468	15	0	0
11	78	18	0	0
12	0	0	0	0
13	2	13	0	0
14	13	58	12	0.635971
Instant	4
1	1485	31	3	0.216365
2	30	13	0	0
3	2	67	25	4.03571
4	403	13	0	0
11	66	18	0	0
12	0	0	0	0
13	2	13	0	0
14	12	51	10	0.434274
Instant	5
1	1120	28	3	0.385406
2	18	14	0	0
3	3	75	26	5.34826
4	378	14	0	0
11	51	18	0	0
12	0	0	0	0
13	2	13	0	0
14	11	51	10	0.549194
Instant	6
1	928	29	3	0
2	26	13	0	0
3	1	79	18	2.58838
4	336	13	0	0
11	40	18	0	0
12	0	0	0	0
13	2	13	0	0
14	10	51	10	0.433283
Instant	7
1	931	30	3	0.219573
2	30	13	0	0
3	1	74	36	4.375
4	313	14	0	0
11	41	18	0	0
12	0	0	0	0
13	2	13	0	0
14	8	51	9	0.808329
Instant	8
1	902	30	2	0.321337
2	26	13	0	0
3	0	86	12	0.708763
4	291	14	0	0
11	40	17	0	0
12	0	0	0	0
13	2	13	0	0
14	8	51	11	0.709186
Instant	9
1	835	30	2	0.0355619
2	22	13	0	0
3	1	56	32	3.125
4	320	13	0	0
11	36	17	0	0
12	0	0	0	0
13	2	13	0	0
14	10	50	10	0.769661
Instant	10
1	835	28	2	0.0692521
2	26	13	0	0
3	1	75	18	3.549
4	285	14	0	0
11	37	18	0	0
12	0	0	0	0
13	2	13	0	0
14	8	55	10	0.519556
Instant	11
1	867	28	2	0.23842
2	22	13	0	0
3	1	71	39	1.13032
4	284	13	0	0
11	37	18	0	0
12	0	0	0	0
13	2	13	0	0
14	8	53	9	0.493747
Instant	12
1	803	28	3	0.175316
2	23	13	0	0
3	1	65	11	2.87247
4	286	14	0	0
11	37	17	0	0
12	0	0	0	0
13	2	13	0	0
14	8	51	10	0.634193
Instant	13
1	792	27	2	0.855655
2	27	13	0	0
3	1	66	15	6.02564
4	288	14	0	0
11	34	18	0	0
12	0	0	0	0
13	2	13	0	0
14	9	52	8	0.425227
Instant	14
1	700	28	2	0
2	21	13	0	0
3	3	64	20	9.12559
4	264	13	0	0
11	30	18	0	0
12	0	0	0	0
13	2	13	0	0
14	7	51	9	0.544071
Instant	15
1	648	30	3	0.406137
2	21	13	0	0
3	0	86	28	4.4375
4	258	13	0	0
11	28	17	0	0
12	0	0	0	0
13	2	13	0	0
14	7	50	9	0.778039
Instant	16
1	487	29	4	1.31881
2	35	13	0	0
3	2	77	11	6.54297
4	278	14	0	0
11	22	18	0	0
12	0	0	0	0
13	2	13	0	0
14	8	53	11	0.502959
Instant	17
1	540	28	2	0.4158
2	32	13	0	0
3	0	93	5	0.923645
4	300	13	0	0
11	24	19	1	0
12	0	0	0	0
13	2	13	0	0
14	9	51	9	0.433466
Instant	18
1	426	29	3	1.86856
2	15	13	0	0
3	2	83	16	8.23718
4	252	13	0	0
11	19	19	1	0
12	0	0	0	0
13	2	13	0	0
14	7	53	9	0.586816
Instant	19
1	566	29	2	0.359343
2	37	13	0	0
3	1	82	26	9.12747
4	276	14	0	0
11	24	18	1	0
12	0	0	0	0
13	2	13	0	0
14	8	54	10	0.518427
Instant	20
1	594	27	2	0.296443
2	21	13	0	0
3	0	77	9	1.23057
4	278	13	0	0
11	26	18	1	0
12	0	0	0	0
13	2	13	0	0
14	9	56	9	0.491864
Instant	21
1	549	28	1	0.3125
2	21	13	0	0
3	0	75	18	2.14844
4	270	13	0	0
11	24	19	1	0
12	0	0	0	0
13	2	13	0	0
14	8	51	9	0.403452
Instant	22
1	523	29	1	0.674157
2	19	13	0	0
3	1	76	8	4.40625
4	266	13	0	0
11	22	18	0	0
12	0	0	0	0
13	2	13	0	0
14	7	53	9	0.622096
Instant	23
1	527	30	2	0.378788
2	23	13	0	0
3	1	89	19	3.87821
4	272	13	0	0
11	23	19	1	0
12	0	0	0	0
13	2	13	0	0
14	8	55	9	0.569382
Instant	24
1	528	30	2	0.655022
2	28	13	0	0
3	0	87	1	0.670732
4	262	14	0	0
11	23	18	0	0
12	0	0	0	0
13	2	13	0	0
14	7	50	9	0.586304
Instant	25
1	460	27	2	0.841346
2	33	13	0	0
3	0	0	0	0
4	283	13	0	0
11	21	17	0	0
12	0	0	0	0
13	2	13	0	0
14	9	50	8	0.467677
Instant	26
1	534	27	2	0.921909
2	22	13	0	0
3	3	89	24	6.56095
4	290	13	0	0
11	23	19	1	0
12	0	0	0	0
13	2	13	0	0
14	8	53	10	0.509745
Instant	27
1	505	30	3	0.283447
2	25	13	0	0
3	0	0	0	0
4	266	14	0	0
11	22	17	0	0
12	0	0	0	0
13	2	13	0	0
14	8	50	9	0.469799
Instant	28
1	528	28	1	0.860215
2	29	13	0	0
3	0	66	30	3.73711
4	259	14	0	0
11	24	18	0	0
12	0	0	0	0
13	2	13	0	0
14	7	47	10	0.569557
Instant	29
1	566	27	2	0.6
2	20	13	0	0
3	0	73	29	1.93966
4	288	13	0	0
11	25	17	0	0
12	0	0	0	0
13	2	13	0	0
14	9	53	13	0.470298
Instant	30
1	585	28	1	0.304878
2	21	13	0	0
3	0	0	0	0
4	277	13	0	0
11	24	19	1	0
12	0	0	0	0
13	2	13	0	0
14	8	47	11	0.476427
Instant	31
1	460	28	2	1.12827
2	30	13	0	0
3	2	76	16	7.17949
4	254	14	0	0
11	21	18	0	0
12	0	0	0	0
13	2	13	0	0
14	7	56	10	0.51713
Instant	32
1	550	29	2	0.319149
2	31	13	0	0
3	0	70	13	3.28444
4	266	14	0	0
11	23	17	0	0
12	0	0	0	0
13	2	13	0	0
14	8	52	9	0.495945
Instant	33
1	573	30	3	0.490196
2	22	13	0	0
3	2	88	13	10.2301
4	253	13	0	0
11	25	19	1	0
12	0	0	0	0
13	2	13	0	0
14	7	57	9	0.54537
Instant	34
1	578	27	2	0.55332
2	22	13	0	0
3	1	93	5	11.7812
4	264	14	0	0
11	25	20	1	0
12	0	0	0	0
13	2	13	0	0
14	7	49	9	0.536854
Instant	35
1	492	28	3	0.909091
2	19	13	0	0
3	1	89	9	13.8209
4	272	13	0	0
11	22	19	1	0
12	0	0	0	0
13	2	13	0	0
14	8	52	9	0.581867
Instant	36
1	519	33	3	0.443459
2	23	13	0	0
3	1	89	15	0.478316
4	276	13	0	0
11	23	17	0	0
12	0	0	0	0
13	2	13	0	0
14	9	50	9	0.477976
Instant	37
1	601	28	1	0.3
2	22	13	0	0
3	1	81	22	10.7572
4	264	13	0	0
11	25	18	1	0
12	0	0	0	0
13	2	13	0	0
14	8	51	8	0.383572
Instant	38
1	561	27	2	0.356415
2	29	13	0	0
3	0	89	4	7.69974
4	263	13	0	0
11	25	19	1	0
12	0	0	0	0
13	2	13	0	0
14	8	51	9	0.513779
Instant	39
1	538	29	2	0.638298
2	28	13	0	0
3	2	76	17	2.75735
4	251	13	0	0
11	24	17	0	0
12	0	0	0	0
13	2	13	0	0
14	7	56	10	0.546918
Instant	40
1	614	28	1	0
2	35	13	0	0
3	1	85	21	11.33
4	267	13	0	0
11	26	17	0	0
12	0	0	0	0
13	2	13	0	0
14	8	53	9	0.367098
Instant	41
1	553	30	2	0.370763
2	23	13	0	0
3	0	0	0	0
4	269	13	0	0
11	23	18	0	0
12	0	0	0	0
13	2	13	0	0
14	8	52	9	0.505334
Instant	42
1	567	29	1	0
2	25	13	0	0
3	1	93	5	3.9604
4	278	14	0	0
11	25	18	0	0
12	0	0	0	0
13	2	13	0	0
14	9	55	10	0.413325
Instant	43
1	555	28	1	0
2	23	13	0	0
3	0	67	31	4.26282
4	260	13	0	0
11	24	18	1	0
12	0	0	0	0
13	2	13	0	0
14	8	51	9	0.485705
Instant	44
1	571	29	1	0.308642
2	28	13	0	0
3	1	71	17	4.78659
4	275	13	0	0
11	24	17	0	0
12	0	0	0	0
13	2	13	0	0
14	8	52	9	0.462639
Instant	45
1	607	25	1	0.557621
2	35	13	0	0
3	1	78	19	4.92527
4	262	14	0	0
11	27	17	0	0
12	0	0	0	0
13	2	13	0	0
14	8	52	8	0.475529
Instant	46
1	582	30	2	0.30426
2	24	13	0	0
3	0	96	10	1.14796
4	250	13	0	0
11	25	18	0	0
12	0	0	0	0
13	2	13	0	0
14	7	55	10	0.513188
Instant	47
1	488	27	2	0.917431
2	22	13	0	0
3	0	76	30	1.33249
4	266	13	0	0
11	22	18	0	0
12	0	0	0	0
13	2	13	0	0
14	8	52	10	0.43221
Instant	48
1	524	28	1	0.879121
2	18	13	0	0
3	2	82	22	17.5
4	273	14	0	0
11	23	18	1	0
12	0	0	0	0
13	2	13	0	0
14	8	49	9	0.438376
Instant	49
1	529	29	2	0.317797
2	21	13	0	0
3	0	91	23	6.21966
4	279	14	0	0
11	24	17	0	0
12	0	0	0	0
13	2	13	0	0
14	9	53	9	0.445486
Instant	50
1	601	30	2	0
2	24	13	0	0
3	0	0	0	0
4	267	13	0	0
11	25	17	0	0
12	0	0	0	0
13	2	13	0	0
14	8	51	8	0.473671
Instant	51
1	559	28	2	0.659229
2	32	13	0	0
3	0	97	12	0.911458
4	255	13	0	0
11	25	17	0	0
12	0	0	0	0
13	2	13	0	0
14	7	51	10	0.512284
Instant	52
1	594	28	1	0
2	34	13	0	0
3	1	74	18	15.6095
4	269	14	0	0
11	25	18	1	0
12	0	0	0	0
13	2	13	0	0
14	8	55	9	0.458482
Instant	53
1	559	32	2	0
2	23	13	0	0
3	1	76	24	5.60345
4	262	14	0	0
11	23	19	1	0
12	0	0	0	0
13	2	13	0	0
14	8	50	10	0.501444
Instant	54
1	535	29	1	0.210526
2	21	13	0	0
3	1	87	11	27.9394
4	287	13	0	0
11	24	18	1	0
12	0	0	0	0
13	2	13	0	0
14	9	52	9	0.437443
Instant	55
1	571	27	1	0.712831
2	19	13	0	0
3	1	85	16	0.773196
4	252	13	0	0
11	24	18	0	0
12	0	0	0	0
13	2	13	0	0
14	7	57	9	0.493653
Instant	56
1	612	28	2	0
2	26	13	0	0
3	1	71	19	3.41463
4	263	14	0	0
11	26	17	0	0
12	0	0	0	0
13	2	13	0	0
14	8	52	9	0.53037
Instant	57
1	595	28	2	0.0484496
2	29	13	0	0
3	1	84	27	4.6875
4	289	13	0	0
11	26	18	1	0
12	0	0	0	0
13	2	13	0	0
14	9	51	8	0.460824
Instant	58
1	564	28	1	0.610998
2	28	13	0	0
3	1	73	24	6.43844
4	258	13	0	0
11	25	18	0	0
12	0	0	0	0
13	2	13	0	0
14	7	52	9	0.56211
Instant	59
1	585	29	1	0.301811
2	25	13	0	0
3	0	46	39	1.93063
4	249	13	0	0
11	25	19	1	0
12	0	0	0	0
13	2	13	0	0
14	7	53	10	0.559691
Instant	60
1	584	28	1	0
2	34	13	0	0
3	2	71	19	2.52591
4	252	14	0	0
11	26	18	1	0
12	0	0	0	0
13	2	13	0	0
14	7	55	10	0.553306
Instant	61
1	591	29	1	0.0514403
2	18	13	0	0
3	1	87	7	16.9416
4	248	13	0	0
11	24	18	1	0
12	0	0	0	0
13	2	13	0	0
14	7	52	8	0.586186
Instant	62
1	606	27	2	0
2	22	13	0	0
3	0	66	20	7.14286
4	257	14	0	0
11	27	19	1	0
12	0	0	0	0
13	2	13	0	0
14	8	51	8	0.400919
Instant	63
1	600	28	2	0
2	26	13	0	0
3	0	80	19	5.2399
4	251	13	0	0
11	26	18	1	0
12	0	0	0	0
13	2	13	0	0
14	7	57	12	0.553531
Instant	64
1	571	31	2	0
2	29	13	0	0
3	1	84	24	2.84375
4	275	14	0	0
11	24	18	0	0
12	0	0	0	0
13	2	13	0	0
14	8	51	10	0.481396
Instant	65
1	568	29	3	0.360825
2	22	13	0	0
3	0	0	0	0
4	250	13	0	0
11	24	17	0	0
12	0	0	0	0
13	2	13	0	0
14	7	53	12	0.609224
Instant	66
1	553	30	2	0.687104
2	15	13	0	0
3	0	96	28	1.20558
4	261	13	0	0
11	24	17	0	0
12	0	0	0	0
13	2	13	0	0
14	8	50	9	0.459066
Instant	67
1	541	28	2	0.365344
2	20	13	0	0
3	1	78	14	4.39024
4	295	13	0	0
11	24	19	1	0
12	0	0	0	0
13	2	13	0	0
14	9	52	9	0.442354
Instant	68
1	569	29	2	0.305499
2	30	13	0	0
3	0	76	9	8.69141
4	275	14	0	0
11	25	18	1	0
12	0	0	0	0
13	2	13	0	0
14	9	55	10	0.406948
Instant	69
1	599	29	2	0.287356
2	28	13	0	0
3	2	81	24	5.16169
4	281	14	0	0
11	26	17	0	0
12	0	0	0	0
13	2	13	0	0
14	9	50	9	0.441523
Instant	70
1	634	27	2	0
2	27	13	0	0
3	0	66	26	5.72139
4	278	14	0	0
11	26	17	0	0
12	0	0	0	0
13	2	13	0	0
14	8	49	8	0.492495
Instant	71
1	580	29	2	0.398406
2	22	13	0	0
3	1	86	21	10.49
4	269	14	0	0
11	25	18	0	0
12	0	0	0	0
13	2	13	0	0
14	8	53	8	0.532269
Instant	72
1	540	28	3	0.366876
2	18	13	0	0
3	0	67	24	29.4781
4	264	14	0	0
11	24	18	0	0
12	0	0	0	0
13	2	13	0	0
14	8	53	7	0.49343
Instant	73
1	576	30	1	0.363071
2	21	13	0	0
3	0	67	25	6.15764
4	260	13	0	0
11	24	18	0	0
12	0	0	0	0
13	2	13	0	0
14	8	54	9	0.430559
Instant	74
1	534	31	1	0.316456
2	24	13	0	0
3	0	0	0	0
4	265	14	0	0
11	24	18	0	0
12	0	0	0	0
13	2	13	0	0
14	8	49	8	0.453176
Instant	75
1	565	29	1	0.308642
2	20	13	0	0
3	0	0	0	0
4	269	13	0	0
11	25	18	0	0
12	0	0	0	0
13	2	13	0	0
14	8	53	8	0.411176
Instant	76
1	593	29	2	0
2	34	13	0	0
3	2	69	18	9.42408
4	263	13	0	0
11	24	18	1	0
12	0	0	0	0
13	2	13	0	0
14	8	54	9	0.480769
Instant	77
1	568	31	2	0
2	29	13	0	0
3	1	70	33	12.3125
4	256	14	0	0
11	25	18	1	0
12	0	0	0	0
13	2	13	0	0
14	8	55	11	0.572774
Instant	78
1	585	29	2	0
2	29	13	0	0
3	2	71	25	13.1498
4	273	14	0	0
11	26	18	0	0
12	0	0	0	0
13	2	13	0	0
14	8	53	7	0.480454
Instant	79
1	562	30	1	0.309278
2	14	13	0	0
3	0	91	14	4.33373
4	271	13	0	0
11	24	18	1	0
12	0	0	0	0
13	2	13	0	0
14	8	50	8	0.447875
Instant	80
1	558	28	2	0.369198
2	19	13	0	0
3	1	80	21	3.59456
4	263	13	0	0
11	24	17	0	0
12	0	0	0	0
13	2	13	0	0
14	8	51	8	0.551118
Instant	81
1	513	29	2	0.672646
2	17	13	0	0
3	0	87	12	5.32525
4	270	13	0	0
11	22	18	0	0
12	0	0	0	0
13	2	13	0	0
14	8	49	8	0.507283
Instant	82
1	582	27	1	0.0492126
2	19	13	0	0
3	1	68	12	1.1505
4	254	13	0	0
11	25	18	0	0
12	0	0	0	0
13	2	13	0	0
14	8	57	9	0.459925
Instant	83
1	539	28	1	0.322581
2	30	13	0	0
3	0	86	9	0.701531
4	273	14	0	0
11	23	19	1	0
12	0	0	0	0
13	2	13	0	0
14	8	49	11	0.494613
Instant	84
1	541	29	2	0.627615
2	27	13	0	0
3	0	96	6	9.94898
4	257	13	0	0
11	24	17	0	0
12	0	0	0	0
13	2	13	0	0
14	8	56	11	0.549641
Instant	85
1	550	29	3	0.593952
2	16	13	0	0
3	1	82	11	2.86727
4	266	13	0	0
11	23	18	1	0
12	0	0	0	0
13	2	13	0	0
14	8	48	10	0.48783
Instant	86
1	547	27	1	0.619835
2	29	13	0	0
3	0	80	17	9.6393
4	266	13	0	0
11	24	18	0	0
12	0	0	0	0
13	2	13	0	0
14	8	53	11	0.454921
Instant	87
1	614	28	1	0
2	25	13	0	0
3	0	96	5	4.70328
4	267	13	0	0
11	26	18	0	0
12	0	0	0	0
13	2	13	0	0
14	8	53	10	0.541349
Instant	88
1	578	28	1	0.301205
2	30	13	0	0
3	1	84	10	6.87831
4	256	13	0	0
11	25	18	1	0
12	0	0	0	0
13	2	13	0	0
14	7	48	9	0.525081
Instant	89
1	572	29	2	0.0524109
2	31	13	0	0
3	1	78	7	2.67857
4	247	14	0	0
11	24	19	1	0
12	0	0	0	0
13	2	13	0	0
14	7	50	10	0.521583
Instant	90
1	603	27	2	0.0475285
2	27	13	0	0
3	2	81	18	10.7008
4	267	13	0	0
11	26	19	0	0
12	0	0	0	0
13	2	13	0	0
14	8	54	9	0.48883
Instant	91
1	612	27	2	0.283554
2	25	13	0	0
3	1	83	19	0.754831
4	253	13	0	0
11	27	18	0	0
12	0	0	0	0
13	2	13	0	0
14	7	50	9	0.594627
Instant	92
1	606	27	2	0
2	15	13	0	0
3	2	77	12	7.6005
4	261	13	0	0
11	26	18	0	0
12	0	0	0	0
13	2	13	0	0
14	7	50	10	0.517296
Instant	93
1	564	28	2	0.601202
2	29	13	0	0
3	0	87	8	1.1048
4	249	14	0	0
11	25	19	0	0
12	0	0	0	0
13	2	13	0	0
14	7	56	9	0.471543
Instant	94
1	592	28	2	0.15
2	30	13	0	0
3	0	87	14	4.82234
4	258	14	0	0
11	25	19	1	0
12	0	0	0	0
13	2	13	0	0
14	8	53	10	0.46373
Instant	95
1	507	28	2	0.720621
2	29	13	0	0
3	0	87	6	3.45812
4	263	14	0	0
11	23	18	0	0
12	0	0	0	0
13	2	13	0	0
14	8	55	8	0.467424
Instant	96
1	600	27	1	0.290135
2	30	13	0	0
3	0	0	0	0
4	273	13	0	0
11	26	17	0	0
12	0	0	0	0
13	2	13	0	0
14	8	52	9	0.436149
Instant	97
1	592	29	1	0
2	28	13	0	0
3	0	85	25	5.58862
4	250	13	0	0
11	25	18	1	0
12	0	0	0	0
13	2	13	0	0
14	7	52	9	0.518121
Instant	98
1	605	26	1	0
2	22	13	0	0
3	5	75	21	25.5461
4	267	13	0	0
11	26	18	1	0
12	0	0	0	0
13	2	13	0	0
14	8	52	8	0.538462
Instant	99
1	593	30	2	0.297619
2	25	13	0	0
3	1	91	17	2.8799
4	271	14	0	0
11	25	17	0	0
12	0	0	0	0
13	2	13	0	0
14	8	51	10	0.448465
Instant	100
1	543	28	1	0.31185
2	30	13	0	0
3	0	77	31	3.14055
4	268	13	0	0
11	24	17	0	0
12	0	0	0	0
13	2	13	0	0
14	8	49	10	0.495164
Instant	101
1	599	27	1	0.294118
2	27	13	0	0
3	0	59	13	1.76768
4	264	13	0	0
11	26	18	0	0
12	0	0	0	0
13	2	13	0	0
14	8	50	8	0.499198
Instant	102
1	541	29	2	0.317125
2	27	13	0	0
3	2	80	26	13.7953
4	263	13	0	0
11	24	19	1	0
12	0	0	0	0
13	2	13	0	0
14	8	55	10	0.515693
Instant	103
1	580	28	2	0.303644
2	25	13	0	0
3	1	87	10	7.25121
4	260	13	0	0
11	25	18	1	0
12	0	0	0	0
13	2	13	0	0
14	8	50	9	0.424712
Instant	104
1	567	28	2	0.299401
2	23	13	0	0
3	0	92	4	0.52599
4	266	13	0	0
11	25	19	1	0
12	0	0	0	0
13	2	13	0	0
14	8	51	10	0.500103
Instant	105
1	498	29	2	0.813953
2	19	13	0	0
3	1	78	9	3.7049
4	278	13	0	0
11	22	18	1	0
12	0	0	0	0
13	2	13	0	0
14	9	52	10	0.36683
Instant	106
1	494	30	2	0.347222
2	20	13	0	0
3	0	0	0	0
4	270	13	0	0
11	22	19	1	0
12	0	0	0	0
13	2	13	0	0
14	8	48	8	0.543091
Instant	107
1	587	28	2	0.301811
2	29	13	0	0
3	0	76	1	1.37117
4	277	13	0	0
11	25	18	0	0
12	0	0	0	0
13	2	13	0	0
14	8	50	8	0.401467
Instant	108
1	584	30	2	0
2	34	13	0	0
3	1	83	12	2.76442
4	277	14	0	0
11	25	18	0	0
12	0	0	0	0
13	2	13	0	0
14	8	53	10	0.554782
Instant	109
1	602	29	2	0
2	29	13	0	0
3	2	80	22	10.7372
4	260	14	0	0
11	26	18	0	0
12	0	0	0	0
13	2	13	0	0
14	8	52	11	0.526385
Instant	110
1	571	31	2	0.102881
2	24	13	0	0
3	1	96	4	2.98223
4	260	13	0	0
11	24	18	1	0
12	0	0	0	0
13	2	13	0	0
14	8	51	9	0.513173
Instant	111
1	603	27	2	0
2	23	13	0	0
3	0	77	18	0.502513
4	243	13	0	0
11	26	19	1	0
12	0	0	0	0
13	2	13	0	0
14	7	51	9	0.550253
Instant	112
1	527	31	3	0.382932
2	21	13	0	0
3	0	82	0	3.72537
4	266	13	0	0
11	23	18	1	0
12	0	0	0	0
13	2	13	0	0
14	8	53	9	0.474307
Instant	113
1	541	30	2	0.322581
2	22	13	0	0
3	1	81	12	7.05446
4	261	13	0	0
11	24	18	1	0
12	0	0	0	0
13	2	13	0	0
14	8	57	8	0.376226
Instant	114
1	593	28	2	0
2	31	13	0	0
3	0	0	0	0
4	250	14	0	0
11	25	18	1	0
12	0	0	0	0
13	2	13	0	0
14	7	50	11	0.587912
Instant	115
1	539	30	3	0.326797
2	30	13	0	0
3	1	78	12	8.27295
4	268	13	0	0
11	23	18	1	0
12	0	0	0	0
13	2	13	0	0
14	9	57	10	0.392282
Instant	116
1	585	28	1	0.297619
2	29	13	0	0
3	0	96	8	2.42347
4	273	13	0	0
11	25	18	0	0
12	0	0	0	0
13	2	13	0	0
14	8	51	9	0.390645
Instant	117
1	547	28	2	0.369979
2	19	13	0	0
3	1	68	12	0.602792
4	250	13	0	0
11	24	17	0	0
12	0	0	0	0
13	2	13	0	0
14	7	53	9	0.595825
Instant	118
1	592	29	3	0
2	22	13	0	0
3	0	0	0	0
4	274	14	0	0
11	25	18	0	0
12	0	0	0	0
13	2	13	0	0
14	9	52	8	0.357519
Instant	119
1	599	28	1	0
2	24	13	0	0
3	0	97	20	14.1002
4	252	14	0	0
11	26	18	1	0
12	0	0	0	0
13	2	13	0	0
14	7	49	11	0.606717
