	T	D	J	LP
Instant	0
1	0	0	0	0
2	0	0	0	0
3	0	0	0	0
4	0	0	0	0
11	0	0	0	0
12	0	0	0	0
13	0	0	0	0
14	0	0	0	0
Instant	1
1	357	26	2	0
2	17	13	0	0
3	22	54	12	1.92472
4	88	14	0	0
11	15	18	0	0
12	18	73	13	9.56522
13	1	13	0	0
14	2	51	8	0.204335
Instant	2
1	1670	30	3	0.0537249
2	21	13	0	0
3	10	80	20	3.61153
4	483	14	0	0
11	72	18	0	0
12	0	0	0	0
13	3	13	0	0
14	13	51	9	0.61579
Instant	3
1	1422	30	2	0
2	32	13	0	0
3	8	77	15	1.88725
4	465	14	0	0
11	63	18	0	0
12	0	0	0	0
13	3	13	0	0
14	12	56	12	0.667673
Instant	4
1	1441	30	3	0
2	27	14	0	0
3	9	77	20	6.36704
4	405	14	0	0
11	63	17	0	0
12	0	0	0	0
13	3	13	0	0
14	11	55	11	0.669415
Instant	5
1	1489	31	2	0
2	24	14	0	0
3	5	75	17	4.10839
4	399	14	0	0
11	64	17	0	0
12	0	0	0	0
13	3	13	0	0
14	11	54	12	0.534524
Instant	6
1	1196	28	2	0.0741107
2	33	13	0	0
3	8	72	19	5.08475
4	344	14	0	0
11	52	18	0	0
12	0	0	0	0
13	3	13	0	0
14	9	51	10	0.697203
Instant	7
1	1145	27	2	0
2	18	13	0	0
3	10	81	17	3.96393
4	328	13	0	0
11	50	18	0	0
12	0	0	0	0
13	3	13	0	0
14	9	51	10	0.712522
Instant	8
1	985	28	2	0
2	24	13	0	0
3	6	86	10	2.10573
4	313	13	0	0
11	43	18	0	0
12	0	0	0	0
13	3	13	0	0
14	9	53	10	0.609488
Instant	9
1	847	27	3	0
2	18	13	0	0
3	10	74	16	6.65808
4	308	13	0	0
11	37	18	0	0
12	0	0	0	0
13	3	13	0	0
14	9	50	10	0.524273
Instant	10
1	833	28	3	0
2	18	13	0	0
3	11	73	19	3.51027
4	330	13	0	0
11	36	17	0	0
12	0	0	0	0
13	3	13	0	0
14	11	53	10	0.473756
Instant	11
1	774	27	2	0.190549
2	20	13	0	0
3	7	72	22	3.24477
4	313	13	0	0
11	33	18	0	0
12	0	0	0	0
13	3	13	0	0
14	9	56	9	0.488453
Instant	12
1	654	30	3	0.521739
2	32	13	0	0
3	7	80	22	4.31548
4	284	13	0	0
11	29	18	0	0
12	0	0	0	0
13	3	13	0	0
14	8	51	9	0.596359
Instant	13
1	557	29	2	0.626305
2	21	13	0	0
3	6	78	23	2.45706
4	273	13	0	0
11	24	20	1	0
12	0	0	0	0
13	2	13	0	0
14	8	55	8	0.514077
Instant	14
1	494	28	2	0.730337
2	23	13	0	0
3	12	77	14	4.6875
4	309	13	0	0
11	22	17	0	0
12	0	0	0	0
13	3	13	0	0
14	9	51	8	0.479932
Instant	15
1	500	30	2	0.58548
2	29	13	0	0
3	11	77	14	8.24275
4	282	14	0	0
11	21	18	0	0
12	0	0	0	0
13	3	13	0	0
14	8	53	11	0.553963
Instant	16
1	551	30	2	0.3125
2	27	13	0	0
3	6	83	12	2.28102
4	298	14	0	0
11	24	18	1	0
12	0	0	0	0
13	3	13	0	0
14	9	51	9	0.400065
Instant	17
1	583	28	2	0.29703
2	27	13	0	0
3	10	74	11	3.03507
4	280	14	0	0
11	25	17	0	0
12	0	0	0	0
13	3	13	0	0
14	9	49	9	0.51714
Instant	18
1	551	31	2	0.374732
2	31	13	0	0
3	12	79	14	6.35629
4	308	13	0	0
11	23	18	0	0
12	0	0	0	0
13	3	13	0	0
14	10	53	12	0.368962
Instant	19
1	557	28	2	0.612245
2	26	13	0	0
3	12	70	17	5.32156
4	303	13	0	0
11	25	17	0	0
12	0	0	0	0
13	3	13	0	0
14	10	46	9	0.465789
Instant	20
1	445	27	2	1.05721
2	30	13	0	0
3	11	79	20	3.67133
4	291	13	0	0
11	20	19	1	0.371287
12	0	0	0	0
13	3	13	0	0
14	9	51	11	0.527811
Instant	21
1	505	30	2	0.694444
2	26	13	0	0
3	9	79	12	2.15747
4	282	13	0	0
11	21	17	0	0.342466
12	0	0	0	0
13	3	13	0	0
14	9	51	10	0.452203
Instant	22
1	501	31	2	0.627854
2	24	13	0	0
3	6	83	16	2.39312
4	283	14	0	0
11	22	18	1	0
12	0	0	0	0
13	3	13	0	0
14	8	52	9	0.448273
Instant	23
1	534	28	2	0.318471
2	31	13	0	0
3	14	76	27	14.5168
4	278	13	0	0
11	24	17	0	0
12	0	0	0	0
13	3	13	0	0
14	8	52	10	0.554378
Instant	24
1	494	31	2	0.642523
2	24	13	0	0
3	6	79	16	2.62712
4	275	13	0	0
11	22	18	0	0
12	0	0	0	0
13	3	13	0	0
14	8	54	8	0.479514
Instant	25
1	527	31	2	0.32967
2	30	13	0	0
3	10	80	18	4.06574
4	255	14	0	0
11	22	18	1	0.328947
12	0	0	0	0
13	3	13	0	0
14	7	56	10	0.449342
Instant	26
1	573	28	2	0.302419
2	24	13	0	0
3	11	78	15	3.19579
4	274	14	0	0
11	25	18	0	0
12	0	0	0	0
13	3	13	0	0
14	8	48	10	0.522534
Instant	27
1	566	30	2	0.0516529
2	30	13	0	0
3	4	73	14	11.1742
4	275	13	0	0
11	24	17	0	0
12	0	0	0	0
13	3	13	0	0
14	8	54	10	0.388098
Instant	28
1	512	29	2	0.7287
2	25	13	0	0
3	9	83	24	7.69737
4	252	13	0	0
11	22	18	1	0
12	0	0	0	0
13	3	13	0	0
14	7	54	9	0.592134
Instant	29
1	588	28	2	0.295276
2	33	13	0	0
3	7	66	19	3.19102
4	266	13	0	0
11	25	18	1	0
12	0	0	0	0
13	3	13	0	0
14	8	57	10	0.514972
Instant	30
1	549	28	2	0.626305
2	23	13	0	0
3	7	81	11	5.94723
4	261	13	0	0
11	24	18	0	0
12	0	0	0	0
13	3	13	0	0
14	7	52	8	0.504069
Instant	31
1	509	28	2	0.75431
2	31	13	0	0
3	7	81	9	3.02419
4	280	14	0	0
11	23	18	0	0
12	0	0	0	0
13	3	13	0	0
14	8	48	8	0.542092
Instant	32
1	591	28	2	0.65
2	28	13	0	0
3	9	72	18	7.8011
4	273	14	0	0
11	25	17	0	0
12	0	0	0	0
13	3	13	0	0
14	8	54	7	0.547656
Instant	33
1	577	28	1	0.305499
2	25	13	0	0
3	10	82	15	21.3306
4	271	13	0	0
11	25	17	0	0
12	0	0	0	0
13	3	13	0	0
14	8	52	9	0.436659
Instant	34
1	563	28	1	0.30303
2	18	13	0	0
3	13	72	16	3.125
4	278	13	0	0
11	25	18	1	0
12	0	0	0	0
13	3	13	0	0
14	8	53	10	0.502693
Instant	35
1	492	30	2	1.03926
2	26	13	0	0
3	16	82	13	4.76804
4	281	13	0	0
11	22	18	0	0
12	0	0	0	0
13	3	13	0	0
14	8	52	8	0.458805
Instant	36
1	587	27	2	0.303644
2	30	13	0	0
3	14	81	21	3.41474
4	263	13	0	0
11	25	19	1	0
12	0	0	0	0
13	3	13	0	0
14	8	55	9	0.547588
Instant	37
1	548	28	2	0.360082
2	24	13	0	0
3	8	79	16	5.78704
4	277	13	0	0
11	24	17	0	0
12	0	0	0	0
13	3	13	0	0
14	8	51	10	0.489443
Instant	38
1	533	27	1	0.971922
2	16	13	0	0
3	7	75	21	2.86638
4	259	13	0	0
11	23	17	0	0
12	0	0	0	0
13	3	13	0	0
14	7	53	10	0.535809
Instant	39
1	534	28	2	0.315126
2	24	13	0	0
3	13	76	13	4.36672
4	246	13	0	0
11	24	19	1	0
12	0	0	0	0
13	3	13	0	0
14	7	54	10	0.628057
Instant	40
1	588	27	1	0.299401
2	24	13	0	0
3	7	72	14	2.37889
4	255	13	0	0
11	25	18	1	0
12	0	0	0	0
13	3	13	0	0
14	7	55	8	0.500619
Instant	41
1	598	28	1	0
2	21	13	0	0
3	8	66	28	8.80584
4	266	13	0	0
11	26	18	0	0
12	0	0	0	0
13	3	13	0	0
14	8	53	9	0.520377
Instant	42
1	505	29	3	0.752315
2	31	13	0	0
3	10	77	17	2.40221
4	276	13	0	0
11	22	18	0	0
12	0	0	0	0
13	3	13	0	0
14	8	53	8	0.499176
Instant	43
1	534	28	2	0.634249
2	26	13	0	0
3	5	75	23	6.81063
4	253	13	0	0
11	24	18	0	0
12	0	0	0	0
13	3	13	0	0
14	7	50	9	0.556609
Instant	44
1	525	29	2	0.646552
2	19	13	0	0
3	13	80	17	8.693
4	283	13	0	0
11	23	18	0	0
12	0	0	0	0
13	3	13	0	0
14	8	50	7	0.486253
Instant	45
1	593	30	1	0
2	25	13	0	0
3	2	84	17	2.02138
4	267	13	0	0
11	25	18	1	0
12	0	0	0	0
13	3	13	0	0
14	8	53	9	0.50871
Instant	46
1	572	29	2	0.15121
2	22	13	0	0
3	3	78	17	3.81944
4	272	13	0	0
11	25	18	0	0
12	0	0	0	0
13	3	13	0	0
14	8	55	9	0.562111
Instant	47
1	556	29	2	0.3125
2	27	13	0	0
3	6	79	15	7.48626
4	260	14	0	0
11	24	17	0	0
12	0	0	0	0
13	3	13	0	0
14	8	54	8	0.559034
Instant	48
1	532	28	2	0.542299
2	34	13	0	0
3	4	69	15	5.11364
4	276	14	0	0
11	23	18	1	0
12	0	0	0	0
13	3	13	0	0
14	8	55	9	0.506335
Instant	49
1	567	27	2	0.301811
2	27	13	0	0
3	10	81	20	6.95922
4	264	14	0	0
11	25	19	1	0
12	0	0	0	0
13	3	13	0	0
14	8	51	9	0.537369
Instant	50
1	539	31	3	0.106838
2	21	13	0	0
3	9	79	16	5.73805
4	263	13	0	0
11	24	18	1	0
12	0	0	0	0
13	3	13	0	0
14	7	50	9	0.512386
Instant	51
1	588	27	2	0.64741
2	28	13	0	0
3	10	78	11	2.73577
4	264	14	0	0
11	25	18	0	0
12	0	0	0	0
13	3	13	0	0
14	8	52	9	0.469423
Instant	52
1	533	28	2	0.474684
2	22	13	0	0
3	8	74	18	7.37457
4	268	14	0	0
11	24	18	1	0
12	0	0	0	0
13	3	13	0	0
14	8	52	9	0.577435
Instant	53
1	575	27	1	0.35497
2	39	13	0	0
3	6	75	17	5.69238
4	279	14	0	0
11	25	18	1	0
12	0	0	0	0
13	3	13	0	0
14	8	52	9	0.477386
Instant	54
1	592	27	1	0.295276
2	29	13	0	0
3	5	77	17	8.92241
4	268	14	0	0
11	25	18	1	0
12	0	0	0	0
13	3	13	0	0
14	8	51	10	0.458786
Instant	55
1	618	28	2	0.0484496
2	22	13	0	0
3	10	87	20	3.96758
4	247	13	0	0
11	26	18	1	0
12	0	0	0	0
13	3	13	0	0
14	7	55	10	0.550838
Instant	56
1	559	28	2	0.358607
2	16	13	0	0
3	9	78	17	3.93773
4	272	14	0	0
11	24	18	1	0
12	0	0	0	0
13	3	13	0	0
14	8	48	8	0.449223
Instant	57
1	553	29	1	0.318471
2	30	13	0	0
3	11	78	18	4.75092
4	275	13	0	0
11	24	17	0	0
12	0	0	0	0
13	3	13	0	0
14	8	52	9	0.445515
Instant	58
1	600	28	2	0
2	26	13	0	0
3	10	78	13	4.03017
4	280	13	0	0
11	26	18	0	0
12	0	0	0	0
13	3	13	0	0
14	8	50	8	0.504072
Instant	59
1	515	28	2	0.342466
2	28	13	0	0
3	6	80	16	4.4807
4	275	14	0	0
11	22	18	1	0
12	0	0	0	0
13	3	13	0	0
14	8	54	10	0.491689
Instant	60
1	529	27	1	1.02151
2	30	13	0	0
3	5	83	14	4.50085
4	271	14	0	0
11	23	17	0	0.323276
12	0	0	0	0
13	3	13	0	0
14	8	50	10	0.508938
Instant	61
1	578	29	1	0
2	30	13	0	0
3	10	79	10	7.4872
4	271	13	0	0
11	24	18	1	0
12	0	0	0	0
13	3	13	0	0
14	8	55	9	0.565611
Instant	62
1	588	28	2	0.295858
2	21	13	0	0
3	8	78	17	4.44588
4	262	14	0	0
11	25	18	1	0
12	0	0	0	0
13	3	13	0	0
14	8	48	8	0.527338
Instant	63
1	591	28	2	0
2	30	13	0	0
3	5	79	26	2.75088
4	280	14	0	0
11	26	19	1	0
12	0	0	0	0
13	3	13	0	0
14	9	52	10	0.501939
Instant	64
1	599	28	1	0
2	21	13	0	0
3	5	79	10	4.09408
4	283	14	0	0
11	26	18	0	0
12	0	0	0	0
13	3	13	0	0
14	8	52	8	0.487163
Instant	65
1	613	28	1	0
2	22	13	0	0
3	8	71	22	4.90057
4	265	13	0	0
11	25	18	0	0
12	0	0	0	0
13	3	13	0	0
14	7	52	10	0.431817
Instant	66
1	568	28	2	0.298805
2	23	13	0	0
3	4	83	15	8.96352
4	283	13	0	0
11	25	19	1	0
12	0	0	0	0
13	3	13	0	0
14	9	50	10	0.552748
Instant	67
1	604	27	1	0.291829
2	26	13	0	0
3	8	81	13	2.7214
4	291	13	0	0
11	26	18	0	0
12	0	0	0	0
13	3	13	0	0
14	9	54	9	0.47019
Instant	68
1	548	30	2	0.318471
2	27	13	0	0
3	6	85	12	2.65508
4	276	13	0	0
11	24	18	0	0
12	0	0	0	0
13	3	13	0	0
14	8	54	7	0.520187
Instant	69
1	587	29	2	0
2	34	13	0	0
3	7	83	12	1.95035
4	244	14	0	0
11	25	18	0	0
12	0	0	0	0
13	3	13	0	0
14	7	54	10	0.498316
Instant	70
1	531	29	3	0.71116
2	27	13	0	0
3	9	74	18	8.94737
4	268	14	0	0
11	23	18	1	0
12	0	0	0	0
13	3	13	0	0
14	8	51	10	0.519474
Instant	71
1	592	28	1	0
2	22	13	0	0
3	12	78	15	7.05712
4	255	13	0	0
11	26	18	0	0
12	0	0	0	0
13	3	13	0	0
14	7	50	9	0.471673
Instant	72
1	599	29	2	0
2	23	13	0	0
3	4	68	18	4.00356
4	280	13	0	0
11	25	18	1	0
12	0	0	0	0
13	3	13	0	0
14	9	51	9	0.469432
Instant	73
1	553	28	1	0.362319
2	24	13	0	0
3	8	82	12	3.62413
4	267	13	0	0
11	24	17	0	0
12	0	0	0	0
13	3	13	0	0
14	8	51	10	0.442999
Instant	74
1	553	29	2	0.568182
2	23	13	0	0
3	3	80	9	2.52273
4	279	13	0	0
11	24	18	1	0
12	0	0	0	0
13	3	13	0	0
14	8	51	10	0.481698
Instant	75
1	593	29	1	0
2	30	13	0	0
3	12	80	12	11.875
4	266	14	0	0
11	26	18	0	0
12	0	0	0	0
13	3	13	0	0
14	8	55	11	0.428351
Instant	76
1	559	29	2	0.376344
2	20	13	0	0
3	5	81	15	9.98062
4	271	13	0	0
11	23	17	0	0
12	0	0	0	0
13	3	13	0	0
14	8	53	9	0.47349
Instant	77
1	585	29	2	0
2	26	13	0	0
3	6	73	25	4.55776
4	273	13	0	0
11	26	18	1	0
12	0	0	0	0
13	3	13	0	0
14	8	52	11	0.463453
Instant	78
1	544	29	1	0.639659
2	29	13	0	0
3	2	83	17	3.42105
4	264	13	0	0
11	23	18	0	0
12	0	0	0	0
13	3	13	0	0
14	8	47	9	0.471011
Instant	79
1	522	29	2	0.323276
2	27	13	0	0
3	15	79	16	3.84442
4	280	13	0	0
11	23	18	0	0
12	0	0	0	0
13	3	13	0	0
14	9	51	10	0.415767
Instant	80
1	535	28	2	0.378788
2	37	13	0	0
3	7	81	18	5.76923
4	272	14	0	0
11	23	17	1	0
12	0	0	0	0
13	3	13	0	0
14	8	53	10	0.48579
Instant	81
1	466	29	2	0.973236
2	20	13	0	0
3	8	86	15	2.80738
4	275	13	0	0
11	21	18	1	0
12	0	0	0	0
13	3	13	0	0
14	8	54	9	0.520598
Instant	82
1	551	29	2	0.318471
2	27	13	0	0
3	6	81	18	16.9471
4	251	13	0	0
11	24	18	1	0
12	0	0	0	0
13	3	13	0	0
14	7	53	9	0.4947
Instant	83
1	541	27	2	0.951374
2	11	13	0	0
3	8	82	15	3.28947
4	276	13	0	0
11	24	18	0	0
12	0	0	0	0
13	2	13	0	0
14	8	52	9	0.543749
Instant	84
1	593	28	2	0
2	34	13	0	0
3	5	83	10	3.04983
4	279	13	0	0
11	26	18	1	0
12	0	0	0	0
13	3	13	0	0
14	8	50	9	0.465001
Instant	85
1	538	29	1	0.323276
2	24	13	0	0
3	8	82	11	3.30486
4	251	13	0	0
11	23	18	0	0
12	0	0	0	0
13	3	13	0	0
14	7	53	10	0.465458
Instant	86
1	564	31	1	0
2	16	13	0	0
3	9	69	20	3.97924
4	270	13	0	0
11	25	17	0	0
12	0	0	0	0
13	3	13	0	0
14	8	58	11	0.439379
Instant	87
1	607	27	1	0.293542
2	19	13	0	0
3	7	70	16	8.38523
4	260	14	0	0
11	26	17	0	0
12	0	0	0	0
13	3	13	0	0
14	8	54	10	0.491055
Instant	88
1	549	29	1	0.0534188
2	21	13	0	0
3	15	79	19	5.63725
4	263	13	0	0
11	23	18	1	0
12	0	0	0	0
13	3	13	0	0
14	8	49	11	0.503138
Instant	89
1	627	26	1	0
2	27	13	0	0
3	9	84	15	4.27867
4	284	13	0	0
11	27	18	1	0
12	0	0	0	0
13	3	13	0	0
14	9	49	9	0.418218
Instant	90
1	487	30	3	0.770142
2	26	13	0	0
3	8	77	22	9.52166
4	276	13	0	0
11	21	18	1	0
12	0	0	0	0
13	3	13	0	0
14	8	49	9	0.483566
Instant	91
1	598	28	1	0.0484496
2	32	13	0	0
3	4	84	23	4.08977
4	256	14	0	0
11	26	18	0	0
12	0	0	0	0
13	3	13	0	0
14	7	50	10	0.46875
Instant	92
1	608	28	2	0.0485437
2	34	13	0	0
3	9	75	17	5.2012
4	281	15	0	0
11	26	18	0	0
12	0	0	0	0
13	3	13	0	0
14	9	49	9	0.423937
Instant	93
1	599	28	1	0
2	34	13	0	0
3	8	73	17	2.96533
4	272	14	0	0
11	27	18	1	0
12	0	0	0	0
13	3	13	0	0
14	8	49	11	0.464148
Instant	94
1	581	30	2	0
2	32	13	0	0
3	3	76	18	3.30189
4	259	14	0	0
11	24	18	1	0.302419
12	0	0	0	0
13	3	13	0	0
14	7	48	10	0.533747
Instant	95
1	599	27	2	0.049505
2	23	13	0	0
3	15	68	17	17.3373
4	247	13	0	0
11	25	17	0	0.294118
12	0	0	0	0
13	3	13	0	0
14	7	56	11	0.566262
Instant	96
1	611	27	1	0
2	33	13	0	0
3	14	80	13	8.01971
4	259	14	0	0
11	26	19	1	0
12	0	0	0	0
13	3	13	0	0
14	8	52	9	0.433557
Instant	97
1	613	27	1	0
2	24	13	0	0
3	5	81	22	4.78625
4	261	13	0	0
11	26	18	1	0
12	0	0	0	0
13	3	13	0	0
14	7	49	9	0.522561
Instant	98
1	620	27	1	0
2	26	13	0	0
3	10	80	19	4.3942
4	267	14	0	0
11	27	18	1	0
12	0	0	0	0
13	3	13	0	0
14	8	50	9	0.519231
Instant	99
1	585	26	1	0.294118
2	24	13	0	0
3	8	78	15	5.56973
4	247	14	0	0
11	26	19	1	0
12	0	0	0	0
13	3	13	0	0
14	7	52	8	0.532651
Instant	100
1	586	27	1	0
2	17	13	0	0
3	10	77	12	2.38192
4	254	13	0	0
11	25	18	1	0
12	0	0	0	0
13	3	13	0	0
14	7	52	9	0.475716
Instant	101
1	560	29	2	0.57652
2	34	13	0	0
3	10	86	15	6.18791
4	269	14	0	0
11	24	18	0	0
12	0	0	0	0
13	3	13	0	0
14	8	49	9	0.54672
Instant	102
1	605	28	2	0
2	34	13	0	0
3	10	70	18	1.73488
4	277	14	0	0
11	26	18	0	0
12	0	0	0	0
13	3	13	0	0
14	8	54	9	0.516129
Instant	103
1	576	29	1	0.0496032
2	24	13	0	0
3	10	87	25	15.492
4	264	13	0	0
11	25	18	0	0
12	0	0	0	0
13	3	13	0	0
14	8	53	10	0.440081
Instant	104
1	565	29	2	0.475687
2	26	13	0	0
3	8	81	13	3.95683
4	255	13	0	0
11	24	17	0	0
12	0	0	0	0
13	3	13	0	0
14	8	51	10	0.522765
Instant	105
1	562	30	2	0.0520833
2	24	13	0	0
3	8	75	21	4.93986
4	265	14	0	0
11	24	18	1	0
12	0	0	0	0
13	3	13	0	0
14	8	52	11	0.59102
Instant	106
1	566	30	2	0.299401
2	26	13	0	0
3	9	74	18	2.46212
4	264	13	0	0
11	25	17	0	0
12	0	0	0	0
13	3	13	0	0
14	8	53	10	0.470085
Instant	107
1	627	27	2	0.0478011
2	38	13	0	0
3	8	89	8	3.14685
4	274	13	0	0
11	26	18	1	0
12	0	0	0	0
13	3	13	0	0
14	8	49	8	0.518427
Instant	108
1	552	28	2	0.3125
2	23	13	0	0
3	7	72	22	1.50709
4	264	13	0	0
11	24	18	1	0
12	0	0	0	0
13	3	13	0	0
14	8	50	9	0.45769
Instant	109
1	582	28	3	0.406504
2	23	13	0	0
3	7	85	12	7.07627
4	263	13	0	0
11	25	19	1	0
12	0	0	0	0
13	3	13	0	0
14	8	50	9	0.505182
Instant	110
1	505	29	2	0.384615
2	24	13	0	0
3	6	72	22	8.59114
4	283	14	0	0
11	23	20	1	0
12	0	0	0	0
13	3	13	0	0
14	9	51	7	0.417902
Instant	111
1	544	27	2	0.424628
2	23	13	0	0
3	7	87	14	8.42294
4	253	13	0	0
11	24	18	1	0
12	0	0	0	0
13	3	13	0	0
14	8	50	11	0.572889
Instant	112
1	580	28	2	0.301205
2	18	13	0	0
3	9	80	13	2.46941
4	266	13	0	0
11	25	17	0	0
12	0	0	0	0
13	3	13	0	0
14	8	53	8	0.350709
Instant	113
1	579	29	2	0.305499
2	30	13	0	0
3	10	79	15	5.95136
4	278	13	0	0
11	25	18	1	0
12	0	0	0	0
13	3	13	0	0
14	8	51	10	0.61228
Instant	114
1	565	28	2	0.301811
2	20	13	0	0
3	11	68	20	1.9897
4	266	13	0	0
11	25	18	0	0
12	0	0	0	0
13	3	13	0	0
14	8	49	9	0.472675
Instant	115
1	561	29	3	0.258799
2	29	13	0	0
3	8	87	9	3.2034
4	256	14	0	0
11	24	19	1	0
12	0	0	0	0
13	3	13	0	0
14	7	53	10	0.549642
Instant	116
1	594	27	1	0.0996016
2	21	13	0	0
3	7	82	9	3.64964
4	264	13	0	0
11	25	19	1	0
12	0	0	0	0
13	3	13	0	0
14	8	51	10	0.446894
Instant	117
1	592	29	1	0
2	27	13	0	0
3	3	84	15	7.42754
4	277	14	0	0
11	26	18	1	0
12	0	0	0	0
13	3	13	0	0
14	8	51	8	0.480147
Instant	118
1	555	27	2	0.364583
2	28	13	0	0
3	13	74	19	6.42301
4	253	13	0	0
11	24	18	0	0
12	0	0	0	0
13	3	13	0	0
14	8	50	9	0.513364
Instant	119
1	547	30	2	0.641026
2	21	13	0	0
3	3	77	14	1.81686
4	270	13	0	0
11	24	17	0	0
12	0	0	0	0
13	3	13	0	0
14	8	54	8	0.433137
