	T	D	J	LP
Instant	0
1	0	0	0	0
2	0	0	0	0
3	0	0	0	0
4	0	0	0	0
11	0	0	0	0
12	0	0	0	0
13	0	0	0	0
14	0	0	0	0
Instant	1
1	370	29	2	0
2	9	13	0	0
3	169	42	6	0.138889
4	487	16	0	0
11	14	18	1	0
12	134	52	8	0.543478
13	7	15	0	0
14	17	29	2	0
Instant	2
1	1067	38	2	4.61641
2	22	14	0	0
3	693	41	7	0.620861
4	3974	18	0	0
11	58	18	0	0
12	286	49	9	2.20588
13	30	15	0	0
14	175	30	1	0
Instant	3
1	1366	34	2	0.957535
2	45	15	0	0
3	643	44	6	0.310835
4	4179	18	0	0
11	62	19	0	0.167224
12	299	54	8	3.30882
13	28	15	0	0
14	183	30	1	0
Instant	4
1	1233	31	3	1.03774
2	28	17	0	0
3	590	41	6	1.52964
4	4023	18	0	0
11	55	18	0	0
12	260	50	10	2.19595
13	27	15	0	0
14	174	28	1	0
Instant	5
1	1353	27	2	0
2	15	14	0	0
3	599	37	4	1.15101
4	3046	18	0	0
11	60	19	0	0
12	280	52	10	2.38971
13	27	15	0	0
14	139	34	1	0
Instant	6
1	1146	27	2	0.286757
2	25	16	0	0
3	622	40	7	0.556586
4	2717	16	0	0
11	49	19	0	0
12	263	58	10	1.28676
13	27	15	0	0
14	120	30	1	0
Instant	7
1	937	26	1	0
2	14	14	0	0
3	582	41	6	0.792079
4	2073	16	0	0
11	42	19	0	0
12	264	54	9	1.18243
13	26	15	0	0
14	90	30	2	0
Instant	8
1	805	26	2	0.356633
2	4	18	2	0
3	580	39	6	0.100604
4	1421	15	0	0
11	36	19	0	0
12	272	48	7	1.47059
13	25	15	0	0
14	65	33	2	0
Instant	9
1	751	25	1	0
2	14	16	0	0
3	627	35	4	0.453721
4	1077	16	1	0
11	32	19	0	0
12	264	54	8	0.919118
13	28	15	0	0
14	46	30	2	0
Instant	10
1	697	27	2	0
2	28	16	0	0
3	549	41	7	0.983437
4	960	15	0	0
11	30	19	1	0
12	251	51	7	1.35135
13	24	15	0	0
14	41	32	3	0
Instant	11
1	713	27	2	0
2	12	15	0	0
3	555	39	5	0.569358
4	859	15	0	0
11	31	18	0	0
12	268	50	6	1.83824
13	24	15	0	0
14	38	34	3	0
Instant	12
1	739	26	1	0
2	33	15	0	0
3	600	35	5	0.79588
4	889	15	0	0
11	31	18	0	0
12	258	55	9	1.10294
13	27	15	0	0
14	38	31	2	0
Instant	13
1	685	27	1	0
2	22	17	0	0
3	611	39	5	1.34011
4	930	15	0	0
11	30	19	0	0
12	254	47	7	1.78571
13	27	15	0	0
14	40	30	2	0
Instant	14
1	655	26	1	0
2	33	16	0	0
3	541	42	8	1.08025
4	965	15	0	0
11	28	19	0	0
12	283	50	8	1.65441
13	24	15	0	0
14	41	30	2	0
Instant	15
1	667	26	1	0
2	15	16	0	0
3	558	42	8	1.07803
4	954	15	0	0
11	29	19	1	0
12	281	55	10	2.20588
13	24	15	0	0
14	41	31	2	0
Instant	16
1	681	26	1	0
2	22	18	0	0
3	548	37	6	0.363825
4	767	15	0	0
11	28	19	1	0
12	253	55	7	2.53378
13	24	15	0	0
14	34	33	2	0
Instant	17
1	615	27	2	0.139405
2	29	14	0	0
3	512	39	6	0.894855
4	766	15	0	0
11	27	19	1	0
12	269	47	8	1.10294
13	23	15	0	0
14	33	30	2	0
Instant	18
1	612	26	1	0.239923
2	39	16	0	0
3	564	34	4	0
4	789	15	0	0
11	26	18	0	0
12	269	51	8	0.919118
13	24	15	0	0
14	34	32	2	0
Instant	19
1	585	27	1	0.301205
2	20	15	0	0
3	461	38	4	1.05882
4	886	15	0	0
11	25	19	0	0
12	270	54	11	0
13	22	15	0	0
14	38	32	3	0
Instant	20
1	534	27	1	0.373932
2	36	15	0	0
3	532	36	6	0.873362
4	832	15	0	0
11	23	19	1	0
12	277	53	8	0
13	23	15	0	0
14	37	31	2	0
Instant	21
1	635	25	1	0
2	26	15	0	0
3	504	37	4	0.782998
4	963	15	0	0
11	27	19	1	0
12	273	55	10	1.10294
13	22	15	0	0
14	41	31	2	0
Instant	22
1	627	26	1	0
2	20	17	0	0
3	477	40	3	0.485437
4	832	15	0	0
11	27	18	0	0
12	263	52	10	1.18243
13	21	15	0	0
14	34	32	2	0.776836
Instant	23
1	567	26	1	0.604839
2	25	16	0	0
3	492	37	6	1.14155
4	776	15	0	0
11	25	18	0	0
12	273	51	9	2.02206
13	22	15	0	0
14	34	30	2	0
Instant	24
1	572	27	1	0
2	17	15	0	0
3	501	37	5	1.02506
4	741	15	0	0
11	24	20	1	0
12	241	50	8	2.57353
13	22	15	0	0
14	32	32	3	0.237342
Instant	25
1	568	28	1	0.604839
2	29	14	0	0
3	502	37	4	0.840807
4	778	15	0	0
11	25	19	1	0
12	245	47	8	2.38095
13	22	15	0	0
14	34	29	2	0
Instant	26
1	620	26	1	0
2	29	15	0	0
3	552	36	6	0.159236
4	795	15	0	0
11	27	19	1	0
12	267	49	8	3.30882
13	23	15	0	0
14	35	31	2	0
Instant	27
1	621	26	2	0.094697
2	36	16	0	0
3	533	37	4	0.10917
4	893	15	0	0
11	27	19	1	0
12	265	52	8	2.02206
13	23	15	0	0
14	38	31	2	0
Instant	28
1	586	25	1	0.595238
2	16	16	0	0
3	483	39	6	0.766509
4	900	15	0	0
11	25	19	0	0
12	242	48	9	3.29861
13	21	15	0	0
14	38	31	2	0
Instant	29
1	491	25	1	0.777778
2	38	16	0	0
3	493	40	7	0.642523
4	856	15	0	0
11	23	18	0	0
12	255	52	9	4.59559
13	21	15	0	0
14	38	32	2	0
Instant	30
1	922	27	1	0.187032
2	35	14	0	0
3	517	37	4	0.383772
4	798	15	0	0
11	40	18	0	0
12	253	53	9	3.49265
13	23	15	0	0
14	34	34	3	0
Instant	31
1	902	27	2	0
2	44	14	0	0
3	514	39	6	0.286041
4	805	15	0	0
11	39	19	0	0
12	263	49	9	1.18243
13	22	15	0	0
14	34	32	3	0
Instant	32
1	594	29	2	0.436893
2	42	17	0	0
3	528	37	5	0.438596
4	801	15	0	0
11	26	20	1	0
12	264	52	9	2.38971
13	23	15	0	0
14	35	31	2	0
Instant	33
1	609	26	1	0.191571
2	26	16	0	0
3	488	37	4	0.91954
4	829	15	0	0
11	26	19	1	0
12	252	52	11	3.30882
13	22	15	0	0
14	35	31	2	0
Instant	34
1	625	26	1	0
2	48	16	0	0
3	530	36	4	0.436681
4	854	15	0	0
11	27	19	1	0
12	259	54	8	1.18243
13	23	15	0	0
14	38	31	2	0
Instant	35
1	597	27	1	0
2	40	15	0	0
3	529	36	4	0.431965
4	787	15	0	0
11	25	21	1	0
12	247	50	8	2.94118
13	23	15	0	0
14	34	31	3	0
Instant	36
1	564	29	1	0.301205
2	26	16	0	0
3	500	38	3	0.344828
4	842	15	0	0
11	25	19	1	0
12	246	53	10	2.94118
13	22	15	0	0
14	36	32	3	0
Instant	37
1	599	28	1	0
2	20	16	0	0
3	521	38	6	0.504484
4	915	15	0	0
11	25	20	1	0
12	251	50	8	1.33929
13	22	15	0	0
14	39	31	2	0
Instant	38
1	568	26	2	0.303644
2	23	17	2	0
3	517	37	5	0.390625
4	790	15	0	0
11	25	20	1	0
12	295	54	10	1.28676
13	22	15	0	0
14	35	33	3	0
Instant	39
1	593	25	1	0.29703
2	31	15	0	0
3	525	38	4	0.0543478
4	809	15	0	0
11	25	19	1	0
12	266	56	9	0.919118
13	23	15	0	0
14	35	32	3	0
Instant	40
1	629	26	1	0
2	20	16	0	0
3	467	38	4	1.47059
4	801	15	0	0
11	27	19	0	0
12	245	53	9	4.89865
13	20	15	0	0
14	35	31	2	0
Instant	41
1	559	28	2	0.366109
2	24	15	0	0
3	524	36	5	0.652174
4	920	15	0	0
11	24	19	1	0
12	251	50	10	3.67647
13	23	15	0	0
14	40	29	2	0
Instant	42
1	641	25	1	0
2	26	17	0	0
3	493	38	6	1.13122
4	926	15	0	0
11	28	18	0	0
12	236	49	10	3.86029
13	22	15	0	0
14	40	31	1	0
Instant	43
1	572	25	1	0.31185
2	11	15	0	0
3	521	36	3	0.722222
4	917	15	0	0
11	24	19	1	0
12	233	51	8	4.05405
13	22	15	0	0
14	41	30	2	0
Instant	44
1	641	25	1	0
2	21	15	0	0
3	536	37	5	0.0538793
4	866	15	0	0
11	27	19	0	0
12	284	54	10	0.551471
13	23	15	0	0
14	38	32	2	0
Instant	45
1	620	26	1	0
2	36	15	0	0
3	531	38	4	0.110132
4	684	15	0	0
11	27	19	1	0
12	214	55	8	5.33088
13	23	15	0	0
14	28	32	3	0.343643
Instant	46
1	613	26	1	0
2	24	16	0	0
3	544	35	6	0.426439
4	724	15	0	0
11	27	19	1	0
12	233	53	10	4.22297
13	24	15	0	0
14	31	31	3	0
Instant	47
1	613	27	1	0
2	39	14	0	0
3	523	37	3	0.381264
4	853	15	0	0
11	26	19	1	0
12	269	51	8	2.94118
13	23	15	0	0
14	36	33	3	0
Instant	48
1	618	26	1	0
2	32	15	0	0
3	575	37	5	0.403226
4	818	15	0	0
11	27	20	1	0
12	263	54	8	0.551471
13	25	15	0	0
14	36	30	2	0
Instant	49
1	582	26	1	0.646123
2	18	16	0	0
3	547	37	5	0.778008
4	773	15	0	0
11	25	19	1	0
12	246	50	10	1.4881
13	24	15	0	0
14	33	32	3	0
Instant	50
1	626	25	1	0
2	19	17	0	0
3	573	39	5	0.39604
4	793	15	0	0
11	27	19	1	0
12	289	52	8	1.65441
13	25	15	0	0
14	35	32	3	0
Instant	51
1	611	26	1	0
2	12	18	0	0
3	536	38	6	1.53277
4	871	15	0	0
11	26	21	1	0
12	262	56	9	2.75735
13	24	15	0	0
14	36	33	3	0
Instant	52
1	613	27	1	0
2	16	15	0	0
3	464	40	6	0.779377
4	834	15	0	0
11	27	18	0	0
12	235	50	9	3.81944
13	21	15	0	0
14	37	31	2	0
Instant	53
1	569	26	1	0.304878
2	23	16	0	0
3	493	38	5	1.05386
4	731	15	0	0
11	25	18	0	0
12	277	51	9	2.20588
13	21	15	0	0
14	31	32	3	0
Instant	54
1	614	27	1	0.0490196
2	10	16	0	0
3	541	37	5	0.373932
4	761	15	0	0
11	25	19	1	0
12	260	53	9	1.10294
13	24	15	0	0
14	33	33	3	0
Instant	55
1	616	26	1	0
2	22	17	0	0
3	499	38	4	0.623583
4	732	15	0	0
11	27	19	0	0
12	240	50	8	3.5473
13	22	15	0	0
14	31	31	3	0
Instant	56
1	626	26	1	0
2	33	15	0	0
3	533	35	4	0.656455
4	686	15	0	0
11	27	18	1	0
12	254	51	8	1.83824
13	23	15	0	0
14	29	32	3	0
Instant	57
1	621	26	1	0
2	27	17	0	0
3	508	39	6	0.444444
4	712	15	0	0
11	26	19	1	0
12	262	55	8	3.67647
13	23	15	0	0
14	31	32	3	0
Instant	58
1	559	26	2	0.463918
2	20	16	0	0
3	458	38	5	0.921376
4	759	15	0	0
11	25	19	1	0
12	260	53	8	1.18243
13	20	15	0	0
14	33	30	2	0
Instant	59
1	621	26	1	0.0481696
2	37	16	0	0
3	514	37	4	1.04396
4	774	15	0	0
11	26	19	1	0
12	265	47	9	2.94118
13	23	15	0	0
14	33	31	2	0
Instant	60
1	634	25	1	0.0462963
2	23	17	0	0
3	583	34	4	0
4	740	15	0	0
11	27	19	0	0
12	257	52	9	2.38971
13	25	15	0	0
14	33	34	4	0
Instant	61
1	588	26	1	0
2	10	17	0	0
3	550	35	5	0.313808
4	691	15	0	0
11	26	19	1	0
12	257	51	9	1.6369
13	24	15	0	0
14	29	33	4	0
Instant	62
1	586	27	1	0.295276
2	2	15	1	0
3	497	38	4	0.681818
4	735	15	0	0
11	26	19	0	0
12	283	51	8	1.65441
13	22	15	0	0
14	32	30	2	0
Instant	63
1	653	24	1	0
2	29	17	0	0
3	501	40	6	0.230947
4	771	15	0	0
11	28	19	0	0
12	305	57	7	0.551471
13	22	15	0	0
14	33	29	3	0
Instant	64
1	606	27	1	0
2	16	15	0	0
3	522	40	6	0.112867
4	830	15	0	0
11	26	19	0	0
12	235	59	10	4.39189
13	22	15	0	0
14	36	31	2	0
Instant	65
1	641	25	1	0
2	4	15	2	0
3	535	36	4	0.434783
4	935	15	0	0
11	28	18	0	0
12	281	51	10	1.10294
13	23	15	0	0
14	41	28	1	0
Instant	66
1	578	27	1	0
2	22	15	0	0
3	552	35	4	0.0527426
4	726	15	0	0
11	25	20	1	0
12	252	49	7	2.94118
13	24	15	0	0
14	31	32	3	0.809061
Instant	67
1	641	25	1	0
2	17	17	0	0
3	506	37	5	1.05791
4	619	15	0	0
11	27	19	1	0
12	231	47	7	3.88514
13	23	15	0	0
14	27	33	3	0
Instant	68
1	613	25	0	0
2	16	13	0	0
3	458	37	6	1.38221
4	647	15	0	0
11	26	20	0	0
12	287	49	8	1.36719
13	21	15	0	0
14	27	32	3	0
Instant	69
1	584	27	2	0.351406
2	6	13	0	0
3	501	39	4	0.400458
4	742	15	0	0
11	25	21	2	0
12	268	51	7	0.919118
13	22	15	0	0
14	32	31	3	0
Instant	70
1	606	26	1	0
2	14	14	0	0
3	532	37	4	0.433839
4	772	15	0	0
11	26	19	1	0
12	261	54	11	1.52027
13	23	15	0	0
14	33	32	3	0
Instant	71
1	639	25	0	0
2	31	15	0	0
3	519	39	5	0.391499
4	852	15	0	0
11	26	20	1	0
12	264	49	8	3.125
13	22	15	0	0
14	37	29	2	0
Instant	72
1	583	27	1	0.336538
2	15	18	1	0
3	546	35	4	0.322581
4	812	15	0	0
11	26	19	1	0
12	246	49	9	2.27273
13	23	15	0	0
14	36	33	3	0
Instant	73
1	599	27	1	0
2	26	18	0	0
3	532	38	5	0.268817
4	714	15	0	0
11	26	19	1	0
12	262	53	8	0
13	23	15	0	0
14	30	33	3	0
Instant	74
1	620	26	1	0
2	35	17	0	0
3	558	36	4	0
4	644	15	0	0
11	26	20	1	0
12	291	52	7	1.47059
13	23	15	0	0
14	27	30	3	0
Instant	75
1	622	25	1	0
2	39	17	0	0
3	510	37	5	0.619369
4	615	15	0	0
11	27	19	0	0
12	257	57	10	1.70455
13	22	15	0	0
14	26	30	3	0.477099
Instant	76
1	613	25	1	0.287356
2	35	16	0	0
3	504	39	6	0.568182
4	606	15	0	0
11	26	19	1	0.284091
12	261	52	9	2.77778
13	22	15	0	0
14	26	30	3	0
Instant	77
1	639	25	1	0
2	16	18	0	0
3	531	36	3	0.0545852
4	599	15	0	0
11	28	18	0	0
12	257	51	8	2.34375
13	23	15	0	0
14	25	31	3	0
Instant	78
1	613	26	1	0
2	40	17	0	0
3	527	36	4	0.657895
4	599	15	0	0
11	27	20	1	0
12	245	47	10	3.51562
13	23	15	0	0
14	26	31	3	0
Instant	79
1	620	27	1	0
2	26	15	0	0
3	510	36	4	0.558036
4	585	15	0	0
11	26	19	0	0
12	242	55	11	3.5473
13	22	15	0	0
14	25	33	4	0
Instant	80
1	605	25	1	0.291262
2	34	15	0	0
3	524	37	5	0.331858
4	613	15	0	0
11	26	19	1	0
12	254	53	8	1.32576
13	22	15	0	0
14	26	30	2	0
Instant	81
1	597	27	1	0
2	24	18	0	0
3	510	39	5	0.512528
4	614	15	0	0
11	26	19	0	0
12	238	47	7	2.65152
13	22	15	0	0
14	26	30	3	0
Instant	82
1	626	27	2	0
2	33	17	0	0
3	467	40	5	1.13909
4	605	15	0	0
11	26	19	1	0
12	249	56	11	3.57143
13	21	15	0	0
14	26	31	2	0
Instant	83
1	599	26	1	0
2	24	17	0	0
3	479	39	8	1.10465
4	599	15	0	0
11	27	19	1	0
12	283	53	9	0.94697
13	22	15	0	0
14	26	31	3	0
Instant	84
1	608	27	2	0
2	19	15	0	0
3	500	38	6	0.738636
4	585	15	0	0
11	26	19	0	0
12	240	56	10	3.40909
13	22	15	0	0
14	24	32	3	0.301205
Instant	85
1	598	26	1	0.291262
2	34	17	0	0
3	505	38	5	0.733634
4	600	15	0	0
11	26	19	1	0
12	254	52	9	1.92308
13	22	15	0	0
14	25	30	2	0.292969
Instant	86
1	614	26	1	0
2	17	16	0	0
3	541	35	3	0.0535332
4	605	15	0	0
11	26	20	1	0
12	304	52	8	0
13	23	15	0	0
14	26	31	2	0
Instant	87
1	597	26	1	0
2	31	16	0	0
3	508	38	6	0.913242
4	592	15	0	0
11	27	19	1	0
12	275	56	11	3.49265
13	22	15	0	0
14	26	32	3	0
Instant	88
1	527	26	1	1.00223
2	14	16	0	0
3	526	38	4	0.0548246
4	599	15	0	0
11	22	19	1	0
12	243	52	9	2.36486
13	23	15	0	0
14	25	32	4	0
Instant	89
1	591	25	1	0.283019
2	30	13	0	0
3	544	37	4	0.214592
4	578	15	0	0
11	27	19	1	0
12	269	51	9	1.28676
13	23	15	0	0
14	25	33	4	0
Instant	90
1	537	27	1	0.387168
2	52	15	0	0
3	526	38	6	0.333333
4	585	15	0	0
11	23	19	1	0
12	230	50	8	3.32031
13	23	15	0	0
14	25	32	3	0
Instant	91
1	629	25	0	0.228519
2	28	16	0	0
3	547	35	3	0.319149
4	571	15	0	0
11	27	19	0	0
12	243	53	9	2.7027
13	23	15	0	0
14	25	33	4	0
Instant	92
1	618	27	1	0.0491159
2	6	15	0	0
3	512	37	5	0.501114
4	599	15	0	0
11	25	19	0	0
12	277	48	10	2.84091
13	22	15	0	0
14	25	32	3	0
Instant	93
1	622	26	1	0
2	20	14	0	0
3	526	37	6	0.492341
4	600	15	0	0
11	27	19	1	0
12	222	53	9	3.97727
13	23	15	0	0
14	26	31	3	0
Instant	94
1	599	27	1	0
2	22	17	0	0
3	464	35	5	1.14183
4	612	15	0	0
11	26	19	0	0
12	232	56	8	3.20946
13	21	15	0	0
14	26	30	3	0
Instant	95
1	613	26	1	0.290698
2	15	18	0	0
3	540	35	4	0.687104
4	586	15	0	0
11	26	19	0	0
12	235	53	11	4.04412
13	24	15	0	0
14	24	33	3	0
Instant	96
1	564	26	2	0.742574
2	16	17	0	0
3	521	35	5	0.504484
4	584	15	0	0
11	25	19	1	0
12	248	52	10	2.57353
13	22	15	0	0
14	25	32	4	0
Instant	97
1	603	27	2	0
2	23	15	0	0
3	548	37	4	0.157233
4	571	15	0	0
11	25	19	1	0
12	269	52	7	0.762195
13	24	15	0	0
14	24	33	4	0.308642
Instant	98
1	593	27	1	0.147638
2	27	16	0	0
3	514	37	5	0.620767
4	576	15	0	0
11	26	19	1	0
12	264	53	10	2.75735
13	22	15	0	0
14	24	32	3	0.304878
Instant	99
1	548	25	1	0.368421
2	22	15	0	0
3	450	40	7	1.6226
4	607	15	0	0
11	24	18	1	0
12	297	53	8	0.735294
13	21	15	0	0
14	26	31	3	0
Instant	100
1	621	24	1	0.330813
2	37	15	0	0
3	532	35	4	0.326797
4	627	15	0	0
11	27	19	1	0
12	257	50	7	2.36486
13	23	15	0	0
14	26	30	3	0
Instant	101
1	613	27	1	0
2	12	15	0	0
3	508	37	5	0.740319
4	592	15	0	0
11	27	18	0	0
12	294	52	11	0.367647
13	22	15	0	0
14	26	31	3	0
Instant	102
1	618	26	2	0
2	13	17	0	0
3	551	37	5	0
4	613	15	0	0
11	27	19	1	0
12	238	53	11	3.86029
13	23	15	0	0
14	26	31	2	0
Instant	103
1	611	28	1	0
2	31	18	0	0
3	533	37	5	0.16129
4	599	15	0	0
11	26	19	1	0
12	267	49	8	0.675676
13	24	15	0	0
14	26	31	3	0
Instant	104
1	599	26	1	0.287356
2	30	17	0	0
3	502	37	5	0.512528
4	614	15	0	0
11	26	18	0	0
12	277	55	8	1.10294
13	22	15	0	0
14	26	31	3	0
Instant	105
1	648	25	1	0
2	7	18	0	0
3	533	39	6	0.0553097
4	578	15	0	0
11	28	18	1	0
12	249	54	8	2.57353
13	23	15	0	0
14	25	33	4	0
Instant	106
1	620	26	1	0
2	20	16	0	0
3	513	38	4	0.336323
4	557	15	0	0
11	26	19	1	0
12	255	48	8	2.02703
13	22	15	0	0
14	23	35	4	0
Instant	107
1	604	26	1	0
2	31	16	0	0
3	516	36	4	0.388027
4	612	15	0	0
11	27	19	1	0
12	274	53	9	1.65441
13	23	15	0	0
14	27	30	3	0
Instant	108
1	592	27	1	0.297619
2	28	16	0	0
3	536	36	4	0.701944
4	599	15	0	0
11	25	19	1	0
12	239	53	10	3.49265
13	23	15	0	0
14	25	32	3	0
Instant	109
1	619	27	1	0
2	42	15	0	0
3	502	37	4	0.512528
4	578	15	0	0
11	26	18	0	0
12	239	53	10	2.67857
13	22	15	0	0
14	25	32	4	0
Instant	110
1	600	26	1	0
2	31	16	0	0
3	546	36	5	0.319829
4	599	15	0	0
11	26	20	1	0
12	265	51	8	3.32031
13	24	15	0	0
14	25	31	3	0.294118
Instant	111
1	617	26	1	0.328947
2	7	17	0	0
3	518	37	5	0.547046
4	620	15	0	0
11	27	18	0	0
12	281	54	9	2.20588
13	23	15	0	0
14	26	30	2	0
Instant	112
1	613	25	1	0
2	31	15	0	0
3	531	35	3	0.655022
4	585	15	0	0
11	26	20	1	0
12	240	47	8	2.36486
13	23	15	0	0
14	25	32	3	0
Instant	113
1	491	28	2	0.750577
2	11	16	0	0
3	528	38	6	0.217391
4	592	15	0	0
11	22	19	1	0
12	233	47	9	2.94118
13	23	15	0	0
14	25	32	4	0
Instant	114
1	614	25	1	0.287908
2	29	15	0	0
3	528	39	5	0.111111
4	592	15	0	0
11	26	20	1	0
12	281	55	9	1.83824
13	22	15	0	0
14	26	32	3	0
Instant	115
1	627	26	1	0
2	16	16	0	0
3	479	39	6	1.10981
4	592	15	0	0
11	27	19	0	0
12	245	49	8	2.53378
13	21	15	0	0
14	25	32	4	0
Instant	116
1	627	25	1	0
2	35	17	0	0
3	535	35	4	0.323276
4	585	15	0	0
11	27	19	1	0
12	268	49	8	3.125
13	23	15	0	0
14	25	32	3	0
Instant	117
1	604	28	2	0
2	21	18	0	0
3	498	39	5	0.642523
4	613	15	0	0
11	26	19	1	0
12	254	53	8	2.38971
13	21	15	0	0
14	26	30	2	0
Instant	118
1	588	27	1	0.30426
2	22	16	0	0
3	525	39	5	0
4	606	15	0	0
11	25	19	0	0
12	265	51	8	0.844595
13	22	15	0	0
14	26	31	3	0
Instant	119
1	581	27	1	0.0502008
2	20	13	0	0
3	511	38	4	0.400458
4	592	15	0	0
11	25	18	0	0
12	264	49	10	3.125
13	22	15	0	0
14	26	31	3	0
