	T	D	J	LP
Instant	0
1	0	0	0	0
2	0	0	0	0
3	0	0	0	0
4	0	0	0	0
11	0	0	0	0
12	0	0	0	0
13	0	0	0	0
14	0	0	0	0
Instant	1
1	300	27	1	0
2	3	14	0	0
3	263	32	3	0
4	557	17	0	0
11	12	18	0	0
12	138	42	5	0
13	11	15	0	0
14	18	29	1	0
Instant	2
1	1032	29	2	1.21436
2	46	20	0	0
3	1032	47	5	0.77951
4	4376	21	0	0
11	49	18	0	0
12	325	46	6	0
13	47	15	0	0
14	192	27	1	0
Instant	3
1	984	31	3	1.37749
2	27	16	0	0
3	995	39	6	0.573394
4	3924	19	0	0
11	44	19	1	0
12	309	50	7	0.735294
13	44	15	0	0
14	177	27	1	0
Instant	4
1	949	28	3	0.63253
2	28	17	0	0
3	915	35	4	1.60606
4	2482	16	0	0
11	43	19	0	0
12	286	48	6	0
13	42	15	0	0
14	106	29	1	0.426136
Instant	5
1	881	27	1	0.2
2	35	16	0	0
3	757	39	5	2.06522
4	1640	16	0	0
11	38	18	0	0
12	297	46	7	0.735294
13	35	15	0	0
14	71	30	1	0.537249
Instant	6
1	791	27	2	0
2	7	17	0	0
3	821	34	4	0.671853
4	1262	16	0	0
11	34	20	1	0
12	272	50	7	0.735294
13	36	15	0	0
14	56	28	1	0.372439
Instant	7
1	805	27	1	0
2	19	16	0	0
3	633	33	5	0.851254
4	1163	16	0	0
11	36	19	0	0
12	273	43	5	0
13	28	15	0	0
14	51	29	2	0
Instant	8
1	835	27	2	0.211864
2	39	15	0	0
3	561	31	3	1.54076
4	959	15	0	0
11	36	19	1	0
12	280	48	8	0.367647
13	25	15	0	0
14	40	29	2	0.305623
Instant	9
1	931	25	2	0
2	22	14	0	0
3	693	31	3	0.0840336
4	882	15	0	0
11	41	19	1	0
12	273	45	6	0
13	30	15	0	0
14	38	31	2	0
Instant	10
1	838	27	2	0
2	5	17	0	0
3	701	33	4	0.45156
4	867	15	0	0
11	36	18	1	0
12	258	45	5	0.675676
13	31	15	0	0
14	36	31	3	0
Instant	11
1	799	27	1	0
2	31	16	0	0
3	670	35	4	0.173611
4	872	15	0	0
11	34	19	0	0
12	278	44	5	0.551471
13	29	15	0	0
14	39	31	2	0
Instant	12
1	853	26	1	0.207469
2	43	15	0	0
3	723	31	3	0.280899
4	881	15	0	0
11	37	18	0	0
12	254	48	6	0.919118
13	31	15	0	0
14	38	30	2	0
Instant	13
1	745	25	2	0.547731
2	27	15	0	0
3	605	35	4	1.53986
4	858	15	0	0
11	33	19	0	0
12	253	48	6	2.08333
13	28	15	0	0
14	36	32	2	0
Instant	14
1	593	27	2	0.333969
2	10	15	0	0
3	652	30	2	0.66726
4	891	15	0	0
11	27	20	1	0
12	286	45	5	1.65441
13	28	15	0	0
14	39	30	2	0
Instant	15
1	700	28	2	0
2	37	15	0	0
3	668	30	2	0.0433276
4	879	15	0	0
11	30	19	1	0
12	279	49	6	2.38971
13	29	15	0	0
14	38	30	2	0
Instant	16
1	785	27	1	0.364964
2	17	16	0	0
3	654	34	4	0.866551
4	886	15	0	0
11	34	19	0	0
12	266	49	7	0.337838
13	29	15	0	0
14	38	29	2	0
Instant	17
1	643	28	3	0.546448
2	24	16	0	0
3	689	32	3	0.412541
4	847	15	0	0
11	28	19	0	0.359712
12	270	48	6	1.65441
13	30	15	0	0
14	37	31	3	0
Instant	18
1	562	26	1	1.05422
2	40	15	0	0
3	712	32	3	1.13269
4	855	15	0	0
11	25	19	0	0
12	266	50	8	0.367647
13	32	15	0	0
14	36	29	2	0
Instant	19
1	634	26	1	0
2	21	15	0	0
3	689	33	4	0
4	839	15	0	0
11	27	18	0	0
12	268	47	8	0.168919
13	30	15	0	0
14	37	30	2	0
Instant	20
1	530	30	3	0.0544662
2	26	18	0	0
3	702	34	3	0.724638
4	822	15	0	0
11	23	19	1	0.331858
12	289	47	6	0
13	31	15	0	0
14	35	30	2	0
Instant	21
1	619	26	1	0
2	21	17	0	0
3	657	33	3	1.1658
4	834	15	0	0
11	27	18	0	0
12	271	47	6	0
13	30	15	0	0
14	36	30	2	0
Instant	22
1	628	26	2	0
2	20	16	0	0
3	617	29	4	1.18182
4	823	15	0	0
11	27	19	0	0
12	260	46	7	1.18243
13	28	15	0	0
14	35	29	2	0.213675
Instant	23
1	587	27	1	0
2	38	19	0	0
3	654	35	4	0.0904159
4	839	15	0	0
11	26	20	1	0
12	286	51	7	0
13	28	15	0	0
14	36	30	2	0
Instant	24
1	606	25	1	0.297619
2	16	17	0	0
3	598	32	2	0.239464
4	827	15	0	0
11	25	19	0	0
12	270	46	6	0
13	26	15	0	0
14	35	30	2	0.213068
Instant	25
1	592	26	1	0
2	19	16	0	0
3	594	33	3	0.826848
4	819	15	0	0
11	25	19	1	0.297619
12	259	48	7	1.19048
13	26	15	0	0
14	36	30	2	0
Instant	26
1	597	27	1	0
2	18	17	0	0
3	514	32	3	0.927948
4	797	15	0	0
11	25	20	1	0
12	308	44	5	0.919118
13	23	15	0	0
14	34	31	2	0.294985
Instant	27
1	622	27	2	0
2	35	14	0	0
3	606	32	3	0
4	792	15	0	0
11	26	19	1	0
12	271	49	8	2.02206
13	26	15	0	0
14	35	29	2	0
Instant	28
1	533	27	1	0.476695
2	44	14	0	0
3	518	32	4	0.782998
4	796	15	0	0
11	24	19	1	0
12	269	48	7	0.694444
13	22	15	0	0
14	34	29	2	0
Instant	29
1	582	27	1	0.308642
2	38	16	0	0
3	646	31	2	0
4	794	15	0	0
11	24	20	1	0
12	283	48	7	1.47059
13	28	15	0	0
14	34	29	2	0
Instant	30
1	585	26	1	0
2	25	18	0	0
3	620	32	3	0.469043
4	784	15	0	0
11	26	20	1	0
12	266	45	5	1.47059
13	27	15	0	0
14	34	30	2	0
Instant	31
1	625	26	1	0.285171
2	38	17	0	0
3	607	31	3	0.75188
4	772	15	0	0
11	27	18	0	0
12	275	48	8	0
13	27	15	0	0
14	33	31	3	0
Instant	32
1	606	27	1	0
2	35	16	0	0
3	640	30	2	0.361664
4	762	15	0	0
11	26	19	0	0
12	296	48	7	0
13	28	15	0	0
14	34	31	2	0
Instant	33
1	613	27	1	0
2	18	17	0	0
3	634	34	4	0.137112
4	791	15	0	0
11	26	19	0	0
12	249	43	5	2.38971
13	28	15	0	0
14	33	29	2	0
Instant	34
1	627	26	1	0
2	26	15	0	0
3	628	35	4	0.418216
4	717	15	0	0
11	26	19	1	0
12	270	44	7	0
13	27	15	0	0
14	30	30	3	0.245098
Instant	35
1	614	26	1	0.0462963
2	43	17	0	0
3	660	32	3	0.175131
4	754	15	0	0
11	27	19	1	0
12	284	44	6	0.367647
13	29	15	0	0
14	33	28	2	0
Instant	36
1	574	25	1	0.698603
2	37	14	0	0
3	564	30	2	0.608519
4	741	15	0	0
11	25	19	0	0
12	273	44	5	0
13	25	15	0	0
14	32	29	2	0
Instant	37
1	621	26	1	0
2	37	16	0	0
3	599	30	1	0.574713
4	739	15	0	0
11	27	19	0	0
12	262	49	8	0.446429
13	26	15	0	0
14	32	29	2	0
Instant	38
1	616	25	1	0
2	23	17	0	0
3	565	32	2	0.36157
4	708	15	0	0
11	26	21	2	0
12	314	47	5	0
13	24	15	0	0
14	30	31	4	0
Instant	39
1	618	25	1	0
2	12	16	0	0
3	528	33	3	0.873362
4	768	15	0	0
11	27	19	0	0
12	300	46	6	0
13	23	15	0	0
14	33	29	2	0
Instant	40
1	581	28	1	0
2	6	16	0	0
3	554	34	3	0.103734
4	752	15	0	0
11	24	19	1	0.3
12	272	44	6	0
13	24	15	0	0
14	33	33	3	0
Instant	41
1	593	26	1	0.144231
2	34	15	0	0
3	585	32	4	0.439453
4	782	15	0	0
11	26	20	1	0
12	288	46	6	0
13	26	15	0	0
14	34	29	2	0.225225
Instant	42
1	621	26	1	0
2	23	15	0	0
3	574	34	3	0.152749
4	799	15	0	0
11	26	19	1	0
12	271	46	5	0.919118
13	25	15	0	0
14	34	29	2	0
Instant	43
1	618	26	1	0
2	26	17	0	0
3	597	32	2	0.346535
4	766	15	0	0
11	27	19	1	0
12	257	49	7	0.337838
13	25	15	0	0
14	34	31	3	0
Instant	44
1	618	27	1	0
2	23	16	0	0
3	563	35	4	0.101626
4	804	15	0	0
11	26	19	0	0
12	295	47	5	0.735294
13	25	15	0	0
14	34	29	2	0
Instant	45
1	606	27	1	0
2	18	19	0	0
3	594	33	3	0.05
4	782	15	0	0
11	27	18	0	0
12	259	49	5	1.28676
13	25	15	0	0
14	33	29	2	0.225225
Instant	46
1	627	25	1	0
2	12	16	0	0
3	602	32	2	0
4	803	15	0	0
11	27	19	1	0
12	249	50	7	2.36486
13	25	15	0	0
14	35	30	3	0
Instant	47
1	599	26	1	0.297619
2	30	17	0	0
3	524	33	4	1.0846
4	781	15	0	0
11	25	19	1	0
12	248	44	8	4.22794
13	23	15	0	0
14	35	29	2	0
Instant	48
1	585	28	1	0
2	12	16	0	0
3	553	32	3	0.30426
4	785	15	0	0
11	26	19	1	0
12	272	47	7	0
13	25	15	0	0
14	34	30	2	0
Instant	49
1	613	26	1	0
2	27	15	0	0
3	601	31	3	0.486381
4	767	15	0	0
11	26	20	1	0
12	253	48	6	0.892857
13	26	15	0	0
14	32	31	2	0
Instant	50
1	620	26	1	0
2	36	17	0	0
3	584	32	3	0.343137
4	803	15	0	0
11	26	19	1	0
12	319	47	6	0
13	26	15	0	0
14	35	30	3	0
Instant	51
1	612	27	1	0
2	19	17	0	0
3	493	36	5	0.733634
4	812	15	0	0
11	26	18	0	0
12	280	46	6	0
13	22	15	0	0
14	36	28	2	0
Instant	52
1	620	25	1	0.28463
2	25	16	0	0
3	528	34	3	1.2419
4	774	15	0	0
11	26	19	0	0
12	236	46	8	1.73611
13	23	15	0	0
14	33	31	2	0
Instant	53
1	628	25	1	0
2	12	16	0	0
3	599	31	2	0.0490196
4	767	15	0	0
11	27	18	0	0
12	288	48	7	1.47059
13	25	15	0	0
14	33	30	3	0.229358
Instant	54
1	627	25	1	0
2	16	15	0	0
3	572	34	3	0.352823
4	770	15	0	0
11	27	20	1	0
12	252	48	6	2.02206
13	25	15	0	0
14	34	31	3	0
Instant	55
1	598	28	2	0.199203
2	30	17	0	0
3	587	29	3	0.442913
4	798	15	0	0
11	25	18	1	0
12	258	48	6	1.85811
13	26	15	0	0
14	34	29	2	0
Instant	56
1	592	27	1	0.0478927
2	36	16	0	0
3	544	33	4	1.04822
4	787	15	0	0
11	26	20	1	0
12	266	44	6	2.02206
13	24	15	0	0
14	33	29	2	0.223881
Instant	57
1	623	25	1	0
2	21	16	0	0
3	579	32	4	0.394477
4	796	15	0	0
11	27	19	1	0
12	256	48	8	2.02206
13	26	15	0	0
14	35	29	2	0
Instant	58
1	625	27	2	0.142045
2	5	19	0	0
3	619	31	2	0
4	803	15	0	0
11	27	19	0	0
12	275	49	7	0
13	27	15	0	0
14	34	30	3	0
Instant	59
1	571	28	2	0.301811
2	27	17	0	0
3	606	31	3	0.147059
4	775	15	0	0
11	25	19	1	0
12	282	44	6	1.10294
13	26	15	0	0
14	34	30	2	0
Instant	60
1	592	28	1	0
2	30	15	0	0
3	593	29	1	0.289017
4	803	15	0	0
11	24	20	1	0
12	239	45	8	3.86029
13	26	15	0	0
14	34	29	2	0
Instant	61
1	621	26	1	0
2	25	14	0	0
3	571	34	3	0.362319
4	781	15	0	0
11	27	19	0	0
12	273	46	5	0.297619
13	24	15	0	0
14	34	30	2	0
Instant	62
1	581	27	1	0
2	19	15	0	0
3	601	31	3	0
4	768	15	0	0
11	25	20	1	0
12	295	43	6	1.65441
13	26	15	0	0
14	32	33	3	0
Instant	63
1	533	25	1	0.646552
2	19	16	0	0
3	588	33	3	0.355691
4	783	15	0	0
11	23	19	1	0
12	293	47	5	0.919118
13	25	15	0	0
14	34	30	3	0
Instant	64
1	625	25	1	0
2	44	16	0	0
3	592	31	3	0.285171
4	799	15	0	0
11	27	19	1	0
12	269	50	7	1.18243
13	27	15	0	0
14	34	28	2	0
Instant	65
1	570	26	1	0.309278
2	39	16	0	0
3	608	32	3	0.0484496
4	765	15	0	0
11	24	21	1	0
12	271	47	8	1.10294
13	26	15	0	0
14	34	31	3	0
Instant	66
1	612	25	1	0.281426
2	24	16	0	0
3	619	31	2	0
4	804	15	0	0
11	27	21	1	0
12	248	46	6	5.14706
13	26	15	0	0
14	33	30	3	0
Instant	67
1	592	26	1	0.297619
2	13	18	0	0
3	613	31	2	0.0478927
4	798	15	0	0
11	25	19	1	0
12	267	48	7	0
13	26	15	0	0
14	35	29	2	0
Instant	68
1	520	27	1	0.380435
2	3	15	1	0
3	589	33	2	0
4	778	15	0	0
11	23	19	1	0.331858
12	272	41	6	1.75781
13	26	15	0	0
14	33	31	3	0
Instant	69
1	581	27	2	0.302419
2	35	16	0	0
3	595	30	2	0.288462
4	786	15	0	0
11	25	20	1	0
12	278	50	6	0
13	26	15	0	0
14	33	29	2	0.223881
Instant	70
1	635	25	1	0
2	31	15	0	0
3	576	29	2	0.64741
4	771	15	0	0
11	27	18	0	0
12	240	45	8	3.20946
13	25	15	0	0
14	34	30	3	0
Instant	71
1	571	29	1	0.301205
2	16	13	0	0
3	619	31	2	0.0478927
4	802	15	0	0
11	25	18	1	0
12	287	47	7	0
13	26	15	0	0
14	34	29	2	0
Instant	72
1	627	24	0	0
2	7	14	0	0
3	551	31	2	0.765306
4	762	15	0	0
11	27	20	1	0
12	273	48	8	0.568182
13	25	15	0	0
14	33	31	3	0
Instant	73
1	620	28	1	0
2	32	15	0	0
3	625	30	2	0.0473485
4	789	15	0	0
11	26	18	0	0
12	243	44	6	1.52439
13	26	15	0	0
14	33	30	3	0
Instant	74
1	620	26	1	0
2	18	16	0	0
3	610	31	1	0
4	812	15	0	0
11	26	20	1	0
12	307	45	6	0
13	26	15	0	0
14	35	29	2	0
Instant	75
1	604	27	2	0
2	21	16	0	0
3	549	32	2	0.360825
4	788	15	0	0
11	26	19	1	0
12	295	52	8	0
13	25	15	0	0
14	35	30	2	0
Instant	76
1	632	25	0	0
2	22	18	0	0
3	627	31	2	0.466418
4	781	15	0	0
11	27	19	0	0
12	255	46	7	1.21528
13	27	15	0	0
14	33	31	3	0
Instant	77
1	585	27	2	0.298211
2	10	17	0	0
3	594	32	3	0.374532
4	782	15	0	0
11	25	19	1	0
12	295	46	9	0
13	27	15	0	0
14	34	29	2	0
Instant	78
1	618	25	1	0
2	18	16	0	0
3	537	37	5	1.39785
4	775	15	0	0
11	26	18	0	0.570342
12	267	44	7	0.78125
13	24	15	0	0
14	34	31	2	0
Instant	79
1	602	24	1	0
2	24	16	0	0
3	603	32	3	0
4	795	15	0	0
11	26	20	1	0
12	264	47	7	1.01351
13	26	15	0	0
14	34	30	2	0
Instant	80
1	641	25	1	0
2	16	16	0	0
3	604	30	2	0.285171
4	778	15	0	0
11	27	18	1	0
12	278	47	7	0.94697
13	26	15	0	0
14	33	30	2	0.226586
Instant	81
1	634	25	1	0
2	30	17	0	0
3	569	33	4	0.358607
4	802	15	0	0
11	27	18	0	0
12	258	44	6	1.32576
13	24	15	0	0
14	35	29	2	0
Instant	82
1	614	27	1	0.140977
2	13	18	0	0
3	588	33	5	0.245098
4	761	15	0	0
11	27	18	0	0
12	260	47	8	1.07143
13	26	15	0	0
14	33	30	2	0.462963
Instant	83
1	611	26	1	0
2	17	16	0	0
3	606	32	2	0
4	803	15	0	0
11	26	20	1	0
12	285	45	6	0.189394
13	26	15	0	0
14	34	29	2	0
Instant	84
1	619	26	1	0
2	36	16	0	0
3	576	30	3	0.309917
4	789	15	0	0
11	27	18	0	0
12	243	46	4	3.0303
13	24	15	0	0
14	34	30	2	0
Instant	85
1	575	27	2	0.295276
2	25	15	0	0
3	543	33	3	0.306748
4	783	15	0	0
11	25	19	1	0
12	244	43	6	2.40385
13	24	15	0	0
14	34	30	2	0
Instant	86
1	620	26	1	0
2	11	17	0	0
3	595	32	4	0.494071
4	803	15	0	0
11	27	19	1	0
12	306	44	6	1.47059
13	25	15	0	0
14	35	28	2	0
Instant	87
1	628	25	1	0
2	35	15	0	0
3	607	32	3	0
4	809	15	0	0
11	27	19	0	0
12	269	48	6	0.735294
13	26	15	0	0
14	35	28	2	0
Instant	88
1	620	27	1	0
2	31	16	0	0
3	604	32	3	0
4	782	15	0	0
11	26	19	0	0
12	269	46	8	1.35135
13	26	15	0	0
14	33	30	2	0
Instant	89
1	600	27	2	0
2	36	17	0	0
3	513	33	3	0.712719
4	782	15	0	0
11	26	18	0	0
12	259	47	9	2.57353
13	23	15	0	0
14	34	30	3	0
Instant	90
1	619	26	1	0.280899
2	29	18	0	0
3	547	32	3	0.867347
4	803	15	0	0
11	27	18	0	0
12	267	47	7	0.585938
13	24	15	0	0
14	34	29	2	0
Instant	91
1	606	26	1	0
2	30	17	0	0
3	560	33	4	0.368421
4	778	15	0	0
11	25	19	1	0.290698
12	263	51	7	0.675676
13	24	15	0	0
14	34	30	3	0
Instant	92
1	600	27	1	0
2	30	15	0	0
3	568	33	2	0.448207
4	755	15	0	0
11	25	20	1	0
12	277	46	8	0.94697
13	25	15	0	0
14	33	31	3	0
Instant	93
1	563	29	2	0.0514403
2	28	15	0	0
3	598	32	4	0.0502008
4	749	15	0	0
11	24	20	1	0
12	273	47	7	0
13	25	15	0	0
14	32	29	2	0
Instant	94
1	641	25	0	0
2	17	14	0	0
3	541	31	3	0.684211
4	729	15	0	0
11	28	19	0	0
12	259	48	5	0.675676
13	24	15	0	0
14	32	30	3	0
Instant	95
1	627	26	1	0
2	27	14	0	0
3	521	35	4	0.712719
4	721	15	0	0
11	27	18	0	0
12	286	46	7	0
13	23	15	0	0
14	31	32	3	0
Instant	96
1	620	26	1	0
2	27	14	0	0
3	583	31	3	0.292398
4	740	15	0	0
11	26	20	1	0
12	268	48	6	0
13	26	15	0	0
14	32	29	2	0
Instant	97
1	603	27	2	0
2	36	15	0	0
3	562	32	3	0.308642
4	735	15	0	0
11	26	19	0	0
12	262	48	7	0.762195
13	25	15	0	0
14	32	28	2	0
Instant	98
1	606	26	1	0
2	23	16	0	0
3	614	30	2	0.333969
4	715	15	0	0
11	26	20	1	0
12	305	45	6	0.735294
13	26	15	0	0
14	31	30	3	0
Instant	99
1	599	26	1	0.284091
2	18	16	0	0
3	602	32	4	0.0484496
4	653	15	0	0
11	26	19	1	0
12	256	47	5	3.125
13	26	15	0	0
14	28	32	3	0
Instant	100
1	627	25	1	0
2	26	15	0	0
3	577	32	2	0.496032
4	680	15	0	0
11	27	19	1	0
12	263	51	8	1.35135
13	25	15	0	0
14	29	30	3	0
Instant	101
1	656	26	1	0
2	20	15	0	0
3	592	33	2	0.19685
4	676	15	0	0
11	27	18	0	0
12	271	49	7	0.919118
13	26	15	0	0
14	30	29	2	0
Instant	102
1	605	27	2	0.0468165
2	16	17	0	0
3	610	30	2	0.288462
4	669	15	0	0
11	27	18	1	0
12	255	46	6	3.30882
13	26	15	0	0
14	29	30	3	0
Instant	103
1	622	24	0	0.285171
2	28	16	0	0
3	596	31	2	0.145349
4	661	15	0	0
11	26	19	1	0
12	262	48	7	1.01351
13	26	15	0	0
14	28	31	2	0
Instant	104
1	602	26	2	0
2	37	15	0	0
3	572	32	2	0.303644
4	692	15	0	0
11	26	19	1	0
12	280	46	6	1.28676
13	25	15	0	0
14	29	29	2	0
Instant	105
1	599	27	2	0
2	23	16	0	0
3	561	29	2	0.771605
4	675	15	0	0
11	25	20	1	0
12	250	47	6	1.83824
13	25	15	0	0
14	29	29	3	0
Instant	106
1	627	26	1	0
2	19	15	0	0
3	615	31	3	0.595238
4	685	15	0	0
11	27	18	0	0
12	274	47	8	0
13	27	15	0	0
14	29	29	2	0
Instant	107
1	585	26	1	0
2	23	15	0	0
3	523	36	5	0.597826
4	691	15	0	0
11	25	21	1	0
12	286	45	6	0.735294
13	23	15	0	0
14	30	28	2	0
Instant	108
1	612	26	1	0
2	32	14	0	0
3	628	32	3	0.465549
4	676	15	0	0
11	26	19	1	0
12	263	47	6	0.919118
13	27	15	0	0
14	29	30	3	0
Instant	109
1	601	25	1	0.29703
2	18	15	0	0
3	609	34	3	0.143678
4	660	15	0	0
11	25	19	1	0
12	264	50	6	0.446429
13	26	15	0	0
14	28	31	3	0
Instant	110
1	634	25	1	0
2	16	14	1	0
3	584	33	4	0.394477
4	672	15	0	0
11	27	18	0	0
12	310	45	7	0.976562
13	26	15	0	0
14	30	30	2	0
Instant	111
1	616	26	1	0.0466418
2	17	16	0	0
3	561	31	2	0.363825
4	689	15	0	0
11	27	19	1	0
12	268	52	7	1.28676
13	24	15	0	0
14	29	28	2	0
Instant	112
1	603	27	1	0
2	47	16	0	0
3	564	31	3	0.306122
4	687	15	0	0
11	26	19	1	0
12	263	48	6	0.337838
13	25	15	0	0
14	29	30	2	0
Instant	113
1	620	26	1	0
2	13	15	0	0
3	612	32	3	0
4	660	15	0	0
11	26	20	1	0
12	284	49	9	0.735294
13	26	15	0	0
14	29	30	3	0
Instant	114
1	606	27	1	0
2	32	13	0	0
3	540	33	3	0.370763
4	686	15	0	0
11	26	18	0	0
12	259	48	7	0
13	24	15	0	0
14	29	30	3	0
Instant	115
1	620	27	1	0
2	27	15	0	0
3	578	33	3	0.40404
4	677	15	0	0
11	26	18	0	0
12	252	46	6	1.18243
13	25	15	0	0
14	30	29	3	0
Instant	116
1	641	25	1	0
2	19	17	0	0
3	572	31	3	0.35
4	685	15	0	0
11	27	18	0	0
12	268	43	7	4.96324
13	25	15	0	0
14	29	30	2	0
Instant	117
1	590	27	2	0
2	22	16	0	0
3	574	32	3	0.352113
4	682	15	0	0
11	25	20	1	0
12	260	44	6	1.28676
13	25	15	0	0
14	29	29	2	0
Instant	118
1	627	25	1	0
2	12	16	0	0
3	561	32	3	0.671488
4	642	15	0	0
11	26	20	1	0
12	262	50	4	1.18243
13	24	15	0	0
14	28	32	3	0
Instant	119
1	567	26	1	0.295276
2	21	16	0	0
3	602	32	2	0.0480769
4	691	15	0	0
11	26	19	1	0
12	275	46	6	1.10294
13	26	15	0	0
14	30	28	2	0
