	T	D	J	LP
Instant	0
1	0	0	0	0
2	0	0	0	0
3	0	0	0	0
4	0	0	0	0
11	0	0	0	0
12	0	0	0	0
13	0	0	0	0
14	0	0	0	0
Instant	1
1	339	30	2	0
2	5	13	0	0
3	238	35	4	0
4	353	16	0	0
11	13	19	0	0
12	118	50	11	2.44565
13	11	15	0	0
14	12	31	3	0
Instant	2
1	1276	32	3	0.976043
2	44	15	0	0
3	914	40	5	1.7199
4	1717	16	0	0
11	58	18	0	0
12	290	56	9	2.20588
13	42	15	0	0
14	71	29	1	0.478796
Instant	3
1	1172	31	3	0.246063
2	23	15	0	0
3	954	39	5	0.548112
4	1686	16	0	0
11	52	19	0	0
12	304	59	10	2.20588
13	42	15	0	0
14	76	32	1	0.628492
Instant	4
1	1043	31	3	0.396825
2	49	15	0	0
3	786	40	5	0.33284
4	1368	15	0	0
11	45	19	0	0
12	265	55	10	1.68919
13	34	15	0	0
14	57	31	2	0.51458
Instant	5
1	948	28	3	0
2	31	15	0	0
3	815	38	4	0.390625
4	1346	15	0	0
11	41	19	1	0
12	274	53	10	3.125
13	36	15	0	0
14	59	32	2	0
Instant	6
1	980	28	2	0
2	5	16	0	0
3	747	35	5	0.504658
4	1098	15	0	0
11	43	18	1	0
12	249	53	11	3.30882
13	33	15	0	0
14	48	32	2	0
Instant	7
1	1003	29	3	0.0293772
2	22	15	0	0
3	658	35	4	0.357143
4	1264	15	0	0
11	43	18	0	0
12	246	51	10	3.5473
13	28	15	0	0
14	55	30	1	0
Instant	8
1	858	28	2	0.237772
2	49	16	0	0
3	621	36	4	0.327103
4	1229	15	0	0
11	37	18	0	0
12	274	53	8	0.919118
13	27	15	0	0
14	53	31	1	0
Instant	9
1	813	27	2	0.0725689
2	14	16	0	0
3	589	36	4	0.536062
4	1097	15	0	0
11	35	19	1	0
12	250	52	10	2.20588
13	26	15	0	0
14	48	30	1	0
Instant	10
1	782	31	3	0
2	26	17	0	0
3	555	34	4	0.408998
4	862	15	0	0
11	33	18	0	0
12	261	58	9	0.337838
13	24	15	0	0
14	38	31	2	0
Instant	11
1	806	29	3	0
2	19	16	0	0
3	625	33	4	1.04545
4	795	15	0	0
11	35	19	1	0
12	274	55	10	0.919118
13	27	15	0	0
14	35	31	3	0
Instant	12
1	743	28	2	0
2	21	14	0	0
3	633	35	3	0.0917431
4	735	15	0	0
11	32	19	1	0
12	247	54	9	2.57353
13	27	15	0	0
14	30	34	4	0
Instant	13
1	688	30	2	0.424448
2	10	17	0	0
3	586	35	5	0.302419
4	859	15	0	0
11	30	18	1	0
12	256	55	11	1.4881
13	25	15	0	0
14	37	30	2	0
Instant	14
1	617	31	3	0
2	16	17	0	0
3	629	35	4	0.046729
4	959	15	0	0
11	26	19	0	0
12	279	53	9	2.57353
13	27	15	0	0
14	41	30	2	0.245098
Instant	15
1	681	25	1	0
2	13	14	0	0
3	627	33	4	0
4	1153	15	0	0
11	30	19	1	0
12	272	52	9	2.38971
13	27	15	0	0
14	51	30	2	0
Instant	16
1	745	28	2	0
2	33	13	0	0
3	593	36	5	0.445545
4	1016	15	0	0
11	31	19	0	0
12	257	58	9	2.02703
13	25	15	0	0
14	44	30	2	0.635104
Instant	17
1	720	29	2	0
2	34	16	0	0
3	580	36	4	0.0499002
4	947	15	0	0
11	31	19	0	0
12	267	52	9	0.735294
13	25	15	0	0
14	41	31	2	0
Instant	18
1	640	28	2	0
2	36	15	0	0
3	572	35	4	0.102459
4	870	15	0	0
11	28	18	0	0
12	275	55	9	0.919118
13	25	15	0	0
14	36	30	2	0.269542
Instant	19
1	640	27	2	0.315884
2	24	16	1	0
3	571	34	4	0.256148
4	750	15	0	0
11	28	19	1	0
12	224	51	8	3.71622
13	24	15	0	0
14	32	30	2	0.471698
Instant	20
1	602	30	3	0.671785
2	51	18	0	0
3	559	36	5	0.311203
4	677	15	0	0
11	26	18	0	0
12	270	52	10	2.02206
13	24	15	0	0
14	29	33	3	0
Instant	21
1	634	28	2	0
2	30	14	0	0
3	560	36	4	0
4	699	15	0	0
11	27	20	1	0
12	257	55	11	1.65441
13	24	15	0	0
14	30	31	3	0.33557
Instant	22
1	566	28	2	0.714286
2	16	17	0	0
3	586	33	3	0
4	794	15	0	0
11	25	19	1	0
12	259	54	11	1.68919
13	25	15	0	0
14	34	31	2	0
Instant	23
1	582	28	2	0
2	20	15	0	0
3	598	33	4	0.0486381
4	950	15	0	0
11	26	19	1	0
12	283	58	11	0.919118
13	26	15	0	0
14	42	30	2	0
Instant	24
1	571	28	1	0.252016
2	26	16	0	0
3	531	36	5	0.222222
4	1098	15	0	0
11	25	19	1	0
12	250	56	9	1.65441
13	22	15	0	0
14	48	32	3	0
Instant	25
1	606	28	2	0
2	32	15	0	0
3	553	33	3	0.565844
4	1182	15	0	0
11	25	19	1	0
12	220	58	12	4.16667
13	24	15	0	0
14	51	28	2	0
Instant	26
1	585	29	2	0
2	13	17	0	0
3	541	35	4	0.695931
4	878	15	0	0
11	26	18	0	0
12	264	54	10	2.38971
13	23	15	0	0
14	39	32	2	0
Instant	27
1	599	27	1	0
2	12	15	0	0
3	551	36	3	0
4	738	15	0	0
11	26	19	1	0
12	275	57	10	4.04412
13	24	15	0	0
14	32	32	3	0
Instant	28
1	595	28	1	0.0486381
2	17	15	0	0
3	576	34	4	0.0514403
4	751	15	0	0
11	26	18	0	0
12	240	54	9	3.47222
13	24	15	0	0
14	32	31	3	0
Instant	29
1	566	28	2	0.307377
2	50	14	0	0
3	560	34	2	0.15625
4	685	15	0	0
11	25	19	0	0
12	264	57	11	2.57353
13	24	15	0	0
14	29	35	3	0
Instant	30
1	586	28	1	0
2	38	16	0	0
3	539	36	4	0.21322
4	666	15	0	0
11	25	19	1	0
12	234	53	10	4.77941
13	23	15	0	0
14	28	32	3	0.353357
Instant	31
1	609	26	2	0
2	26	15	0	0
3	618	34	5	0.282486
4	643	15	0	0
11	26	19	1	0
12	224	57	11	5.06757
13	27	15	0	0
14	28	32	3	0
Instant	32
1	612	28	2	0
2	23	15	0	0
3	674	38	4	0.0432526
4	626	15	0	0
11	26	19	0	0
12	259	55	11	3.49265
13	29	15	0	0
14	27	32	3	0
Instant	33
1	595	27	2	0.0480769
2	26	14	0	0
3	615	38	6	0.374532
4	656	15	0	0
11	26	19	1	0
12	245	52	9	2.75735
13	27	15	0	0
14	28	31	3	0
Instant	34
1	547	28	2	0.694444
2	16	16	0	0
3	574	33	3	1.14542
4	749	15	0	0
11	23	20	1	0
12	267	57	11	1.01351
13	25	15	0	0
14	32	31	3	0
Instant	35
1	561	28	2	0.407332
2	11	18	0	0
3	564	34	2	0.105042
4	751	15	0	0
11	25	19	1	0
12	255	52	10	1.83824
13	24	15	0	0
14	33	32	3	0
Instant	36
1	614	27	1	0
2	16	17	0	0
3	561	32	2	0.401606
4	781	15	0	0
11	26	19	1	0
12	253	56	10	2.02206
13	25	15	0	0
14	33	32	3	0
Instant	37
1	552	30	2	0.154321
2	8	19	0	0
3	578	34	4	0
4	692	15	0	0
11	24	18	1	0
12	243	54	10	2.52976
13	24	15	0	0
14	31	32	3	0
Instant	38
1	602	28	2	0.0984252
2	20	18	0	0
3	568	36	5	0.0514403
4	876	15	0	0
11	26	19	1	0
12	269	56	10	3.49265
13	24	15	0	0
14	38	29	2	0
Instant	39
1	606	26	1	0
2	14	16	1	0
3	562	33	3	0.411523
4	660	15	0	0
11	26	20	1	0
12	278	55	10	1.83824
13	24	15	0	0
14	27	31	3	0.711744
Instant	40
1	598	27	1	0
2	19	15	0	0
3	581	34	3	0.0504032
4	657	15	0	0
11	26	20	1	0
12	272	56	7	1.01351
13	25	15	0	0
14	29	31	2	0
Instant	41
1	517	32	2	0.0554324
2	44	13	0	0
3	585	34	2	0
4	672	15	0	0
11	23	20	1	0
12	272	51	11	0.919118
13	25	15	0	0
14	28	32	2	0
Instant	42
1	607	28	2	0.3
2	38	16	0	0
3	521	38	4	0.217391
4	585	15	0	0
11	25	19	1	0
12	250	56	10	3.125
13	23	15	0	0
14	25	32	3	0
Instant	43
1	554	29	3	0.0998004
2	33	17	0	0
3	592	32	2	0
4	592	15	0	0
11	25	19	1	0
12	233	53	10	4.39189
13	25	15	0	0
14	26	32	3	0
Instant	44
1	583	29	2	0.256148
2	43	16	0	0
3	541	37	5	0.0538793
4	614	15	0	0
11	25	18	0	0
12	261	52	10	3.67647
13	23	15	0	0
14	26	30	2	0
Instant	45
1	578	29	2	0.0496032
2	11	16	0	0
3	499	36	3	0.735294
4	605	15	0	0
11	25	19	1	0
12	244	53	10	3.49265
13	22	15	0	0
14	26	31	2	0
Instant	46
1	606	28	2	0
2	24	16	0	0
3	575	36	4	0
4	585	15	0	0
11	25	19	0	0
12	251	52	8	2.36486
13	24	15	0	0
14	25	32	4	0
Instant	47
1	620	27	1	0
2	24	14	0	0
3	531	36	5	0.267094
4	579	15	0	0
11	27	18	0	0
12	248	51	10	4.41176
13	23	15	0	0
14	25	32	3	0
Instant	48
1	580	29	2	0
2	35	14	0	0
3	580	34	3	0.258264
4	585	15	0	0
11	25	19	1	0
12	224	53	11	4.77941
13	24	15	0	0
14	25	33	4	0
Instant	49
1	595	28	1	0
2	21	14	0	0
3	608	31	2	0
4	591	15	0	0
11	26	18	0	0
12	255	54	8	1.19048
13	26	15	0	0
14	25	31	3	0
Instant	50
1	607	27	1	0
2	20	15	0	0
3	571	34	2	0
4	578	15	0	0
11	26	20	1	0
12	274	56	10	2.20588
13	24	15	0	0
14	25	33	4	0
Instant	51
1	551	28	1	0.159574
2	24	15	0	0
3	565	34	3	0.154959
4	592	15	0	0
11	24	19	1	0
12	300	59	11	0.183824
13	24	15	0	0
14	26	31	3	0
Instant	52
1	579	28	3	0.150602
2	33	16	0	0
3	570	34	4	0
4	585	15	0	0
11	25	19	1	0
12	245	53	12	3.29861
13	24	15	0	0
14	25	33	4	0
Instant	53
1	593	28	2	0
2	30	17	0	0
3	533	36	3	0.585106
4	593	15	0	0
11	26	18	0	0
12	251	52	12	3.86029
13	23	15	0	0
14	26	31	3	0
Instant	54
1	599	29	2	0
2	39	17	0	0
3	559	34	4	0.315126
4	598	15	0	0
11	25	18	0	0
12	227	48	8	2.75735
13	24	15	0	0
14	25	32	3	0
Instant	55
1	573	27	2	0.296443
2	18	15	0	0
3	567	34	3	0.0516529
4	585	15	0	0
11	25	19	1	0
12	265	58	9	2.53378
13	24	15	0	0
14	25	32	3	0
Instant	56
1	564	27	2	0.363825
2	37	17	0	0
3	511	33	3	1.00671
4	592	15	0	0
11	24	18	1	0
12	267	51	9	3.30882
13	22	15	0	0
14	25	32	3	0
Instant	57
1	605	26	1	0
2	43	17	0	0
3	550	35	4	0
4	599	15	0	0
11	26	19	1	0
12	240	56	10	2.20588
13	24	15	0	0
14	26	31	3	0
Instant	58
1	613	27	1	0.335249
2	37	17	0	0
3	512	40	5	0.619369
4	592	15	0	0
11	26	18	0	0
12	230	48	10	5.06757
13	22	15	0	0
14	25	32	3	0
Instant	59
1	553	26	1	0.613497
2	29	16	0	0
3	531	37	4	0.434783
4	586	15	0	0
11	25	20	1	0
12	270	54	13	2.75735
13	23	15	0	0
14	26	32	3	0
Instant	60
1	613	26	1	0
2	19	18	0	0
3	584	33	4	0.101215
4	591	15	0	0
11	26	18	0	0.287356
12	254	55	10	3.125
13	25	15	0	0
14	25	32	3	0
Instant	61
1	605	27	1	0
2	21	19	0	0
3	558	35	3	0.0516529
4	599	15	0	0
11	26	19	0	0
12	264	57	9	1.19048
13	24	15	0	0
14	26	31	3	0
Instant	62
1	615	26	1	0
2	33	16	0	0
3	530	36	4	0.607064
4	599	15	0	0
11	26	19	1	0
12	268	54	10	2.94118
13	23	15	0	0
14	25	32	3	0
Instant	63
1	588	29	1	0.0492126
2	19	18	0	0
3	538	35	4	0.642398
4	586	15	0	0
11	25	18	0	0
12	256	55	10	4.04412
13	23	15	0	0
14	26	32	3	0
Instant	64
1	631	25	2	0
2	15	16	0	0
3	529	35	3	0.320513
4	592	15	0	0
11	26	18	0	0.27881
12	231	51	12	5.40541
13	24	15	0	0
14	26	32	4	0
Instant	65
1	586	29	2	0
2	20	16	0	0
3	600	33	4	0.148221
4	605	15	0	0
11	25	19	0	0
12	250	54	10	3.30882
13	26	15	0	0
14	26	30	3	0
Instant	66
1	599	29	1	0
2	33	17	0	0
3	567	35	3	0
4	592	15	0	0
11	25	18	0	0
12	261	54	10	3.49265
13	24	15	0	0
14	26	33	3	0
Instant	67
1	599	28	2	0
2	22	17	0	0
3	547	35	3	0.263713
4	585	15	0	0
11	25	19	0	0
12	253	51	9	2.36486
13	24	15	0	0
14	25	33	4	0
Instant	68
1	581	28	2	0.0498008
2	17	17	0	0
3	572	34	4	0.203252
4	578	15	0	0
11	25	19	1	0
12	187	45	10	7.61719
13	25	15	0	0
14	25	32	3	0.304878
Instant	69
1	578	29	1	0
2	17	17	0	0
3	499	38	6	0.97032
4	585	15	0	0
11	25	19	0	0
12	245	55	10	5.33088
13	22	15	0	0
14	25	33	4	0
Instant	70
1	618	27	2	0
2	26	16	0	0
3	492	38	3	0.570776
4	592	15	0	0
11	26	19	1	0
12	253	56	10	2.53378
13	22	15	0	0
14	25	32	3	0
Instant	71
1	580	28	2	0
2	36	16	0	0
3	584	33	4	0.15
4	607	15	0	0
11	25	19	1	0
12	260	52	9	3.49265
13	25	15	0	0
14	26	31	3	0
Instant	72
1	605	28	1	0.0496032
2	32	16	0	0
3	585	32	2	0
4	591	15	0	0
11	25	18	0	0
12	255	55	11	1.89394
13	25	15	0	0
14	26	32	3	0
Instant	73
1	578	27	1	0
2	20	16	0	0
3	592	32	3	0.0490196
4	585	15	0	0
11	26	19	1	0
12	222	50	12	3.35366
13	25	15	0	0
14	25	31	3	0
Instant	74
1	561	29	2	0.365344
2	26	17	0	0
3	563	34	3	0.604839
4	614	15	0	0
11	24	19	1	0
12	276	54	8	3.67647
13	25	15	0	0
14	27	31	3	0
Instant	75
1	579	28	1	0.35497
2	28	16	0	0
3	565	34	3	0.462012
4	592	15	0	0
11	25	18	0	0
12	253	56	10	3.2197
13	24	15	0	0
14	26	31	3	0
Instant	76
1	608	26	2	0.0480769
2	29	16	0	0
3	612	34	3	0.144231
4	612	15	0	0
11	26	19	1	0
12	255	54	9	0.694444
13	26	15	0	0
14	26	31	3	0
Instant	77
1	603	27	2	0
2	41	16	0	0
3	607	34	3	0.236742
4	585	15	0	0
11	26	19	1	0
12	255	51	11	4.88281
13	26	15	0	0
14	25	32	3	0
Instant	78
1	604	26	2	0
2	40	17	0	0
3	536	34	3	0.963597
4	592	15	0	0
11	26	20	1	0
12	254	53	10	2.14844
13	24	15	0	0
14	25	31	3	0
Instant	79
1	606	27	1	0
2	20	17	0	0
3	543	36	3	0.106383
4	579	15	0	0
11	26	19	1	0
12	237	51	11	3.71622
13	23	15	0	0
14	25	33	3	0
Instant	80
1	592	29	1	0
2	27	16	0	0
3	581	34	3	0.0510204
4	585	15	0	0
11	25	19	1	0
12	254	52	11	3.40909
13	25	15	0	0
14	25	31	3	0.301205
Instant	81
1	592	27	1	0
2	19	15	0	0
3	539	35	4	0.375536
4	598	15	0	0
11	26	19	1	0
12	235	54	9	3.2197
13	23	15	0	0
14	26	31	3	0
Instant	82
1	582	30	2	0
2	37	13	0	0
3	542	34	3	0.574113
4	585	15	0	0
11	25	19	0	0
12	246	52	10	1.60714
13	24	15	0	0
14	25	33	4	0
Instant	83
1	564	29	1	0
2	23	16	0	0
3	558	34	4	0.315789
4	620	15	0	0
11	25	19	1	0
12	286	55	9	1.70455
13	24	15	0	0
14	26	30	3	0
Instant	84
1	627	26	1	0.287356
2	43	17	0	0
3	546	34	3	0.366109
4	592	15	0	0
11	26	19	0	0
12	238	52	10	3.59848
13	24	15	0	0
14	26	31	3	0
Instant	85
1	596	28	2	0
2	40	16	0	0
3	611	32	4	0
4	613	15	0	0
11	25	19	1	0
12	262	54	9	1.12179
13	26	15	0	0
14	26	30	2	0.287356
Instant	86
1	571	30	2	0.1
2	36	16	0	0
3	543	36	3	0.0531915
4	599	15	0	0
11	25	18	0	0
12	293	53	10	1.47059
13	24	15	0	0
14	26	31	3	0
Instant	87
1	606	27	1	0
2	30	14	0	0
3	590	33	3	0.0504032
4	606	15	0	0
11	26	18	1	0
12	247	53	8	3.86029
13	25	15	0	0
14	26	30	2	0
Instant	88
1	601	27	2	0
2	36	15	0	0
3	548	36	4	0.156904
4	606	15	0	0
11	26	20	1	0
12	243	53	9	3.5473
13	24	15	0	0
14	26	31	3	0
Instant	89
1	576	29	2	0.0514403
2	29	17	0	0
3	585	33	3	0.1
4	599	15	0	0
11	24	19	1	0
12	274	51	10	0.919118
13	25	15	0	0
14	26	32	4	0
Instant	90
1	585	28	1	0
2	12	16	0	0
3	534	33	3	0.431965
4	592	15	0	0
11	25	20	1	0
12	231	56	10	4.49219
13	23	15	0	0
14	25	31	3	0
Instant	91
1	606	27	1	0
2	19	16	0	0
3	559	36	3	0.309917
4	599	15	0	0
11	26	19	1	0
12	262	58	10	1.52027
13	24	15	0	0
14	26	31	3	0
Instant	92
1	606	27	2	0
2	39	17	0	0
3	638	36	3	0.0927644
4	578	15	0	0
11	26	19	1	0
12	290	56	8	0.378788
13	27	15	0	0
14	25	33	3	0
Instant	93
1	599	28	1	0
2	9	17	0	0
3	635	33	3	0.0456204
4	599	15	0	0
11	26	19	0	0
12	245	55	10	2.27273
13	28	15	0	0
14	26	30	3	0
Instant	94
1	589	27	2	0
2	40	17	0	0
3	605	34	4	0.293542
4	614	15	0	0
11	25	20	1	0
12	239	54	8	2.36486
13	26	15	0	0
14	27	30	3	0
Instant	95
1	596	28	2	0
2	25	17	0	0
3	577	37	5	0.729572
4	598	15	0	0
11	26	18	0	0
12	273	53	9	1.10294
13	26	15	0	0
14	25	32	4	0
Instant	96
1	585	27	1	0
2	38	17	0	0
3	648	35	4	0.181818
4	592	15	0	0
11	26	19	1	0
12	267	55	10	0.735294
13	28	15	0	0
14	25	31	3	0
Instant	97
1	599	27	1	0
2	35	15	0	0
3	596	33	3	0.804924
4	606	15	0	0
11	25	20	1	0
12	249	55	10	1.82927
13	26	15	0	0
14	26	31	3	0
Instant	98
1	627	26	1	0
2	21	13	0	0
3	659	35	4	0
4	571	15	0	0
11	26	19	1	0
12	254	52	11	2.02206
13	28	15	0	0
14	24	33	4	0
Instant	99
1	552	28	2	0.50813
2	17	15	0	0
3	611	37	4	0.37594
4	578	15	0	0
11	25	19	0	0
12	274	52	8	4.59559
13	27	15	0	0
14	25	32	3	0.304878
Instant	100
1	597	27	2	0
2	15	17	0	0
3	650	38	5	0.574205
4	613	15	0	0
11	26	20	0	0
12	242	58	10	3.20946
13	29	15	0	0
14	26	31	3	0
Instant	101
1	606	28	2	0
2	19	16	0	0
3	632	34	3	0.232775
4	578	15	0	0
11	25	18	1	0
12	244	48	9	4.04412
13	27	15	0	0
14	25	33	4	0
Instant	102
1	575	28	2	0
2	11	16	0	0
3	532	40	4	0.593952
4	592	15	0	0
11	25	20	1	0
12	253	58	11	3.125
13	23	15	0	0
14	25	32	3	0
Instant	103
1	627	26	1	0
2	36	16	0	0
3	560	36	4	0.104384
4	578	15	0	0
11	26	20	1	0
12	262	56	12	2.7027
13	24	15	0	0
14	25	32	4	0
Instant	104
1	624	26	1	0.0475285
2	59	16	0	0
3	557	33	2	0.366876
4	592	15	0	0
11	27	18	1	0
12	264	52	8	1.47059
13	24	15	0	0
14	25	32	3	0
Instant	105
1	606	27	1	0
2	38	18	0	0
3	490	36	4	0.800915
4	586	15	0	0
11	26	19	1	0
12	255	49	9	3.30882
13	22	15	0	0
14	26	32	3	0
Instant	106
1	569	29	2	0
2	5	17	0	0
3	575	34	4	0
4	605	15	0	0
11	25	20	1	0
12	264	55	10	1.01351
13	24	15	0	0
14	25	31	3	0
Instant	107
1	571	28	2	0.0502008
2	25	16	0	0
3	566	35	5	0.103306
4	585	15	0	0
11	25	20	1	0
12	281	56	10	0.183824
13	24	15	0	0
14	26	32	3	0
Instant	108
1	590	28	1	0.297619
2	13	13	0	0
3	571	34	4	0
4	599	15	0	0
11	25	19	0	0
12	265	54	9	1.83824
13	24	15	0	0
14	26	31	3	0
Instant	109
1	607	27	2	0
2	33	17	0	0
3	578	34	4	0.100402
4	585	15	0	0
11	25	19	1	0
12	228	53	10	3.42262
13	25	15	0	0
14	25	33	3	0
Instant	110
1	625	25	1	0
2	25	17	0	0
3	579	34	3	0
4	606	15	0	0
11	26	19	1	0.281955
12	244	52	10	5.46875
13	24	15	0	0
14	26	30	3	0
Instant	111
1	584	28	2	0.0502008
2	27	18	0	0
3	593	33	3	0
4	592	15	0	0
11	25	20	1	0
12	264	55	10	2.75735
13	25	15	0	0
14	25	32	3	0
Instant	112
1	596	27	1	0
2	26	14	0	0
3	570	34	4	0
4	585	15	0	0
11	26	19	1	0
12	243	54	10	2.19595
13	25	15	0	0
14	25	32	3	0
Instant	113
1	619	27	1	0
2	19	18	1	0
3	586	33	3	0.102041
4	599	15	0	0
11	26	19	0	0
12	255	53	10	3.30882
13	25	15	0	0
14	26	31	3	0
Instant	114
1	586	28	1	0
2	16	15	0	0
3	558	32	4	0.695825
4	613	15	0	0
11	26	19	1	0
12	242	59	10	3.67647
13	25	15	0	0
14	26	31	3	0
Instant	115
1	585	27	1	0
2	34	14	0	0
3	554	36	4	0.323974
4	579	15	0	0
11	25	21	1	0
12	243	54	9	3.5473
13	23	15	0	0
14	25	32	3	0
Instant	116
1	570	27	1	0.308642
2	10	16	1	0
3	558	36	5	0.0516529
4	598	15	0	0
11	24	18	1	0
12	243	48	10	5.88235
13	24	15	0	0
14	25	31	3	0
Instant	117
1	572	28	1	0.311203
2	15	18	0	0
3	528	34	3	0.485961
4	586	15	0	0
11	24	19	1	0
12	215	54	10	4.77941
13	23	15	0	0
14	25	32	4	0
Instant	118
1	600	27	1	0
2	9	14	0	0
3	536	36	4	0.32538
4	598	15	0	0
11	26	19	1	0
12	268	58	6	1.01351
13	23	15	0	0
14	26	31	3	0
Instant	119
1	599	27	1	0
2	20	15	0	0
3	553	33	3	0.721649
4	578	15	0	0
11	26	20	1	0
12	241	55	13	4.96324
13	25	15	0	0
14	25	34	4	0
