	T	D	J	LP
Instant	0
1	0	0	0	0
2	0	0	0	0
3	0	0	0	0
4	0	0	0	0
11	0	0	0	0
12	0	0	0	0
13	0	0	0	0
14	0	0	0	0
Instant	1
1	320	31	2	0
2	17	14	0	0
3	194	41	6	0
4	460	17	0	0
11	12	18	1	0
12	131	51	11	0.815217
13	8	15	0	0
14	16	29	2	0
Instant	2
1	1381	34	3	0.0214225
2	20	15	0	0
3	499	49	6	7.96355
4	4542	28	0	0
11	60	19	1	0
12	295	57	8	1.28676
13	32	15	0	0
14	198	29	1	0
Instant	3
1	1208	32	3	0
2	43	16	0	0
3	678	46	6	4.81431
4	4598	25	0	0
11	52	19	1	0.194175
12	290	57	10	3.30882
13	37	15	0	0
14	202	28	1	0
Instant	4
1	1086	32	3	0.160772
2	32	15	0	0
3	715	43	7	3.46715
4	4278	21	0	0
11	48	19	1	0
12	279	58	10	1.85811
13	35	15	0	0
14	190	31	1	0.123694
Instant	5
1	973	32	3	0
2	20	15	0	0
3	844	41	5	0.485437
4	4426	19	0	0
11	42	19	0	0
12	270	51	10	2.75735
13	37	15	0	0
14	194	29	1	0.132837
Instant	6
1	954	29	3	0.0909091
2	31	15	0	0
3	613	41	6	1.97133
4	4223	19	0	0
11	42	18	0	0
12	270	56	9	1.65441
13	28	15	0	0
14	185	29	2	0
Instant	7
1	921	30	3	0.0970246
2	34	13	0	0
3	678	37	5	0.338409
4	4265	19	0	0
11	39	19	0	0
12	261	55	11	1.35135
13	30	15	0	0
14	187	29	1	0.192944
Instant	8
1	888	28	3	0
2	9	14	0	0
3	629	40	5	0.324074
4	4013	18	0	0
11	38	20	0	0
12	267	53	8	2.02206
13	27	15	0	0
14	175	29	1	0
Instant	9
1	952	28	2	0
2	33	18	0	0
3	655	34	4	1.10922
4	3326	17	0	0
11	42	18	0	0
12	244	55	9	2.75735
13	29	15	0	0
14	148	31	1	0
Instant	10
1	1137	28	2	0
2	22	16	0	0
3	616	37	6	1.04927
4	2850	16	0	0
11	49	19	0	0
12	230	49	10	3.04054
13	28	15	0	0
14	127	30	2	0
Instant	11
1	1121	29	3	0
2	27	16	0	0
3	670	38	6	0.551783
4	2360	16	0	0
11	48	18	0	0
12	259	51	10	1.83824
13	30	15	0	0
14	105	31	2	0
Instant	12
1	1071	29	3	0.167038
2	21	14	0	0
3	615	36	4	0.975836
4	1789	16	0	0
11	46	18	0	0
12	251	57	10	2.75735
13	27	15	0	0
14	79	32	3	0
Instant	13
1	1043	27	2	0.0832408
2	12	14	0	0
3	598	36	4	0.347222
4	1211	15	0	0
11	46	18	0	0
12	240	50	10	2.97619
13	25	15	0	0
14	52	32	2	0.194175
Instant	14
1	1093	27	2	0
2	30	15	0	0
3	581	37	6	0.436893
4	882	15	0	0
11	46	18	0	0
12	284	52	12	2.02206
13	26	15	0	0
14	38	32	3	0
Instant	15
1	1025	29	3	0
2	11	15	0	0
3	558	39	5	0.626305
4	664	15	0	0
11	46	19	0	0
12	285	59	9	2.75735
13	24	15	0	0
14	28	34	3	0
Instant	16
1	908	30	3	0.292969
2	32	15	0	0
3	590	38	5	0.714286
4	652	15	0	0
11	39	19	1	0
12	218	54	9	2.36486
13	26	15	0	0
14	27	35	4	0.361011
Instant	17
1	876	28	3	0.0669344
2	35	15	0	0
3	582	41	6	0.251509
4	712	15	0	0
11	38	19	1	0
12	273	55	10	3.30882
13	25	15	0	0
14	31	31	3	0
Instant	18
1	777	30	2	0
2	40	15	0	0
3	587	39	6	0.247525
4	788	15	0	0
11	34	19	0	0
12	265	57	9	1.47059
13	25	15	0	0
14	35	31	3	0
Instant	19
1	820	27	2	0
2	30	17	0	0
3	554	37	4	0.829876
4	728	15	0	0
11	34	19	0	0
12	252	52	8	1.68919
13	25	15	0	0
14	31	31	3	0
Instant	20
1	762	28	2	0.223214
2	35	15	0	0
3	527	35	4	0.442478
4	660	15	0	0
11	34	18	0	0
12	257	51	8	3.125
13	22	15	0	0
14	29	32	3	0
Instant	21
1	786	30	2	0.075188
2	42	14	0	0
3	486	35	4	0.864055
4	627	15	0	0
11	34	19	0	0
12	236	55	9	2.94118
13	22	15	0	0
14	26	32	3	0.280899
Instant	22
1	715	28	2	0.248756
2	35	16	0	0
3	539	35	4	0.316456
4	624	15	0	0
11	31	19	0	0
12	273	56	9	0.506757
13	24	15	0	0
14	27	33	4	0
Instant	23
1	666	27	2	0
2	28	15	0	0
3	577	35	3	0
4	574	15	0	0
11	29	20	0	0
12	246	54	10	3.86029
13	25	15	0	0
14	24	34	4	0.409836
Instant	24
1	781	28	2	0
2	28	16	0	0
3	617	39	5	0.613208
4	606	15	0	0
11	33	18	0	0
12	255	54	8	2.02206
13	27	15	0	0
14	26	31	3	0
Instant	25
1	718	29	2	0
2	23	15	0	0
3	575	37	4	1.0214
4	585	15	0	0
11	31	20	0	0
12	237	53	10	3.27381
13	26	15	0	0
14	25	32	4	0
Instant	26
1	725	28	2	0
2	35	16	0	0
3	617	36	5	0.952813
4	591	15	0	0
11	32	18	0	0
12	288	54	10	1.28676
13	28	15	0	0
14	25	32	3	0
Instant	27
1	760	26	1	0
2	12	17	0	0
3	591	36	5	0.38835
4	601	15	0	0
11	32	19	0	0
12	260	58	9	2.94118
13	26	15	0	0
14	26	31	3	0
Instant	28
1	714	27	2	0
2	17	17	0	0
3	573	38	5	0.471698
4	603	15	0	0
11	31	19	1	0
12	249	56	9	4.6875
13	24	15	0	0
14	26	31	3	0
Instant	29
1	660	29	2	0.254237
2	22	14	0	0
3	529	36	3	0.319829
4	601	15	0	0
11	30	19	0	0
12	269	50	9	1.65441
13	23	15	0	0
14	26	31	3	0
Instant	30
1	554	33	3	0.922131
2	35	17	0	0
3	535	33	3	0.700431
4	577	15	0	0
11	25	19	1	0
12	230	50	10	6.06618
13	23	15	0	0
14	24	33	3	0
Instant	31
1	697	28	2	0.130208
2	41	16	0	0
3	548	36	4	0
4	599	15	0	0
11	29	18	1	0
12	210	52	8	4.89865
13	23	15	0	0
14	25	30	3	0
Instant	32
1	726	28	2	0
2	22	15	0	0
3	512	37	5	0.440529
4	592	15	0	0
11	32	18	0	0
12	277	52	9	2.57353
13	23	15	0	0
14	25	32	3	0.297619
Instant	33
1	675	28	1	0
2	26	17	0	0
3	526	37	3	0.666667
4	599	15	0	0
11	29	18	0	0
12	242	57	9	1.28676
13	23	15	0	0
14	25	30	2	0.294118
Instant	34
1	637	28	2	0.0457038
2	49	14	0	0
3	543	36	4	0.105932
4	599	15	0	0
11	28	19	0	0
12	247	52	11	4.39189
13	23	15	0	0
14	26	31	3	0
Instant	35
1	636	30	2	0.0462963
2	24	17	0	0
3	531	37	6	0.331858
4	592	15	0	0
11	27	18	0	0
12	246	50	11	3.86029
13	23	15	0	0
14	26	32	3	0
Instant	36
1	657	27	1	0
2	14	18	0	0
3	520	36	5	0.820569
4	620	15	0	0
11	28	19	0	0
12	224	54	9	3.49265
13	23	15	0	0
14	26	30	2	0
Instant	37
1	615	32	2	0.0481696
2	19	15	0	0
3	528	36	6	0.596529
4	586	15	0	0
11	26	18	0	0
12	232	53	12	4.31548
13	23	15	0	0
14	25	31	3	0.3
Instant	38
1	633	28	2	0
2	15	15	0	0
3	541	33	4	0.470711
4	598	15	0	0
11	27	19	0	0
12	291	55	9	0.919118
13	24	15	0	0
14	26	31	3	0
Instant	39
1	620	27	1	0.318761
2	32	15	0	0
3	519	36	4	0.506757
4	592	15	0	0
11	28	19	0	0
12	218	51	11	6.80147
13	22	15	0	0
14	25	32	3	0
Instant	40
1	675	27	1	0
2	42	17	1	0
3	488	37	6	1.09447
4	606	15	0	0
11	28	18	0	0
12	252	55	11	3.20946
13	21	15	0	0
14	25	31	3	0
Instant	41
1	651	26	2	0
2	41	15	0	0
3	543	35	5	0.581395
4	627	15	0	0
11	28	19	1	0
12	268	53	10	2.75735
13	24	15	0	0
14	27	29	2	0
Instant	42
1	662	27	1	0
2	4	17	0	0
3	527	39	7	0.109409
4	593	15	0	0
11	29	19	0	0
12	244	52	8	3.30882
13	23	15	0	0
14	26	32	3	0
Instant	43
1	639	28	1	0
2	38	17	0	0
3	539	35	5	0.4329
4	598	15	0	0
11	27	19	0	0
12	236	57	10	3.88514
13	23	15	0	0
14	26	31	3	0
Instant	44
1	668	28	1	0
2	28	16	0	0
3	565	33	4	0.409836
4	571	15	0	0
11	28	18	0	0
12	291	55	9	0.183824
13	24	15	0	0
14	24	34	4	0
Instant	45
1	638	29	2	0
2	22	19	0	0
3	494	38	4	0.456621
4	613	15	0	0
11	27	19	0	0
12	247	53	10	2.94118
13	22	15	0	0
14	26	30	3	0
Instant	46
1	639	29	1	0
2	27	14	0	0
3	560	35	4	0.209205
4	606	15	0	0
11	28	18	0	0
12	254	55	11	2.02703
13	24	15	0	0
14	26	31	2	0
Instant	47
1	638	28	2	0.280374
2	41	14	0	0
3	548	36	4	0
4	599	15	0	0
11	27	18	0	0
12	265	51	10	2.38971
13	23	15	0	0
14	25	31	3	0
Instant	48
1	625	27	1	0
2	28	15	0	0
3	498	41	5	0.347222
4	599	15	0	0
11	27	20	1	0
12	264	54	11	1.47059
13	22	15	0	0
14	25	31	3	0
Instant	49
1	625	26	1	0.0463822
2	31	14	0	0
3	518	36	4	0.334821
4	585	15	0	0
11	27	19	0	0.37594
12	228	50	8	2.82738
13	23	15	0	0
14	25	33	4	0
Instant	50
1	620	26	1	0
2	22	16	0	0
3	566	34	5	0.568182
4	613	15	0	0
11	26	20	1	0
12	278	54	10	2.38971
13	24	15	0	0
14	26	31	3	0
Instant	51
1	592	27	1	0
2	37	15	0	0
3	536	37	5	0.21645
4	579	15	0	0
11	26	19	1	0
12	274	55	9	3.30882
13	23	15	0	0
14	25	33	4	0
Instant	52
1	620	27	2	0
2	16	15	0	0
3	550	36	4	0.207469
4	612	15	0	0
11	26	18	0	0
12	226	48	10	3.81944
13	24	15	0	0
14	26	30	3	0
Instant	53
1	568	28	1	0.302419
2	17	15	0	0
3	565	35	3	0
4	613	15	0	0
11	25	19	1	0
12	250	54	9	2.75735
13	24	15	0	0
14	26	30	3	0
Instant	54
1	579	29	2	0.0506073
2	38	15	0	0
3	551	36	4	0.0541126
4	599	15	0	0
11	25	19	1	0
12	218	54	12	5.14706
13	23	15	0	0
14	26	31	3	0
Instant	55
1	564	30	1	0
2	22	17	0	0
3	545	36	4	0.213675
4	606	15	0	0
11	23	19	1	0
12	241	55	10	4.72973
13	23	15	0	0
14	26	31	3	0
Instant	56
1	563	27	1	0.204082
2	18	18	0	0
3	518	38	3	0.334821
4	606	15	0	0
11	24	21	1	0.309917
12	259	56	12	2.94118
13	22	15	0	0
14	25	29	3	0.290698
Instant	57
1	577	27	2	0.301205
2	37	15	0	0
3	537	36	4	0.0531915
4	592	15	0	0
11	25	19	1	0
12	253	51	9	2.75735
13	24	15	0	0
14	26	32	3	0
Instant	58
1	583	28	2	0
2	45	14	1	0
3	473	42	5	0.866337
4	592	15	0	0
11	24	19	1	0
12	262	53	11	2.02703
13	20	15	0	0
14	25	32	4	0
Instant	59
1	599	27	1	0.287356
2	30	15	0	0
3	562	33	4	0.360082
4	592	15	0	0
11	26	19	0	0
12	274	53	9	1.47059
13	24	15	0	0
14	26	31	3	0
Instant	60
1	605	26	1	0.291262
2	32	18	0	0
3	546	35	5	0.370763
4	583	15	0	0
11	26	19	1	0
12	280	57	10	0.183824
13	24	15	0	0
14	25	33	4	0
Instant	61
1	600	26	1	0.290135
2	6	17	0	0
3	539	36	5	0.214592
4	586	15	0	0
11	26	19	1	0
12	256	53	11	1.78571
13	23	15	0	0
14	25	32	4	0
Instant	62
1	581	27	3	0.348606
2	21	14	0	0
3	533	35	3	0.590129
4	586	15	0	0
11	25	19	1	0
12	256	53	12	4.59559
13	23	15	0	0
14	25	32	4	0
Instant	63
1	606	28	1	0
2	21	17	0	0
3	531	37	5	0.330396
4	605	15	0	0
11	26	18	0	0
12	243	57	9	5.51471
13	23	15	0	0
14	25	32	3	0
Instant	64
1	571	29	2	0
2	48	14	0	0
3	518	34	4	0.881057
4	607	15	0	0
11	25	19	0	0
12	221	55	10	5.91216
13	23	15	0	0
14	26	30	3	0
Instant	65
1	575	28	2	0.309917
2	35	14	0	0
3	539	38	4	0.107759
4	598	15	0	0
11	24	19	1	0
12	279	55	11	2.20588
13	23	15	0	0
14	26	31	3	0
Instant	66
1	620	26	2	0
2	34	15	0	0
3	521	36	4	0.387168
4	591	15	0	0
11	27	19	0	0
12	234	54	10	4.04412
13	23	15	0	0
14	25	32	3	0
Instant	67
1	599	27	1	0
2	30	17	0	0
3	526	39	5	0.109409
4	607	15	0	0
11	25	20	1	0
12	218	52	8	4.39189
13	23	15	0	0
14	26	31	3	0
Instant	68
1	606	26	1	0
2	13	16	0	0
3	537	35	4	0.645161
4	565	15	0	0
11	27	19	0	0
12	255	55	12	2.14844
13	23	15	0	0
14	24	33	4	0.311203
Instant	69
1	581	29	2	0
2	37	15	0	0
3	543	36	5	0.319149
4	610	15	0	0
11	24	19	1	0
12	255	52	10	3.125
13	24	15	0	0
14	25	30	2	0.288462
Instant	70
1	598	29	1	0
2	39	15	0	0
3	544	37	4	0.267094
4	579	15	0	0
11	25	18	0	0
12	256	56	9	2.36486
13	23	15	0	0
14	24	32	3	0
Instant	71
1	609	27	2	0
2	5	16	0	0
3	475	40	6	0.486618
4	578	15	0	0
11	27	19	1	0
12	275	56	8	0.551471
13	21	15	0	0
14	24	32	3	0.609756
Instant	72
1	619	27	3	0
2	17	14	0	0
3	483	38	4	0.700935
4	599	15	0	0
11	26	19	1	0
12	239	52	10	4.16667
13	21	15	0	0
14	27	31	2	0
Instant	73
1	625	26	1	0
2	12	14	0	0
3	535	37	5	0.276549
4	586	15	0	0
11	27	18	0	0
12	232	52	7	2.28659
13	23	15	0	0
14	25	33	3	0
Instant	74
1	578	29	2	0.208333
2	15	14	0	0
3	549	33	3	0.414938
4	606	15	0	0
11	24	19	1	0
12	261	50	9	3.86029
13	24	15	0	0
14	26	31	3	0
Instant	75
1	608	26	1	0
2	15	14	0	0
3	525	36	4	0.331858
4	619	15	0	0
11	27	19	1	0
12	272	60	11	3.59848
13	23	15	0	0
14	27	30	3	0
Instant	76
1	613	26	1	0
2	30	16	0	0
3	546	35	3	0.638298
4	607	15	0	0
11	27	19	1	0
12	255	53	9	1.21528
13	24	15	0	0
14	26	31	2	0
Instant	77
1	599	27	2	0
2	27	13	0	0
3	560	34	4	0.306122
4	612	15	0	0
11	25	19	1	0
12	262	52	14	1.95312
13	25	15	0	0
14	27	30	2	0
Instant	78
1	613	26	1	0
2	24	16	0	0
3	571	35	3	0
4	599	15	0	0
11	26	19	1	0
12	254	54	12	2.73438
13	24	15	0	0
14	25	31	3	0
Instant	79
1	606	28	1	0
2	15	17	0	0
3	499	35	4	1.21413
4	558	15	0	0
11	26	19	0	0
12	264	57	10	1.35135
13	23	15	0	0
14	24	35	4	0
Instant	80
1	578	29	2	0
2	32	18	0	0
3	533	35	4	0.479744
4	612	15	0	0
11	25	19	1	0
12	264	54	9	1.32576
13	24	15	0	0
14	26	31	3	0
Instant	81
1	599	28	2	0
2	38	19	0	0
3	532	38	4	0.111359
4	613	15	0	0
11	25	18	0	0
12	272	57	9	1.13636
13	23	15	0	0
14	26	30	3	0
Instant	82
1	603	27	2	0
2	46	17	0	0
3	553	37	5	0.159236
4	606	15	0	0
11	26	19	0	0
12	251	53	10	1.60714
13	23	15	0	0
14	26	31	3	0
Instant	83
1	569	27	2	0.618557
2	21	17	0	0
3	541	35	4	0.41841
4	592	15	0	0
11	24	19	1	0
12	259	55	11	2.27273
13	24	15	0	0
14	25	32	4	0
Instant	84
1	605	26	1	0
2	41	15	0	0
3	537	36	5	0.382096
4	558	15	0	0
11	27	19	1	0
12	249	53	13	3.40909
13	23	15	0	0
14	24	34	4	0
Instant	85
1	604	28	1	0
2	26	16	0	0
3	527	35	3	0.849257
4	612	15	0	0
11	25	19	1	0
12	242	51	11	2.72436
13	24	15	0	0
14	26	30	3	0
Instant	86
1	589	27	1	0
2	30	18	0	0
3	526	36	3	0.382932
4	606	15	0	0
11	25	20	1	0
12	287	51	10	1.65441
13	23	15	0	0
14	26	30	3	0
Instant	87
1	620	28	2	0
2	16	15	0	0
3	560	36	4	0.21097
4	606	15	0	0
11	26	18	0	0
12	266	55	7	3.125
13	24	15	0	0
14	26	31	4	0
Instant	88
1	599	27	1	0
2	38	16	0	0
3	523	34	5	0.974026
4	578	15	0	0
11	26	19	1	0
12	255	54	9	1.01351
13	23	15	0	0
14	25	33	4	0
Instant	89
1	605	27	1	0
2	28	16	0	0
3	545	37	5	0.107296
4	593	15	0	0
11	25	19	0	0
12	274	51	10	3.30882
13	23	15	0	0
14	26	32	4	0
Instant	90
1	614	27	1	0
2	17	17	0	0
3	535	37	4	0.107759
4	612	15	0	0
11	27	19	1	0
12	254	54	11	0.195312
13	23	15	0	0
14	26	31	2	0
Instant	91
1	613	27	1	0
2	21	14	0	0
3	557	33	4	0.367647
4	576	15	0	0
11	26	18	0	0
12	235	51	12	4.39189
13	24	15	0	0
14	25	33	3	0
Instant	92
1	592	28	2	0
2	33	14	0	0
3	539	36	5	0.375536
4	565	15	0	0
11	25	18	0	0
12	257	51	12	2.27273
13	23	15	0	0
14	24	33	3	0.3125
Instant	93
1	602	27	2	0.0475285
2	21	16	0	0
3	511	37	5	0.553097
4	606	15	0	0
11	26	19	0	0
12	220	51	9	5.87121
13	23	15	0	0
14	26	31	3	0
Instant	94
1	582	29	2	0.104167
2	16	15	0	0
3	542	36	5	0.37961
4	614	15	0	0
11	24	20	1	0
12	259	58	10	0.506757
13	23	15	0	0
14	26	30	3	0
Instant	95
1	589	27	1	0
2	27	18	0	0
3	552	34	4	0.313808
4	599	15	0	0
11	26	20	1	0
12	267	52	10	1.65441
13	24	15	0	0
14	26	31	4	0
Instant	96
1	592	28	1	0
2	14	15	0	0
3	599	32	4	0.291262
4	612	15	0	0
11	25	20	1	0
12	264	57	10	1.28676
13	26	15	0	0
14	26	30	3	0
Instant	97
1	582	28	1	0.297619
2	25	16	1	0
3	577	33	4	0
4	570	15	0	0
11	26	18	0	0
12	248	51	10	1.06707
13	25	15	0	0
14	24	33	4	0.308642
Instant	98
1	591	26	1	0.347222
2	23	16	0	0
3	506	40	5	0.511364
4	571	15	0	0
11	25	19	1	0
12	255	50	9	5.33088
13	22	15	0	0
14	25	33	4	0
Instant	99
1	565	29	2	0.050813
2	24	18	1	0
3	547	35	3	0.317797
4	606	15	0	0
11	25	20	1	0
12	265	57	10	2.75735
13	24	15	0	0
14	26	31	3	0
Instant	100
1	610	28	2	0
2	33	16	0	0
3	509	37	4	0.674157
4	606	15	0	0
11	26	18	0	0
12	243	55	11	3.88514
13	22	15	0	0
14	26	31	2	0
Instant	101
1	591	28	2	0
2	29	15	0	0
3	514	38	5	0.392377
4	627	15	0	0
11	26	19	1	0
12	257	49	9	2.02206
13	22	15	0	0
14	27	29	2	0
Instant	102
1	605	27	1	0
2	51	15	0	0
3	521	37	5	0.333333
4	634	15	0	0
11	26	19	0	0
12	259	57	14	3.67647
13	23	15	0	0
14	27	29	2	0
Instant	103
1	606	26	1	0
2	29	15	0	0
3	551	35	5	0.419287
4	592	15	0	0
11	26	20	1	0
12	247	55	10	2.53378
13	24	15	0	0
14	25	31	3	0
Instant	104
1	612	28	2	0.0490196
2	33	14	0	0
3	507	36	5	1
4	607	15	0	0
11	26	19	1	0
12	274	53	8	1.65441
13	23	15	0	0
14	26	31	3	0
Instant	105
1	563	30	2	0
2	29	16	0	0
3	520	36	4	0.722222
4	612	15	0	0
11	24	20	1	0
12	260	54	10	1.65441
13	23	15	0	0
14	26	31	3	0
Instant	106
1	599	29	2	0.0496032
2	29	14	0	0
3	559	35	4	0.261506
4	548	15	0	0
11	25	18	1	0
12	228	54	10	4.89865
13	24	15	0	0
14	23	35	4	0
Instant	107
1	571	29	2	0
2	40	16	0	0
3	551	34	5	0.364583
4	601	15	0	0
11	25	20	0	0
12	238	54	11	3.67647
13	24	15	0	0
14	26	31	3	0
Instant	108
1	563	29	2	0
2	13	16	0	0
3	534	36	4	0.48913
4	577	15	0	0
11	24	21	1	0
12	265	56	9	2.57353
13	23	15	0	0
14	24	33	4	0
Instant	109
1	607	27	1	0
2	39	16	0	0
3	570	36	5	0.0516529
4	607	15	0	0
11	26	19	1	0
12	241	52	8	2.38095
13	24	15	0	0
14	26	30	3	0
Instant	110
1	598	27	1	0.298211
2	34	14	0	0
3	564	35	5	0.255102
4	578	15	0	0
11	25	19	1	0
12	267	53	9	3.32031
13	25	15	0	0
14	25	33	3	0
Instant	111
1	593	27	2	0
2	15	16	1	0
3	559	32	2	0.360825
4	591	15	0	0
11	26	19	1	0
12	257	54	8	0.367647
13	24	15	0	0
14	25	32	4	0
Instant	112
1	585	28	2	0
2	34	15	0	0
3	519	35	4	1.10865
4	583	15	0	0
11	26	19	1	0
12	244	58	10	5.74324
13	23	15	0	0
14	25	32	4	0
Instant	113
1	625	26	1	0
2	23	14	0	0
3	542	34	3	0.311203
4	572	15	0	0
11	27	19	0	0
12	274	57	10	1.65441
13	24	15	0	0
14	24	34	4	0
Instant	114
1	633	25	1	0.0468165
2	16	15	0	0
3	539	38	6	0.21645
4	585	15	0	0
11	27	19	0	0
12	246	55	8	2.20588
13	23	15	0	0
14	25	32	4	0
Instant	115
1	606	27	2	0
2	18	15	0	0
3	570	34	3	0
4	585	15	0	0
11	26	19	1	0
12	250	55	12	2.36486
13	24	15	0	0
14	25	33	3	0
Instant	116
1	627	26	1	0
2	40	16	0	0
3	578	34	4	0.0506073
4	578	15	0	0
11	27	19	0	0
12	296	54	9	0.735294
13	25	15	0	0
14	25	32	3	0
Instant	117
1	605	27	1	0.0484496
2	27	18	0	0
3	533	34	5	0.317797
4	564	15	0	0
11	26	19	0	0
12	252	52	11	2.38971
13	24	15	0	0
14	24	34	4	0
Instant	118
1	592	27	1	0
2	11	15	0	0
3	566	35	4	0.474684
4	606	15	0	0
11	26	19	1	0
12	247	56	10	2.02703
13	24	15	0	0
14	26	31	3	0
Instant	119
1	620	26	1	0
2	23	14	0	0
3	524	35	4	0.375536
4	628	15	0	0
11	26	18	1	0
12	245	54	9	4.22794
13	24	15	0	0
14	27	29	2	0
