	T	D	J	LP
Instant	0
1	0	0	0	0
2	0	0	0	0
3	0	0	0	0
4	0	0	0	0
11	0	0	0	0
12	0	0	0	0
13	0	0	0	0
14	0	0	0	0
Instant	1
1	264	29	3	0
2	0	0	0	0
3	293	39	4	0
4	400	15	0	0
11	11	17	0	0
12	131	43	8	0.815217
13	11	15	0	0
14	13	29	2	0
Instant	2
1	1130	37	2	1.94129
2	20	16	0	0
3	1184	44	5	0.830078
4	2215	17	0	0
11	53	17	0	0
12	319	51	7	0.367647
13	53	15	0	0
14	96	30	1	0
Instant	3
1	1192	34	3	1.04369
2	19	18	0	0
3	1037	42	6	0.934066
4	2518	16	0	0
11	53	17	0	0
12	317	52	6	0
13	47	15	0	0
14	110	30	1	0
Instant	4
1	1155	31	2	0.476429
2	27	16	0	0
3	938	38	5	0.824176
4	2330	16	0	0
11	51	17	0	0
12	278	49	9	0.168919
13	42	15	0	0
14	105	29	1	0
Instant	5
1	1018	29	3	0.23015
2	15	15	0	0
3	880	38	4	0.426509
4	1602	16	0	0
11	45	17	0	0
12	282	48	9	2.02206
13	39	15	0	0
14	68	32	2	0.51395
Instant	6
1	1017	31	2	0.0292398
2	11	16	0	0
3	857	37	6	0.536913
4	1222	16	1	0
11	44	18	0	0
12	251	49	8	3.30882
13	38	15	0	0
14	54	31	2	0
Instant	7
1	911	28	2	0.318471
2	7	16	0	0
3	731	36	4	0.28135
4	954	15	0	0
11	40	17	0	0
12	267	48	5	0.675676
13	32	15	0	0
14	41	33	2	0
Instant	8
1	920	28	2	0.095057
2	15	17	0	0
3	754	33	3	0.347222
4	848	15	0	0
11	40	17	0	0
12	270	46	6	1.47059
13	33	15	0	0
14	37	31	2	0
Instant	9
1	827	28	2	0.417827
2	21	18	0	0
3	689	33	4	0.622924
4	926	15	0	0
11	37	18	0	0
12	236	47	6	2.94118
13	31	15	0	0
14	40	30	3	0
Instant	10
1	771	29	2	0.229008
2	38	16	0	0
3	665	33	4	0.175131
4	803	15	0	0
11	33	17	0	0
12	237	49	8	2.53378
13	29	15	0	0
14	34	34	3	0.438596
Instant	11
1	701	28	2	0.248344
2	47	16	0	0
3	603	36	4	0.797373
4	738	15	0	0
11	30	18	0	0
12	274	48	6	0.919118
13	27	15	0	0
14	32	34	3	0
Instant	12
1	703	28	2	0.323625
2	19	17	0	0
3	600	34	3	0.568182
4	742	15	0	0
11	31	17	0	0
12	259	45	7	1.28676
13	26	15	0	0
14	31	33	3	0
Instant	13
1	711	28	1	0
2	7	15	0	0
3	625	33	3	0.686813
4	773	15	0	0
11	31	17	0	0
12	270	48	8	0.297619
13	27	15	0	0
14	33	32	3	0
Instant	14
1	633	30	2	0.599631
2	15	18	0	0
3	632	36	5	0.3663
4	765	15	0	0
11	27	17	0	0
12	306	49	8	0
13	28	15	0	0
14	32	31	3	0.461538
Instant	15
1	723	26	2	0
2	23	16	0	0
3	587	35	3	0
4	822	15	0	0
11	31	18	0	0
12	269	46	6	2.38971
13	25	15	0	0
14	35	29	2	0
Instant	16
1	707	30	3	0.123762
2	35	15	0	0
3	543	36	3	0.107759
4	816	15	0	0
11	31	17	0	0
12	264	46	6	1.01351
13	23	15	0	0
14	36	30	2	0
Instant	17
1	725	27	2	0.246305
2	39	16	0	0
3	598	32	3	0.0496032
4	826	15	0	0
11	31	18	0	0
12	281	48	6	0
13	25	15	0	0
14	35	30	2	0
Instant	18
1	768	28	2	0.292398
2	35	17	0	0
3	561	35	4	0
4	864	15	0	0
11	35	17	0	0
12	269	48	6	0.551471
13	24	15	0	0
14	37	31	2	0
Instant	19
1	796	27	2	0.037037
2	8	16	0	0
3	574	34	3	0.255102
4	805	15	0	0
11	34	17	0	0
12	251	49	9	2.02703
13	25	15	0	0
14	36	32	2	0
Instant	20
1	732	28	2	0
2	24	17	0	0
3	585	33	3	0
4	872	15	0	0
11	31	17	0	0
12	263	48	7	2.38971
13	25	15	0	0
14	37	30	3	0
Instant	21
1	628	27	2	0.812274
2	35	16	0	0
3	571	32	3	0.617284
4	832	15	0	0
11	28	17	0	0
12	271	49	8	0
13	25	15	0	0
14	37	32	3	0
Instant	22
1	587	29	2	0.915222
2	33	17	0	0
3	572	34	2	0
4	821	15	0	0
11	26	17	0	0
12	238	47	10	3.20946
13	25	15	0	0
14	35	31	4	0
Instant	23
1	661	28	1	0.2693
2	20	15	0	0
3	586	34	3	0
4	697	15	0	0
11	28	17	0	0
12	281	49	6	1.28676
13	25	15	0	0
14	29	33	3	0.422297
Instant	24
1	653	28	1	0
2	5	16	0	0
3	566	34	3	0.463918
4	616	15	0	0
11	29	18	0	0
12	258	52	8	0.735294
13	25	15	0	0
14	27	32	3	0.285171
Instant	25
1	679	29	1	0
2	6	16	1	0
3	607	30	3	0
4	652	15	0	0
11	29	17	0	0
12	260	51	10	0.892857
13	26	15	0	0
14	28	31	3	0
Instant	26
1	790	27	1	0
2	24	15	0	0
3	613	31	3	0.192308
4	652	15	0	0
11	35	17	0	0
12	293	52	9	1.83824
13	26	15	0	0
14	27	30	2	0.359712
Instant	27
1	848	29	2	0
2	25	18	0	0
3	521	34	3	0.543478
4	641	15	0	0
11	37	17	0	0
12	278	49	7	0.183824
13	23	15	0	0
14	28	31	2	0
Instant	28
1	756	29	2	0
2	25	15	0	0
3	602	32	2	0.0492126
4	575	15	0	0
11	33	17	0	0
12	257	49	6	2.95139
13	25	15	0	0
14	24	31	3	0.408163
Instant	29
1	710	29	1	0
2	33	15	0	0
3	582	34	3	0
4	592	15	0	0
11	30	18	0	0
12	277	44	6	0.919118
13	25	15	0	0
14	25	32	3	0
Instant	30
1	665	26	1	0.389273
2	25	16	0	0
3	566	35	4	0.0516529
4	571	15	0	0
11	29	17	0	0
12	244	50	7	4.04412
13	24	15	0	0
14	25	33	3	0
Instant	31
1	654	29	2	0
2	29	16	0	0
3	568	33	3	0.36157
4	592	15	0	0
11	28	17	0	0
12	206	50	9	6.75676
13	24	15	0	0
14	25	32	4	0
Instant	32
1	652	29	2	0.0446429
2	23	16	0	0
3	578	33	5	0.253036
4	586	15	0	0
11	28	18	0	0
12	251	49	7	4.04412
13	25	15	0	0
14	25	32	4	0
Instant	33
1	676	27	1	0
2	19	13	0	0
3	566	33	3	0.254065
4	598	15	0	0
11	29	17	0	0
12	261	49	7	2.20588
13	25	15	0	0
14	25	32	3	0
Instant	34
1	664	30	2	0.0446429
2	7	16	0	0
3	580	33	3	0.1
4	613	15	0	0
11	28	17	0	0
12	247	45	6	2.19595
13	25	15	0	0
14	27	30	2	0
Instant	35
1	665	25	1	0
2	18	14	0	0
3	602	32	2	0.0486381
4	592	15	0	0
11	28	19	0	0
12	268	49	8	1.83824
13	26	15	0	0
14	25	32	4	0
Instant	36
1	576	27	2	0.347913
2	27	15	0	0
3	557	36	4	0.106383
4	578	15	0	0
11	26	17	0	0
12	271	51	6	0.183824
13	23	15	0	0
14	25	32	3	0
Instant	37
1	546	28	1	0.37155
2	25	16	0	0
3	592	33	3	0
4	606	15	0	0
11	24	17	0	0
12	258	45	7	1.04167
13	25	15	0	0
14	26	30	3	0.290698
Instant	38
1	574	29	1	0.249004
2	37	17	0	0
3	586	33	3	0.0506073
4	599	15	0	0
11	25	17	0	0
12	318	49	6	0.367647
13	25	15	0	0
14	25	32	3	0
Instant	39
1	605	27	1	0.287356
2	32	19	0	0
3	560	32	3	0.451807
4	585	15	0	0
11	26	17	0	0
12	285	47	8	0
13	25	15	0	0
14	25	32	3	0
Instant	40
1	607	28	1	0
2	16	17	0	0
3	592	32	4	0.5
4	585	15	0	0
11	26	18	0	0
12	243	49	9	2.53378
13	25	15	0	0
14	24	32	3	0
Instant	41
1	578	27	1	0.347913
2	18	17	0	0
3	559	34	4	0
4	592	15	0	0
11	25	17	0	0
12	277	47	7	2.20588
13	24	15	0	0
14	26	32	3	0
Instant	42
1	549	29	2	0.681342
2	22	15	0	0
3	582	32	4	0.442913
4	620	15	0	0
11	24	18	0	0
12	271	50	6	1.10294
13	26	15	0	0
14	26	30	3	0
Instant	43
1	597	30	2	0.0497018
2	16	15	0	0
3	617	30	2	0
4	613	15	0	0
11	25	17	0	0
12	245	48	7	1.18243
13	27	15	0	0
14	26	30	3	0
Instant	44
1	595	28	2	0.292398
2	38	14	0	0
3	579	35	4	0.153061
4	607	15	0	0
11	26	17	0	0
12	286	50	8	1.83824
13	25	15	0	0
14	26	30	3	0.289575
Instant	45
1	636	27	1	0
2	57	14	0	0
3	531	33	4	0.957447
4	591	15	0	0
11	27	18	0	0
12	274	51	7	0
13	24	15	0	0
14	25	31	3	0
Instant	46
1	620	27	1	0
2	39	15	0	0
3	579	34	3	0
4	585	15	0	0
11	28	17	0	0
12	268	50	6	0.675676
13	25	15	0	0
14	24	33	4	0
Instant	47
1	567	29	2	0.628931
2	30	13	0	0
3	572	33	2	0
4	555	15	0	0
11	24	17	0	0
12	294	49	7	0
13	25	15	0	0
14	24	34	3	0
Instant	48
1	583	29	2	0.0497018
2	26	13	0	0
3	609	31	2	0.340467
4	593	15	0	0
11	25	17	0	0
12	266	51	7	0.183824
13	26	15	0	0
14	25	32	4	0.297619
Instant	49
1	566	27	1	0.661914
2	23	17	0	0
3	579	31	2	0.0498008
4	613	15	0	0
11	25	17	0	0
12	233	44	6	2.08333
13	25	15	0	0
14	26	30	2	0
Instant	50
1	561	31	2	0
2	31	16	0	0
3	588	32	3	0.352823
4	592	15	0	0
11	24	18	0	0
12	276	46	5	2.75735
13	25	15	0	0
14	26	32	3	0
Instant	51
1	568	28	1	0
2	22	14	0	0
3	641	29	2	0
4	592	15	0	0
11	26	17	0	0
12	273	49	7	2.75735
13	28	15	0	0
14	25	32	3	0
Instant	52
1	664	27	1	0.310284
2	20	15	0	0
3	578	34	3	0
4	592	15	0	0
11	28	17	0	0
12	238	46	6	1.90972
13	25	15	0	0
14	26	32	3	0
Instant	53
1	684	29	3	0
2	7	13	0	0
3	565	33	3	0.409836
4	607	15	0	0
11	29	18	0	0
12	269	46	7	2.75735
13	24	15	0	0
14	26	30	3	0
Instant	54
1	717	28	2	0.0404531
2	16	16	0	0
3	619	31	3	0.046729
4	592	15	0	0
11	31	17	0	0
12	233	45	7	3.67647
13	27	15	0	0
14	26	32	3	0
Instant	55
1	701	29	1	0
2	16	15	1	0
3	721	34	3	0
4	605	15	0	0
11	30	17	0	0
12	273	49	7	1.18243
13	31	15	0	0
14	25	31	3	0
Instant	56
1	668	28	1	0
2	20	15	0	0
3	681	35	3	0.0430293
4	592	15	0	0
11	30	17	0	0
12	287	46	6	0.919118
13	29	15	0	0
14	25	32	3	0
Instant	57
1	599	27	1	0.295858
2	41	17	0	0
3	645	35	3	0.403226
4	586	15	0	0
11	26	18	0	0
12	265	48	7	0.919118
13	28	15	0	0
14	25	33	4	0
Instant	58
1	586	26	1	0.680934
2	13	16	0	0
3	666	33	3	0.0891266
4	591	15	0	0
11	26	17	0	0
12	232	45	9	3.5473
13	28	15	0	0
14	26	32	3	0
Instant	59
1	559	28	2	0.618557
2	6	15	0	0
3	721	32	3	0.23511
4	634	15	0	0
11	24	18	0	0
12	287	48	8	1.83824
13	32	15	0	0
14	27	29	2	0
Instant	60
1	612	29	1	0
2	31	16	0	0
3	620	37	4	0.469043
4	599	15	0	0
11	26	17	0	0
12	272	53	8	0.735294
13	27	15	0	0
14	26	31	3	0
Instant	61
1	606	29	1	0
2	32	17	0	0
3	543	34	4	0.704989
4	592	15	0	0
11	26	17	0	0
12	270	48	7	0.595238
13	23	15	0	0
14	25	32	3	0
Instant	62
1	627	27	1	0
2	19	15	0	0
3	575	34	3	0.0503018
4	599	15	0	0
11	27	18	0	0
12	285	50	8	2.02206
13	25	15	0	0
14	25	32	3	0
Instant	63
1	627	27	1	0
2	30	15	0	0
3	597	32	2	0
4	606	15	0	0
11	27	17	0	0
12	302	53	7	0.183824
13	25	15	0	0
14	26	30	3	0
Instant	64
1	627	26	1	0
2	37	16	0	0
3	581	34	3	0.10101
4	585	15	0	0
11	27	18	0	0
12	266	50	7	1.68919
13	25	15	0	0
14	24	33	3	0
Instant	65
1	648	26	1	0
2	24	15	0	0
3	609	32	2	0
4	592	15	0	0
11	27	17	0	0
12	288	50	8	0.183824
13	26	15	0	0
14	26	32	3	0
Instant	66
1	613	28	1	0
2	15	14	0	0
3	597	32	2	0
4	613	15	0	0
11	26	18	0	0
12	274	52	9	1.65441
13	26	15	0	0
14	26	31	3	0
Instant	67
1	625	27	1	0
2	25	15	0	0
3	599	32	3	0.0494071
4	592	15	0	0
11	26	17	0	0
12	233	48	8	2.19595
13	26	15	0	0
14	25	32	4	0
Instant	68
1	618	27	1	0
2	28	15	0	0
3	562	33	4	0.503018
4	599	15	0	0
11	27	18	0	0
12	263	44	8	3.51562
13	25	15	0	0
14	26	31	2	0
Instant	69
1	557	30	2	0.373134
2	19	14	0	0
3	684	31	2	0.0437828
4	599	15	0	0
11	23	17	0	0
12	277	49	7	0
13	29	15	0	0
14	26	31	3	0
Instant	70
1	578	29	2	0.301205
2	34	18	1	0
3	634	34	3	0.179856
4	599	15	0	0
11	25	18	0	0
12	271	50	9	0.844595
13	28	15	0	0
14	25	31	4	0
Instant	71
1	621	27	1	0
2	12	15	0	0
3	610	33	5	0.572519
4	578	15	0	0
11	27	17	0	0
12	278	51	9	1.47059
13	26	15	0	0
14	25	33	4	0
Instant	72
1	588	30	3	0
2	8	18	0	0
3	707	34	5	0.0409165
4	606	15	0	0
11	25	17	0	0
12	249	47	6	2.08333
13	31	15	0	0
14	26	31	3	0
Instant	73
1	611	29	2	0.0484496
2	20	16	0	0
3	672	34	4	0.132743
4	599	15	0	0
11	26	17	0	0
12	242	48	8	2.43902
13	29	15	0	0
14	25	31	3	0
Instant	74
1	620	28	2	0
2	23	15	0	0
3	714	34	4	0.120968
4	572	15	0	0
11	26	18	0	0
12	288	48	7	1.83824
13	31	15	0	0
14	25	33	3	0
Instant	75
1	574	29	3	0
2	33	17	0	0
3	651	35	3	0.626118
4	591	15	0	0
11	25	18	0	0
12	291	48	5	0.94697
13	28	15	0	0
14	25	31	3	0
Instant	76
1	553	29	2	0.362319
2	29	16	0	0
3	620	33	3	0.185185
4	614	15	0	0
11	24	17	0	0
12	236	47	8	3.29861
13	27	15	0	0
14	26	31	3	0
Instant	77
1	625	29	2	0
2	38	15	0	0
3	638	32	3	0
4	584	15	0	0
11	26	18	0	0
12	280	49	10	1.17188
13	27	15	0	0
14	25	31	3	0
Instant	78
1	589	29	2	0
2	28	15	0	0
3	623	32	3	0.371747
4	599	15	0	0
11	26	18	0	0
12	271	48	10	0.976562
13	27	15	0	0
14	26	32	3	0.294118
Instant	79
1	615	27	1	0
2	7	14	0	0
3	577	31	2	0.397614
4	599	15	0	0
11	26	18	0	0
12	253	48	9	1.68919
13	25	15	0	0
14	26	31	4	0
Instant	80
1	625	27	1	0
2	14	17	2	0
3	605	32	3	0
4	578	15	0	0
11	27	17	0	0
12	260	47	8	2.27273
13	25	15	0	0
14	25	33	4	0
Instant	81
1	620	29	1	0
2	17	16	0	0
3	591	32	3	0.294118
4	593	15	0	0
11	26	17	0	0
12	264	53	9	1.70455
13	26	15	0	0
14	25	31	3	0
Instant	82
1	613	28	1	0
2	40	17	0	0
3	577	34	4	0.0506073
4	605	15	0	0
11	27	17	0	0
12	258	48	9	1.25
13	25	15	0	0
14	25	31	3	0
Instant	83
1	619	28	1	0
2	13	16	0	0
3	570	34	3	0.154639
4	614	15	0	0
11	26	17	0	0
12	285	50	8	0
13	24	15	0	0
14	27	30	2	0
Instant	84
1	566	29	2	0.30426
2	51	14	0	0
3	546	34	3	0.315126
4	590	15	0	0
11	25	17	0	0
12	256	47	7	1.51515
13	24	15	0	0
14	25	32	3	0
Instant	85
1	604	28	1	0
2	32	15	0	0
3	565	35	3	0.0517598
4	599	15	0	0
11	26	18	0	0
12	271	50	8	1.12179
13	24	15	0	0
14	26	31	3	0
Instant	86
1	659	26	1	0
2	28	13	0	0
3	557	33	3	0.308008
4	593	15	0	0
11	28	18	0	0
12	285	48	9	2.94118
13	24	15	0	0
14	25	32	3	0
Instant	87
1	662	27	2	0.260417
2	10	16	0	0
3	567	35	4	0.259875
4	598	15	0	0
11	29	17	0	0
12	285	53	8	0.551471
13	24	15	0	0
14	25	31	3	0
Instant	88
1	640	29	2	0
2	20	16	0	0
3	596	32	4	0
4	606	15	0	0
11	27	18	0	0
12	242	46	6	2.53378
13	26	15	0	0
14	26	31	3	0
Instant	89
1	598	28	2	0.43021
2	33	14	0	0
3	542	34	3	0.323276
4	571	15	0	0
11	27	18	0	0
12	272	47	6	0
13	23	15	0	0
14	25	34	4	0
Instant	90
1	613	28	1	0
2	25	15	0	0
3	605	33	3	0.147059
4	592	15	0	0
11	26	17	0	0
12	230	52	8	3.90625
13	26	15	0	0
14	25	32	4	0
Instant	91
1	627	27	1	0
2	42	17	0	0
3	605	31	2	0
4	585	15	0	0
11	26	17	0	0
12	264	52	7	1.52027
13	26	15	0	0
14	25	32	3	0
Instant	92
1	634	27	2	0
2	35	17	0	0
3	612	30	1	0
4	627	15	0	0
11	27	17	0	0
12	267	46	7	2.27273
13	27	15	0	0
14	27	29	2	0
Instant	93
1	627	26	1	0
2	15	15	0	0
3	578	34	4	0.355691
4	578	15	0	0
11	27	17	0	0
12	262	48	8	0.757576
13	25	15	0	0
14	25	32	4	0
Instant	94
1	563	28	2	0.668724
2	25	15	0	0
3	608	31	3	0.0484496
4	585	15	0	0
11	24	17	0	0
12	258	49	6	0.844595
13	26	15	0	0
14	25	33	4	0
Instant	95
1	551	26	1	0.509165
2	30	14	0	0
3	589	33	2	0.0494071
4	578	15	0	0
11	25	17	0	0
12	267	48	7	2.02206
13	25	15	0	0
14	25	32	3	0.304878
Instant	96
1	701	27	2	0
2	4	15	0	0
3	593	32	3	0
4	620	15	0	0
11	30	17	0	0
12	242	48	8	2.57353
13	26	15	0	0
14	26	29	3	0
Instant	97
1	732	28	2	0
2	25	16	1	0
3	576	32	2	0.301811
4	607	15	0	0
11	32	17	0	0
12	241	50	9	2.59146
13	25	15	0	0
14	26	31	3	0
Instant	98
1	710	28	2	0
2	15	13	0	0
3	592	33	4	0.149701
4	584	15	0	0
11	31	18	0	0
12	309	50	6	0.735294
13	25	15	0	0
14	25	32	4	0
Instant	99
1	669	28	2	0
2	29	15	0	0
3	560	33	4	0.357143
4	585	15	0	0
11	28	17	0	0
12	249	47	8	2.20588
13	25	15	0	0
14	26	32	4	0
Instant	100
1	713	26	2	0.28135
2	28	16	0	0
3	565	35	4	0.207039
4	599	15	0	0
11	31	17	0	0
12	262	51	8	2.87162
13	24	15	0	0
14	25	31	3	0.294118
Instant	101
1	699	27	2	0.166945
2	22	16	1	0
3	597	32	4	0.0986193
4	585	15	0	0
11	30	18	0	0
12	271	47	10	2.02206
13	26	15	0	0
14	25	33	3	0
Instant	102
1	718	29	2	0.515055
2	39	14	0	0
3	605	32	2	0
4	578	15	0	0
11	32	17	0	0
12	240	46	8	1.10294
13	26	15	0	0
14	25	33	4	0
Instant	103
1	833	29	2	0
2	26	14	0	0
3	595	33	3	0.049505
4	578	15	0	0
11	35	17	0	0
12	264	51	9	3.37838
13	25	15	0	0
14	25	33	4	0
Instant	104
1	806	28	1	0
2	23	14	0	0
3	548	31	2	0.667351
4	593	15	0	0
11	35	17	0	0
12	292	49	6	0.183824
13	24	15	0	0
14	25	32	4	0
Instant	105
1	717	29	2	0
2	13	15	0	0
3	578	34	2	0
4	591	15	0	0
11	31	18	0	0
12	253	48	7	1.65441
13	25	15	0	0
14	25	32	3	0
Instant	106
1	582	30	3	0.53816
2	59	16	0	0
3	587	33	4	0
4	599	15	0	0
11	26	17	0	0
12	268	48	7	0.675676
13	25	15	0	0
14	25	32	3	0
Instant	107
1	645	26	2	0
2	24	16	0	0
3	543	34	4	0.685654
4	606	15	0	0
11	27	17	0	0
12	261	47	6	2.57353
13	24	15	0	0
14	26	31	2	0
Instant	108
1	570	27	1	0.360082
2	19	19	0	0
3	606	32	2	0
4	592	15	0	0
11	24	17	0	0
12	244	52	8	2.94118
13	26	15	0	0
14	25	32	3	0
Instant	109
1	627	27	1	0
2	31	15	0	0
3	533	31	2	0.95339
4	614	15	0	0
11	26	18	0	0
12	260	49	8	0.744048
13	24	15	0	0
14	27	30	2	0
Instant	110
1	619	26	2	0.275735
2	51	16	0	0
3	572	34	3	0.3
4	585	15	0	0
11	28	17	0	0
12	289	47	6	2.92969
13	25	15	0	0
14	25	33	4	0
Instant	111
1	586	27	1	0.337838
2	12	19	0	0
3	600	30	2	0.448207
4	591	15	0	0
11	26	18	0	0
12	279	48	6	0.919118
13	25	15	0	0
14	25	32	4	0
Instant	112
1	635	27	1	0
2	16	17	0	0
3	537	35	5	0.158898
4	592	15	0	0
11	27	17	0	0
12	266	44	6	0
13	24	15	0	0
14	25	32	3	0
Instant	113
1	606	29	1	0
2	32	18	0	0
3	553	36	4	0.0530786
4	613	15	0	0
11	25	18	0	0
12	251	46	8	2.57353
13	23	15	0	0
14	27	30	3	0
Instant	114
1	605	27	1	0.288462
2	25	18	1	0
3	603	31	3	0.291829
4	585	15	0	0
11	26	18	0	0
12	254	52	9	2.75735
13	26	15	0	0
14	24	32	3	0.301205
Instant	115
1	614	27	1	0
2	30	15	0	0
3	603	31	2	0
4	606	15	0	0
11	27	17	0	0
12	270	51	8	0
13	26	15	0	0
14	26	31	3	0
Instant	116
1	641	27	2	0
2	37	17	0	0
3	592	33	2	0.0502008
4	592	15	0	0
11	27	18	0	0
12	269	46	7	3.30882
13	25	15	0	0
14	25	32	3	0
Instant	117
1	634	27	2	0
2	23	18	0	0
3	564	31	2	0.354251
4	606	15	0	0
11	27	18	0	0
12	267	50	8	0.551471
13	25	15	0	0
14	26	30	3	0
Instant	118
1	606	28	1	0
2	14	17	0	0
3	580	33	3	0.354251
4	592	15	0	0
11	27	17	0	0
12	271	48	5	0.337838
13	25	15	0	0
14	25	32	3	0
Instant	119
1	548	30	2	0.321199
2	28	15	0	0
3	611	31	2	0
4	579	15	0	0
11	23	17	0	0
12	284	48	6	0.551471
13	26	15	0	0
14	25	33	4	0
