	T	D	J	LP
Instant	0
1	0	0	0	0
2	0	0	0	0
3	0	0	0	0
4	0	0	0	0
11	0	0	0	0
12	0	0	0	0
13	0	0	0	0
14	0	0	0	0
Instant	1
1	346	24	1	0
2	21	13	0	0
3	224	35	5	0.678295
4	424	16	0	0
11	14	19	0	0
12	138	54	9	0
13	9	15	0	0
14	16	29	3	0
Instant	2
1	1233	34	3	2.66002
2	8	17	0	0
3	650	46	6	6.2336
4	3448	17	0	0
11	62	18	0	0
12	315	47	6	0
13	39	15	0	0
14	150	30	1	0
Instant	3
1	1333	31	2	1.90497
2	17	14	0	0
3	654	47	6	6.56809
4	2969	17	0	0
11	61	19	0	0
12	313	58	8	1.10294
13	37	15	0	0
14	132	31	1	0
Instant	4
1	1428	31	2	0.182482
2	31	16	0	0
3	762	40	6	2.24679
4	2538	16	0	0
11	63	18	0	0
12	277	45	7	1.18243
13	36	15	0	0
14	112	31	1	0
Instant	5
1	1115	30	3	0
2	40	16	0	0
3	695	39	6	1.35468
4	1765	16	0	0
11	48	19	1	0.263713
12	289	46	6	1.47059
13	31	15	0	0
14	77	31	2	0.532623
Instant	6
1	934	27	2	0.310174
2	34	15	0	0
3	627	36	6	1.52972
4	1614	16	0	0
11	41	18	1	0
12	274	45	7	0
13	29	15	0	0
14	69	28	1	0
Instant	7
1	847	27	2	0
2	9	16	0	0
3	745	35	4	0.382263
4	1480	15	0	0
11	36	19	1	0
12	256	46	6	1.35135
13	33	15	0	0
14	65	31	1	0.476948
Instant	8
1	905	25	2	0
2	26	20	0	0
3	626	37	5	0.742115
4	1397	15	0	0
11	39	18	0	0
12	273	48	7	1.10294
13	28	15	0	0
14	61	31	2	0
Instant	9
1	745	27	2	0.595238
2	5	17	0	0
3	581	34	3	0.398406
4	1318	15	0	0
11	33	19	1	0
12	266	47	7	0.919118
13	25	15	0	0
14	56	31	2	0
Instant	10
1	839	26	1	0
2	7	14	1	0
3	626	35	4	0.412844
4	994	15	0	0
11	37	18	0	0
12	238	47	6	2.19595
13	27	15	0	0
14	45	33	2	0
Instant	11
1	807	29	1	0.0753012
2	29	16	0	0
3	572	35	5	0.9
4	928	15	0	0
11	34	18	0	0
12	273	47	7	0.919118
13	25	15	0	0
14	39	31	2	0
Instant	12
1	661	27	1	0.34965
2	26	18	0	0
3	633	34	4	0.182815
4	1061	15	0	0
11	29	19	1	0
12	268	52	7	0.551471
13	28	15	0	0
14	47	30	1	0
Instant	13
1	585	26	1	0.386847
2	31	17	0	0
3	541	36	5	0.736842
4	1030	15	0	0
11	26	19	1	0
12	273	47	6	0
13	24	15	0	0
14	45	32	2	0
Instant	14
1	589	24	1	0.291829
2	29	16	0	0
3	567	35	5	0.65
4	999	15	0	0
11	26	19	0	0
12	314	47	6	0.183824
13	25	15	0	0
14	43	31	2	0
Instant	15
1	644	24	1	0
2	13	15	0	0
3	583	33	4	0.885827
4	882	15	0	0
11	27	19	1	0
12	284	47	4	1.28676
13	25	15	0	0
14	39	31	3	0
Instant	16
1	620	26	1	0
2	37	13	0	0
3	571	37	4	0.2
4	927	15	0	0
11	26	19	0	0
12	266	46	6	0
13	25	15	0	0
14	40	32	3	0
Instant	17
1	571	26	1	0.350701
2	16	15	0	0
3	672	33	4	0.914634
4	755	15	0	0
11	25	19	1	0
12	283	47	7	0.367647
13	29	15	0	0
14	33	31	3	0.388199
Instant	18
1	598	26	1	0
2	49	15	0	0
3	735	35	4	0.308166
4	732	15	0	0
11	25	20	1	0
12	256	49	8	1.65441
13	33	15	0	0
14	31	33	3	0
Instant	19
1	589	26	1	0.392157
2	23	14	0	0
3	628	36	5	0.699627
4	809	15	0	0
11	26	19	1	0
12	261	48	7	0.844595
13	27	15	0	0
14	35	30	2	0
Instant	20
1	592	27	2	0.294695
2	36	16	0	0
3	713	34	3	0
4	800	15	0	0
11	26	18	0	0
12	280	46	7	0.919118
13	31	15	0	0
14	34	32	3	0
Instant	21
1	570	30	2	0.308642
2	42	14	0	0
3	546	35	3	1.63934
4	756	15	0	0
11	24	18	0	0
12	250	51	8	2.02206
13	25	15	0	0
14	33	33	3	0
Instant	22
1	612	26	1	0.047259
2	22	15	0	0
3	503	37	4	0.85034
4	737	15	0	0
11	27	20	1	0
12	235	52	7	3.20946
13	22	15	0	0
14	32	31	2	0.238853
Instant	23
1	626	25	1	0
2	20	15	0	0
3	560	35	3	0.155602
4	735	15	0	0
11	27	19	1	0
12	282	46	6	1.10294
13	24	15	0	0
14	32	31	2	0
Instant	24
1	511	28	3	0.694444
2	32	15	0	0
3	545	37	5	0.160944
4	836	15	0	0
11	22	19	1	0
12	253	48	7	1.47059
13	23	15	0	0
14	35	30	2	0
Instant	25
1	561	27	2	0.349301
2	9	17	0	0
3	560	34	3	0.313808
4	743	15	0	0
11	25	19	1	0
12	254	49	7	1.19048
13	24	15	0	0
14	32	32	2	0
Instant	26
1	592	27	1	0.297619
2	17	16	0	0
3	573	34	3	0.0510204
4	702	15	0	0
11	25	19	0	0
12	299	44	5	0.735294
13	24	15	0	0
14	31	31	2	0
Instant	27
1	506	28	2	0.722222
2	8	14	0	0
3	571	35	3	0.0520833
4	795	15	0	0
11	23	18	0	0
12	291	48	5	0.551471
13	24	15	0	0
14	33	30	2	0
Instant	28
1	632	26	1	0
2	10	14	0	0
3	558	35	4	0.0518672
4	807	15	0	0
11	26	18	0	0
12	237	48	7	2.77778
13	24	15	0	0
14	35	33	2	0.218659
Instant	29
1	614	27	1	0
2	18	14	0	0
3	553	35	4	0.210084
4	846	15	0	0
11	27	18	0	0
12	292	48	7	1.83824
13	24	15	0	0
14	37	32	3	0
Instant	30
1	592	26	1	0.297619
2	28	14	0	0
3	500	37	4	0.965909
4	861	15	0	0
11	25	20	1	0
12	271	48	7	0.551471
13	22	15	0	0
14	37	30	2	0
Instant	31
1	629	26	1	0
2	12	16	0	0
3	515	34	5	0.547046
4	776	15	0	0
11	27	18	0	0
12	254	48	8	1.68919
13	23	15	0	0
14	33	33	3	0
Instant	32
1	560	29	2	0.462963
2	44	16	0	0
3	551	32	3	0.628931
4	753	15	0	0
11	24	19	1	0
12	273	48	6	2.20588
13	24	15	0	0
14	32	32	3	0
Instant	33
1	578	28	1	0
2	33	17	0	0
3	571	36	5	0.0515464
4	761	15	0	0
11	25	19	1	0
12	259	50	9	1.47059
13	24	15	0	0
14	33	32	3	0
Instant	34
1	605	27	2	0.335249
2	32	18	0	0
3	545	36	4	0
4	742	15	0	0
11	26	19	0	0
12	255	49	6	0.168919
13	23	15	0	0
14	32	32	3	0.236593
Instant	35
1	617	27	2	0.0480769
2	40	16	0	0
3	552	37	5	0.105708
4	866	15	0	0
11	26	18	0	0
12	269	47	7	2.75735
13	24	15	0	0
14	37	31	2	0
Instant	36
1	606	25	1	0
2	34	16	0	0
3	580	34	3	0
4	876	15	0	0
11	26	20	1	0
12	253	47	7	1.47059
13	24	15	0	0
14	38	30	2	0
Instant	37
1	534	26	1	1.01713
2	49	15	0	0
3	544	31	3	0.631579
4	880	15	0	0
11	23	18	0	0
12	262	49	7	1.19048
13	24	15	0	0
14	38	33	3	0
Instant	38
1	594	26	1	0.578035
2	43	17	0	0
3	578	32	2	0
4	838	15	0	0
11	26	20	1	0
12	280	46	6	2.38971
13	25	15	0	0
14	36	31	3	0
Instant	39
1	612	27	1	0.0473485
2	42	16	0	0
3	511	37	6	1.5067
4	843	15	0	0
11	26	18	0	0
12	287	50	6	2.02206
13	22	15	0	0
14	37	32	2	0
Instant	40
1	599	27	1	0
2	30	17	0	0
3	528	35	4	0.320513
4	721	15	0	0
11	25	20	1	0
12	241	48	8	2.87162
13	24	15	0	0
14	30	31	3	0
Instant	41
1	613	27	1	0
2	22	15	0	0
3	482	33	4	1.44676
4	721	15	0	0
11	26	18	0	0
12	297	47	7	0
13	22	15	0	0
14	31	32	3	0
Instant	42
1	625	26	1	0
2	20	15	0	0
3	556	36	5	0.155602
4	721	15	0	0
11	27	18	1	0
12	265	50	7	0.551471
13	24	15	0	0
14	31	31	2	0
Instant	43
1	590	28	1	0.0492126
2	28	18	0	0
3	490	34	4	0.764706
4	700	15	0	0
11	25	19	0	0
12	254	47	6	1.52027
13	21	15	0	0
14	30	31	3	0
Instant	44
1	606	27	1	0
2	11	18	0	0
3	573	34	4	0
4	680	15	0	0
11	26	19	1	0
12	282	50	10	0.735294
13	25	15	0	0
14	30	32	3	0
Instant	45
1	641	25	1	0
2	33	17	0	0
3	554	31	3	0.929752
4	686	15	0	0
11	28	18	0	0
12	227	49	7	4.96324
13	24	15	0	0
14	29	32	3	0
Instant	46
1	583	26	2	0.354251
2	23	14	0	0
3	581	33	4	0.398406
4	654	15	0	0
11	25	18	1	0
12	247	48	6	2.19595
13	25	15	0	0
14	28	32	3	0
Instant	47
1	597	26	1	0.290698
2	28	14	0	0
3	519	35	4	0.774336
4	641	15	0	0
11	26	19	0	0
12	292	46	6	0
13	23	15	0	0
14	27	32	3	0
Instant	48
1	538	28	2	0.744681
2	32	17	0	0
3	515	36	4	0.558036
4	627	15	0	0
11	24	19	1	0
12	250	50	9	1.65441
13	22	15	0	0
14	27	33	4	0
Instant	49
1	626	25	1	0
2	22	16	0	0
3	509	35	3	0.997783
4	714	15	0	0
11	28	18	0	0
12	228	50	8	2.82738
13	22	15	0	0
14	30	30	3	0
Instant	50
1	620	27	1	0
2	25	16	0	0
3	541	34	4	0.466805
4	772	15	0	0
11	27	19	0	0
12	293	48	9	1.65441
13	24	15	0	0
14	34	32	3	0
Instant	51
1	599	28	1	0
2	33	15	0	0
3	591	34	4	0.050813
4	733	15	0	0
11	25	19	1	0
12	275	48	7	1.10294
13	25	15	0	0
14	32	31	2	0
Instant	52
1	606	26	1	0
2	21	18	0	0
3	528	35	5	0.586354
4	689	15	0	0
11	26	20	1	0
12	261	48	8	1.38889
13	23	15	0	0
14	30	33	3	0
Instant	53
1	634	25	1	0
2	17	17	0	0
3	561	34	4	0.362319
4	707	15	0	0
11	26	19	0	0
12	296	48	8	0.183824
13	24	15	0	0
14	30	30	3	0
Instant	54
1	599	26	1	0
2	37	15	0	0
3	555	33	2	0.677083
4	701	15	0	0
11	26	20	1	0
12	243	45	5	2.02206
13	24	15	0	0
14	30	30	2	0
Instant	55
1	592	27	2	0.297619
2	14	15	0	0
3	566	33	3	0.303644
4	640	15	0	0
11	25	19	1	0
12	242	51	8	2.02703
13	25	15	0	0
14	28	32	3	0
Instant	56
1	627	26	1	0
2	33	16	0	0
3	537	34	3	0.476695
4	630	15	0	0
11	27	19	1	0
12	283	48	6	2.02206
13	24	15	0	0
14	27	33	3	0
Instant	57
1	613	26	1	0
2	24	16	0	0
3	588	33	3	0
4	683	15	0	0
11	27	19	0	0
12	277	50	8	0.551471
13	25	15	0	0
14	30	30	3	0
Instant	58
1	565	27	1	0.623701
2	38	15	0	0
3	522	35	4	0.488069
4	755	15	0	0
11	24	19	1	0
12	268	50	7	0.506757
13	23	15	0	0
14	32	30	3	0
Instant	59
1	557	26	1	0.363825
2	15	17	0	0
3	535	35	4	0.388027
4	805	15	0	0
11	24	21	1	0
12	265	46	9	1.65441
13	23	15	0	0
14	35	33	4	0.218659
Instant	60
1	613	25	1	0
2	17	18	0	0
3	551	36	3	0.0523013
4	759	15	0	0
11	27	20	1	0
12	267	47	7	2.75735
13	24	15	0	0
14	33	32	3	0
Instant	61
1	599	26	1	0.297619
2	28	18	0	0
3	504	34	4	0.730337
4	724	15	0	0
11	25	19	1	0
12	261	46	8	1.33929
13	22	15	0	0
14	31	31	3	0
Instant	62
1	608	26	1	0
2	25	15	0	0
3	503	37	3	0.522042
4	701	15	0	0
11	26	20	1	0
12	297	46	7	0.551471
13	22	15	0	0
14	30	31	2	0
Instant	63
1	625	26	1	0
2	18	13	0	0
3	563	33	3	0.203666
4	679	15	0	0
11	26	19	1	0
12	277	52	7	3.67647
13	24	15	0	0
14	29	32	3	0
Instant	64
1	612	26	1	0
2	10	18	0	0
3	561	36	4	0.311203
4	651	15	0	0
11	26	19	1	0
12	266	53	9	0.844595
13	24	15	0	0
14	28	30	3	0.722022
Instant	65
1	606	27	1	0
2	14	19	0	0
3	563	34	4	0.257732
4	774	15	0	0
11	26	19	1	0
12	261	47	6	2.57353
13	24	15	0	0
14	33	30	2	0
Instant	66
1	626	24	1	0
2	24	19	0	0
3	578	33	2	0.35497
4	745	15	0	0
11	27	19	0	0
12	263	46	7	2.20588
13	24	15	0	0
14	32	32	2	0
Instant	67
1	597	28	1	0
2	29	16	0	0
3	563	35	3	0
4	682	15	0	0
11	25	19	1	0
12	251	44	7	1.85811
13	24	15	0	0
14	29	30	2	0
Instant	68
1	579	28	2	0.300601
2	31	15	0	0
3	579	34	3	0
4	648	15	0	0
11	25	18	0	0
12	285	45	7	0
13	25	15	0	0
14	28	31	3	0
Instant	69
1	620	26	1	0
2	31	18	0	0
3	567	33	3	0.357143
4	660	15	0	0
11	26	19	1	0
12	273	49	7	0.919118
13	24	15	0	0
14	28	31	3	0
Instant	70
1	592	26	1	0
2	12	17	0	0
3	575	33	3	0.050813
4	666	15	0	0
11	26	21	1	0
12	250	49	6	2.53378
13	25	15	0	0
14	29	30	3	0
Instant	71
1	627	25	1	0
2	23	18	0	0
3	553	33	4	0.679916
4	628	15	0	0
11	26	20	1	0
12	255	46	7	4.04412
13	24	15	0	0
14	27	32	3	0
Instant	72
1	606	26	1	0
2	32	16	0	0
3	494	39	4	0.573394
4	635	15	0	0
11	27	19	1	0
12	264	48	8	0.94697
13	22	15	0	0
14	27	32	3	0
Instant	73
1	627	26	1	0
2	12	16	0	0
3	526	35	5	0.712719
4	586	15	0	0
11	26	19	1	0
12	253	51	9	0.762195
13	23	15	0	0
14	25	32	3	0.401606
Instant	74
1	627	25	0	0
2	33	15	0	0
3	554	35	4	0.416667
4	620	15	0	0
11	27	18	0	0
12	316	47	7	0.183824
13	24	15	0	0
14	27	30	3	0
Instant	75
1	578	27	2	0.297619
2	20	14	0	0
3	498	35	5	1.13895
4	627	15	0	0
11	25	20	1	0
12	271	50	7	0
13	22	15	0	0
14	27	29	2	0
Instant	76
1	620	26	1	0
2	16	16	0	0
3	570	33	3	0.0514403
4	578	15	0	0
11	27	19	1	0
12	271	47	7	1.38889
13	24	15	0	0
14	25	33	4	0
Instant	77
1	599	26	1	0.297619
2	17	16	0	0
3	566	32	3	0.595238
4	592	15	0	0
11	25	19	0	0.290698
12	297	46	7	0
13	26	15	0	0
14	25	32	3	0
Instant	78
1	567	27	1	0.302419
2	26	14	0	0
3	578	33	3	0
4	592	15	0	0
11	25	19	1	0
12	256	42	6	1.95312
13	25	15	0	0
14	25	31	3	0
Instant	79
1	586	27	1	0.0501002
2	45	14	0	0
3	533	37	5	0.437637
4	613	15	0	0
11	25	19	0	0
12	270	45	7	0.168919
13	23	15	0	0
14	26	30	3	0
Instant	80
1	622	25	1	0.0473485
2	25	17	0	0
3	474	32	4	1.78147
4	600	15	0	0
11	26	20	1	0
12	260	44	7	2.84091
13	21	15	0	0
14	26	31	3	0
Instant	81
1	590	28	2	0.147059
2	17	14	0	0
3	534	33	3	0.0527426
4	590	15	0	0
11	26	19	1	0
12	222	49	8	4.16667
13	24	15	0	0
14	25	33	4	0
Instant	82
1	607	27	1	0
2	16	14	0	0
3	552	35	4	0.423729
4	592	15	0	0
11	26	19	1	0
12	262	47	7	1.25
13	23	15	0	0
14	26	31	3	0
Instant	83
1	582	28	2	0.100402
2	29	15	0	0
3	553	36	4	0.052521
4	599	15	0	0
11	25	19	1	0
12	292	46	7	0
13	24	15	0	0
14	25	32	4	0
Instant	84
1	627	27	1	0
2	25	15	0	0
3	498	37	3	0.759346
4	557	15	0	0
11	26	18	0	0
12	262	47	8	0.757576
13	22	15	0	0
14	24	34	4	0.316456
Instant	85
1	620	26	1	0
2	23	15	1	0
3	566	34	4	0.203666
4	613	15	0	0
11	27	19	1	0
12	273	48	8	0.480769
13	25	15	0	0
14	26	30	3	0
Instant	86
1	591	26	1	0.343137
2	25	14	0	0
3	564	35	4	0.0523013
4	607	15	0	0
11	25	19	1	0
12	316	49	6	0.735294
13	24	15	0	0
14	26	30	3	0
Instant	87
1	634	25	1	0
2	43	16	0	0
3	526	35	4	0.90812
4	619	15	0	0
11	27	19	1	0
12	249	47	5	2.57353
13	23	15	0	0
14	26	30	3	0
Instant	88
1	606	27	1	0
2	51	15	0	0
3	573	34	3	0
4	606	15	0	0
11	26	18	0	0
12	237	54	8	3.20946
13	24	15	0	0
14	26	30	2	0
Instant	89
1	612	26	2	0.240385
2	41	16	0	0
3	529	35	4	0.378788
4	604	15	0	0
11	26	19	1	0
12	278	50	7	2.38971
13	23	15	0	0
14	25	30	2	0.291829
Instant	90
1	597	27	2	0
2	38	16	0	0
3	538	35	4	0.592672
4	646	15	0	0
11	25	20	1	0
12	264	45	10	0.390625
13	23	15	0	0
14	27	32	3	0
Instant	91
1	625	25	1	0
2	26	17	0	0
3	532	33	3	0.688559
4	655	15	0	0
11	27	19	1	0
12	240	46	5	2.36486
13	24	15	0	0
14	29	30	2	0
Instant	92
1	611	27	1	0
2	28	14	0	0
3	595	32	3	0.0488281
4	650	15	0	0
11	26	19	1	0
12	270	42	6	1.89394
13	26	15	0	0
14	27	32	3	0
Instant	93
1	606	26	1	0
2	13	17	0	0
3	550	36	3	0.21097
4	659	15	0	0
11	26	19	1	0
12	235	48	6	2.84091
13	24	15	0	0
14	29	30	2	0
Instant	94
1	606	26	1	0
2	18	15	0	0
3	533	35	5	0.436681
4	661	15	0	0
11	26	20	1	0
12	252	48	6	1.18243
13	23	15	0	0
14	28	30	2	0
Instant	95
1	564	26	1	0.367647
2	24	16	0	0
3	546	34	3	0.571726
4	673	15	0	0
11	24	19	0	0
12	253	44	7	3.86029
13	24	15	0	0
14	29	32	3	0
Instant	96
1	605	26	1	0
2	27	15	0	0
3	569	32	3	0.661914
4	701	15	0	0
11	27	19	1	0
12	259	49	7	0.919118
13	24	15	0	0
14	31	31	3	0
Instant	97
1	642	26	1	0
2	38	13	0	0
3	491	37	5	0.762911
4	707	15	0	0
11	27	19	0	0
12	252	48	6	1.37195
13	21	15	0	0
14	30	31	3	0
Instant	98
1	595	26	1	0.19305
2	16	17	0	0
3	554	32	4	0.306122
4	812	15	0	0
11	26	19	0	0
12	286	51	9	2.38971
13	24	15	0	0
14	36	31	3	0
Instant	99
1	621	26	1	0
2	17	16	1	0
3	586	34	3	0
4	750	15	0	0
11	27	19	1	0
12	255	53	8	3.125
13	25	15	0	0
14	32	31	3	0
Instant	100
1	627	26	1	0
2	44	15	0	0
3	543	35	4	0.431034
4	658	15	0	0
11	26	19	0	0
12	256	45	7	2.36486
13	23	15	0	0
14	28	31	3	0
Instant	101
1	620	25	0	0
2	30	13	0	0
3	491	37	3	0.896861
4	626	15	0	0
11	27	19	1	0
12	290	48	8	0
13	22	15	0	0
14	27	33	4	0
Instant	102
1	613	27	1	0
2	19	14	0	0
3	490	37	4	1.16279
4	646	15	0	0
11	26	18	0	0
12	262	48	7	0.551471
13	21	15	0	0
14	28	31	2	0
Instant	103
1	607	27	2	0.0494071
2	27	14	0	0
3	559	32	3	0.365344
4	627	15	0	0
11	25	20	1	0
12	244	46	7	3.04054
13	24	15	0	0
14	27	33	4	0
Instant	104
1	643	25	1	0
2	31	16	0	0
3	586	34	3	0.0992064
4	655	15	0	0
11	28	18	0	0
12	294	48	6	0
13	25	15	0	0
14	27	30	3	0.268817
Instant	105
1	596	28	1	0
2	11	18	0	0
3	573	34	3	0
4	638	15	0	0
11	25	19	1	0
12	241	46	8	2.57353
13	24	15	0	0
14	28	31	2	0
Instant	106
1	613	25	1	0
2	2	17	0	0
3	580	32	2	0
4	587	15	0	0
11	27	19	0	0
12	268	50	10	1.18243
13	25	15	0	0
14	25	32	4	0
Instant	107
1	603	28	2	0
2	25	16	0	0
3	563	36	3	0.105042
4	599	15	0	0
11	26	19	1	0
12	263	46	7	1.83824
13	24	15	0	0
14	26	31	3	0
Instant	108
1	592	25	1	0.297619
2	29	13	0	0
3	536	36	2	0.535332
4	606	15	0	0
11	26	19	1	0
12	266	48	6	1.65441
13	23	15	0	0
14	26	31	3	0
Instant	109
1	555	29	2	0.369198
2	31	18	0	0
3	586	33	3	0.0503018
4	586	15	0	0
11	24	18	1	0
12	269	48	7	0
13	25	15	0	0
14	26	32	3	0
Instant	110
1	596	26	1	0.288462
2	22	16	0	0
3	559	34	4	0.360082
4	599	15	0	0
11	26	18	0	0
12	323	45	6	0.195312
13	24	15	0	0
14	25	31	3	0
Instant	111
1	606	24	0	0.287356
2	30	17	0	0
3	492	35	5	1.31881
4	577	15	0	0
11	26	19	1	0
12	272	46	6	0.183824
13	22	15	0	0
14	24	34	3	0
Instant	112
1	585	28	1	0.301205
2	40	17	0	0
3	558	34	3	0
4	578	15	0	0
11	25	19	0	0
12	242	45	7	2.53378
13	24	15	0	0
14	25	32	4	0
Instant	113
1	629	26	1	0
2	22	16	0	0
3	575	35	3	0.0510204
4	600	15	0	0
11	27	19	0	0
12	281	49	6	0.551471
13	25	15	0	0
14	26	31	3	0
Instant	114
1	620	26	1	0
2	27	16	0	0
3	579	34	4	0
4	633	15	0	0
11	27	19	1	0
12	271	48	5	0.551471
13	25	15	0	0
14	27	29	2	0
Instant	115
1	606	27	1	0
2	36	15	0	0
3	577	35	3	0
4	599	15	0	0
11	25	19	1	0
12	263	49	9	0.844595
13	25	15	0	0
14	25	31	3	0
Instant	116
1	599	27	1	0
2	27	14	0	0
3	569	34	4	0.104167
4	579	15	0	0
11	26	19	1	0
12	274	50	8	2.20588
13	24	15	0	0
14	25	33	3	0
Instant	117
1	611	25	1	0
2	30	15	1	0
3	512	33	3	0.660793
4	597	15	0	0
11	27	20	1	0
12	271	52	8	0.735294
13	23	15	0	0
14	25	32	3	0
Instant	118
1	585	28	1	0
2	26	15	0	0
3	543	35	3	0.319149
4	585	15	0	0
11	25	20	1	0
12	274	49	6	0
13	24	15	0	0
14	25	31	3	0
Instant	119
1	606	27	1	0
2	32	16	0	0
3	525	37	5	0.221729
4	584	15	0	0
11	26	19	0	0
12	281	49	8	0.735294
13	22	15	0	0
14	25	33	3	0
