	T	D	J	LP
Instant	0
1	0	0	0	0
2	0	0	0	0
3	0	0	0	0
4	0	0	0	0
11	0	0	0	0
12	0	0	0	0
13	0	0	0	0
14	0	0	0	0
Instant	1
1	314	25	2	0.568182
2	10	19	0	0
3	236	36	3	0.0984252
4	555	17	0	0
11	13	19	1	0
12	138	50	6	0
13	10	15	0	0
14	22	33	1	0
Instant	2
1	1218	31	2	0.991697
2	13	17	0	0
3	853	39	4	1.37076
4	3061	17	0	0
11	55	18	0	0
12	324	52	7	0.367647
13	39	15	0	0
14	134	28	1	0
Instant	3
1	1103	29	3	1.26812
2	22	15	0	0
3	885	40	5	0.890585
4	2910	17	0	0
11	50	19	1	0
12	303	55	8	0
13	40	15	0	0
14	126	26	1	0
Instant	4
1	1289	26	2	0.534759
2	29	17	0	0
3	692	39	5	1.4214
4	2679	17	0	0
11	57	18	0	0
12	293	52	9	0.675676
13	31	15	0	0
14	117	27	1	0.416667
Instant	5
1	1328	29	2	0.4109
2	17	15	0	0
3	845	37	4	0.102041
4	2342	17	0	0
11	59	18	0	0
12	291	50	9	1.28676
13	37	15	0	0
14	103	25	0	0.276104
Instant	6
1	978	26	2	0.355872
2	5	15	0	0
3	525	41	6	1.61638
4	2277	16	0	0
11	44	21	1	0
12	255	46	8	2.20588
13	24	15	0	0
14	99	25	0	0
Instant	7
1	893	29	2	0.164258
2	29	16	0	0
3	566	37	4	0.809717
4	2064	17	0	0
11	39	18	0	0
12	250	49	5	2.53378
13	25	15	0	0
14	88	25	0	0.682594
Instant	8
1	893	30	3	0.26178
2	29	16	0	0
3	539	37	4	0.849257
4	1935	16	0	0
11	39	18	0	0
12	268	50	7	1.47059
13	23	15	0	0
14	84	25	1	0.242718
Instant	9
1	752	30	2	0
2	20	16	0	0
3	629	31	2	0.317029
4	1931	16	0	0
11	33	19	0	0
12	274	50	8	0
13	28	15	0	0
14	85	25	1	0
Instant	10
1	711	28	1	0.204583
2	36	15	0	0
3	644	32	3	0
4	1814	16	0	0
11	31	19	1	0
12	255	50	9	0.844595
13	28	15	0	0
14	79	26	1	0.226978
Instant	11
1	606	27	2	0
2	26	16	0	0
3	654	33	4	0
4	1633	17	1	0
11	26	18	0	0
12	275	47	7	0.919118
13	28	15	0	0
14	70	25	0	0.4683
Instant	12
1	676	27	1	0.302245
2	21	17	0	0
3	600	35	3	0.582524
4	1567	16	1	0
11	29	18	0	0.43554
12	256	52	8	1.10294
13	26	15	0	0
14	68	25	0	0
Instant	13
1	731	26	2	0
2	23	16	0	0
3	553	33	3	1.0395
4	1516	16	1	0
11	31	18	1	0
12	259	50	6	1.33929
13	24	15	0	0
14	65	26	1	0.387597
Instant	14
1	677	27	2	0.419463
2	29	16	0	0
3	545	34	3	0.0526316
4	1440	16	0	0
11	30	18	0	0
12	283	49	9	3.125
13	24	15	0	0
14	62	25	0	0.285481
Instant	15
1	700	27	2	0.0422297
2	36	17	0	0
3	586	34	5	0
4	1356	16	0	0
11	30	18	0	0
12	287	51	8	1.10294
13	25	15	0	0
14	60	26	1	0.0434028
Instant	16
1	727	26	2	0
2	20	15	0	0
3	579	32	3	0.301205
4	1390	16	0	0
11	32	19	1	0
12	251	47	8	0.844595
13	25	15	0	0
14	60	25	0	0
Instant	17
1	685	24	1	0.0437063
2	32	16	0	0
3	553	34	4	0.313808
4	1349	16	0	0
11	29	20	1	0
12	288	52	8	0.367647
13	24	15	0	0
14	60	26	1	0
Instant	18
1	652	26	1	0
2	23	17	0	0
3	579	34	4	0.101215
4	1266	16	0	0
11	28	20	1	0
12	263	50	7	0.551471
13	25	15	0	0
14	54	25	0	0.41744
Instant	19
1	602	30	2	0.333333
2	35	16	0	0
3	526	35	4	0.377155
4	1229	16	0	0
11	26	19	0	0
12	264	53	8	0.675676
13	23	15	0	0
14	53	25	1	0.478011
Instant	20
1	623	29	2	0.325279
2	46	16	0	0
3	564	32	3	0.679916
4	1348	16	0	0
11	27	18	0	0
12	289	48	7	0
13	24	15	0	0
14	59	25	0	0
Instant	21
1	653	26	2	0
2	50	17	0	0
3	573	32	3	0.296443
4	1257	16	0	0
11	29	19	0	0
12	271	51	8	0
13	25	15	0	0
14	54	27	0	0
Instant	22
1	666	25	1	0.26178
2	27	15	0	0
3	620	32	2	0
4	1139	16	0	0
11	29	18	0	0
12	248	46	7	2.19595
13	26	15	0	0
14	50	26	1	0
Instant	23
1	666	25	1	0.26738
2	14	17	0	0
3	565	34	3	0.0506073
4	1126	16	0	0
11	28	19	0	0
12	259	53	9	2.57353
13	25	15	0	0
14	49	27	1	0
Instant	24
1	624	27	1	0
2	42	15	0	0
3	508	34	3	0.674157
4	1170	16	0	0
11	26	20	1	0.377358
12	255	49	8	1.65441
13	22	15	0	0
14	51	26	1	0
Instant	25
1	589	27	2	0.297619
2	30	17	0	0
3	535	36	3	0.590129
4	1155	16	0	0
11	25	19	0	0
12	248	45	7	1.6369
13	23	15	0	0
14	50	27	1	0
Instant	26
1	594	26	1	0
2	35	16	0	0
3	631	34	4	0.280374
4	1240	16	0	0
11	26	20	1	0
12	287	51	7	0.919118
13	27	15	0	0
14	54	25	0	0
Instant	27
1	519	26	2	0.704989
2	44	17	0	0
3	585	34	3	0.723938
4	1208	15	0	0
11	23	19	1	0
12	271	51	7	2.02206
13	26	15	0	0
14	52	27	1	0
Instant	28
1	613	27	1	0
2	50	17	0	0
3	594	35	3	0.339147
4	1159	16	0	0
11	27	18	0	0
12	260	47	9	2.25694
13	26	15	0	0
14	50	27	1	0
Instant	29
1	620	26	1	0
2	26	17	0	0
3	708	33	4	0.723473
4	1244	15	0	0
11	26	19	0	0
12	270	52	9	1.65441
13	31	15	0	0
14	54	26	0	0
Instant	30
1	613	26	1	0
2	17	15	0	0
3	752	33	4	0.503876
4	1276	16	0	0
11	26	19	1	0
12	257	51	8	3.49265
13	33	15	0	0
14	56	25	0	0
Instant	31
1	606	25	1	0.290698
2	25	15	0	0
3	792	36	4	0.143062
4	1260	16	0	0
11	26	20	1	0
12	258	50	7	2.02703
13	35	15	0	0
14	55	26	0	0
Instant	32
1	626	25	1	0
2	43	14	0	0
3	632	38	6	1.31818
4	1271	16	0	0
11	26	20	1	0
12	263	48	8	1.47059
13	28	15	0	0
14	56	27	1	0
Instant	33
1	580	27	1	0.290135
2	28	14	0	0
3	613	35	4	0.326493
4	1235	16	0	0
11	26	19	0	0
12	257	52	8	3.30882
13	27	15	0	0
14	53	26	1	0
Instant	34
1	615	27	1	0.143954
2	23	16	0	0
3	583	37	5	0.499002
4	1190	16	0	0
11	26	18	0	0
12	230	54	9	3.20946
13	25	15	0	0
14	53	26	1	0
Instant	35
1	627	26	1	0
2	23	15	0	0
3	626	35	3	0.371058
4	1087	16	0	0
11	27	18	1	0
12	272	49	7	2.20588
13	27	15	0	0
14	46	26	1	0.485961
Instant	36
1	534	28	2	0.645161
2	17	14	0	0
3	619	34	3	0
4	1125	15	0	0
11	23	18	0	0
12	278	52	6	0
13	27	15	0	0
14	49	26	1	0
Instant	37
1	601	27	1	0
2	15	14	0	0
3	593	36	4	0.676983
4	1107	16	0	0
11	26	19	0	0
12	248	53	9	1.6369
13	26	15	0	0
14	47	26	1	0.212314
Instant	38
1	598	27	1	0
2	29	14	0	0
3	636	33	4	0.320513
4	1187	16	0	0
11	26	19	0	0
12	264	47	6	3.67647
13	28	15	0	0
14	52	25	0	0
Instant	39
1	616	26	1	0
2	8	15	0	0
3	661	31	3	0.304878
4	1254	16	0	0
11	26	19	1	0
12	275	49	8	1.47059
13	29	15	0	0
14	54	25	0	0
Instant	40
1	584	27	1	0.347222
2	35	14	0	0
3	668	35	6	1.11755
4	1271	15	0	0
11	25	19	0	0
12	254	47	6	3.71622
13	30	15	0	0
14	56	25	0	0
Instant	41
1	632	26	1	0
2	25	16	0	0
3	778	36	4	0.259644
4	1226	16	0	0
11	26	18	0	0
12	293	48	6	0
13	34	15	0	0
14	53	26	0	0
Instant	42
1	620	26	1	0
2	11	16	0	0
3	716	34	4	1.04334
4	1184	15	0	0
11	27	19	1	0
12	274	49	8	0
13	32	15	0	0
14	52	25	0	0
Instant	43
1	591	25	1	0
2	28	16	0	0
3	740	34	4	0.992366
4	1177	16	0	0
11	25	20	1	0.297619
12	266	53	9	0.168919
13	33	15	0	0
14	51	26	0	0
Instant	44
1	607	25	1	0.286807
2	23	15	0	0
3	712	35	4	0.0810373
4	1186	16	0	0
11	26	19	0	0
12	292	51	8	0.367647
13	31	15	0	0
14	53	26	0	0
Instant	45
1	621	26	1	0
2	15	16	0	0
3	738	35	4	0.160772
4	1148	16	0	0
11	27	18	0	0
12	245	48	8	2.94118
13	32	15	0	0
14	49	26	1	0
Instant	46
1	628	26	1	0
2	40	16	0	0
3	668	35	6	0.710702
4	1196	15	0	0
11	26	19	0	0
12	260	50	10	1.35135
13	30	15	0	0
14	53	26	1	0
Instant	47
1	606	25	1	0.294118
2	21	15	0	0
3	607	34	5	1.14068
4	1121	16	0	0
11	25	20	1	0
12	273	47	7	2.38971
13	27	15	0	0
14	49	26	1	0
Instant	48
1	621	25	1	0
2	23	13	0	0
3	575	32	3	0.688976
4	1101	16	0	0
11	27	19	0	0
12	252	51	8	1.28676
13	26	15	0	0
14	48	26	1	0
Instant	49
1	620	26	1	0
2	12	17	2	0
3	573	35	4	0.307377
4	1096	16	0	0
11	27	19	1	0
12	235	52	10	2.52976
13	25	15	0	0
14	47	26	1	0.321888
Instant	50
1	634	26	1	0
2	28	17	0	0
3	559	35	4	0.103306
4	1062	15	0	0
11	27	19	0	0
12	305	48	6	0
13	24	15	0	0
14	46	27	1	0
Instant	51
1	620	27	1	0
2	9	15	0	0
3	534	34	4	0.543478
4	1048	16	0	0
11	26	18	0	0
12	280	50	8	2.20588
13	23	15	0	0
14	46	26	1	0
Instant	52
1	627	26	1	0
2	29	16	0	0
3	579	32	3	0.492126
4	1098	15	0	0
11	27	19	0	0
12	257	46	5	0.520833
13	25	15	0	0
14	47	25	0	0
Instant	53
1	599	26	1	0.0961538
2	17	16	0	0
3	577	35	3	0
4	1065	16	0	0
11	26	20	1	0
12	282	45	8	1.83824
13	25	15	0	0
14	46	27	1	0
Instant	54
1	636	24	1	0
2	32	18	0	0
3	527	35	3	0.709607
4	1074	16	0	0
11	27	19	1	0
12	263	47	7	1.28676
13	23	15	0	0
14	47	26	1	0
Instant	55
1	564	28	1	0.308642
2	24	16	0	0
3	540	35	5	0.37155
4	1121	16	0	0
11	24	20	1	0
12	264	50	9	0.506757
13	24	15	0	0
14	49	26	1	0
Instant	56
1	614	26	1	0
2	20	16	0	0
3	599	30	2	0.298211
4	1140	16	0	0
11	26	18	0	0
12	283	51	9	1.65441
13	25	15	0	0
14	49	25	0	0
Instant	57
1	606	27	1	0
2	20	17	0	0
3	575	33	2	0.0496032
4	1114	16	0	0
11	27	19	1	0
12	275	49	6	0
13	25	15	0	0
14	49	25	1	0
Instant	58
1	634	25	0	0
2	14	15	0	0
3	583	34	3	0.0504032
4	1093	16	0	0
11	27	19	0	0
12	263	47	7	1.01351
13	25	15	0	0
14	47	27	1	0
Instant	59
1	591	27	2	0.290698
2	18	16	0	0
3	504	32	4	1.12613
4	1045	15	0	0
11	26	18	0	0
12	280	49	8	1.10294
13	22	15	0	0
14	46	27	1	0
Instant	60
1	584	28	3	0.306122
2	40	16	0	0
3	573	35	3	0
4	1082	15	0	0
11	25	19	1	0
12	258	48	9	2.38971
13	25	15	0	0
14	46	26	1	0
Instant	61
1	620	26	1	0
2	16	19	2	0
3	594	32	3	0
4	1086	15	0	0
11	27	18	0	0
12	258	48	8	1.4881
13	25	15	0	0
14	47	26	1	0
Instant	62
1	634	24	1	0
2	38	17	0	0
3	615	32	4	0
4	1112	16	0	0
11	27	19	1	0
12	287	47	7	2.75735
13	26	15	0	0
14	48	26	1	0
Instant	63
1	627	26	1	0
2	34	15	0	0
3	560	33	3	0.358607
4	1005	16	0	0
11	27	19	1	0
12	282	56	8	0.551471
13	25	15	0	0
14	42	25	1	0.468384
Instant	64
1	634	25	1	0
2	30	16	0	0
3	594	33	3	0
4	1088	15	0	0
11	27	19	1	0
12	252	51	9	2.19595
13	25	15	0	0
14	48	26	1	0
Instant	65
1	623	26	2	0
2	18	15	0	0
3	576	34	4	0.0510204
4	1096	16	0	0
11	27	19	1	0
12	292	53	8	2.02206
13	25	15	0	0
14	48	25	0	0
Instant	66
1	600	27	1	0
2	5	18	1	0
3	566	34	4	0.309917
4	1215	16	0	0
11	26	18	0	0
12	254	50	6	2.75735
13	24	15	0	0
14	52	25	0	0
Instant	67
1	606	26	1	0
2	22	15	0	0
3	532	35	3	0.428266
4	1035	16	0	0
11	26	21	2	0
12	229	47	7	3.5473
13	23	15	0	0
14	44	25	0	0.510204
Instant	68
1	578	24	1	0.294118
2	38	15	0	0
3	543	33	4	0.635593
4	995	16	0	0
11	25	21	2	0
12	267	47	10	2.14844
13	23	15	0	0
14	44	26	1	0
Instant	69
1	615	26	1	0
2	22	15	0	0
3	614	31	2	0
4	1023	16	0	0
11	26	19	1	0
12	242	45	9	3.67647
13	26	15	0	0
14	44	25	0	0
Instant	70
1	613	25	1	0
2	25	16	0	0
3	547	35	4	0.366876
4	1088	16	0	0
11	26	20	1	0
12	235	51	8	3.88514
13	24	15	0	0
14	48	25	0	0
Instant	71
1	600	26	2	0.443787
2	31	15	0	0
3	580	34	4	0
4	1076	16	0	0
11	26	19	1	0
12	291	48	6	0.183824
13	25	15	0	0
14	46	25	0	0
Instant	72
1	620	26	1	0
2	31	15	0	0
3	528	36	4	0.4329
4	1033	16	0	0
11	27	19	1	0
12	261	51	9	1.13636
13	23	15	0	0
14	44	25	0	0
Instant	73
1	641	25	1	0
2	27	15	0	0
3	541	35	4	0.587607
4	963	16	0	0
11	28	19	1	0
12	243	53	7	1.52439
13	23	15	0	0
14	42	26	0	0
Instant	74
1	606	26	1	0
2	27	13	0	0
3	575	33	4	0.101215
4	963	16	0	0
11	26	20	1	0
12	273	46	8	2.94118
13	25	15	0	0
14	42	25	1	0
Instant	75
1	599	28	1	0
2	17	16	0	0
3	581	33	3	0.199203
4	954	15	0	0
11	25	19	0	0
12	285	53	8	1.32576
13	25	15	0	0
14	41	26	1	0
Instant	76
1	603	26	1	0.291829
2	17	14	0	0
3	529	34	3	0.700431
4	1102	16	0	0
11	26	19	0	0
12	273	51	8	0.520833
13	23	15	0	0
14	48	24	0	0
Instant	77
1	620	25	1	0
2	23	17	0	0
3	555	35	3	0.0527426
4	1186	16	0	0
11	26	20	1	0
12	286	45	8	1.17188
13	24	15	0	0
14	52	24	0	0
Instant	78
1	632	25	1	0
2	17	15	0	0
3	557	36	3	0.105042
4	1093	16	0	0
11	27	19	0	0
12	266	51	9	0.78125
13	24	15	0	0
14	47	26	1	0
Instant	79
1	605	26	1	0
2	19	17	0	0
3	569	35	3	0
4	1010	16	0	0
11	26	20	1	0
12	272	52	9	0
13	24	15	0	0
14	43	26	0	0
Instant	80
1	628	27	1	0
2	20	15	0	0
3	532	35	4	0.700431
4	1009	16	0	0
11	26	18	0	0
12	237	48	8	4.35606
13	23	15	0	0
14	44	25	0	0
Instant	81
1	598	26	1	0
2	26	15	0	0
3	519	35	4	0.391499
4	1019	16	0	0
11	26	21	1	0
12	246	50	8	3.0303
13	22	15	0	0
14	45	25	1	0
Instant	82
1	589	29	2	0
2	14	16	0	0
3	526	36	4	0.433839
4	1019	16	0	0
11	25	20	1	0
12	256	51	8	1.78571
13	23	15	0	0
14	44	25	1	0
Instant	83
1	605	27	1	0.0473485
2	37	16	0	0
3	560	32	2	0.309278
4	1022	16	0	0
11	27	18	0	0
12	255	48	8	3.78788
13	24	15	0	0
14	44	25	0	0
Instant	84
1	628	26	1	0
2	17	16	0	0
3	570	32	3	0.306122
4	1013	16	0	0
11	27	19	0	0
12	269	48	8	0
13	25	15	0	0
14	44	25	0	0
Instant	85
1	611	27	1	0
2	33	15	0	0
3	524	36	4	0.554324
4	954	16	0	0
11	26	18	0	0
12	279	49	7	0
13	23	15	0	0
14	41	26	0	0
Instant	86
1	598	25	1	0.283019
2	24	17	0	0
3	539	34	3	0.473684
4	973	15	0	0
11	26	19	0	0
12	304	52	10	1.10294
13	24	15	0	0
14	43	26	0	0
Instant	87
1	663	25	2	0.396825
2	28	15	0	0
3	560	33	3	0.369198
4	958	15	0	0
11	29	19	1	0
12	268	51	7	2.38971
13	24	15	0	0
14	42	26	1	0
Instant	88
1	701	25	2	0.12931
2	24	17	0	0
3	560	35	3	0.102459
4	999	16	0	0
11	29	19	0	0
12	271	51	7	0.844595
13	24	15	0	0
14	43	26	1	0
Instant	89
1	720	25	1	0.039557
2	23	17	0	0
3	582	34	4	0.050813
4	1036	15	0	0
11	32	19	0	0
12	268	46	8	2.38971
13	25	15	0	0
14	45	25	1	0
Instant	90
1	735	27	1	0
2	18	18	0	0
3	545	34	4	0.474684
4	1052	16	0	0
11	31	19	1	0
12	252	49	8	1.17188
13	24	15	0	0
14	45	26	0	0
Instant	91
1	650	27	1	0
2	15	16	0	0
3	572	32	2	0.351406
4	992	16	0	0
11	29	18	0	0
12	254	51	8	1.18243
13	25	15	0	0
14	44	25	1	0
Instant	92
1	664	28	2	0.0452899
2	30	15	0	0
3	568	35	3	0
4	1018	16	0	0
11	28	19	0	0
12	278	46	7	0.189394
13	24	15	0	0
14	43	27	1	0
Instant	93
1	567	28	1	0.40404
2	17	14	1	0
3	534	36	4	0.324675
4	963	15	0	0
11	25	19	1	0
12	266	49	10	1.70455
13	23	15	0	0
14	42	26	1	0
Instant	94
1	620	26	1	0
2	51	15	0	0
3	547	35	4	0.211864
4	955	16	0	0
11	26	19	1	0
12	241	50	6	2.36486
13	24	15	0	0
14	41	26	1	0
Instant	95
1	612	27	1	0
2	18	15	0	0
3	494	37	5	1.21528
4	946	16	0	0
11	25	19	0	0
12	286	51	8	0
13	22	15	0	0
14	41	26	1	0
Instant	96
1	600	26	1	0
2	32	15	0	0
3	530	32	5	0.809935
4	970	15	0	0
11	26	20	1	0
12	265	47	8	0.367647
13	23	15	0	0
14	43	25	0	0
Instant	97
1	587	26	1	0.296443
2	51	15	0	0
3	497	35	4	0.564334
4	943	15	0	0
11	25	19	1	0
12	267	52	10	0.152439
13	22	15	0	0
14	41	27	1	0
Instant	98
1	601	25	1	0.236742
2	18	16	0	0
3	514	36	5	0.447427
4	948	16	0	0
11	26	20	1	0
12	293	46	8	3.30882
13	23	15	0	0
14	41	27	1	0
Instant	99
1	638	25	1	0.136861
2	27	16	0	0
3	613	30	2	0.525813
4	964	15	0	0
11	28	19	1	0
12	271	52	7	1.47059
13	26	15	0	0
14	42	25	0	0
Instant	100
1	628	26	1	0
2	19	15	0	0
3	558	32	3	0.50505
4	962	15	0	0
11	26	18	0	0
12	257	50	8	0.844595
13	25	15	0	0
14	41	25	1	0
Instant	101
1	590	27	1	0
2	17	15	0	0
3	578	33	3	0.301205
4	943	15	0	0
11	26	20	1	0
12	275	45	6	0.735294
13	25	15	0	0
14	41	27	1	0
Instant	102
1	620	26	1	0
2	21	16	0	0
3	609	32	3	0.0480769
4	994	15	0	0
11	26	19	1	0
12	239	48	7	4.96324
13	26	15	0	0
14	43	26	1	0
Instant	103
1	627	26	1	0
2	6	15	0	0
3	549	35	3	0.212766
4	953	15	0	0
11	27	18	0	0
12	234	50	7	3.5473
13	23	15	0	0
14	41	26	1	0
Instant	104
1	581	26	1	0.606061
2	6	16	2	0
3	585	31	2	0.347222
4	942	15	0	0
11	25	19	1	0
12	269	50	9	2.20588
13	25	15	0	0
14	41	27	1	0
Instant	105
1	579	26	2	0
2	20	17	0	0
3	568	33	3	0.255102
4	1018	15	0	0
11	25	20	1	0
12	265	49	8	1.28676
13	25	15	0	0
14	44	25	1	0
Instant	106
1	609	28	2	0.292969
2	32	15	0	0
3	564	34	3	0.3125
4	1080	15	0	0
11	26	18	0	0
12	252	52	9	2.19595
13	24	15	0	0
14	47	25	0	0
Instant	107
1	606	25	1	0
2	28	13	0	0
3	592	33	4	0.1
4	1069	15	0	0
11	27	18	0	0
12	290	54	8	0.183824
13	25	15	0	0
14	47	26	0	0
Instant	108
1	614	26	2	0.674374
2	46	14	0	0
3	555	32	3	0.462963
4	1059	15	0	0
11	26	18	0	0
12	238	47	9	3.125
13	24	15	0	0
14	47	25	0	0
Instant	109
1	628	27	1	0
2	19	16	0	0
3	594	31	2	0.288462
4	1053	16	0	0
11	28	17	0	0
12	251	51	6	1.33929
13	26	15	0	0
14	45	26	0	0
Instant	110
1	573	26	2	0.30303
2	30	16	0	0
3	544	32	2	0.630252
4	936	15	0	0
11	25	20	1	0
12	303	51	10	1.5625
13	24	15	0	0
14	41	29	1	0
Instant	111
1	619	27	1	0
2	20	16	0	0
3	572	33	4	0
4	905	15	0	0
11	27	18	0	0
12	267	52	10	0.367647
13	24	15	0	0
14	39	26	1	0
Instant	112
1	551	27	2	0.377155
2	22	16	0	0
3	576	34	3	0.351406
4	912	15	0	0
11	23	20	1	0
12	264	48	6	1.52027
13	25	15	0	0
14	39	26	1	0
Instant	113
1	600	27	1	0
2	26	16	0	0
3	584	32	2	0.19685
4	899	16	0	0
11	26	20	1	0
12	262	52	7	2.38971
13	25	15	0	0
14	39	26	1	0
Instant	114
1	627	26	1	0
2	32	14	0	0
3	514	32	2	0.386313
4	903	15	0	0
11	26	19	1	0
12	248	50	8	2.38971
13	23	15	0	0
14	39	26	1	0
Instant	115
1	619	25	1	0
2	35	15	0	0
3	557	38	4	0.475687
4	898	15	0	0
11	27	19	1	0
12	270	49	6	0.844595
13	24	15	0	0
14	39	26	1	0
Instant	116
1	566	26	1	0.419287
2	14	15	0	0
3	560	35	4	0.355691
4	888	15	0	0
11	24	19	1	0
12	298	46	7	0.551471
13	25	15	0	0
14	39	26	1	0
Instant	117
1	627	25	0	0
2	39	16	0	0
3	554	36	3	0.739958
4	905	15	0	0
11	27	19	1	0
12	269	49	6	0
13	24	15	0	0
14	39	26	1	0
Instant	118
1	604	27	1	0
2	30	15	0	0
3	534	35	4	0.537634
4	891	15	0	0
11	26	18	1	0
12	250	51	8	2.7027
13	23	15	0	0
14	39	27	1	0
Instant	119
1	634	26	1	0.186567
2	26	14	0	0
3	513	36	4	0.555556
4	905	15	0	0
11	27	18	0	0
12	291	49	7	0.183824
13	22	15	0	0
14	39	25	1	0.194805
