	T	D	J	LP
Instant	0
1	0	0	0	0
2	0	0	0	0
3	0	0	0	0
4	0	0	0	0
11	0	0	0	0
12	0	0	0	0
13	0	0	0	0
14	0	0	0	0
Instant	1
1	300	31	2	0
2	7	13	0	0
3	200	36	5	0
4	469	16	0	0
11	13	17	0	0
12	128	53	8	1.08696
13	8	15	0	0
14	17	28	2	0
Instant	2
1	1344	32	2	1.11626
2	9	15	0	0
3	740	44	5	2.67361
4	2375	17	0	0
11	61	17	0	0
12	292	54	11	1.83824
13	36	15	0	0
14	104	30	1	0
Instant	3
1	1224	33	2	0.580271
2	15	19	0	0
3	692	47	7	1.86625
4	2267	16	0	0
11	54	19	0	0
12	292	56	10	2.75735
13	33	15	0	0
14	101	27	1	0.389004
Instant	4
1	1034	31	3	0.554939
2	22	13	0	0
3	686	40	6	1.75941
4	1918	16	0	0
11	46	17	0	0
12	262	58	11	3.04054
13	31	15	0	0
14	83	30	1	0
Instant	5
1	1121	29	2	0.129803
2	25	16	0	0
3	644	40	5	1.23023
4	1272	16	0	0
11	49	18	0	0
12	271	53	13	2.38971
13	29	15	0	0
14	54	29	1	0.415129
Instant	6
1	1034	30	2	0.140607
2	14	18	0	0
3	611	39	5	0.283019
4	1117	16	0	0
11	46	17	0	0
12	264	56	10	3.125
13	27	15	0	0
14	48	29	1	0.473684
Instant	7
1	900	32	3	0
2	8	17	0	0
3	592	37	5	1.11434
4	1082	16	0	0
11	39	17	0	0
12	262	57	10	1.35135
13	26	15	0	0
14	48	29	2	0
Instant	8
1	936	28	2	0.443038
2	14	16	0	0
3	614	36	5	0.546448
4	1015	16	0	0
11	40	17	0	0
12	268	49	10	2.38971
13	28	15	0	0
14	43	30	3	0.288684
Instant	9
1	1007	29	2	0.0282805
2	17	16	0	0
3	598	37	5	0.344488
4	980	15	0	0
11	45	17	0	0
12	249	56	9	2.20588
13	26	15	0	0
14	42	29	2	0
Instant	10
1	1023	29	3	0
2	40	17	0	0
3	613	38	5	0.610902
4	922	15	0	0
11	43	17	0	0
12	246	55	8	2.02703
13	27	15	0	0
14	40	30	2	0
Instant	11
1	852	30	3	0.604839
2	14	16	0	0
3	544	38	4	0.422833
4	846	15	0	0
11	38	18	0	0
12	273	54	12	1.28676
13	24	15	0	0
14	37	29	2	0
Instant	12
1	1044	29	3	0.0563698
2	34	15	1	0
3	561	36	5	0.711382
4	836	15	0	0
11	45	17	0	0
12	253	55	10	1.83824
13	25	15	0	0
14	36	30	2	0
Instant	13
1	837	30	2	0.410397
2	39	16	0	0
3	579	35	6	0.870406
4	840	15	0	0
11	37	17	0	0
12	260	57	11	1.19048
13	26	15	0	0
14	36	30	2	0
Instant	14
1	792	26	2	0.295858
2	43	16	0	0
3	582	41	6	0.204082
4	839	15	0	0
11	34	18	0	0
12	289	51	9	0.919118
13	24	15	0	0
14	36	31	3	0
Instant	15
1	837	27	1	0
2	24	16	0	0
3	578	37	5	0.858779
4	860	15	0	0
11	36	18	0	0
12	283	58	10	1.10294
13	26	15	0	0
14	37	31	3	0
Instant	16
1	763	29	2	0
2	35	18	0	0
3	618	40	6	0.43021
4	868	15	0	0
11	33	17	0	0
12	249	57	11	2.53378
13	26	15	0	0
14	38	30	2	0
Instant	17
1	799	28	2	0.0365497
2	11	15	0	0
3	568	36	4	0.682261
4	883	15	0	0
11	35	17	0	0
12	242	52	8	3.125
13	26	15	0	0
14	39	29	2	0
Instant	18
1	800	27	2	0
2	11	15	0	0
3	572	38	5	0.610998
4	836	15	0	0
11	35	17	0	0
12	268	59	11	2.94118
13	25	15	0	0
14	35	32	2	0
Instant	19
1	780	27	1	0
2	28	15	0	0
3	576	35	5	0.152749
4	888	15	0	0
11	33	18	0	0
12	259	54	9	1.18243
13	25	15	0	0
14	38	29	2	0
Instant	20
1	809	27	1	0
2	39	15	0	0
3	525	38	4	0.5
4	921	15	0	0
11	36	18	0	0
12	280	52	10	0.919118
13	22	15	0	0
14	39	30	2	0
Instant	21
1	740	27	2	0.830696
2	33	17	0	0
3	518	38	5	0.221239
4	953	15	0	0
11	32	17	0	0
12	248	55	8	2.38971
13	23	15	0	0
14	41	28	1	0
Instant	22
1	781	28	2	0
2	22	16	0	0
3	540	37	5	0.321888
4	843	15	0	0
11	33	17	0	0
12	262	54	10	1.35135
13	23	15	0	0
14	36	30	3	0
Instant	23
1	691	31	3	0.0413907
2	28	15	0	0
3	561	35	3	0
4	806	15	0	0
11	31	17	0	0
12	250	54	10	3.86029
13	24	15	0	0
14	35	29	2	0.0728863
Instant	24
1	728	29	2	0
2	33	16	0	0
3	525	38	4	0.330396
4	802	15	0	0
11	31	18	0	0
12	233	53	9	3.125
13	23	15	0	0
14	35	30	3	0
Instant	25
1	694	26	2	0
2	31	15	0	0
3	541	35	4	0.319149
4	781	15	0	0
11	31	19	1	0
12	243	55	10	2.38095
13	24	15	0	0
14	34	30	2	0
Instant	26
1	742	27	2	0.508607
2	27	16	0	0
3	517	35	3	0.765864
4	799	15	0	0
11	32	17	0	0
12	278	52	10	2.57353
13	23	15	0	0
14	35	30	2	0
Instant	27
1	612	26	2	0.702247
2	44	14	0	0
3	546	36	5	0.107066
4	780	15	0	0
11	27	18	0	0
12	290	61	9	0.367647
13	23	15	0	0
14	33	30	2	0
Instant	28
1	728	28	1	0
2	25	14	0	0
3	518	39	5	0.280269
4	782	15	0	0
11	31	17	0	0
12	226	52	11	4.6875
13	22	15	0	0
14	34	31	3	0
Instant	29
1	720	29	2	0
2	31	15	0	0
3	521	39	4	0.113636
4	761	15	0	0
11	31	17	0	0
12	272	55	10	2.02206
13	22	15	0	0
14	33	31	2	0.231481
Instant	30
1	725	28	3	0.12215
2	47	17	0	0
3	539	37	6	0.212766
4	796	15	0	0
11	31	17	0	0
12	240	54	10	4.41176
13	23	15	0	0
14	34	29	3	0
Instant	31
1	697	28	2	0.246305
2	48	15	0	0
3	563	34	4	0.360825
4	782	15	0	0
11	31	17	0	0
12	257	55	10	2.87162
13	24	15	0	0
14	34	30	3	0
Instant	32
1	726	28	2	0.0410509
2	26	16	0	0
3	521	36	4	0.0555556
4	775	15	0	0
11	31	17	0	0
12	267	52	8	2.20588
13	23	15	0	0
14	34	29	2	0
Instant	33
1	634	31	3	0.315315
2	14	18	0	0
3	494	37	4	1.26728
4	776	15	0	0
11	28	18	0	0
12	277	56	9	0.367647
13	22	15	0	0
14	34	31	4	0
Instant	34
1	745	28	2	0
2	29	16	0	0
3	546	34	3	0.315789
4	753	15	0	0
11	31	17	0	0
12	226	52	10	3.88514
13	24	15	0	0
14	32	31	3	0
Instant	35
1	676	30	3	0.252101
2	30	18	0	0
3	558	36	4	0.0534188
4	782	15	0	0
11	30	18	0	0
12	243	54	9	3.125
13	23	15	0	0
14	34	29	2	0
Instant	36
1	709	30	2	0
2	26	17	1	0
3	487	38	5	0.856164
4	741	15	0	0
11	30	18	0	0
12	271	56	10	2.38971
13	22	15	0	0
14	31	30	2	0.47619
Instant	37
1	682	29	2	0.497512
2	31	15	0	0
3	529	36	4	0.438596
4	678	15	0	0
11	31	17	0	0
12	248	54	11	1.93452
13	23	15	0	0
14	29	29	2	0
Instant	38
1	703	29	2	0
2	24	17	0	0
3	545	33	4	0.989583
4	654	15	0	0
11	30	18	0	0
12	277	51	10	2.20588
13	24	15	0	0
14	28	31	2	0
Instant	39
1	710	27	1	0.245499
2	38	15	0	0
3	554	36	4	0.105932
4	674	15	0	0
11	31	18	0	0
12	290	58	9	2.20588
13	24	15	0	0
14	29	30	2	0
Instant	40
1	653	28	3	0.570175
2	26	16	0	0
3	539	31	3	0.520833
4	676	15	0	0
11	29	18	0	0
12	255	54	11	2.7027
13	24	15	0	0
14	29	30	2	0
Instant	41
1	704	30	2	0
2	19	15	0	0
3	494	39	4	0.87822
4	676	15	0	0
11	30	17	0	0
12	276	55	10	0.919118
13	22	15	0	0
14	29	30	2	0
Instant	42
1	754	26	2	0
2	1	15	0	0
3	494	37	6	0.915332
4	655	15	0	0
11	33	17	0	0
12	254	54	10	3.30882
13	22	15	0	0
14	28	31	3	0
Instant	43
1	720	28	2	0.204918
2	8	14	0	0
3	508	38	6	0.446429
4	665	15	0	0
11	31	17	0	0
12	236	58	9	4.39189
13	22	15	0	0
14	29	31	3	0
Instant	44
1	708	29	2	0.0411184
2	26	16	0	0
3	537	37	4	0.217391
4	690	15	0	0
11	30	17	0	0
12	241	48	11	3.67647
13	23	15	0	0
14	29	29	2	0
Instant	45
1	674	29	3	0.299145
2	42	14	0	0
3	564	35	3	0
4	655	15	0	0
11	30	18	0	0
12	208	53	13	8.08823
13	24	15	0	0
14	28	30	2	0.268817
Instant	46
1	752	28	2	0
2	13	14	0	0
3	547	37	4	0.0534188
4	677	15	0	0
11	31	17	0	0
12	254	54	10	1.85811
13	24	15	0	0
14	29	28	2	0.259516
Instant	47
1	724	28	2	0
2	21	16	0	0
3	563	35	4	0.365344
4	676	15	0	0
11	32	17	0	0
12	255	49	10	2.75735
13	24	15	0	0
14	30	30	2	0
Instant	48
1	707	29	2	0.166113
2	23	15	0	0
3	510	34	2	0.668151
4	669	15	0	0
11	30	18	0	0
12	257	57	10	2.57353
13	22	15	0	0
14	28	29	2	0.263158
Instant	49
1	628	29	3	0.280374
2	14	14	0	0
3	461	40	7	0.966184
4	678	15	0	0
11	27	19	0	0
12	230	56	12	2.23214
13	21	15	0	0
14	29	30	2	0
Instant	50
1	647	30	2	0
2	43	15	0	0
3	531	35	4	0.553097
4	660	15	0	0
11	28	17	0	0
12	260	54	9	3.49265
13	22	15	0	0
14	28	31	3	0
Instant	51
1	683	27	1	0.0429553
2	31	14	0	0
3	478	37	5	1.04895
4	691	15	0	0
11	29	17	0	0
12	289	60	12	1.47059
13	21	15	0	0
14	30	28	2	0
Instant	52
1	691	27	2	0
2	15	14	0	0
3	520	36	4	0.43956
4	670	15	0	0
11	30	17	0	0
12	252	54	10	2.95139
13	23	15	0	0
14	29	30	3	0
Instant	53
1	675	28	2	0.044484
2	23	17	0	0
3	555	34	4	0.685654
4	700	15	0	0
11	28	17	0	0
12	234	52	12	5.51471
13	24	15	0	0
14	30	29	2	0
Instant	54
1	607	27	1	0.560748
2	21	15	0	0
3	500	37	3	0.50905
4	671	15	0	0
11	27	17	0	0
12	256	59	9	2.57353
13	22	15	0	0
14	29	30	2	0
Instant	55
1	653	26	1	0.266904
2	19	15	0	0
3	544	36	3	0.320513
4	668	15	0	0
11	28	17	0	0
12	239	53	11	3.5473
13	23	15	0	0
14	29	30	2	0
Instant	56
1	580	29	3	0.948104
2	26	17	1	0
3	507	35	5	0.904977
4	677	15	0	0
11	25	18	0	0
12	235	48	9	4.96324
13	22	15	0	0
14	29	30	2	0
Instant	57
1	626	28	1	0.272232
2	11	16	0	0
3	519	36	5	0.326087
4	700	15	0	0
11	28	18	0	0
12	244	55	12	4.59559
13	23	15	0	0
14	30	28	2	0
Instant	58
1	661	29	2	0
2	16	15	1	0
3	549	37	4	0.0541126
4	676	15	0	0
11	28	18	0	0
12	271	54	9	0.506757
13	23	15	0	0
14	30	29	2	0
Instant	59
1	676	27	2	0
2	24	14	0	0
3	547	35	4	0.105932
4	680	15	0	0
11	29	18	0	0
12	271	52	8	2.02206
13	24	15	0	0
14	29	29	3	0
Instant	60
1	686	27	2	0
2	20	16	0	0
3	563	34	4	0.514403
4	655	15	0	0
11	30	17	0	0
12	256	54	10	2.94118
13	25	15	0	0
14	28	30	3	0.268817
Instant	61
1	683	27	1	0
2	30	15	0	0
3	570	34	3	0.206612
4	699	15	0	0
11	29	18	0	0
12	217	53	10	4.91071
13	24	15	0	0
14	29	29	2	0
Instant	62
1	661	29	2	0.0443262
2	44	15	0	0
3	530	38	4	0.0548246
4	668	15	0	0
11	28	17	0	0
12	292	55	8	1.10294
13	23	15	0	0
14	29	29	2	0
Instant	63
1	684	27	1	0
2	35	15	0	0
3	539	36	3	0.0543478
4	689	15	0	0
11	29	18	0	0
12	281	57	10	2.57353
13	23	15	0	0
14	30	28	2	0
Instant	64
1	674	27	1	0
2	33	13	0	0
3	502	39	3	0.116279
4	679	15	0	0
11	30	17	0	0
12	249	49	9	2.36486
13	21	15	0	0
14	28	31	3	0
Instant	65
1	679	28	1	0
2	8	13	0	0
3	547	37	4	0.0531915
4	660	15	0	0
11	29	17	0	0
12	246	51	9	4.59559
13	23	15	0	0
14	28	31	3	0
Instant	66
1	698	26	0	0
2	9	16	0	0
3	546	36	4	0.316456
4	665	15	0	0
11	29	17	0	0
12	273	56	9	2.75735
13	24	15	0	0
14	28	31	3	0
Instant	67
1	662	28	2	0
2	13	17	0	0
3	538	33	3	0.690021
4	653	15	0	0
11	28	18	0	0
12	234	58	11	1.68919
13	23	15	0	0
14	28	32	3	0
Instant	68
1	698	25	1	0
2	24	15	0	0
3	555	38	5	0.726141
4	653	15	0	0
11	30	17	0	0
12	275	53	14	2.73438
13	24	15	0	0
14	29	31	2	0
Instant	69
1	686	27	1	0
2	45	16	0	0
3	533	34	5	1.32383
4	672	15	0	0
11	29	18	0	0
12	257	58	12	2.75735
13	25	15	0	0
14	28	31	2	0
Instant	70
1	683	27	1	0.0431034
2	13	14	0	0
3	514	34	4	1.58991
4	655	15	0	0
11	29	18	0	0
12	275	55	9	0.337838
13	23	15	0	0
14	28	31	3	0
Instant	71
1	667	27	1	0
2	10	15	2	0
3	532	36	5	0.324675
4	674	15	0	0
11	29	18	0	0
12	259	50	11	2.57353
13	23	15	0	0
14	29	29	2	0
Instant	72
1	688	28	2	0
2	10	15	0	0
3	604	31	3	0.192308
4	679	15	0	0
11	29	17	0	0
12	237	52	11	4.16667
13	26	15	0	0
14	29	30	3	0
Instant	73
1	678	25	1	0.252525
2	13	17	0	0
3	517	36	4	0.555556
4	679	15	0	0
11	30	17	0	0
12	220	51	7	3.81098
13	23	15	0	0
14	29	30	2	0
Instant	74
1	653	27	2	0.26738
2	32	15	0	0
3	538	37	4	0.323276
4	646	15	0	0
11	28	17	0	0
12	280	55	11	1.65441
13	23	15	0	0
14	28	29	2	0.363636
Instant	75
1	673	27	1	0.264085
2	24	15	0	0
3	558	36	5	0.0534188
4	606	15	0	0
11	29	18	0	0
12	263	57	10	3.97727
13	24	15	0	0
14	26	30	3	0
Instant	76
1	685	27	1	0
2	23	15	0	0
3	544	36	5	0.158228
4	613	15	0	0
11	29	18	0	0
12	253	54	11	1.38889
13	24	15	0	0
14	26	30	3	0
Instant	77
1	681	27	1	0.0429553
2	29	16	0	0
3	589	33	3	0
4	613	15	0	0
11	29	17	0	0
12	286	53	11	1.75781
13	25	15	0	0
14	26	30	2	0
Instant	78
1	645	29	2	0.314748
2	29	17	0	0
3	568	34	3	0.156576
4	620	15	0	0
11	28	18	0	0
12	235	55	12	4.49219
13	24	15	0	0
14	27	30	3	0
Instant	79
1	699	26	1	0
2	23	15	0	0
3	502	36	5	0.948661
4	634	15	0	0
11	30	17	0	0
12	251	53	9	2.19595
13	23	15	0	0
14	27	29	2	0
Instant	80
1	683	27	1	0
2	23	14	0	0
3	535	33	3	0.323974
4	635	15	0	0
11	29	17	0	0
12	252	48	9	3.2197
13	23	15	0	0
14	28	28	2	0
Instant	81
1	648	29	1	0
2	14	15	0	0
3	546	35	5	0.774793
4	613	15	0	0
11	28	17	0	0
12	247	51	8	2.65152
13	24	15	0	0
14	26	30	2	0
Instant	82
1	648	29	2	0
2	26	15	0	0
3	535	37	5	0.217391
4	627	15	0	0
11	28	18	0	0
12	232	55	11	3.75
13	23	15	0	0
14	27	29	2	0
Instant	83
1	668	28	1	0.0432526
2	53	14	0	0
3	506	37	5	0.671141
4	619	15	0	0
11	29	17	0	0
12	248	53	13	3.0303
13	23	15	0	0
14	26	30	3	0
Instant	84
1	668	28	2	0.0443262
2	25	15	0	0
3	539	38	5	0.21978
4	599	15	0	0
11	28	17	0	0
12	246	52	9	3.59848
13	23	15	0	0
14	26	31	3	0
Instant	85
1	638	29	2	0.280374
2	19	17	0	0
3	561	34	3	0.307377
4	599	15	0	0
11	27	17	0	0
12	225	52	10	4.00641
13	24	15	0	0
14	26	30	3	0
Instant	86
1	667	28	2	0
2	32	14	0	0
3	559	34	3	0.0527426
4	613	15	0	0
11	29	17	0	0
12	271	50	9	3.67647
13	24	15	0	0
14	26	31	4	0
Instant	87
1	685	27	1	0
2	31	16	0	0
3	533	34	4	0.802998
4	599	15	0	0
11	30	17	0	0
12	252	52	10	2.75735
13	23	15	0	0
14	25	31	3	0
Instant	88
1	675	28	2	0
2	21	15	0	0
3	536	35	5	0.639659
4	592	15	0	0
11	29	17	0	0
12	242	54	10	4.72973
13	24	15	0	0
14	25	32	3	0
Instant	89
1	705	26	1	0
2	4	13	0	0
3	501	38	5	0.399543
4	627	15	0	0
11	30	17	0	0
12	263	54	11	2.02206
13	22	15	0	0
14	27	29	2	0
Instant	90
1	682	27	2	0.0432526
2	32	15	0	0
3	568	35	5	0.512295
4	606	15	0	0
11	29	17	0	0
12	241	53	13	1.17188
13	25	15	0	0
14	25	31	3	0
Instant	91
1	644	30	2	0
2	9	16	0	0
3	534	37	4	0.4329
4	621	15	0	0
11	28	17	0	0
12	251	55	11	3.20946
13	23	15	0	0
14	27	30	2	0
Instant	92
1	712	26	1	0
2	29	15	0	0
3	514	37	4	0.719027
4	605	15	0	0
11	30	17	0	0
12	274	55	10	1.51515
13	22	15	0	0
14	25	31	3	0
Instant	93
1	676	27	1	0
2	33	14	0	0
3	562	35	4	0
4	634	15	0	0
11	30	17	0	0
12	243	56	9	3.2197
13	24	15	0	0
14	27	29	2	0
Instant	94
1	675	27	1	0.0440141
2	34	14	0	0
3	540	38	5	0.0543478
4	599	15	0	0
11	29	18	0	0
12	244	56	12	2.19595
13	23	15	0	0
14	26	31	2	0
Instant	95
1	662	28	1	0
2	34	15	0	0
3	553	34	4	0.317125
4	627	15	0	0
11	29	17	0	0
12	255	53	8	3.125
13	24	15	0	0
14	27	29	2	0
Instant	96
1	676	28	2	0
2	30	16	0	0
3	569	35	3	0.103093
4	634	15	0	0
11	29	17	0	0
12	243	55	8	2.75735
13	24	15	0	0
14	27	28	2	0
Instant	97
1	690	26	1	0
2	23	15	0	0
3	567	33	3	0.306748
4	634	15	0	0
11	29	18	0	0
12	242	57	10	2.59146
13	25	15	0	0
14	27	29	2	0
Instant	98
1	677	26	1	0.260417
2	32	16	0	0
3	512	39	4	0
4	627	15	0	0
11	29	17	0	0
12	278	55	13	1.83824
13	22	15	0	0
14	27	29	3	0
Instant	99
1	631	30	2	0.182815
2	12	15	0	0
3	525	36	4	0.825991
4	613	15	0	0
11	28	18	0	0
12	261	54	8	4.04412
13	23	15	0	0
14	27	30	2	0
Instant	100
1	671	29	2	0
2	17	16	0	0
3	574	34	4	0.204082
4	620	15	0	0
11	29	17	0	0
12	239	54	9	4.89865
13	24	15	0	0
14	27	30	2	0
Instant	101
1	675	27	1	0
2	27	16	0	0
3	539	36	4	0.487013
4	613	15	0	0
11	30	17	0	0
12	248	52	9	1.10294
13	23	15	0	0
14	26	31	3	0
Instant	102
1	687	28	2	0
2	35	15	0	0
3	507	37	5	0.720621
4	599	15	0	0
11	28	17	0	0
12	259	56	11	4.96324
13	22	15	0	0
14	26	30	2	0
Instant	103
1	647	29	2	0.044405
2	39	13	0	0
3	598	35	5	0.0490196
4	613	15	0	0
11	28	17	0	0
12	260	56	13	1.68919
13	26	15	0	0
14	26	30	3	0
Instant	104
1	628	29	2	0.232775
2	19	15	0	0
3	578	36	5	0.494071
4	620	15	0	0
11	27	17	0	0
12	277	53	9	1.10294
13	25	15	0	0
14	27	30	3	0
Instant	105
1	657	28	2	0.0432526
2	30	15	0	0
3	592	35	4	0.296443
4	627	15	0	0
11	29	17	0	0
12	222	56	13	4.96324
13	25	15	0	0
14	27	29	2	0
Instant	106
1	693	27	1	0
2	31	16	0	0
3	611	34	4	0
4	634	15	0	0
11	29	17	0	0
12	248	53	9	3.04054
13	27	15	0	0
14	27	28	2	0
Instant	107
1	676	28	1	0
2	57	15	0	0
3	543	37	5	0.328228
4	641	15	0	0
11	29	17	0	0
12	248	52	11	1.83824
13	23	15	0	0
14	27	29	2	0
Instant	108
1	674	28	1	0
2	48	14	0	0
3	526	34	4	0.90812
4	607	15	0	0
11	30	17	0	0
12	255	54	11	4.41176
13	23	15	0	0
14	27	30	3	0
Instant	109
1	676	27	1	0
2	10	16	0	0
3	482	33	3	1.08945
4	606	15	0	0
11	29	18	0	0
12	252	56	10	1.78571
13	22	15	0	0
14	26	31	2	0
Instant	110
1	707	26	1	0
2	36	16	0	0
3	546	35	3	0.632911
4	612	15	0	0
11	30	17	0	0
12	270	56	11	3.125
13	24	15	0	0
14	26	30	3	0
Instant	111
1	684	27	1	0
2	39	16	0	0
3	579	36	5	0.54672
4	620	15	0	0
11	30	17	0	0
12	250	56	9	3.49265
13	25	15	0	0
14	26	30	2	0
Instant	112
1	699	28	1	0
2	38	16	0	0
3	633	36	5	0.0927644
4	627	15	0	0
11	30	17	0	0.33557
12	249	50	9	2.36486
13	27	15	0	0
14	26	30	3	0
Instant	113
1	926	27	1	0
2	43	16	0	0
3	575	35	5	0.739645
4	634	15	0	0
11	39	18	0	0
12	272	56	10	2.75735
13	26	15	0	0
14	27	28	2	0
Instant	114
1	1077	27	1	0
2	36	16	0	0
3	530	36	5	0.797872
4	606	15	0	0
11	47	17	0	0
12	237	54	10	1.47059
13	23	15	0	0
14	27	30	3	0
Instant	115
1	1012	27	1	0
2	35	16	0	0
3	566	34	4	0.258799
4	634	15	0	0
11	45	17	0	0
12	236	55	12	4.39189
13	24	15	0	0
14	26	29	2	0
Instant	116
1	862	29	2	0
2	27	15	0	0
3	539	35	4	0.682773
4	606	15	0	0
11	38	18	0	0
12	271	52	10	3.67647
13	24	15	0	0
14	26	30	3	0
Instant	117
1	902	28	1	0
2	34	15	0	0
3	553	34	2	0.0529661
4	641	15	0	0
11	38	18	0	0
12	264	55	11	1.65441
13	24	15	0	0
14	27	29	2	0
Instant	118
1	855	26	1	0
2	36	17	0	0
3	575	34	4	0.504032
4	594	15	0	0
11	38	18	0	0
12	224	52	9	4.72973
13	25	15	0	0
14	26	31	3	0
Instant	119
1	848	28	1	0
2	40	17	0	0
3	501	38	6	0.692841
4	625	15	0	0
11	37	18	0	0
12	251	52	8	3.49265
13	22	15	0	0
14	26	30	2	0
