	T	D	J	LP
Instant	0
1	0	0	0	0
2	0	0	0	0
3	0	0	0	0
4	0	0	0	0
11	0	0	0	0
12	0	0	0	0
13	0	0	0	0
14	0	0	0	0
Instant	1
1	386	27	1	0
2	3	16	0	0
3	199	38	5	0.331858
4	635	17	0	0
11	15	18	0	0
12	138	49	9	0
13	9	15	0	0
14	21	26	1	0
Instant	2
1	1597	35	3	0.180766
2	33	13	0	0
3	753	44	6	2.25645
4	4521	22	0	0
11	72	18	0	0
12	322	52	7	0
13	36	15	0	0
14	194	27	1	0.377211
Instant	3
1	1345	30	2	0.559862
2	26	15	0	0
3	774	43	7	1.19913
4	4487	20	0	0
11	60	19	0	0
12	317	51	7	0.367647
13	35	15	0	0
14	198	28	1	0.366684
Instant	4
1	1491	29	4	1.02317
2	25	16	0	0
3	696	41	6	1.06383
4	3945	18	0	0
11	67	18	0	0
12	265	49	7	1.68919
13	31	15	0	0
14	175	28	1	0
Instant	5
1	1294	28	3	0.46875
2	15	16	0	0
3	686	42	6	0.5
4	3176	16	0	0
11	58	19	0	0
12	291	47	8	1.10294
13	30	15	0	0
14	138	27	1	0.259067
Instant	6
1	908	30	3	0.354381
2	32	15	0	0
3	726	42	6	0.709779
4	2317	16	0	0
11	40	20	0	0
12	276	54	9	0
13	32	15	0	0
14	104	27	1	0.20284
Instant	7
1	867	25	1	0.0341064
2	16	18	0	0
3	752	38	6	0.569909
4	1748	16	0	0
11	38	19	0	0
12	267	49	8	0.844595
13	33	15	0	0
14	73	28	1	0.504711
Instant	8
1	781	28	1	0
2	49	18	0	0
3	743	43	7	0.388802
4	1222	16	0	0
11	34	19	0	0
12	266	49	8	1.83824
13	33	15	0	0
14	53	28	1	0.673077
Instant	9
1	719	28	2	0.273011
2	24	17	0	0
3	705	39	5	0.411862
4	1100	16	0	0
11	32	18	0	0
12	262	54	9	1.10294
13	31	15	0	0
14	48	26	1	0
Instant	10
1	933	26	1	0
2	21	16	0	0
3	724	40	6	1.08696
4	999	16	0	0
11	40	19	0	0
12	264	51	8	0
13	32	15	0	0
14	42	29	2	0
Instant	11
1	887	25	1	0
2	23	18	0	0
3	732	39	6	0.199362
4	979	15	0	0
11	38	19	0	0
12	273	48	7	1.28676
13	32	15	0	0
14	42	27	1	0.29976
Instant	12
1	742	26	1	0
2	18	16	0	0
3	608	42	5	0.860421
4	823	16	0	0
11	31	19	0	0
12	266	50	6	0.183824
13	26	15	0	0
14	36	31	2	0
Instant	13
1	741	25	1	0
2	46	17	0	0
3	592	36	5	0.146771
4	767	15	0	0
11	32	18	0	0
12	264	47	7	0.744048
13	26	15	0	0
14	33	30	2	0
Instant	14
1	717	27	2	0
2	28	15	0	0
3	553	38	6	0.711382
4	738	15	0	0
11	30	19	1	0
12	284	51	6	2.57353
13	25	15	0	0
14	32	28	2	0.796178
Instant	15
1	635	28	2	0
2	11	15	1	0
3	600	37	5	0.244618
4	758	15	0	0
11	28	20	1	0
12	281	53	8	1.83824
13	26	15	0	0
14	32	27	1	0
Instant	16
1	629	26	2	0.59415
2	16	15	0	0
3	561	38	6	0.762195
4	697	15	0	0
11	27	19	1	0.373134
12	258	52	10	1.01351
13	25	15	0	0
14	30	29	2	0
Instant	17
1	738	28	2	0.198098
2	33	17	0	0
3	608	36	4	0.287908
4	699	15	0	0
11	32	19	1	0
12	253	48	8	2.02206
13	26	15	0	0
14	30	28	1	0
Instant	18
1	799	26	2	0.290698
2	30	16	1	0
3	612	38	5	0.283019
4	693	15	0	0
11	35	19	0	0
12	252	49	10	2.02206
13	27	15	0	0
14	30	28	1	0
Instant	19
1	809	29	3	0
2	21	17	0	0
3	565	37	4	0.458248
4	754	15	0	0
11	35	19	1	0
12	261	52	8	1.52027
13	25	15	0	0
14	31	28	2	0
Instant	20
1	720	27	2	0
2	9	16	0	0
3	566	39	6	1.03143
4	745	15	0	0
11	31	19	1	0
12	253	49	9	2.94118
13	25	15	0	0
14	32	29	2	0
Instant	21
1	719	27	1	0
2	12	15	0	0
3	527	39	7	2.18496
4	698	15	0	0
11	31	18	0	0
12	261	53	8	1.83824
13	25	15	0	0
14	31	29	2	0
Instant	22
1	563	27	3	1.25502
2	33	15	0	0
3	680	35	5	0.464527
4	640	15	0	0
11	25	19	1	0
12	240	49	8	3.37838
13	30	15	0	0
14	27	30	2	0
Instant	23
1	653	27	2	0
2	31	16	0	0
3	559	41	6	0.370763
4	626	15	0	0
11	28	19	1	0
12	276	53	9	1.10294
13	24	15	0	0
14	26	29	2	0
Instant	24
1	660	26	2	0
2	23	16	0	0
3	510	40	6	0.170455
4	634	15	0	0
11	28	19	1	0
12	241	50	7	2.94118
13	22	15	0	0
14	27	29	2	0
Instant	25
1	635	27	1	0
2	11	15	0	0
3	537	37	5	0.272926
4	642	15	0	0
11	27	20	1	0
12	272	52	8	0
13	23	15	0	0
14	28	28	2	0
Instant	26
1	688	26	1	0
2	7	15	0	0
3	550	35	4	0.3125
4	648	15	0	0
11	29	19	1	0
12	269	46	11	3.86029
13	24	15	0	0
14	28	27	2	0
Instant	27
1	688	25	1	0
2	35	15	0	0
3	554	36	3	0.0535332
4	648	15	0	0
11	30	19	0	0
12	293	53	8	0.919118
13	24	15	0	0
14	28	28	2	0
Instant	28
1	686	25	1	0
2	26	16	0	0
3	519	34	5	0.913979
4	641	15	0	0
11	30	19	0	0
12	246	50	10	2.43056
13	23	15	0	0
14	27	28	2	0
Instant	29
1	672	26	1	0.04363
2	36	13	0	0
3	554	36	5	0.107759
4	627	15	0	0
11	29	19	1	0
12	277	52	10	0.551471
13	23	15	0	0
14	27	29	3	0
Instant	30
1	662	26	1	0.267857
2	26	16	0	0
3	493	40	5	0.403226
4	634	15	0	0
11	28	18	0	0
12	263	47	8	1.47059
13	22	15	0	0
14	28	28	2	0
Instant	31
1	567	31	2	0.0511247
2	25	17	0	0
3	570	34	2	0.205761
4	641	15	0	0
11	25	20	1	0
12	256	47	7	3.20946
13	24	15	0	0
14	27	28	2	0
Instant	32
1	648	27	2	0.180505
2	34	16	0	0
3	542	36	4	0.0539957
4	605	15	0	0
11	28	19	0	0
12	262	45	7	2.38971
13	23	15	0	0
14	25	31	3	0
Instant	33
1	700	25	2	0
2	26	15	0	0
3	562	33	4	0.359343
4	634	15	0	0
11	30	18	0	0
12	252	49	9	3.49265
13	24	15	0	0
14	28	28	2	0
Instant	34
1	674	26	1	0
2	43	15	0	0
3	517	38	4	0.611111
4	643	15	0	0
11	29	19	1	0
12	252	50	8	1.35135
13	22	15	0	0
14	27	28	2	0
Instant	35
1	599	26	1	0
2	50	16	0	0
3	523	35	4	0.706522
4	640	15	0	0
11	26	19	1	0
12	261	49	7	0.551471
13	23	15	0	0
14	27	28	2	0
Instant	36
1	586	27	2	0.147638
2	23	15	0	0
3	539	37	4	0.0545852
4	634	15	0	0
11	26	20	1	0
12	253	52	9	4.04412
13	23	15	0	0
14	27	29	2	0
Instant	37
1	627	27	1	0
2	42	15	0	0
3	529	38	5	0.0545852
4	641	15	0	0
11	26	18	0	0
12	267	52	8	0.14881
13	23	15	0	0
14	27	28	2	0
Instant	38
1	611	26	1	0
2	22	17	0	0
3	553	35	3	0
4	635	15	0	0
11	26	19	0	0
12	291	51	9	1.83824
13	24	15	0	0
14	27	28	2	0.276753
Instant	39
1	613	26	1	0
2	15	16	0	0
3	520	37	5	0.774336
4	640	15	0	0
11	26	19	1	0
12	237	56	10	5.14706
13	22	15	0	0
14	27	28	2	0
Instant	40
1	599	28	1	0
2	14	15	0	0
3	513	37	4	0.625
4	648	15	0	0
11	26	19	1	0
12	277	53	9	1.01351
13	22	15	0	0
14	27	28	2	0
Instant	41
1	639	25	1	0
2	21	15	0	0
3	502	38	4	0.446429
4	613	15	0	0
11	27	18	0	0
12	254	48	9	1.47059
13	22	15	0	0
14	26	30	2	0
Instant	42
1	598	28	2	0.050813
2	34	15	0	0
3	555	36	3	0.0527426
4	613	15	0	0
11	25	20	1	0
12	266	49	8	2.57353
13	24	15	0	0
14	26	30	3	0
Instant	43
1	634	24	1	0
2	25	16	0	0
3	513	39	6	0.454545
4	634	15	0	0
11	28	19	1	0
12	227	52	8	2.53378
13	22	15	0	0
14	27	28	2	0
Instant	44
1	597	28	1	0
2	17	17	0	0
3	500	37	6	0.684932
4	649	15	0	0
11	25	19	1	0
12	269	54	10	2.75735
13	22	15	0	0
14	28	28	2	0
Instant	45
1	570	26	1	0.352113
2	32	17	0	0
3	532	38	4	0.108696
4	640	15	0	0
11	25	18	0	0
12	280	51	8	0.367647
13	23	15	0	0
14	27	28	2	0
Instant	46
1	558	24	0	0.557809
2	20	15	0	0
3	543	37	4	0.327511
4	627	15	0	0
11	25	19	1	0
12	266	49	8	1.01351
13	23	15	0	0
14	27	29	3	0
Instant	47
1	606	27	1	0.0478011
2	27	16	0	0
3	462	37	4	1.0241
4	656	15	0	0
11	26	19	1	0
12	276	51	7	1.28676
13	21	15	0	0
14	28	27	1	0
Instant	48
1	634	26	1	0
2	32	15	0	0
3	548	36	5	0.264271
4	647	15	0	0
11	27	18	0	0
12	266	51	8	0.919118
13	24	15	0	0
14	27	28	2	0
Instant	49
1	627	26	1	0
2	22	15	0	0
3	513	37	5	0.777778
4	635	15	0	0
11	26	19	0	0
12	259	51	7	0.446429
13	23	15	0	0
14	27	28	2	0
Instant	50
1	599	26	0	0
2	32	14	0	0
3	539	36	3	0.321888
4	654	15	0	0
11	27	19	0	0
12	297	51	8	0.735294
13	23	15	0	0
14	28	27	2	0
Instant	51
1	597	27	1	0.0497018
2	25	17	0	0
3	546	35	4	0.317797
4	627	15	0	0
11	25	20	1	0
12	282	53	10	2.02206
13	24	15	0	0
14	26	28	2	0.280899
Instant	52
1	600	27	1	0
2	37	17	0	0
3	512	36	5	0.565611
4	627	15	0	0
11	26	19	0	0
12	237	46	8	1.38889
13	22	15	0	0
14	27	29	2	0
Instant	53
1	607	27	1	0
2	38	16	0	0
3	488	39	6	0.528169
4	613	15	0	0
11	26	20	1	0
12	274	51	8	3.67647
13	21	15	0	0
14	25	29	2	0.287356
Instant	54
1	613	26	1	0.0478927
2	39	18	0	0
3	535	37	4	0.163399
4	620	15	0	0
11	26	19	0	0
12	239	52	10	3.125
13	23	15	0	0
14	27	28	2	0.284091
Instant	55
1	542	26	1	0.641026
2	14	17	0	0
3	544	35	4	0.315789
4	657	15	0	0
11	23	20	1	0.316456
12	249	49	9	2.87162
13	24	15	0	0
14	28	27	1	0
Instant	56
1	620	26	1	0
2	19	16	0	0
3	568	35	3	0
4	626	15	0	0
11	27	18	0	0
12	273	46	8	2.94118
13	24	15	0	0
14	26	29	2	0
Instant	57
1	618	28	2	0
2	38	15	0	0
3	532	37	4	0.0541126
4	627	15	0	0
11	26	18	0	0
12	263	52	10	1.28676
13	23	15	0	0
14	26	29	2	0.280899
Instant	58
1	618	26	1	0
2	24	14	0	0
3	536	37	5	0.0543478
4	613	15	0	0
11	26	18	0	0.285171
12	258	51	7	1.68919
13	23	15	0	0
14	26	30	3	0
Instant	59
1	578	28	1	0.251004
2	36	15	0	0
3	557	36	4	0.369198
4	627	15	0	0
11	25	19	1	0
12	280	49	9	1.47059
13	24	15	0	0
14	28	28	2	0
Instant	60
1	627	26	1	0.0468165
2	15	15	0	0
3	511	35	3	0.786517
4	634	15	0	0
11	27	18	0	0
12	265	52	9	1.83824
13	22	15	0	0
14	26	29	2	0
Instant	61
1	613	26	1	0
2	34	15	0	0
3	547	35	4	0.316456
4	620	15	0	0
11	26	19	1	0
12	260	54	11	1.33929
13	24	15	0	0
14	26	30	2	0
Instant	62
1	634	24	1	0.277778
2	27	17	0	0
3	539	35	4	0.265393
4	620	15	0	0
11	27	18	0	0
12	260	48	7	2.94118
13	24	15	0	0
14	27	29	2	0
Instant	63
1	725	26	1	0
2	23	18	0	0
3	503	38	5	0.742009
4	648	15	0	0
11	31	20	1	0
12	280	54	9	3.49265
13	22	15	0	0
14	28	28	2	0
Instant	64
1	773	26	2	0.111773
2	5	17	0	0
3	552	36	4	0.105263
4	642	15	0	0
11	34	19	0	0
12	275	52	8	0.844595
13	24	15	0	0
14	28	28	1	0
Instant	65
1	711	27	2	0
2	20	17	0	0
3	562	34	2	0.309278
4	661	15	0	0
11	31	20	1	0
12	297	48	9	0
13	24	15	0	0
14	28	27	2	0
Instant	66
1	762	26	1	0
2	29	16	0	0
3	494	38	4	0.799087
4	634	15	0	0
11	33	20	1	0
12	269	51	7	1.47059
13	22	15	0	0
14	27	29	2	0
Instant	67
1	647	26	1	0.494604
2	36	17	0	0
3	584	33	4	0.352823
4	620	15	0	0
11	28	19	0	0
12	243	53	11	2.36486
13	25	15	0	0
14	26	29	2	0.284091
Instant	68
1	687	27	2	0
2	38	16	0	0
3	551	36	5	0
4	657	15	0	0
11	30	19	0	0
12	263	50	9	2.34375
13	24	15	0	0
14	29	26	1	0
Instant	69
1	773	25	1	0.0377644
2	22	16	1	0
3	525	38	5	0.220264
4	647	15	0	0
11	33	19	0	0
12	270	51	8	1.10294
13	23	15	0	0
14	28	27	2	0
Instant	70
1	657	29	1	0.619469
2	15	14	0	0
3	551	38	5	0.382096
4	655	15	0	0
11	29	20	1	0
12	272	55	10	0.675676
13	23	15	0	0
14	27	28	2	0
Instant	71
1	506	26	2	0.989011
2	36	16	0	0
3	525	36	5	0.543478
4	677	15	0	0
11	23	20	1	0
12	264	51	8	2.20588
13	23	15	0	0
14	29	25	1	0
Instant	72
1	564	26	1	0.614754
2	13	17	0	0
3	550	35	2	0.15625
4	646	15	0	0
11	24	20	1	0
12	255	50	10	2.27273
13	24	15	0	0
14	28	27	2	0
Instant	73
1	653	25	1	0
2	29	15	0	0
3	557	37	5	0
4	634	15	0	0
11	28	19	1	0
12	257	52	8	0
13	23	15	0	0
14	27	29	2	0
Instant	74
1	648	24	1	0
2	28	15	0	0
3	514	38	4	0.337838
4	634	15	0	0
11	28	19	1	0
12	283	53	9	2.38971
13	22	15	0	0
14	27	28	2	0
Instant	75
1	613	26	1	0
2	36	16	0	0
3	562	34	4	0.257202
4	648	15	0	0
11	26	19	1	0
12	266	51	8	3.59848
13	25	15	0	0
14	28	28	2	0
Instant	76
1	620	26	1	0
2	22	15	0	0
3	512	38	4	0.563063
4	648	15	0	0
11	27	18	0	0
12	264	50	10	0.868056
13	22	15	0	0
14	28	27	2	0
Instant	77
1	566	28	1	0.403226
2	39	17	0	0
3	511	37	4	0.561798
4	655	15	0	0
11	25	19	1	0
12	274	48	10	0.976562
13	22	15	0	0
14	28	27	2	0
Instant	78
1	605	28	2	0
2	14	17	0	0
3	558	36	4	0.208768
4	634	15	0	0
11	26	19	0	0
12	270	52	9	1.95312
13	24	15	0	0
14	27	28	2	0
Instant	79
1	634	25	1	0
2	25	15	0	0
3	486	39	5	0.415677
4	620	15	0	0
11	26	20	1	0
12	231	52	8	3.88514
13	21	15	0	0
14	26	29	2	0.284091
Instant	80
1	621	27	1	0
2	31	14	0	0
3	536	38	5	0.107759
4	641	15	0	0
11	27	19	0	0
12	283	50	8	0.94697
13	23	15	0	0
14	27	28	2	0
Instant	81
1	613	26	1	0
2	28	16	0	0
3	500	38	4	0.408879
4	641	15	0	0
11	26	19	1	0
12	258	52	9	1.32576
13	21	15	0	0
14	28	29	2	0
Instant	82
1	634	25	1	0
2	20	14	0	0
3	554	35	4	0.15625
4	641	15	0	0
11	28	18	0	0
12	265	50	8	0.535714
13	24	15	0	0
14	27	28	2	0
Instant	83
1	613	26	1	0
2	20	15	0	0
3	555	35	4	0.320513
4	642	15	0	0
11	26	19	1	0
12	270	51	7	2.08333
13	24	15	0	0
14	28	28	2	0
Instant	84
1	618	27	1	0
2	19	18	1	0
3	593	34	4	0
4	626	15	0	0
11	26	18	0	0
12	266	50	9	0.568182
13	26	15	0	0
14	27	28	2	0
Instant	85
1	606	27	1	0
2	26	17	0	0
3	500	40	6	0.114679
4	647	15	0	0
11	26	19	0	0
12	251	49	9	2.08333
13	22	15	0	0
14	27	29	2	0
Instant	86
1	582	27	1	0.347913
2	35	15	0	0
3	489	38	5	1.0274
4	635	15	0	0
11	25	19	1	0
12	279	47	8	3.49265
13	22	15	0	0
14	27	28	2	0
Instant	87
1	605	27	1	0
2	27	15	0	0
3	532	36	4	0.436681
4	634	15	0	0
11	26	19	0	0
12	277	50	6	1.65441
13	23	15	0	0
14	27	28	2	0
Instant	88
1	620	26	1	0
2	11	18	0	0
3	552	37	5	0.214592
4	648	15	0	0
11	27	19	0	0
12	247	48	9	1.52027
13	23	15	0	0
14	27	28	2	0
Instant	89
1	619	25	1	0
2	40	16	0	0
3	486	36	5	0.915332
4	606	15	0	0
11	26	20	1	0
12	265	48	7	2.75735
13	22	15	0	0
14	26	29	2	0.290698
Instant	90
1	579	27	1	0
2	31	15	0	0
3	524	36	4	0.714286
4	641	15	0	0
11	25	19	1	0
12	235	51	9	3.51562
13	23	15	0	0
14	27	28	2	0
Instant	91
1	627	26	1	0.280899
2	40	18	0	0
3	540	38	7	0.1606
4	662	15	0	0
11	27	19	0	0
12	260	52	7	1.68919
13	23	15	0	0
14	28	27	2	0
Instant	92
1	622	26	1	0
2	34	19	0	0
3	499	39	6	1.22494
4	634	15	0	0
11	27	19	1	0
12	293	51	8	0
13	22	15	0	0
14	28	28	2	0
Instant	93
1	606	25	1	0.287356
2	21	15	0	0
3	535	36	4	0.0538793
4	662	15	0	0
11	26	19	1	0
12	263	53	9	0.568182
13	23	15	0	0
14	28	27	2	0
Instant	94
1	632	25	1	0
2	47	17	0	0
3	521	35	4	0.788288
4	628	15	0	0
11	27	18	0	0
12	264	51	7	0
13	22	15	0	0
14	28	28	2	0
Instant	95
1	641	25	1	0
2	15	16	0	0
3	514	37	4	0.167411
4	640	15	0	0
11	27	19	0	0
12	273	50	9	0.919118
13	22	15	0	0
14	26	28	2	0
Instant	96
1	599	26	1	0
2	40	16	0	0
3	518	38	5	0.333333
4	655	15	0	0
11	27	19	1	0
12	264	51	8	0.919118
13	22	15	0	0
14	28	28	1	0
Instant	97
1	563	25	1	0.623701
2	25	17	0	0
3	573	35	5	0.0516529
4	627	15	0	0
11	24	18	0	0
12	246	49	8	1.82927
13	24	15	0	0
14	27	29	2	0
Instant	98
1	624	26	1	0
2	33	14	0	0
3	493	37	5	1.08447
4	655	15	0	0
11	27	19	1	0
12	302	49	7	0
13	22	15	0	0
14	28	27	1	0
Instant	99
1	625	25	1	0
2	17	16	0	0
3	537	37	5	0.161638
4	642	15	0	0
11	27	19	1	0
12	287	55	8	0.551471
13	23	15	0	0
14	28	28	2	0
Instant	100
1	568	27	2	0.3
2	30	14	0	0
3	548	36	4	0.0538793
4	654	15	0	0
11	25	19	1	0
12	259	53	8	1.35135
13	23	15	0	0
14	28	27	1	0
Instant	101
1	601	26	1	0
2	24	15	0	0
3	553	36	5	0.265957
4	614	15	0	0
11	25	20	1	0
12	294	51	10	0.919118
13	24	15	0	0
14	27	30	3	0
Instant	102
1	622	26	1	0
2	12	19	0	0
3	535	37	6	0.478723
4	647	15	0	0
11	26	19	0	0
12	244	51	8	2.02206
13	24	15	0	0
14	27	28	2	0
Instant	103
1	611	26	1	0
2	22	16	0	0
3	525	36	5	0.657895
4	628	15	0	0
11	27	19	0	0
12	245	54	9	2.19595
13	23	15	0	0
14	27	29	2	0
Instant	104
1	634	26	1	0
2	30	15	0	0
3	485	37	5	1.566
4	647	15	0	0
11	26	19	0	0
12	281	51	8	2.02206
13	22	15	0	0
14	28	27	1	0
Instant	105
1	619	26	1	0
2	14	18	0	0
3	613	36	4	0.0474383
4	641	15	0	0
11	27	19	1	0
12	261	50	6	1.47059
13	26	15	0	0
14	27	28	2	0
Instant	106
1	600	27	1	0
2	8	18	0	0
3	603	36	6	0.52682
4	634	15	0	0
11	26	19	1	0
12	236	50	8	3.20946
13	26	15	0	0
14	27	29	2	0
Instant	107
1	581	25	1	0.339806
2	38	18	0	0
3	548	36	5	0.517598
4	650	15	0	0
11	26	19	0	0
12	276	51	7	0.735294
13	25	15	0	0
14	29	27	1	0
Instant	108
1	594	26	1	0.29703
2	17	16	0	0
3	543	38	4	0.328228
4	640	15	0	0
11	26	18	0	0
12	257	53	8	2.38971
13	23	15	0	0
14	27	28	2	0
Instant	109
1	591	27	1	0.294695
2	32	16	0	0
3	516	36	4	0.501114
4	620	15	0	0
11	26	19	1	0
12	260	52	9	0.744048
13	23	15	0	0
14	27	29	3	0
Instant	110
1	614	27	1	0
2	23	18	0	0
3	565	36	3	0.0519751
4	626	15	0	0
11	26	19	1	0
12	301	51	10	0
13	24	15	0	0
14	26	29	2	0.280899
Instant	111
1	647	25	1	0
2	22	19	0	0
3	509	36	4	0.929978
4	614	15	0	0
11	27	19	1	0
12	296	53	8	0.551471
13	23	15	0	0
14	26	30	3	0
Instant	112
1	657	24	0	0
2	20	15	0	0
3	540	38	4	0.0547046
4	620	15	0	0
11	28	18	0	0
12	241	50	9	1.52027
13	23	15	0	0
14	26	30	2	0
Instant	113
1	619	26	1	0
2	21	17	0	0
3	495	38	5	0.460829
4	641	15	0	0
11	27	19	1	0
12	257	50	9	2.38971
13	22	15	0	0
14	27	28	1	0
Instant	114
1	585	28	1	0.300601
2	20	14	0	0
3	546	38	4	0.0543478
4	627	15	0	0
11	25	18	0	0
12	269	54	10	2.20588
13	23	15	0	0
14	27	29	2	0
Instant	115
1	578	27	1	0.298211
2	22	15	0	0
3	505	36	4	0.844595
4	642	15	0	0
11	25	19	0	0
12	248	50	8	1.85811
13	22	15	0	0
14	27	28	2	0
Instant	116
1	620	26	1	0
2	30	15	0	0
3	506	38	6	0.617977
4	646	15	0	0
11	27	19	1	0
12	291	49	9	1.10294
13	23	15	0	0
14	27	28	2	0
Instant	117
1	620	26	0	0
2	15	15	0	0
3	552	34	4	0.368421
4	629	15	0	0
11	26	19	0	0
12	261	46	8	1.10294
13	24	15	0	0
14	27	28	2	0
Instant	118
1	599	27	1	0
2	25	16	1	0
3	526	34	4	0.320513
4	647	15	0	0
11	27	19	1	0
12	268	53	9	0.675676
13	24	15	0	0
14	28	28	2	0
Instant	119
1	606	26	1	0
2	30	15	0	0
3	491	36	4	1.46028
4	620	15	0	0
11	25	20	1	0
12	279	52	8	0.919118
13	22	15	0	0
14	27	30	2	0
