	T	D	J	LP
Instant	0
1	0	0	0	0
2	0	0	0	0
3	0	0	0	0
4	0	0	0	0
11	0	0	0	0
12	0	0	0	0
13	0	0	0	0
14	0	0	0	0
Instant	1
1	332	28	3	0
2	6	13	0	0
3	280	35	4	0
4	409	16	0	0
11	13	18	1	0
12	138	45	9	0
13	12	15	0	0
14	17	32	2	0
Instant	2
1	1136	40	3	2.05577
2	38	14	0	0
3	1009	51	5	3.675
4	2813	17	0	0
11	55	18	0	0
12	324	49	7	0
13	52	15	0	0
14	120	28	1	0
Instant	3
1	1214	33	3	0.807985
2	36	16	0	0
3	979	41	5	1.90125
4	2479	16	0	0
11	55	19	1	0
12	314	50	6	0
13	46	15	0	0
14	112	28	1	0
Instant	4
1	1157	31	3	0.0259067
2	35	15	0	0
3	793	43	6	1.37712
4	1807	16	0	0
11	49	18	0	0
12	282	48	6	0.675676
13	36	15	0	0
14	78	27	1	0
Instant	5
1	1047	28	2	0.0847458
2	20	16	0	0
3	748	37	4	1.94853
4	1425	15	0	0
11	45	19	0	0.279642
12	282	51	8	1.83824
13	35	15	0	0
14	63	29	1	0
Instant	6
1	768	30	2	0.419207
2	35	16	0	0
3	789	37	4	0.475842
4	1344	16	0	0
11	34	19	0	0
12	264	46	5	0
13	34	15	0	0
14	58	28	1	0
Instant	7
1	870	29	3	0
2	37	16	0	0
3	665	36	4	0.308099
4	1213	15	0	0
11	38	20	1	0
12	273	49	7	1.18243
13	29	15	0	0
14	52	27	1	0
Instant	8
1	880	30	2	0
2	26	15	0	0
3	675	34	4	0.71912
4	1003	15	0	0
11	38	19	1	0
12	288	46	7	0
13	30	15	0	0
14	44	29	2	0.468384
Instant	9
1	863	30	3	0.235849
2	42	17	0	0
3	713	35	4	0
4	1039	15	0	0
11	38	19	1	0
12	262	50	7	0
13	31	15	0	0
14	46	27	1	0
Instant	10
1	821	29	2	0.324207
2	34	16	0	0
3	756	34	4	0.343511
4	1081	15	0	0
11	36	20	1	0
12	258	45	5	1.18243
13	33	15	0	0
14	45	26	0	0
Instant	11
1	876	28	2	0
2	37	17	0	0
3	809	34	2	0
4	1027	15	0	0
11	39	18	0	0
12	279	47	6	0.551471
13	35	15	0	0
14	45	27	1	0
Instant	12
1	796	29	3	0.037594
2	27	15	0	0
3	673	34	4	1.05396
4	925	15	0	0
11	34	19	0	0
12	260	49	6	0.735294
13	30	15	0	0
14	41	30	2	0
Instant	13
1	675	29	2	0.377517
2	50	16	0	0
3	679	33	4	0.463744
4	904	15	0	0
11	30	19	1	0
12	273	48	7	0
13	30	15	0	0
14	38	30	3	0
Instant	14
1	648	28	2	0.269784
2	30	14	0	0
3	748	34	5	0.157729
4	850	15	0	0
11	28	19	1	0
12	317	47	7	0.919118
13	32	15	0	0
14	37	28	2	0.345304
Instant	15
1	696	26	2	0.376254
2	30	13	0	0
3	631	36	5	0.845196
4	816	15	0	0
11	30	19	0	0
12	270	46	5	1.28676
13	28	15	0	0
14	34	29	2	0
Instant	16
1	785	27	1	0
2	20	15	0	0
3	616	37	5	0.659134
4	778	15	0	0
11	34	19	1	0
12	258	45	5	0.844595
13	27	15	0	0
14	33	30	2	0
Instant	17
1	785	28	2	0.408618
2	13	15	1	0
3	683	34	5	0.0428082
4	801	15	0	0
11	34	18	0	0
12	288	49	7	0
13	29	15	0	0
14	34	28	1	0
Instant	18
1	690	28	2	0.385274
2	39	17	0	0
3	552	33	3	0.456389
4	813	15	0	0
11	30	18	0	0
12	269	44	5	0
13	25	15	0	0
14	36	28	2	0
Instant	19
1	603	27	2	0.706215
2	28	18	0	0
3	582	34	4	0.751503
4	825	15	0	0
11	27	18	0	0
12	268	51	8	0.168919
13	25	15	0	0
14	35	27	1	0
Instant	20
1	623	29	2	0.0934579
2	25	16	0	0
3	599	35	5	0.956023
4	815	15	0	0
11	27	19	1	0
12	284	51	6	0.551471
13	26	15	0	0
14	35	27	2	0
Instant	21
1	612	29	1	0.378788
2	21	13	0	0
3	564	33	4	1.05422
4	818	15	0	0
11	26	19	0	0
12	253	45	6	1.47059
13	25	15	0	0
14	35	27	1	0
Instant	22
1	600	30	2	0
2	17	16	0	0
3	624	33	3	0.18315
4	782	15	0	0
11	26	20	1	0
12	262	49	6	1.01351
13	27	15	0	0
14	33	30	3	0
Instant	23
1	615	27	2	0.56926
2	7	16	0	0
3	615	35	4	0.140449
4	812	15	0	0
11	27	19	0	0
12	278	51	8	1.47059
13	27	15	0	0
14	35	29	2	0
Instant	24
1	651	28	2	0.134892
2	21	15	0	0
3	660	35	3	0.353357
4	816	15	0	0
11	28	18	0	0
12	264	44	4	0
13	29	15	0	0
14	35	27	1	0
Instant	25
1	614	29	2	0
2	47	15	0	0
3	607	35	3	0.0492126
4	804	15	0	0
11	27	20	1	0
12	270	48	7	0.14881
13	26	15	0	0
14	35	28	1	0
Instant	26
1	655	27	1	0
2	53	16	0	0
3	521	38	6	0.752688
4	749	15	0	0
11	28	19	1	0
12	304	49	8	0.551471
13	23	15	0	0
14	33	28	1	0
Instant	27
1	639	28	2	0
2	30	18	0	0
3	553	31	3	0.920245
4	772	15	0	0
11	27	19	1	0
12	279	48	6	1.10294
13	25	15	0	0
14	33	28	2	0
Instant	28
1	660	27	1	0
2	23	15	0	0
3	568	34	3	0.207469
4	758	15	0	0
11	29	19	0	0
12	273	46	7	1.21528
13	24	15	0	0
14	32	28	2	0
Instant	29
1	640	30	2	0
2	20	17	0	0
3	579	33	3	0.100806
4	741	15	0	0
11	27	19	0	0
12	275	47	6	1.47059
13	25	15	0	0
14	32	29	2	0
Instant	30
1	595	27	1	0.292398
2	17	17	0	0
3	516	36	4	0.385463
4	754	15	0	0
11	26	20	1	0
12	261	51	9	2.38971
13	23	15	0	0
14	32	28	2	0
Instant	31
1	582	27	1	0
2	27	15	0	0
3	506	36	3	0.898876
4	696	15	0	0
11	25	19	1	0
12	275	47	5	0
13	22	15	0	0
14	30	29	2	0
Instant	32
1	610	27	2	0
2	37	17	0	0
3	605	32	2	0.192678
4	684	15	0	0
11	26	20	1	0
12	289	47	6	0
13	26	15	0	0
14	29	29	3	0
Instant	33
1	693	27	2	0
2	26	13	0	0
3	545	35	4	0.429185
4	698	15	0	0
11	30	19	1	0
12	262	50	8	1.10294
13	23	15	0	0
14	30	28	1	0
Instant	34
1	673	29	2	0
2	27	14	0	0
3	572	35	4	0.154321
4	699	15	0	0
11	29	18	0	0
12	256	46	6	2.19595
13	24	15	0	0
14	30	28	2	0
Instant	35
1	568	28	2	0.697211
2	25	16	0	0
3	579	33	3	0
4	692	15	0	0
11	25	18	1	0
12	246	46	9	3.86029
13	26	15	0	0
14	30	28	2	0
Instant	36
1	611	27	2	0
2	29	17	0	0
3	568	33	3	0.205761
4	704	15	0	0
11	26	19	1	0
12	273	51	7	0.183824
13	24	15	0	0
14	30	27	1	0
Instant	37
1	586	28	2	0
2	8	15	2	0
3	585	35	3	0.0502008
4	711	15	0	0
11	25	19	0	0
12	251	45	7	1.4881
13	25	15	0	0
14	30	27	2	0
Instant	38
1	549	30	2	0.304878
2	17	17	0	0
3	575	33	3	0.306122
4	705	15	0	0
11	25	19	1	0
12	298	48	6	0.183824
13	25	15	0	0
14	30	28	2	0
Instant	39
1	612	28	1	0
2	12	16	0	0
3	601	32	3	0
4	682	15	0	0
11	26	18	0	0
12	292	54	9	1.47059
13	26	15	0	0
14	30	29	2	0
Instant	40
1	592	27	1	0.297619
2	10	15	0	0
3	564	33	3	0.358607
4	685	15	0	0
11	25	19	1	0
12	273	51	6	0.337838
13	25	15	0	0
14	29	30	2	0
Instant	41
1	574	27	1	0.401606
2	35	15	0	0
3	568	34	3	0.253036
4	677	15	0	0
11	25	19	0	0
12	291	52	8	0.551471
13	25	15	0	0
14	30	28	2	0
Instant	42
1	575	28	1	0.0510204
2	15	16	0	0
3	548	32	2	0.321199
4	677	15	0	0
11	25	20	1	0
12	271	47	6	0
13	23	15	0	0
14	29	30	2	0
Instant	43
1	609	27	2	0.0475285
2	44	17	0	0
3	569	31	4	0.65
4	688	15	0	0
11	27	19	1	0
12	251	46	7	1.35135
13	25	15	0	0
14	29	29	2	0
Instant	44
1	615	26	2	0.0961538
2	39	16	0	0
3	689	31	3	0
4	699	15	0	0
11	26	19	1	0
12	282	46	8	2.02206
13	29	15	0	0
14	30	27	2	0.251678
Instant	45
1	608	27	1	0
2	33	15	0	0
3	597	36	3	0.335249
4	640	15	0	0
11	26	18	0	0
12	275	50	7	0
13	26	15	0	0
14	26	28	2	0.735294
Instant	46
1	603	28	2	0
2	25	17	0	0
3	619	34	4	0.191571
4	634	15	0	0
11	26	18	0	0
12	274	45	6	0
13	26	15	0	0
14	28	29	2	0
Instant	47
1	592	28	1	0
2	31	15	0	0
3	627	34	3	0
4	656	15	0	0
11	26	18	0	0
12	260	47	8	2.75735
13	27	15	0	0
14	28	27	2	0
Instant	48
1	606	28	1	0
2	30	13	0	0
3	586	34	3	0.197239
4	647	15	0	0
11	25	19	0	0
12	244	49	8	2.57353
13	26	15	0	0
14	28	28	1	0
Instant	49
1	599	28	2	0
2	27	15	0	0
3	540	36	4	0.163755
4	641	15	0	0
11	25	19	1	0
12	228	45	7	2.67857
13	23	15	0	0
14	27	28	2	0
Instant	50
1	569	29	1	0
2	18	16	0	0
3	499	34	4	1.14155
4	647	15	0	0
11	25	19	0	0
12	306	48	6	0
13	22	15	0	0
14	28	28	2	0
Instant	51
1	584	29	2	0
2	33	15	0	0
3	568	34	3	0.304878
4	640	15	0	0
11	25	19	1	0
12	284	47	6	1.83824
13	25	15	0	0
14	27	28	2	0
Instant	52
1	577	27	1	0.301205
2	45	14	0	0
3	580	33	3	0.199203
4	649	15	0	0
11	25	19	1	0
12	259	49	8	0.868056
13	25	15	0	0
14	28	28	2	0
Instant	53
1	606	27	2	0
2	46	15	0	0
3	542	35	3	0.373134
4	640	15	0	0
11	26	19	1	0
12	288	50	8	0.367647
13	24	15	0	0
14	28	28	2	0
Instant	54
1	604	27	2	0
2	27	16	0	0
3	553	34	5	0.412371
4	620	15	0	0
11	26	19	1	0
12	275	52	7	0
13	24	15	0	0
14	26	29	2	0
Instant	55
1	598	27	1	0.339147
2	31	15	0	0
3	565	35	3	0
4	614	15	0	0
11	26	18	1	0
12	247	51	8	2.19595
13	24	15	0	0
14	26	29	2	0.28626
Instant	56
1	604	29	3	0
2	39	18	0	0
3	602	32	3	0
4	656	15	0	0
11	26	18	0	0
12	283	44	6	0.919118
13	26	15	0	0
14	28	27	2	0
Instant	57
1	599	28	2	0
2	25	17	0	0
3	585	34	4	0.100806
4	598	15	0	0
11	26	18	0	0
12	261	49	7	1.47059
13	25	15	0	0
14	25	28	2	0.294118
Instant	58
1	580	29	2	0
2	26	16	0	0
3	525	35	5	0
4	618	15	0	0
11	25	19	1	0
12	258	45	7	1.01351
13	23	15	0	0
14	26	30	3	0
Instant	59
1	592	28	1	0
2	42	16	0	0
3	560	31	2	0.981405
4	628	15	0	0
11	25	20	1	0
12	249	43	4	2.94118
13	24	15	0	0
14	27	29	2	0
Instant	60
1	585	28	1	0
2	40	17	0	0
3	562	33	3	0.050813
4	648	15	0	0
11	25	20	1	0
12	259	50	7	4.22794
13	25	15	0	0
14	27	28	2	0
Instant	61
1	592	28	1	0
2	26	16	0	0
3	600	30	2	0.721154
4	641	15	0	0
11	26	19	0	0
12	258	51	7	1.6369
13	26	15	0	0
14	28	28	2	0
Instant	62
1	565	29	2	0.154959
2	30	16	0	0
3	578	33	3	0.201613
4	620	15	0	0
11	24	20	0	0
12	280	44	7	3.86029
13	25	15	0	0
14	26	30	3	0
Instant	63
1	606	28	1	0
2	24	17	0	0
3	572	34	3	0.156904
4	635	15	0	0
11	26	18	0	0
12	273	49	6	2.38971
13	24	15	0	0
14	27	28	2	0
Instant	64
1	571	29	2	0
2	29	16	0	0
3	592	32	2	0
4	633	15	0	0
11	25	19	1	0
12	263	45	7	0
13	25	15	0	0
14	26	28	2	0.27881
Instant	65
1	589	28	2	0
2	28	15	0	0
3	571	33	3	0
4	648	15	0	0
11	25	20	1	0
12	292	50	9	1.83824
13	25	15	0	0
14	28	27	2	0
Instant	66
1	588	27	2	0.344488
2	25	17	0	0
3	577	33	4	0.504032
4	634	15	0	0
11	26	18	0	0
12	277	52	9	0.183824
13	25	15	0	0
14	27	28	2	0
Instant	67
1	578	28	1	0
2	35	19	0	0
3	589	33	3	0.302419
4	634	15	0	0
11	24	20	1	0
12	262	50	8	0.506757
13	25	15	0	0
14	27	29	2	0
Instant	68
1	553	28	2	0.412371
2	36	17	0	0
3	534	38	4	0.0541126
4	634	15	0	0
11	24	20	1	0
12	283	45	6	0.390625
13	23	15	0	0
14	27	29	2	0
Instant	69
1	600	27	1	0
2	28	15	0	0
3	589	33	2	0
4	641	15	0	0
11	26	19	1	0
12	276	51	7	0.551471
13	25	15	0	0
14	28	28	2	0
Instant	70
1	561	30	3	0.204918
2	36	16	0	0
3	529	36	3	0.480769
4	655	15	0	0
11	24	20	1	0
12	253	46	7	1.85811
13	23	15	0	0
14	28	27	1	0
Instant	71
1	606	27	2	0
2	16	15	0	0
3	580	34	3	0.154321
4	655	15	0	0
11	26	19	1	0
12	261	46	7	2.38971
13	24	15	0	0
14	28	28	1	0
Instant	72
1	611	28	2	0
2	18	15	0	0
3	530	34	4	0.797872
4	634	15	0	0
11	26	19	1	0
12	263	53	11	1.51515
13	23	15	0	0
14	27	29	2	0
Instant	73
1	569	26	1	0.305499
2	39	15	0	0
3	509	33	3	0.770925
4	613	15	0	0
11	24	20	1	0
12	239	50	8	1.52439
13	23	15	0	0
14	26	30	3	0
Instant	74
1	586	27	1	0
2	17	16	0	0
3	612	31	2	0.288462
4	606	15	0	0
11	25	20	1	0
12	296	46	6	0.919118
13	26	15	0	0
14	26	30	2	0.289575
Instant	75
1	654	27	2	0
2	26	17	0	0
3	563	34	3	0.0518672
4	627	15	0	0
11	28	18	1	0
12	284	53	8	1.51515
13	24	15	0	0
14	26	29	2	0
Instant	76
1	592	30	3	0.396825
2	16	14	0	0
3	552	33	4	0.667351
4	641	15	0	0
11	25	20	1	0
12	273	47	6	0
13	25	15	0	0
14	28	28	2	0
Instant	77
1	562	27	2	0
2	11	16	0	0
3	561	35	4	0.358607
4	648	15	0	0
11	25	18	1	0
12	286	46	8	1.17188
13	25	15	0	0
14	27	27	2	0
Instant	78
1	589	28	1	0.0514403
2	22	15	0	0
3	566	32	4	1.04582
4	662	15	0	0
11	24	19	1	0
12	276	45	7	0
13	25	15	0	0
14	28	27	2	0
Instant	79
1	574	30	2	0
2	16	16	0	0
3	671	32	4	0.25729
4	620	15	0	0
11	25	19	1	0
12	266	48	7	0.506757
13	29	15	0	0
14	27	29	2	0
Instant	80
1	586	28	2	0
2	26	17	0	0
3	711	32	3	0.611746
4	657	15	0	0
11	25	19	1	0
12	262	49	8	2.46212
13	31	15	0	0
14	27	27	2	0
Instant	81
1	600	29	1	0
2	23	16	0	0
3	696	35	4	0.168067
4	654	15	0	0
11	25	18	0	0
12	274	47	6	0
13	30	15	0	0
14	28	27	1	0
Instant	82
1	592	27	1	0
2	46	16	0	0
3	618	37	5	0.963303
4	648	15	0	0
11	26	19	1	0
12	265	48	9	0.714286
13	27	15	0	0
14	27	28	2	0
Instant	83
1	585	28	2	0.304878
2	27	16	0	0
3	632	34	3	0.0463822
4	649	15	0	0
11	25	18	0	0
12	275	45	7	1.70455
13	27	15	0	0
14	28	27	2	0
Instant	84
1	585	29	2	0
2	35	16	0	0
3	505	33	3	1.11607
4	640	15	0	0
11	25	19	0	0
12	249	51	9	2.27273
13	22	15	0	0
14	27	29	2	0
Instant	85
1	578	29	2	0
2	19	17	0	0
3	562	32	3	1.11789
4	628	15	0	0
11	25	19	1	0
12	279	48	7	0
13	25	15	0	0
14	27	29	2	0
Instant	86
1	578	28	1	0
2	27	15	0	0
3	524	34	3	0.42735
4	661	15	0	0
11	25	20	1	0
12	313	46	6	0.919118
13	24	15	0	0
14	28	27	1	0
Instant	87
1	620	26	1	0
2	25	15	0	0
3	560	36	4	0.160256
4	649	15	0	0
11	27	18	0	0
12	262	47	5	0.367647
13	23	15	0	0
14	28	27	2	0
Instant	88
1	591	28	2	0
2	12	14	0	0
3	534	36	3	0.373932
4	640	15	0	0
11	25	19	1	0
12	259	51	6	3.20946
13	23	15	0	0
14	27	28	2	0
Instant	89
1	593	28	2	0
2	13	16	0	0
3	558	34	3	0.307377
4	641	15	0	0
11	25	19	1	0
12	248	45	8	2.57353
13	25	15	0	0
14	28	28	2	0
Instant	90
1	571	28	1	0
2	40	15	0	0
3	592	33	3	0
4	642	15	0	0
11	25	20	1	0
12	235	45	6	3.32031
13	25	15	0	0
14	28	28	2	0
Instant	91
1	606	27	1	0
2	18	15	0	0
3	522	35	3	0.382096
4	612	15	0	0
11	26	19	0	0
12	260	46	7	1.85811
13	23	15	0	0
14	27	30	3	0
Instant	92
1	581	28	1	0.0516529
2	40	15	0	0
3	564	32	2	0.667351
4	634	15	0	0
11	24	20	1	0
12	282	47	7	0.568182
13	24	15	0	0
14	26	29	2	0
Instant	93
1	598	27	2	0.0484496
2	18	18	0	0
3	584	32	2	0.248016
4	641	15	0	0
11	26	20	1	0
12	260	48	6	1.32576
13	25	15	0	0
14	27	28	2	0
Instant	94
1	613	27	1	0
2	28	17	0	0
3	575	33	4	0.45
4	628	15	0	0
11	26	19	1	0
12	257	49	6	0.337838
13	25	15	0	0
14	27	29	2	0
Instant	95
1	606	26	1	0
2	20	15	2	0
3	565	34	3	0.153061
4	626	15	0	0
11	27	19	1	0
12	269	51	10	2.20588
13	25	15	0	0
14	27	28	2	0
Instant	96
1	561	28	2	0.0515464
2	34	13	0	0
3	558	32	3	0.363825
4	641	15	0	0
11	24	21	1	0
12	236	47	8	2.94118
13	24	15	0	0
14	27	29	2	0
Instant	97
1	600	27	1	0
2	18	15	0	0
3	561	32	2	0.570539
4	648	15	0	0
11	25	20	1	0
12	269	50	9	0.152439
13	24	15	0	0
14	28	27	2	0
Instant	98
1	608	26	1	0
2	8	16	0	0
3	600	33	3	0.0488281
4	627	15	0	0
11	26	19	1	0
12	268	47	7	4.77941
13	26	15	0	0
14	27	29	2	0
Instant	99
1	613	28	2	0
2	29	15	0	0
3	559	33	3	0.307377
4	648	15	0	0
11	26	19	0	0
12	282	49	7	0
13	24	15	0	0
14	28	28	2	0
Instant	100
1	606	27	1	0
2	24	16	0	0
3	558	34	4	0.520833
4	633	15	0	0
11	26	18	0	0
12	273	52	7	0.168919
13	24	15	0	0
14	27	27	1	0.277778
Instant	101
1	578	29	2	0
2	30	16	0	0
3	553	34	3	0.41841
4	649	15	0	0
11	25	19	1	0
12	292	45	6	0.735294
13	24	15	0	0
14	27	28	2	0
Instant	102
1	589	29	2	0
2	23	17	0	0
3	511	35	3	0.77951
4	621	15	0	0
11	25	19	0	0
12	269	50	7	0.367647
13	23	15	0	0
14	27	29	2	0
Instant	103
1	592	27	1	0
2	35	16	0	0
3	578	33	4	0.150905
4	619	15	0	0
11	26	19	1	0
12	264	48	7	0.844595
13	25	15	0	0
14	26	29	2	0.285171
Instant	104
1	598	27	2	0.0502008
2	32	15	0	0
3	550	34	3	0.3125
4	641	15	0	0
11	25	20	1	0
12	274	43	6	1.47059
13	24	15	0	0
14	27	28	2	0
Instant	105
1	554	27	1	0
2	26	14	0	0
3	539	34	5	0.7431
4	621	15	0	0
11	24	18	0	0
12	272	48	6	0
13	24	15	0	0
14	26	30	2	0
Instant	106
1	585	28	2	0.352823
2	0	17	4	0
3	586	33	2	0.300601
4	661	15	0	0
11	25	19	0	0
12	241	48	7	0.844595
13	25	15	0	0
14	28	27	2	0
Instant	107
1	608	27	1	0
2	15	13	0	0
3	589	33	3	0
4	627	15	0	0
11	26	18	0	0
12	275	49	6	3.30882
13	26	15	0	0
14	27	29	3	0
Instant	108
1	534	27	2	0.535332
2	16	14	0	0
3	495	34	4	1.11359
4	627	15	0	0
11	24	19	0	0
12	271	51	7	0
13	23	15	0	0
14	27	29	2	0
Instant	109
1	585	27	3	0.292969
2	38	14	0	0
3	564	33	3	0.517598
4	635	15	0	0
11	26	19	1	0
12	263	50	8	1.04167
13	24	15	0	0
14	27	28	2	0
Instant	110
1	585	29	2	0
2	11	18	0	0
3	570	33	4	0.301205
4	640	15	0	0
11	25	19	1	0
12	305	46	7	0.195312
13	25	15	0	0
14	27	29	2	0
Instant	111
1	504	31	2	0.725446
2	12	14	0	0
3	553	34	4	0.635593
4	670	15	0	0
11	23	19	1	0
12	285	52	7	1.10294
13	24	15	0	0
14	29	26	1	0
Instant	112
1	614	27	2	0
2	21	15	0	0
3	577	31	2	0.396825
4	641	15	0	0
11	26	18	0	0
12	266	44	4	0
13	25	15	0	0
14	28	28	2	0
Instant	113
1	617	27	1	0.0475285
2	16	16	0	0
3	601	31	2	0
4	628	15	0	0
11	27	18	0	0
12	292	46	6	0
13	26	15	0	0
14	28	28	2	0
Instant	114
1	582	28	2	0
2	19	15	0	0
3	561	34	4	0.961538
4	627	15	0	0
11	25	19	1	0
12	248	49	7	2.38971
13	25	15	0	0
14	27	29	2	0
Instant	115
1	560	30	2	0
2	27	14	0	0
3	568	33	5	0.354251
4	640	15	0	0
11	24	19	1	0
12	250	46	7	1.85811
13	25	15	0	0
14	26	28	2	0
Instant	116
1	596	27	1	0.0497018
2	13	14	0	0
3	517	31	3	1.06027
4	628	15	0	0
11	25	19	1	0
12	297	47	8	0.183824
13	23	15	0	0
14	27	29	3	0
Instant	117
1	620	27	1	0
2	38	16	0	0
3	568	33	3	0.352113
4	640	15	0	0
11	26	18	0	0
12	259	47	8	1.47059
13	25	15	0	0
14	27	29	2	0
Instant	118
1	589	27	2	0
2	26	15	0	0
3	534	34	4	0.879917
4	649	15	0	0
11	26	20	1	0
12	260	44	4	1.35135
13	24	15	0	0
14	28	27	1	0
Instant	119
1	618	26	1	0
2	40	15	0	0
3	467	38	5	1.83215
4	647	15	0	0
11	26	19	1	0
12	279	48	7	1.65441
13	21	15	0	0
14	28	28	2	0
