	T	D	J	LP
Instant	0
1	0	0	0	0
2	0	0	0	0
3	0	0	0	0
4	0	0	0	0
11	0	0	0	0
12	0	0	0	0
13	0	0	0	0
14	0	0	0	0
Instant	1
1	354	28	2	0
2	4	13	0	0
3	253	38	4	0
4	252	13	0	0
11	14	17	0	0
12	138	44	8	0
13	10	13	0	0
14	8	39	8	0.0496032
Instant	2
1	1608	28	2	0.146199
2	32	14	0	0
3	908	39	6	0.351662
4	1017	13	0	0
11	70	18	0	0
12	312	52	8	0
13	40	13	0	0
14	42	43	3	0.46225
Instant	3
1	1547	29	2	0.0187829
2	34	14	0	0
3	790	39	6	0.112782
4	1126	13	0	0
11	69	18	0	0
12	304	51	7	2.38971
13	34	13	0	0
14	47	43	4	0.284157
Instant	4
1	1643	27	2	0.315568
2	14	13	0	0
3	871	39	6	0.166223
4	1153	13	0	0
11	73	17	0	0
12	286	51	7	0
13	38	13	0	0
14	49	42	4	0.220788
Instant	5
1	1526	25	2	0.274941
2	4	13	0	0
3	867	36	6	0.496032
4	1012	13	0	0
11	66	18	0	0
12	310	49	8	0
13	38	13	0	0
14	42	43	4	0.309837
Instant	6
1	1209	27	1	0.281162
2	17	13	0	0
3	912	37	5	0.065189
4	826	13	0	0
11	55	17	0	0
12	271	45	7	0.183824
13	39	13	0	0
14	34	41	4	0.409965
Instant	7
1	1256	26	2	0.208914
2	41	13	0	0
3	859	36	5	0.0336022
4	764	13	0	0
11	56	17	0	0
12	267	52	8	0.675676
13	38	13	0	0
14	32	41	5	0.435451
Instant	8
1	1246	26	1	0
2	43	13	0	0
3	785	35	5	0.730994
4	752	13	0	0
11	53	17	0	0
12	283	49	8	0
13	35	13	0	0
14	31	41	4	0.285863
Instant	9
1	1151	25	1	0
2	37	13	0	0
3	821	34	4	0.142045
4	743	13	0	0
11	50	16	0	0
12	273	45	5	0
13	36	13	0	0
14	30	41	5	0.368421
Instant	10
1	1115	26	1	0
2	6	13	0	0
3	712	35	5	0.335008
4	712	13	0	0
11	48	17	0	0.675676
12	264	51	8	0
13	30	13	0	0
14	28	40	5	0.421709
Instant	11
1	904	26	1	0.733418
2	21	13	0	0
3	707	33	3	0.0415282
4	665	13	0	0
11	40	17	0	0
12	279	48	7	0.735294
13	30	13	0	0
14	28	42	6	0.324292
Instant	12
1	702	29	3	0.693312
2	30	13	0	0
3	774	35	4	0.26003
4	661	13	0	0
11	31	17	0	0
12	266	46	7	0.367647
13	34	13	0	0
14	27	39	4	0.335703
Instant	13
1	729	30	2	0.278662
2	42	13	0	0
3	731	35	5	0.427019
4	628	13	0	0
11	32	17	0	0
12	271	53	8	0.14881
13	33	13	0	0
14	27	41	5	0.279851
Instant	14
1	579	28	2	0.589391
2	38	13	0	0
3	645	37	6	0.274223
4	611	13	0	0
11	26	18	1	0
12	308	46	7	0.919118
13	28	13	0	0
14	25	43	5	0.320924
Instant	15
1	562	28	2	1.1687
2	28	13	0	0
3	712	34	4	0.0806452
4	625	13	0	0
11	25	17	0	0
12	280	51	7	0.551471
13	31	13	0	0
14	26	38	4	0.219298
Instant	16
1	659	26	1	0.525394
2	25	13	0	0
3	631	36	3	0.866788
4	649	13	0	0
11	29	18	0	0
12	266	48	6	0.844595
13	28	13	0	0
14	26	42	5	0.261044
Instant	17
1	635	26	1	0.276243
2	13	13	0	0
3	695	33	3	0
4	649	13	0	0
11	27	17	0	0
12	282	47	7	0.551471
13	29	13	0	0
14	27	42	5	0.120773
Instant	18
1	614	28	1	0
2	19	13	0	0
3	617	35	4	0
4	620	13	0	0
11	27	18	0	0
12	263	48	6	0.551471
13	28	13	0	0
14	25	37	4	0.420875
Instant	19
1	531	26	2	0.993724
2	26	13	0	0
3	579	32	5	0.790514
4	573	13	0	0
11	24	17	0	0
12	270	48	7	0
13	26	13	0	0
14	23	42	5	0.387597
Instant	20
1	550	29	1	0.622407
2	28	13	0	0
3	579	33	3	0.451807
4	577	13	0	0
11	24	17	0	0
12	283	49	5	0.551471
13	25	13	0	0
14	23	39	4	0.440379
Instant	21
1	541	27	1	0.955414
2	18	13	0	0
3	574	36	6	0.30426
4	575	13	0	0
11	24	17	0	0
12	266	49	9	0.735294
13	25	13	0	0
14	24	40	5	0.339213
Instant	22
1	655	25	1	0
2	37	13	0	0
3	606	33	3	0
4	662	13	0	0
11	28	17	0	0
12	266	46	8	0.506757
13	26	13	0	0
14	28	39	4	0.148104
Instant	23
1	627	26	1	0
2	45	13	0	0
3	612	31	3	0.334608
4	630	13	0	0
11	27	16	0	0.280899
12	280	43	6	1.10294
13	27	13	0	0
14	26	40	5	0.289495
Instant	24
1	614	27	1	0.140977
2	37	13	0	0
3	552	35	4	0.477707
4	521	13	0	0
11	27	18	1	0
12	258	47	6	0.735294
13	24	13	0	0
14	21	43	6	0.324838
Instant	25
1	597	26	1	0.644841
2	25	13	0	0
3	605	33	4	0.239464
4	572	13	0	0
11	25	17	0	0
12	272	43	6	0
13	26	13	0	0
14	23	39	4	0.398997
Instant	26
1	608	24	1	0
2	21	13	0	0
3	590	33	4	0
4	599	13	0	0
11	27	18	0	0
12	308	43	7	1.65441
13	26	13	0	0
14	25	42	6	0.239651
Instant	27
1	627	27	1	0.280374
2	10	13	0	0
3	593	33	4	0.629845
4	569	13	0	0
11	27	17	0	0
12	285	47	7	0
13	26	13	0	0
14	23	39	5	0.446429
Instant	28
1	670	25	1	0
2	19	13	0	0
3	610	32	3	0
4	625	13	0	0
11	28	17	0	0
12	260	40	6	0.868056
13	26	13	0	0
14	25	38	5	0.219849
Instant	29
1	567	27	1	0.639764
2	23	13	0	0
3	551	37	5	0.420168
4	607	13	0	0
11	26	18	1	0
12	286	45	8	1.47059
13	24	13	0	0
14	25	40	5	0.258065
Instant	30
1	592	27	1	0.290698
2	41	13	0	0
3	545	35	4	0.690021
4	610	13	0	0
11	26	17	0	0
12	264	46	9	1.65441
13	24	13	0	0
14	24	39	4	0.320102
Instant	31
1	633	26	1	0.281426
2	31	13	0	0
3	598	31	3	0.435203
4	698	13	0	0
11	27	17	0	0
12	275	42	6	0
13	26	13	0	0
14	28	39	4	0.308989
Instant	32
1	634	26	1	0.280899
2	47	13	0	0
3	566	33	3	0.450902
4	655	13	0	0
11	27	17	0	0
12	296	44	6	0
13	25	13	0	0
14	26	40	5	0.556881
Instant	33
1	610	27	1	0
2	39	13	0	0
3	628	33	3	0.142045
4	661	13	0	0
11	27	18	1	0
12	267	44	6	0.919118
13	27	13	0	0
14	27	40	5	0.325829
Instant	34
1	640	27	1	0.0468165
2	25	13	0	0
3	577	33	3	0.29703
4	602	13	0	0
11	27	17	0	0
12	263	43	7	0.675676
13	25	13	0	0
14	25	40	5	0.260078
Instant	35
1	552	29	2	0.754527
2	31	13	0	0
3	622	32	3	0.140713
4	584	13	0	0
11	25	17	0	0
12	275	47	7	0.551471
13	27	13	0	0
14	24	42	5	0.23427
Instant	36
1	661	26	1	0
2	16	13	0	0
3	609	33	3	0
4	578	13	0	0
11	28	17	0	0
12	263	43	7	1.28676
13	26	13	0	0
14	23	40	6	0.361827
Instant	37
1	648	26	1	0
2	14	13	0	0
3	578	34	4	0.396825
4	553	13	0	0
11	27	17	0	0
12	252	44	9	1.19048
13	25	13	0	0
14	23	43	5	0.306026
Instant	38
1	634	26	1	0
2	36	13	0	0
3	505	34	5	1.48026
4	528	13	0	0
11	28	17	0	0
12	291	46	7	1.83824
13	23	13	0	0
14	21	43	6	0.296736
Instant	39
1	580	25	1	0.348606
2	32	13	0	0
3	599	34	4	0.146199
4	515	13	0	0
11	25	17	0	0
12	269	50	7	2.94118
13	26	13	0	0
14	20	41	5	0.443937
Instant	40
1	691	26	1	0.251678
2	46	13	0	0
3	560	36	4	0.36157
4	528	13	0	0
11	30	17	0	0
12	272	44	6	0.675676
13	24	13	0	0
14	21	40	4	0.395062
Instant	41
1	708	26	1	0
2	27	13	0	0
3	594	34	3	0.347222
4	546	13	0	0
11	31	18	1	0
12	297	46	9	0
13	25	13	0	0
14	22	40	4	0.346227
Instant	42
1	650	27	1	0
2	11	13	0	0
3	595	32	3	0.287356
4	575	13	0	0
11	29	17	0	0
12	260	51	6	1.10294
13	26	13	0	0
14	24	38	4	0.1703
Instant	43
1	603	27	2	0.723938
2	21	13	0	0
3	599	33	4	0.289017
4	516	13	0	0
11	26	17	0	0
12	258	47	6	1.01351
13	26	13	0	0
14	20	39	4	0.631313
Instant	44
1	590	25	1	0.347913
2	13	13	0	0
3	649	35	4	0
4	524	13	0	0
11	25	17	0	0
12	269	44	7	2.38971
13	28	13	0	0
14	21	42	4	0.322901
Instant	45
1	610	26	1	0
2	28	13	0	0
3	732	33	4	0
4	555	13	0	0
11	25	18	0	0.288462
12	274	47	8	0
13	31	13	0	0
14	23	39	4	0.306026
Instant	46
1	599	27	1	0
2	25	13	0	0
3	648	35	4	0.263158
4	534	13	0	0
11	26	17	0	0
12	274	46	8	0
13	29	13	0	0
14	22	40	5	0.328947
Instant	47
1	629	27	1	0.283019
2	32	13	0	0
3	698	34	4	0.042517
4	506	13	0	0
11	27	17	0	0
12	257	45	7	3.30882
13	30	13	0	0
14	20	42	6	0.425039
Instant	48
1	619	28	1	0
2	22	13	0	0
3	742	31	3	0
4	533	13	0	0
11	27	17	0	0
12	248	47	8	2.38971
13	32	13	0	0
14	22	40	5	0.294118
Instant	49
1	664	25	0	0
2	15	13	0	0
3	729	33	4	0
4	516	13	0	0
11	28	17	0	0
12	261	45	5	0
13	31	13	0	0
14	21	42	6	0.26475
Instant	50
1	640	25	1	0.0452899
2	25	13	0	0
3	664	34	5	0
4	525	13	0	0
11	28	17	1	0
12	315	46	5	0.183824
13	29	13	0	0
14	22	40	5	0.261194
Instant	51
1	631	26	1	0.0465549
2	37	13	0	0
3	633	34	4	0.457875
4	531	13	0	0
11	27	17	0	0
12	288	49	6	0
13	28	13	0	0
14	21	41	5	0.294118
Instant	52
1	632	27	1	0.278293
2	7	13	0	0
3	599	34	5	0.336538
4	529	13	0	0
11	27	17	0	0
12	268	45	8	0.173611
13	26	13	0	0
14	22	41	5	0.443131
Instant	53
1	601	24	1	0.480769
2	18	14	0	0
3	627	33	4	0
4	520	13	0	0
11	26	17	0	0
12	296	45	6	0
13	27	13	0	0
14	21	43	5	0.225564
Instant	54
1	611	28	1	0
2	13	13	0	0
3	574	32	3	0.656566
4	531	13	0	0
11	26	17	0	0
12	263	47	7	0.919118
13	25	13	0	0
14	21	40	5	0.294118
Instant	55
1	634	26	1	0
2	19	13	0	0
3	611	33	3	0
4	519	13	0	0
11	28	17	0	0
12	264	46	6	0.675676
13	27	13	0	0
14	21	40	5	0.490196
Instant	56
1	631	27	2	0.0943396
2	14	13	0	0
3	618	33	4	0
4	514	13	0	0
11	27	17	0	0
12	290	47	7	0.551471
13	26	13	0	0
14	20	42	6	0.329281
Instant	57
1	609	27	1	0
2	22	13	0	0
3	563	34	4	0.102459
4	524	13	0	0
11	27	17	1	0
12	274	47	6	0
13	25	13	0	0
14	22	42	5	0.336323
Instant	58
1	655	26	1	0
2	34	13	0	0
3	601	33	3	0.627413
4	526	13	0	0
11	28	17	0	0
12	275	45	7	0
13	26	13	0	0
14	20	39	5	0.446429
Instant	59
1	674	25	1	0
2	28	13	0	0
3	601	33	3	0.289575
4	504	13	0	0
11	28	17	0	0
12	296	42	6	0
13	26	13	0	0
14	21	41	4	0.335397
Instant	60
1	656	26	1	0
2	34	13	0	0
3	584	35	5	0.248509
4	520	13	0	0
11	28	17	0	0
12	259	49	7	1.65441
13	25	13	0	0
14	21	41	5	0.339367
Instant	61
1	576	28	2	0.395257
2	46	13	0	0
3	577	34	5	0.504032
4	488	13	0	0
11	26	18	0	0
12	253	44	9	2.23214
13	25	13	0	0
14	19	40	5	0.466667
Instant	62
1	650	26	1	0
2	25	13	0	0
3	672	33	3	0
4	500	13	0	0
11	27	17	0	0
12	314	45	7	1.28676
13	29	13	0	0
14	20	41	5	0.482525
Instant	63
1	592	27	1	0.290698
2	10	13	0	0
3	613	36	5	0.334608
4	492	13	0	0
11	26	17	0	0
12	268	50	7	1.83824
13	27	13	0	0
14	20	42	5	0.278662
Instant	64
1	620	27	1	0
2	20	13	0	0
3	607	37	4	0.567108
4	517	13	0	0
11	26	17	0	0
12	261	43	8	1.35135
13	27	13	0	0
14	22	40	5	0.227273
Instant	65
1	562	28	1	0.501002
2	1	14	0	0
3	702	34	4	0
4	506	13	0	0
11	25	17	0	0
12	291	48	7	1.47059
13	30	13	0	0
14	20	39	4	0.462963
Instant	66
1	634	26	1	0
2	14	13	0	0
3	587	33	4	1.30058
4	517	13	0	0
11	27	18	1	0
12	246	49	8	2.02206
13	26	13	0	0
14	21	41	5	0.113636
Instant	67
1	571	27	1	0.297619
2	23	13	0	0
3	572	34	4	0.889328
4	488	13	0	0
11	25	17	0	0
12	262	47	6	1.18243
13	26	13	0	0
14	20	42	5	0.320513
Instant	68
1	656	25	1	0
2	11	13	0	0
3	620	32	3	0.140449
4	529	13	0	0
11	28	17	0	0
12	286	46	8	0.585938
13	27	13	0	0
14	22	40	5	0.148148
Instant	69
1	620	26	1	0
2	20	13	0	0
3	582	35	3	0.0506073
4	491	13	0	0
11	27	18	1	0
12	233	44	9	3.86029
13	25	13	0	0
14	20	41	5	0.304716
Instant	70
1	634	27	1	0
2	61	13	0	0
3	588	33	4	0.34585
4	536	13	0	0
11	27	17	0	0
12	277	50	8	0
13	25	13	0	0
14	21	38	5	0.402047
Instant	71
1	620	28	1	0
2	42	13	0	0
3	541	36	6	0.858369
4	473	13	0	0
11	27	17	0	0
12	286	47	7	0.735294
13	23	13	0	0
14	19	40	5	0.523416
Instant	72
1	669	25	0	0
2	39	13	0	0
3	572	33	3	0.644841
4	509	13	0	0
11	28	17	0	0
12	267	47	6	0
13	25	13	0	0
14	21	42	5	0.306748
Instant	73
1	620	27	1	0
2	12	13	0	0
3	611	33	4	0.14313
4	512	13	0	0
11	26	17	0	0.284091
12	229	45	6	3.04878
13	26	13	0	0
14	20	41	5	0.458015
Instant	74
1	620	27	1	0.284091
2	26	13	0	0
3	585	34	4	0
4	487	13	0	0
11	26	17	0	0
12	312	43	6	0.735294
13	26	13	0	0
14	20	43	6	0.254555
Instant	75
1	639	26	1	0
2	44	13	0	0
3	565	33	4	0.36157
4	486	13	0	0
11	27	17	0	0
12	271	45	6	1.70455
13	25	13	0	0
14	20	44	5	0.362319
Instant	76
1	653	26	1	0
2	37	13	0	0
3	561	36	5	0.362319
4	491	13	0	0
11	28	17	0	0
12	270	46	8	0
13	24	13	0	0
14	20	42	6	0.305202
Instant	77
1	628	26	1	0
2	39	13	0	0
3	608	32	3	0
4	517	13	0	0
11	27	17	0	0
12	297	45	7	0.390625
13	27	13	0	0
14	21	41	5	0.151515
Instant	78
1	593	28	2	0.287356
2	51	13	0	0
3	573	36	4	0.0514403
4	497	13	0	0
11	26	18	0	0
12	266	46	6	0.390625
13	24	13	0	0
14	20	41	5	0.43239
Instant	79
1	632	27	2	0.288462
2	47	13	0	0
3	601	34	4	0.340467
4	482	13	0	0
11	26	17	0	0
12	259	44	7	2.02703
13	26	13	0	0
14	20	41	5	0.36526
Instant	80
1	624	26	1	0.0454545
2	10	13	0	0
3	621	33	4	0.0473485
4	484	13	0	0
11	28	18	0	0
12	276	45	7	1.32576
13	27	13	0	0
14	19	40	5	0.564516
Instant	81
1	647	26	1	0
2	18	13	0	0
3	624	32	3	0
4	515	13	0	0
11	28	17	0	0
12	262	47	5	0.568182
13	27	13	0	0
14	21	39	5	0.341945
Instant	82
1	623	27	1	0
2	23	13	0	0
3	588	36	4	0
4	502	13	0	0
11	27	17	0	0
12	271	44	6	0
13	25	13	0	0
14	20	41	5	0.389408
Instant	83
1	627	25	1	0.27933
2	18	13	0	0
3	605	34	3	0
4	518	13	0	0
11	27	17	0	0
12	281	47	8	0.568182
13	25	13	0	0
14	20	38	5	0.390232
Instant	84
1	645	26	1	0
2	28	13	0	0
3	586	35	3	0.200401
4	525	13	0	0
11	27	18	0	0
12	256	48	7	1.89394
13	25	13	0	0
14	22	39	5	0.223214
Instant	85
1	619	27	1	0
2	20	13	0	0
3	594	34	3	0
4	476	13	0	0
11	27	17	0	0
12	279	48	10	0
13	26	13	0	0
14	19	40	5	0.395526
Instant	86
1	620	28	1	0
2	37	13	0	0
3	608	33	2	0
4	542	13	0	0
11	26	17	0	0
12	311	45	7	0.183824
13	26	13	0	0
14	22	39	4	0.193237
Instant	87
1	664	25	0	0
2	33	13	0	0
3	581	33	3	0.347222
4	504	13	0	0
11	28	17	0	0
12	283	47	6	1.47059
13	25	13	0	0
14	20	41	5	0.348837
Instant	88
1	663	26	1	0
2	10	13	0	0
3	590	33	3	0.196464
4	515	13	0	0
11	28	17	0	0
12	271	43	5	0.337838
13	25	13	0	0
14	21	38	5	0.455235
Instant	89
1	568	26	1	0.300601
2	20	13	0	0
3	540	35	4	1.09148
4	501	13	0	0
11	25	18	0	0
12	261	44	7	1.47059
13	24	13	0	0
14	20	41	5	0.3125
Instant	90
1	591	27	1	0.389864
2	16	13	0	0
3	563	34	6	0.50813
4	474	13	0	0
11	26	17	0	0
12	267	49	8	1.36719
13	25	13	0	0
14	18	41	5	0.618812
Instant	91
1	556	27	1	0.30426
2	39	13	0	0
3	585	36	4	0.298805
4	503	13	0	0
11	25	17	0	0
12	259	45	8	1.01351
13	25	13	0	0
14	21	40	5	0.454309
Instant	92
1	639	26	1	0.331439
2	23	13	0	0
3	592	32	2	0.294695
4	536	13	0	0
11	27	17	0	0
12	274	47	7	1.51515
13	26	13	0	0
14	21	37	4	0.340136
Instant	93
1	592	26	1	0.287908
2	11	13	0	0
3	574	34	4	0.352823
4	481	13	0	0
11	26	17	0	0
12	240	45	7	2.65152
13	25	13	0	0
14	20	43	6	0.284553
Instant	94
1	634	26	1	0.274725
2	23	13	0	0
3	599	36	4	0.198807
4	528	13	0	0
11	27	17	0	0
12	259	47	7	1.01351
13	25	13	0	0
14	21	40	5	0.259259
Instant	95
1	641	26	1	0
2	29	13	0	0
3	575	33	3	0.55
4	510	13	0	0
11	27	17	0	0
12	271	45	7	1.28676
13	25	13	0	0
14	20	41	5	0.345622
Instant	96
1	634	27	1	0
2	36	13	0	0
3	619	31	3	0
4	459	13	0	0
11	27	17	0	0
12	268	43	5	0
13	27	13	0	0
14	18	44	5	0.468484
Instant	97
1	641	25	1	0
2	20	13	0	0
3	628	32	4	0.142586
4	478	13	0	0
11	28	17	0	0
12	248	47	8	1.82927
13	27	13	0	0
14	19	41	5	0.571895
Instant	98
1	632	26	1	0
2	19	13	0	0
3	648	30	4	0
4	488	13	0	0
11	27	18	1	0
12	317	45	6	0
13	28	13	0	0
14	20	43	6	0.320513
Instant	99
1	670	25	1	0
2	38	13	0	0
3	611	34	3	0
4	487	13	0	0
11	28	17	0	0
12	292	48	7	0
13	26	13	0	0
14	19	39	4	0.442122
Instant	100
1	655	25	1	0
2	25	13	0	0
3	601	34	3	0
4	489	13	0	0
11	27	17	0	0
12	270	45	7	0
13	26	13	0	0
14	20	38	5	0.507479
Instant	101
1	648	25	1	0
2	17	13	0	0
3	548	34	4	0.878099
4	470	13	0	0
11	28	18	1	0
12	291	45	6	0
13	24	13	0	0
14	19	42	6	0.442968
Instant	102
1	613	27	1	0
2	22	13	0	0
3	601	34	4	0.292969
4	501	13	0	0
11	27	18	1	0
12	266	54	10	1.28676
13	26	13	0	0
14	21	41	5	0.391236
Instant	103
1	634	27	1	0
2	28	13	0	0
3	578	35	3	0
4	537	13	0	0
11	27	17	0	0
12	266	49	7	0.844595
13	25	13	0	0
14	21	39	4	0.327988
Instant	104
1	620	27	1	0
2	16	13	0	0
3	561	35	5	0.307377
4	516	13	0	0
11	27	17	0	0
12	264	41	7	2.20588
13	25	13	0	0
14	21	39	5	0.354072
Instant	105
1	641	26	1	0
2	25	13	0	0
3	609	33	4	0.434363
4	504	13	0	0
11	27	17	0	0
12	253	42	4	2.20588
13	26	13	0	0
14	21	42	5	0.348837
Instant	106
1	648	26	1	0
2	15	13	0	0
3	566	33	3	0.617284
4	514	13	0	0
11	27	17	0	0
12	262	46	7	1.18243
13	24	13	0	0
14	21	39	5	0.266362
Instant	107
1	656	25	1	0
2	17	13	0	0
3	574	35	3	0
4	500	13	0	0
11	28	17	0	0
12	281	44	5	1.10294
13	25	13	0	0
14	20	43	6	0.312989
Instant	108
1	663	25	0	0
2	35	13	0	0
3	631	32	3	0
4	519	13	0	0
11	28	17	0	0
12	271	43	6	0
13	27	13	0	0
14	22	40	5	0.113122
Instant	109
1	641	26	1	0
2	8	13	0	0
3	618	33	4	0.290698
4	509	13	0	0
11	27	17	0	0
12	264	46	6	0.446429
13	26	13	0	0
14	20	40	5	0.344564
Instant	110
1	655	25	1	0
2	20	13	0	0
3	603	33	3	0
4	515	13	0	0
11	28	17	0	0
12	316	40	6	0
13	27	13	0	0
14	21	40	5	0.228659
Instant	111
1	649	26	1	0
2	38	13	0	0
3	639	32	4	0.139925
4	515	13	0	0
11	28	17	0	0
12	280	48	7	0.735294
13	27	13	0	0
14	21	39	5	0.30303
Instant	112
1	532	26	1	0.75594
2	14	13	0	0
3	555	36	4	0.411523
4	501	13	0	0
11	23	17	0	0
12	242	43	6	1.52027
13	25	13	0	0
14	20	40	5	0.351562
Instant	113
1	634	26	1	0
2	24	13	0	0
3	614	33	2	0
4	494	13	0	0
11	27	17	0	0
12	284	46	7	0.919118
13	26	13	0	0
14	20	40	5	0.316957
Instant	114
1	641	26	1	0
2	47	13	0	0
3	604	33	4	0.0478927
4	491	13	0	0
11	27	18	1	0
12	276	47	7	0
13	26	13	0	0
14	20	39	6	0.517516
Instant	115
1	601	26	2	0.291829
2	43	13	0	0
3	568	34	5	0.604839
4	502	13	0	0
11	26	18	0	0
12	255	50	7	1.35135
13	25	13	0	0
14	20	39	5	0.388802
Instant	116
1	629	26	1	0
2	28	13	0	0
3	608	33	4	0
4	491	13	0	0
11	27	17	0	0
12	286	44	7	1.28676
13	26	13	0	0
14	20	42	6	0.279107
Instant	117
1	655	25	1	0
2	36	13	0	0
3	602	33	3	0.435203
4	493	13	0	0
11	28	18	0	0
12	262	48	8	0.919118
13	26	13	0	0
14	20	41	5	0.316957
Instant	118
1	654	26	1	0
2	15	13	0	0
3	581	34	3	0.346535
4	517	13	0	0
11	28	17	0	0
12	268	38	3	0.506757
13	25	13	0	0
14	21	40	5	0.265152
Instant	119
1	643	27	1	0
2	14	13	0	0
3	575	35	4	0
4	485	13	0	0
11	27	16	0	0
12	286	45	6	0.551471
13	24	13	0	0
14	20	42	5	0.322061
