	T	D	J	LP
Instant	0
1	0	0	0	0
2	0	0	0	0
3	0	0	0	0
4	0	0	0	0
11	0	0	0	0
12	0	0	0	0
13	0	0	0	0
14	0	0	0	0
Instant	1
1	528	26	1	0
2	7	13	0	0
3	236	38	5	0
4	270	13	0	0
11	23	16	0	0
12	138	45	6	0
13	10	13	0	0
14	9	39	5	0.0232126
Instant	2
1	3666	40	2	2.49928
2	30	14	0	0
3	780	40	6	0.978261
4	1235	14	0	0
11	177	17	0	0
12	297	54	11	1.83824
13	35	13	0	0
14	52	44	4	0.348763
Instant	3
1	4044	33	2	1.43321
2	17	14	1	0
3	846	41	7	0.415512
4	1044	13	0	0
11	185	16	0	0
12	305	56	9	0.735294
13	37	13	0	0
14	44	41	4	0.243994
Instant	4
1	3785	32	2	0.0453858
2	16	13	0	0
3	787	38	6	0.36075
4	946	13	0	0
11	172	17	0	0
12	286	52	9	1.52027
13	35	13	0	0
14	39	43	4	0.399779
Instant	5
1	3306	29	2	0.0810227
2	29	13	0	0
3	740	42	7	0.829384
4	819	13	0	0
11	145	16	0	0
12	302	52	10	0.735294
13	32	13	0	0
14	34	43	5	0.430622
Instant	6
1	2477	27	2	0
2	14	14	1	0
3	760	36	6	0.455927
4	763	13	0	0
11	109	17	0	0
12	265	52	9	0.919118
13	33	13	0	0
14	31	42	4	0.34188
Instant	7
1	1461	25	2	0.26574
2	16	13	0	0
3	761	38	5	0.411677
4	671	13	0	0
11	64	18	0	0
12	248	52	10	2.19595
13	34	13	0	0
14	27	41	4	0.360624
Instant	8
1	992	26	2	0
2	38	14	0	0
3	703	35	5	0.12605
4	679	13	0	0
11	43	17	0	0
12	273	45	7	1.10294
13	30	13	0	0
14	28	42	5	0.364823
Instant	9
1	875	26	2	0.25974
2	35	13	0	0
3	625	37	4	0.426136
4	727	13	0	0
11	39	18	0	0
12	274	54	9	0
13	27	13	0	0
14	30	42	5	0.215054
Instant	10
1	834	27	1	0
2	7	13	0	0
3	602	36	4	0.142857
4	729	13	0	0
11	36	19	1	0
12	264	47	8	0
13	26	13	0	0
14	30	42	6	0.402361
Instant	11
1	835	27	1	0
2	14	13	0	0
3	658	33	3	0.178253
4	739	13	0	0
11	35	16	0	0
12	275	44	7	0.919118
13	28	13	0	0
14	30	40	5	0.415341
Instant	12
1	820	25	1	0.417246
2	44	13	0	0
3	613	36	4	0.28463
4	680	13	0	0
11	36	17	0	0
12	253	45	10	1.83824
13	27	13	0	0
14	29	41	6	0.201613
Instant	13
1	791	27	2	0.109649
2	13	13	0	0
3	647	36	5	0
4	601	13	0	0
11	35	17	0	0
12	255	46	7	1.6369
13	28	13	0	0
14	25	43	5	0.249566
Instant	14
1	652	28	2	0.71048
2	31	13	0	0
3	624	35	5	0.415129
4	603	13	0	0
11	28	18	1	0
12	301	50	8	0.735294
13	27	13	0	0
14	25	41	5	0.356218
Instant	15
1	670	27	1	0.340715
2	40	13	0	0
3	690	32	3	0.0422297
4	633	13	0	0
11	30	16	0	0
12	276	47	8	2.38971
13	30	13	0	0
14	26	42	5	0.154512
Instant	16
1	642	25	1	0.848214
2	14	13	0	0
3	673	36	4	0.557461
4	639	13	0	0
11	29	16	0	0
12	266	45	6	0
13	30	13	0	0
14	27	43	6	0.275398
Instant	17
1	612	29	2	0
2	31	13	0	0
3	661	33	4	0.132275
4	681	13	0	0
11	26	17	0	0
12	266	45	8	0.919118
13	29	13	0	0
14	28	42	5	0.316092
Instant	18
1	561	28	2	0.604839
2	32	13	0	0
3	581	37	6	0.729572
4	698	13	0	0
11	25	17	0	0
12	267	48	8	1.47059
13	26	13	0	0
14	28	40	5	0.307606
Instant	19
1	580	27	2	0.486381
2	19	13	0	0
3	602	36	4	0.0486381
4	684	13	0	0
11	26	17	0	0
12	270	49	8	0
13	26	13	0	0
14	28	41	4	0.429553
Instant	20
1	649	26	1	0.134409
2	52	13	0	0
3	686	34	4	0
4	599	13	0	0
11	28	17	0	0
12	272	48	5	1.10294
13	29	13	0	0
14	24	42	7	0.392157
Instant	21
1	562	28	2	0.309278
2	35	13	0	0
3	695	36	5	0.253807
4	646	13	0	0
11	24	17	0	0
12	277	50	8	0
13	30	13	0	0
14	27	40	5	0.211864
Instant	22
1	623	29	1	0.0961538
2	2	13	0	0
3	579	36	5	0.636008
4	629	13	0	0
11	26	17	0	0
12	247	46	8	2.19595
13	26	13	0	0
14	27	45	6	0.217933
Instant	23
1	624	26	1	0
2	28	13	0	0
3	652	34	4	0
4	650	13	0	0
11	27	17	0	0
12	280	44	7	0.735294
13	28	13	0	0
14	26	40	4	0.401123
Instant	24
1	597	27	1	0.637255
2	27	13	0	0
3	724	34	4	0.121951
4	671	13	0	0
11	26	17	0	0
12	256	51	7	1.47059
13	31	13	0	0
14	28	41	5	0.262544
Instant	25
1	535	28	2	0.692964
2	31	13	0	0
3	587	37	6	0.34585
4	575	13	0	0
11	24	18	1	0
12	269	46	6	0.297619
13	25	13	0	0
14	24	40	5	0.385488
Instant	26
1	611	28	1	0.0475285
2	39	13	0	0
3	589	34	3	0.392157
4	571	13	0	0
11	26	17	0	0
12	295	52	9	0.551471
13	26	13	0	0
14	23	43	6	0.308642
Instant	27
1	553	26	0	0.570539
2	51	13	0	0
3	608	34	4	0
4	593	13	0	0
11	24	18	1	0
12	287	54	9	1.47059
13	26	13	0	0
14	24	42	5	0.230263
Instant	28
1	499	28	2	0.959368
2	29	13	0	0
3	538	36	5	0.322581
4	510	13	0	0
11	22	17	0	0
12	244	51	9	2.95139
13	23	13	0	0
14	20	41	5	0.626278
Instant	29
1	545	31	2	0.478723
2	41	13	0	0
3	581	36	5	0.301811
4	539	13	0	0
11	24	17	0	0
12	286	47	9	1.28676
13	25	13	0	0
14	22	43	6	0.254731
Instant	30
1	519	29	2	1.03037
2	48	13	0	0
3	560	35	5	0.622407
4	516	13	0	0
11	23	17	0	0
12	269	50	8	0.919118
13	24	13	0	0
14	21	43	5	0.441251
Instant	31
1	644	26	1	0
2	42	13	0	0
3	592	33	3	0.194553
4	558	13	0	0
11	27	17	0	0
12	266	49	6	0.844595
13	26	13	0	0
14	23	41	5	0.175316
Instant	32
1	619	26	1	0.327715
2	20	13	0	0
3	553	31	4	0.779626
4	494	13	0	0
11	27	17	0	0
12	293	47	7	0.367647
13	24	13	0	0
14	19	40	6	0.658241
Instant	33
1	634	26	1	0
2	40	13	0	0
3	568	35	4	0.0511247
4	583	13	0	0
11	27	17	0	0
12	276	49	7	0
13	24	13	0	0
14	24	40	5	0.257271
Instant	34
1	588	28	2	0.295858
2	23	13	0	0
3	560	34	5	1.0479
4	559	13	0	0
11	25	17	0	0
12	269	50	9	0.168919
13	25	13	0	0
14	22	40	5	0.489511
Instant	35
1	607	25	1	0.280374
2	35	13	0	0
3	530	35	4	0.492341
4	542	13	0	0
11	27	18	0	0
12	280	44	7	0
13	23	13	0	0
14	22	42	6	0.444925
Instant	36
1	618	28	1	0.339806
2	30	13	0	0
3	576	34	2	0.301205
4	610	13	0	0
11	26	16	0	0
12	271	47	7	0.735294
13	25	13	0	0
14	25	37	5	0.331622
Instant	37
1	634	25	1	0.265957
2	21	13	0	0
3	606	32	4	0.533981
4	618	13	0	0
11	28	17	0	0
12	267	48	6	0.14881
13	26	13	0	0
14	25	42	5	0.348542
Instant	38
1	635	27	1	0
2	31	13	0	0
3	574	36	4	0
4	608	13	0	0
11	26	17	0	0
12	295	44	6	1.65441
13	25	13	0	0
14	24	40	5	0.52485
Instant	39
1	613	26	1	0.277778
2	31	13	0	0
3	585	36	4	0.1
4	560	13	0	0
11	27	17	0	0
12	268	44	8	1.83824
13	25	13	0	0
14	23	43	6	0.267691
Instant	40
1	561	28	1	0.310559
2	1	13	0	0
3	541	35	5	0.784519
4	535	13	0	0
11	24	18	0	0
12	261	50	7	1.85811
13	24	13	0	0
14	21	40	7	0.561249
Instant	41
1	621	27	1	0
2	17	13	0	0
3	553	34	3	0.516529
4	562	13	0	0
11	27	17	0	0
12	290	45	9	1.28676
13	24	13	0	0
14	23	41	5	0.324977
Instant	42
1	654	26	1	0
2	23	13	0	0
3	579	35	4	0.101215
4	567	13	0	0
11	27	17	0	0
12	272	45	7	0
13	25	13	0	0
14	24	42	6	0.183402
Instant	43
1	605	28	1	0
2	37	13	0	0
3	531	36	3	0.862069
4	583	13	0	0
11	26	17	0	0
12	263	43	7	0.675676
13	23	13	0	0
14	23	40	5	0.515233
Instant	44
1	627	28	1	0
2	44	13	0	0
3	599	33	3	0.292969
4	518	13	0	0
11	26	17	0	0
12	285	47	9	0.367647
13	26	13	0	0
14	21	44	6	0.362863
Instant	45
1	621	26	1	0.139405
2	16	13	0	0
3	594	35	4	0
4	546	13	0	0
11	27	17	0	0.280899
12	256	46	6	1.65441
13	26	13	0	0
14	23	42	5	0.107759
Instant	46
1	588	26	1	0.295858
2	1	13	0	0
3	579	35	4	0.204082
4	507	13	0	0
11	26	18	0	0
12	259	49	9	1.85811
13	25	13	0	0
14	20	46	6	0.308166
Instant	47
1	611	26	1	0.279851
2	37	13	0	0
3	610	34	4	0
4	522	13	0	0
11	27	17	0	0
12	288	42	6	0.183824
13	27	13	0	0
14	22	43	6	0.124938
Instant	48
1	641	25	1	0
2	29	13	0	0
3	545	36	3	0.476695
4	552	13	0	0
11	27	18	0	0
12	270	50	9	0.367647
13	24	13	0	0
14	23	40	5	0.200377
Instant	49
1	591	30	2	0.0502008
2	37	13	0	0
3	578	37	4	0.153061
4	522	13	0	0
11	25	18	1	0
12	232	50	9	2.38095
13	25	13	0	0
14	21	40	6	0.3998
Instant	50
1	626	27	1	0
2	50	13	0	0
3	563	37	5	0.0526316
4	542	13	0	0
11	27	17	0	0
12	305	47	6	1.47059
13	24	13	0	0
14	22	41	5	0.276575
Instant	51
1	657	25	1	0
2	9	13	0	0
3	564	35	3	0.352113
4	536	13	0	0
11	28	17	0	0
12	281	46	8	0.551471
13	25	13	0	0
14	22	40	5	0.438596
Instant	52
1	572	28	2	0.785855
2	18	13	0	0
3	573	37	5	0.0511247
4	532	13	0	0
11	26	17	0	0
12	263	50	8	0.520833
13	25	13	0	0
14	21	42	6	0.404412
Instant	53
1	563	27	1	0.617284
2	16	13	0	0
3	574	35	4	0.359343
4	544	13	0	0
11	24	17	0	0
12	291	46	7	0
13	24	13	0	0
14	22	40	5	0.431034
Instant	54
1	640	26	1	0.0924214
2	38	13	0	0
3	539	33	3	0.475687
4	527	13	0	0
11	27	17	0	0
12	247	45	10	2.57353
13	24	13	0	0
14	21	41	5	0.408012
Instant	55
1	649	26	1	0
2	22	13	0	0
3	605	33	4	0.440313
4	507	13	0	0
11	28	17	0	0
12	259	44	6	1.52027
13	26	13	0	0
14	21	43	6	0.321502
Instant	56
1	581	28	1	0.295276
2	43	13	0	0
3	559	34	5	0.200803
4	516	13	0	0
11	26	18	1	0
12	285	47	8	0.551471
13	25	13	0	0
14	20	41	5	0.379939
Instant	57
1	624	26	1	0.143678
2	25	13	0	0
3	571	35	4	0.55332
4	509	13	0	0
11	26	17	0	0
12	261	50	7	1.83824
13	25	13	0	0
14	20	42	6	0.498466
Instant	58
1	634	25	1	0.22482
2	21	13	0	0
3	580	35	4	0.3
4	524	13	0	0
11	28	18	1	0
12	275	46	7	0
13	25	13	0	0
14	21	40	5	0.520833
Instant	59
1	648	27	1	0
2	9	13	0	0
3	596	33	3	0.294118
4	558	13	0	0
11	27	16	0	0
12	291	46	7	0.551471
13	25	13	0	0
14	23	39	5	0.280899
Instant	60
1	620	28	1	0
2	25	13	0	0
3	578	34	3	0.396825
4	537	13	0	0
11	27	17	0	0
12	271	47	6	0.735294
13	25	13	0	0
14	22	43	6	0.109329
Instant	61
1	618	27	2	0
2	19	13	0	0
3	603	34	4	0.199203
4	549	13	0	0
11	27	18	0	0
12	250	51	10	2.08333
13	25	13	0	0
14	23	41	5	0.213675
Instant	62
1	602	27	1	0.339806
2	27	13	0	0
3	569	36	4	0.0510204
4	511	13	0	0
11	26	17	0	0
12	295	43	6	0.919118
13	24	13	0	0
14	21	41	5	0.39561
Instant	63
1	553	29	2	0.671488
2	29	13	0	0
3	544	36	5	0.37234
4	477	13	0	0
11	24	17	0	0
12	307	49	5	0
13	24	13	0	0
14	19	43	6	0.396175
Instant	64
1	608	27	1	0
2	13	13	0	0
3	561	36	4	0.152749
4	520	13	0	0
11	26	17	0	0
12	259	44	8	2.36486
13	25	13	0	0
14	21	40	5	0.387306
Instant	65
1	625	28	2	0
2	17	13	0	0
3	600	34	3	0
4	498	13	0	0
11	27	17	0	0
12	286	48	7	0.183824
13	26	13	0	0
14	20	39	5	0.679206
Instant	66
1	586	27	1	0.485437
2	11	13	0	0
3	590	35	4	0.253036
4	558	13	0	0
11	26	16	0	0
12	277	43	6	1.28676
13	24	13	0	0
14	23	41	5	0.3985
Instant	67
1	664	25	1	0
2	15	13	0	0
3	547	35	4	0.627615
4	554	13	0	0
11	28	17	0	0
12	261	44	7	0.506757
13	24	13	0	0
14	22	41	5	0.388418
Instant	68
1	653	26	1	0
2	53	13	0	0
3	558	34	3	0.307377
4	519	13	0	0
11	28	17	0	0
12	246	40	7	2.14844
13	24	13	0	0
14	21	41	5	0.476908
Instant	69
1	604	28	1	0
2	39	13	0	0
3	591	36	4	0
4	493	13	0	0
11	26	18	1	0
12	257	46	9	4.04412
13	25	13	0	0
14	20	44	6	0.475436
Instant	70
1	672	26	0	0
2	20	13	0	0
3	607	31	2	0.288462
4	608	13	0	0
11	28	16	0	0
12	277	43	5	0
13	26	13	0	0
14	25	38	5	0.225225
Instant	71
1	599	25	1	0.561798
2	40	13	0	0
3	564	36	4	0.204918
4	546	13	0	0
11	27	17	0	0
12	293	47	7	0
13	25	13	0	0
14	22	42	7	0.417263
Instant	72
1	606	28	1	0
2	19	13	0	0
3	547	39	5	0.730689
4	545	13	0	0
11	26	18	1	0
12	222	50	10	4.54545
13	24	13	0	0
14	22	42	5	0.310856
Instant	73
1	641	26	1	0
2	40	13	0	0
3	686	32	3	0.0847458
4	554	13	0	0
11	28	17	0	0
12	262	44	5	0.152439
13	30	13	0	0
14	23	41	5	0.141243
Instant	74
1	564	26	1	0.35497
2	38	13	0	0
3	674	34	4	0
4	554	13	0	0
11	25	17	0	0
12	292	39	5	1.28676
13	29	13	0	0
14	22	42	5	0.247875
Instant	75
1	585	27	1	0.35497
2	52	13	0	0
3	591	35	5	0.295276
4	522	13	0	0
11	25	16	0	0
12	281	51	9	1.32576
13	26	13	0	0
14	22	39	4	0.449102
Instant	76
1	636	27	1	0
2	25	13	0	0
3	586	37	4	0.0982318
4	519	13	0	0
11	27	18	0	0
12	267	46	8	0
13	25	13	0	0
14	21	42	5	0.226244
Instant	77
1	620	27	1	0
2	9	13	0	0
3	607	33	3	0.0967118
4	499	13	0	0
11	27	17	0	0
12	288	46	9	1.5625
13	26	13	0	0
14	19	43	5	0.666144
Instant	78
1	627	26	1	0
2	24	13	0	0
3	635	32	4	0.184502
4	518	13	0	0
11	27	17	0	0
12	263	46	6	0.585938
13	27	13	0	0
14	21	42	6	0.263952
Instant	79
1	596	29	2	0.347913
2	25	13	0	0
3	561	36	4	0.207469
4	503	13	0	0
11	26	18	0	0
12	255	53	8	2.19595
13	24	13	0	0
14	20	43	6	0.465839
Instant	80
1	598	27	2	0.287908
2	10	13	0	0
3	580	34	5	0.299401
4	519	13	0	0
11	26	18	0	0
12	257	48	9	3.0303
13	25	13	0	0
14	21	45	5	0.225904
Instant	81
1	630	27	2	0
2	24	13	0	0
3	582	37	5	0.247525
4	511	13	0	0
11	26	17	0	0
12	261	43	6	1.32576
13	25	13	0	0
14	21	41	5	0.331802
Instant	82
1	631	26	1	0
2	29	13	0	0
3	584	34	4	0.15213
4	505	13	0	0
11	28	18	1	0
12	263	46	8	0.535714
13	25	13	0	0
14	20	41	6	0.387597
Instant	83
1	628	27	1	0
2	39	13	0	0
3	613	33	4	0.0952381
4	498	13	0	0
11	27	17	0	0
12	278	42	7	0.94697
13	27	13	0	0
14	20	41	5	0.589623
Instant	84
1	642	26	2	0
2	33	13	0	0
3	617	34	4	0
4	525	13	0	0
11	27	18	1	0
12	228	41	9	4.16667
13	27	13	0	0
14	21	42	6	0.372024
Instant	85
1	559	25	1	0.609756
2	21	13	0	0
3	554	36	4	0.262605
4	523	13	0	0
11	25	17	0	0
12	267	48	9	0.961538
13	24	13	0	0
14	21	42	5	0.336323
Instant	86
1	582	27	1	0
2	13	13	0	0
3	614	33	4	0.0477099
4	509	13	0	0
11	25	17	1	0.302419
12	319	44	6	1.28676
13	26	13	0	0
14	21	45	5	0.320513
Instant	87
1	613	26	1	0.286807
2	25	13	0	0
3	614	34	3	0
4	507	13	0	0
11	26	17	0	0
12	270	48	6	0
13	26	13	0	0
14	21	42	6	0.231481
Instant	88
1	647	26	1	0
2	30	13	0	0
3	604	34	3	0.0480769
4	541	13	0	0
11	27	17	0	0
12	265	43	7	1.52027
13	26	13	0	0
14	22	39	5	0.180897
Instant	89
1	648	26	1	0
2	32	13	0	0
3	633	32	3	0
4	514	13	0	0
11	28	17	0	0
12	281	46	6	0
13	27	13	0	0
14	21	40	5	0.341945
Instant	90
1	586	27	1	0
2	45	13	0	0
3	533	35	4	0.811688
4	510	13	0	0
11	26	17	0	0
12	263	50	11	1.5625
13	23	13	0	0
14	21	41	5	0.32002
Instant	91
1	627	26	1	0.290135
2	35	13	0	0
3	579	33	4	0.149402
4	506	13	0	0
11	26	17	0	0
12	269	46	7	0
13	25	13	0	0
14	20	41	6	0.424383
Instant	92
1	647	26	1	0
2	27	13	0	0
3	575	35	4	0.408163
4	525	13	0	0
11	28	17	0	0
12	268	41	5	2.46212
13	25	13	0	0
14	21	39	5	0.411061
Instant	93
1	607	28	2	0
2	15	13	0	0
3	524	35	5	0.645161
4	511	13	0	0
11	26	18	0	0
12	261	48	8	0.757576
13	23	13	0	0
14	21	43	6	0.368957
Instant	94
1	601	28	1	0.342466
2	20	13	0	0
3	523	38	4	0.391499
4	488	13	0	0
11	26	17	0	0
12	224	54	8	3.71622
13	22	13	0	0
14	19	43	6	0.559105
Instant	95
1	635	26	1	0
2	25	13	0	0
3	617	34	4	0.094697
4	513	13	0	0
11	27	17	0	0
12	273	41	6	1.28676
13	27	13	0	0
14	20	40	6	0.43257
Instant	96
1	631	27	1	0
2	15	13	0	0
3	583	35	4	0.589391
4	491	13	0	0
11	27	17	0	0
12	266	50	9	0.183824
13	26	13	0	0
14	19	43	6	0.744285
Instant	97
1	596	28	2	0
2	36	13	0	0
3	559	38	5	0.0524109
4	510	13	0	0
11	26	17	0	0
12	251	43	7	1.52439
13	24	13	0	0
14	20	42	5	0.30722
Instant	98
1	601	26	1	0.633528
2	26	13	0	0
3	603	33	3	0.145631
4	546	13	0	0
11	26	17	0	0
12	309	44	7	1.10294
13	26	13	0	0
14	22	39	4	0.250716
Instant	99
1	591	29	2	0
2	15	13	0	0
3	593	36	4	0
4	486	13	0	0
11	26	17	0	0
12	279	52	9	0.735294
13	25	13	0	0
14	20	41	5	0.389785
Instant	100
1	634	27	1	0
2	8	13	0	0
3	575	34	5	0.306748
4	495	13	0	0
11	27	18	0	0
12	257	48	7	1.85811
13	25	13	0	0
14	20	43	6	0.434439
Instant	101
1	663	26	1	0
2	16	13	0	0
3	597	34	3	0.194175
4	481	13	0	0
11	27	17	0	0
12	298	47	7	0.183824
13	26	13	0	0
14	20	43	5	0.405844
Instant	102
1	603	26	1	0.325279
2	13	13	0	0
3	621	32	3	0
4	499	13	0	0
11	27	17	0	0
12	265	44	7	0
13	27	13	0	0
14	20	40	5	0.248171
Instant	103
1	619	27	1	0.0478927
2	14	13	0	0
3	608	34	4	0
4	472	13	0	0
11	26	17	0	0
12	248	44	6	2.87162
13	27	13	0	0
14	19	43	6	0.372517
Instant	104
1	639	26	1	0
2	7	13	0	0
3	534	37	5	0.700431
4	483	13	0	0
11	27	18	0	0
12	282	46	6	0.735294
13	23	13	0	0
14	19	42	6	0.511578
Instant	105
1	641	26	1	0
2	18	13	0	0
3	543	37	4	0.0535332
4	509	13	0	0
11	27	18	1	0
12	268	51	7	0.919118
13	24	13	0	0
14	20	39	4	0.424383
Instant	106
1	627	27	1	0
2	10	13	0	0
3	606	33	3	0.293542
4	511	13	0	0
11	27	17	0	0
12	274	42	6	0
13	26	13	0	0
14	20	37	5	0.573394
Instant	107
1	632	27	1	0
2	26	13	0	0
3	536	34	3	0.833333
4	498	13	0	0
11	27	17	0	0
12	286	40	6	0.551471
13	24	13	0	0
14	20	40	5	0.353774
Instant	108
1	591	28	2	0.297619
2	31	13	0	0
3	608	34	5	0.19084
4	479	13	0	0
11	25	17	0	0
12	271	53	8	0
13	27	13	0	0
14	19	43	6	0.408497
Instant	109
1	642	27	1	0
2	36	13	0	0
3	600	34	4	0.0496032
4	466	13	0	0
11	27	17	0	0
12	261	45	6	0.744048
13	25	13	0	0
14	19	41	6	0.544389
Instant	110
1	613	28	1	0
2	21	13	0	0
3	566	35	5	0.0502008
4	487	13	0	0
11	26	17	0	0
12	312	48	9	0
13	25	13	0	0
14	19	40	5	0.562701
Instant	111
1	625	25	1	0
2	18	13	0	0
3	567	33	4	0.977366
4	486	13	0	0
11	27	19	1	0
12	283	51	7	0.183824
13	24	13	0	0
14	19	43	6	0.308146
Instant	112
1	612	29	1	0
2	31	13	0	0
3	531	38	5	0.0538793
4	496	13	0	0
11	25	17	0	0
12	239	47	9	2.02703
13	23	13	0	0
14	20	41	5	0.35545
Instant	113
1	524	29	2	0.741525
2	37	13	0	0
3	566	37	5	0.209644
4	484	13	0	0
11	24	17	0	0
12	283	50	9	2.38971
13	24	13	0	0
14	19	40	5	0.444265
Instant	114
1	651	26	1	0
2	30	13	0	0
3	620	33	3	0
4	491	13	0	0
11	27	17	0	0
12	269	44	7	0.183824
13	27	13	0	0
14	20	41	4	0.464437
Instant	115
1	587	25	1	0.292969
2	32	13	0	0
3	543	33	4	0.787815
4	504	13	0	0
11	26	17	0	0
12	270	47	7	0
13	24	13	0	0
14	20	41	5	0.348837
Instant	116
1	634	25	0	0.274725
2	24	13	0	0
3	588	35	4	0.393701
4	516	13	0	0
11	27	17	0	0
12	303	47	6	0
13	26	13	0	0
14	21	41	5	0.266362
Instant	117
1	628	28	1	0
2	27	13	0	0
3	519	38	5	0.80819
4	479	13	0	0
11	27	16	0	0
12	269	49	8	0.183824
13	23	13	0	0
14	20	42	5	0.326264
Instant	118
1	625	28	1	0
2	37	13	0	0
3	559	35	3	0.534188
4	481	13	0	0
11	26	17	0	0
12	268	45	7	0.506757
13	24	13	0	0
14	19	40	5	0.460705
Instant	119
1	632	27	1	0
2	15	13	0	0
3	529	34	5	0.588865
4	486	13	0	0
11	27	17	0	0
12	280	43	6	1.47059
13	23	13	0	0
14	19	41	5	0.45552
