	T	D	J	LP
Instant	0
1	0	0	0	0
2	0	0	0	0
3	0	0	0	0
4	0	0	0	0
11	0	0	0	0
12	0	0	0	0
13	0	0	0	0
14	0	0	0	0
Instant	1
1	467	26	1	0
2	7	13	0	0
3	268	38	5	0
4	234	13	0	0
11	18	16	0	0
12	138	41	5	0
13	11	13	0	0
14	7	45	8	0.106838
Instant	2
1	1697	26	2	0
2	21	14	0	0
3	766	42	6	1.11773
4	1217	13	0	0
11	74	18	0	0.450139
12	314	49	7	1.47059
13	34	13	0	0
14	50	42	3	0.321957
Instant	3
1	1242	27	2	0.70555
2	32	14	0	0
3	784	40	6	0.292826
4	1179	13	0	0
11	54	18	0	0.505515
12	302	50	8	1.10294
13	35	13	0	0
14	50	42	3	0.320938
Instant	4
1	1165	27	2	0.224775
2	22	14	0	0
3	819	39	6	0.868056
4	911	13	0	0
11	52	17	0	0
12	277	44	6	0.844595
13	37	13	0	0
14	37	41	3	0.55126
Instant	5
1	926	25	1	0
2	36	13	0	0
3	795	37	5	0.471698
4	773	13	0	0
11	40	17	0	0
12	295	46	6	0.551471
13	35	13	0	0
14	32	42	5	0.269906
Instant	6
1	952	26	1	0
2	48	13	0	0
3	738	36	4	0.442122
4	745	13	0	0
11	41	17	0	0
12	260	45	8	2.02206
13	31	13	0	0
14	31	41	4	0.288866
Instant	7
1	1108	26	1	0
2	16	13	0	0
3	789	35	5	0
4	671	13	0	0
11	49	17	0	0
12	264	44	5	0.844595
13	35	13	0	0
14	28	42	5	0.3108
Instant	8
1	1140	24	1	0.129938
2	13	13	0	0
3	774	37	4	0.56391
4	629	13	0	0
11	49	17	0	0
12	283	45	5	0
13	34	13	0	0
14	27	41	5	0.166251
Instant	9
1	1122	26	2	0
2	43	13	0	0
3	652	40	5	0.62167
4	630	13	0	0
11	48	18	0	0
12	265	50	7	0.919118
13	29	13	0	0
14	26	41	5	0.299835
Instant	10
1	1056	26	1	0
2	17	13	0	0
3	778	34	5	0.0381679
4	559	13	0	0
11	47	18	0	0
12	253	45	7	1.01351
13	33	13	0	0
14	22	40	5	0.606909
Instant	11
1	1165	26	1	0.0257732
2	9	13	0	0
3	731	37	5	0.196541
4	513	13	0	0
11	49	17	0	0
12	272	46	7	1.10294
13	33	13	0	0
14	20	43	5	0.483461
Instant	12
1	987	24	1	0.55991
2	22	13	0	0
3	662	37	5	0.174216
4	464	13	0	0
11	45	17	0	0
12	268	45	6	0.183824
13	29	13	0	0
14	18	43	5	0.589226
Instant	13
1	1253	26	1	0
2	46	14	0	0
3	668	34	5	0.740418
4	524	13	0	0
11	54	16	0	0
12	270	48	8	0.297619
13	29	13	0	0
14	21	41	5	0.261584
Instant	14
1	1078	26	1	0.472222
2	26	13	0	0
3	628	34	5	0.0456204
4	532	13	0	0
11	46	17	0	0
12	309	47	6	0.551471
13	27	13	0	0
14	22	39	4	0.329912
Instant	15
1	745	26	2	0.91047
2	48	13	0	0
3	690	34	4	0.988468
4	527	13	0	0
11	34	17	0	0
12	289	47	6	0.551471
13	31	13	0	0
14	22	42	5	0.222883
Instant	16
1	757	27	1	0.0384025
2	37	13	0	0
3	620	38	6	0.373832
4	516	13	0	0
11	32	17	0	0
12	262	43	5	0.168919
13	27	13	0	0
14	20	40	5	0.568182
Instant	17
1	645	26	1	0.400356
2	39	13	0	0
3	580	37	6	0.787402
4	477	13	0	0
11	28	17	0	0.985663
12	271	42	7	0.367647
13	26	13	0	0
14	19	41	5	0.423497
Instant	18
1	699	28	1	0.0421585
2	32	13	0	0
3	731	35	3	0
4	474	13	0	0
11	30	17	0	0
12	268	46	6	1.65441
13	31	13	0	0
14	19	41	5	0.522552
Instant	19
1	709	26	1	0
2	28	13	0	0
3	664	35	5	0.264085
4	502	13	0	0
11	30	17	0	0
12	270	43	5	0
13	29	13	0	0
14	20	42	5	0.403016
Instant	20
1	641	26	1	0.357143
2	2	13	0	0
3	605	34	4	0.3861
4	510	13	0	0
11	28	17	0	0
12	287	42	6	0.183824
13	26	13	0	0
14	21	42	6	0.294419
Instant	21
1	698	26	1	0.126904
2	15	13	0	0
3	599	34	3	0.0484496
4	532	13	0	0
11	30	17	0	0
12	254	42	5	1.10294
13	26	13	0	0
14	22	41	5	0.281449
Instant	22
1	681	24	1	0
2	6	13	0	0
3	614	33	4	0.144231
4	511	13	0	0
11	29	17	0	0.344828
12	265	42	6	1.18243
13	26	13	0	0
14	21	40	5	0.357325
Instant	23
1	600	26	1	0.293542
2	31	13	0	0
3	552	36	5	0.610998
4	505	13	0	0
11	26	17	0	0
12	280	47	7	1.10294
13	24	13	0	0
14	20	40	5	0.412797
Instant	24
1	554	25	1	0.702811
2	25	13	0	0
3	635	37	5	0.364299
4	489	13	0	0
11	25	17	0	0
12	248	42	5	1.47059
13	27	13	0	0
14	20	41	6	0.360577
Instant	25
1	564	29	1	0.3125
2	29	13	0	0
3	554	38	5	0.771605
4	469	13	0	0
11	24	17	0	0
12	275	47	6	1.04167
13	25	13	0	0
14	19	44	6	0.277316
Instant	26
1	673	24	0	0.26178
2	25	13	0	0
3	580	34	3	0.201207
4	514	13	0	0
11	29	17	0	0
12	296	39	4	0
13	25	13	0	0
14	21	39	5	0.267584
Instant	27
1	608	27	1	0.289017
2	21	13	0	0
3	571	37	5	0.0514403
4	502	13	0	0
11	26	17	0	0
12	270	44	6	2.02206
13	24	13	0	0
14	21	41	4	0.233281
Instant	28
1	614	24	0	0.600739
2	14	13	0	0
3	541	35	4	0.685654
4	488	13	0	0
11	27	18	1	0
12	263	43	6	0
13	24	13	0	0
14	19	42	6	0.4
Instant	29
1	582	25	1	0.347913
2	56	13	0	0
3	547	39	5	0.160944
4	496	13	0	0
11	25	17	0	0
12	275	42	7	3.67647
13	23	13	0	0
14	20	38	5	0.407466
Instant	30
1	588	26	1	0.584795
2	24	13	0	0
3	526	37	5	0.75594
4	493	13	0	0
11	26	17	0	0
12	261	47	6	1.10294
13	23	13	0	0
14	20	42	5	0.31746
Instant	31
1	656	24	0	0
2	4	13	0	0
3	525	34	4	1.01496
4	514	13	0	0
11	28	17	0	0
12	273	42	6	0.168919
13	23	13	0	0
14	21	41	6	0.35515
Instant	32
1	662	25	1	0
2	25	13	0	0
3	608	32	3	0.0481696
4	499	13	0	0
11	28	17	0	0
12	270	37	5	1.83824
13	26	13	0	0
14	20	40	5	0.274295
Instant	33
1	613	25	0	0
2	17	13	0	0
3	548	38	4	0
4	539	13	0	0
11	26	18	1	0
12	264	46	8	1.65441
13	24	13	0	0
14	22	38	5	0.181686
Instant	34
1	565	25	1	0.931373
2	17	13	0	0
3	568	36	4	0.36157
4	514	13	0	0
11	26	17	0	0
12	270	44	4	0
13	24	13	0	0
14	21	40	5	0.304414
Instant	35
1	649	25	0	0.273723
2	24	13	0	0
3	587	35	4	0.785855
4	491	13	0	0
11	27	17	0	0
12	280	42	7	0.551471
13	25	13	0	0
14	20	41	6	0.277778
Instant	36
1	677	24	1	0
2	18	13	0	0
3	635	35	4	0.2693
4	524	13	0	0
11	29	17	0	0
12	273	43	5	0
13	28	13	0	0
14	21	41	5	0.224215
Instant	37
1	662	25	0	0
2	23	13	0	0
3	513	37	4	0.936123
4	517	13	0	0
11	28	17	0	0
12	251	41	5	1.19048
13	23	13	0	0
14	21	39	5	0.26475
Instant	38
1	601	26	1	0.283019
2	29	13	0	0
3	531	38	6	0.328228
4	488	13	0	0
11	27	18	1	0
12	291	49	7	2.20588
13	23	13	0	0
14	19	41	6	0.440705
Instant	39
1	622	28	2	0.0475285
2	21	13	0	0
3	579	35	4	0.200401
4	480	13	0	0
11	26	17	0	0
12	300	48	6	0.367647
13	25	13	0	0
14	19	41	5	0.448613
Instant	40
1	563	27	1	0.613497
2	32	13	0	0
3	515	37	4	1.04857
4	499	13	0	0
11	25	17	0	0
12	262	46	6	1.01351
13	23	13	0	0
14	20	44	6	0.30089
Instant	41
1	599	25	1	0.473485
2	41	13	0	0
3	557	36	5	0.157233
4	484	13	0	0
11	27	17	0	0
12	275	42	6	2.20588
13	24	13	0	0
14	20	43	6	0.242326
Instant	42
1	669	25	1	0
2	37	13	0	0
3	586	35	3	0.149402
4	496	13	0	0
11	28	17	0	0
12	271	42	6	0
13	25	13	0	0
14	20	40	5	0.434439
Instant	43
1	658	25	1	0
2	15	13	0	0
3	600	33	4	0.429389
4	494	13	0	0
11	29	17	0	0
12	262	40	5	0.675676
13	27	13	0	0
14	20	41	6	0.447604
Instant	44
1	668	25	0	0
2	41	13	0	0
3	561	33	4	0.366876
4	522	13	0	0
11	28	16	0	0
12	278	39	5	1.10294
13	24	13	0	0
14	22	40	5	0.15015
Instant	45
1	618	27	1	0.336538
2	11	13	0	0
3	593	35	4	0.0490196
4	509	13	0	0
11	26	17	0	0
12	279	45	5	0
13	26	13	0	0
14	21	40	5	0.346154
Instant	46
1	642	23	0	0.31362
2	34	13	0	0
3	606	33	4	0.290698
4	579	13	0	0
11	28	17	0	0
12	274	41	6	0
13	26	13	0	0
14	23	41	6	0.269906
Instant	47
1	624	26	1	0.139147
2	26	13	0	0
3	522	38	5	0.107759
4	640	13	0	0
11	27	17	0	0
12	287	41	6	0.551471
13	23	13	0	0
14	27	36	4	0.254686
Instant	48
1	628	26	1	0.138632
2	24	13	0	0
3	549	35	5	0.885417
4	557	13	0	0
11	27	17	0	0
12	268	43	6	0
13	24	13	0	0
14	23	41	5	0.351124
Instant	49
1	614	25	1	0.56926
2	24	13	0	0
3	559	34	3	0.364583
4	520	13	0	0
11	27	17	0	0
12	229	42	6	2.52976
13	24	13	0	0
14	21	39	5	0.337838
Instant	50
1	620	26	1	0.322284
2	32	13	0	0
3	580	34	3	0.350701
4	516	13	0	0
11	27	17	0	0
12	323	40	3	0
13	25	13	0	0
14	21	43	5	0.189681
Instant	51
1	705	23	0	0
2	27	13	0	0
3	606	33	3	0.0484496
4	544	13	0	0
11	30	16	0	0
12	284	41	5	0
13	26	13	0	0
14	23	38	5	0.287356
Instant	52
1	684	24	0	0
2	32	13	0	0
3	565	31	2	0.35497
4	547	13	0	0
11	30	16	0	0
12	268	42	5	0
13	25	13	0	0
14	22	39	4	0.166905
Instant	53
1	655	24	0	0.268817
2	12	13	0	0
3	531	35	3	0.545852
4	528	13	0	0
11	28	16	0	0
12	296	42	5	0
13	23	13	0	0
14	22	39	5	0.222552
Instant	54
1	662	25	1	0
2	12	13	0	0
3	555	33	3	0.617284
4	551	13	0	0
11	28	17	0	0.265957
12	271	41	5	0
13	24	13	0	0
14	23	37	4	0.177557
Instant	55
1	677	24	1	0
2	17	13	0	0
3	621	31	2	0.707547
4	507	13	0	0
11	29	17	0	0
12	273	41	6	0
13	27	13	0	0
14	21	40	5	0.270062
Instant	56
1	641	26	1	0
2	11	13	0	0
3	551	35	4	0.308008
4	499	13	0	0
11	28	17	0	0
12	288	42	5	0.919118
13	24	13	0	0
14	20	39	5	0.43036
Instant	57
1	647	25	0	0.0451264
2	25	13	0	0
3	562	36	5	0.313152
4	505	13	0	0
11	28	17	0	0
12	259	45	6	1.28676
13	24	13	0	0
14	21	40	5	0.310078
Instant	58
1	648	26	1	0
2	16	13	0	0
3	580	36	5	0
4	500	13	0	0
11	27	17	0	0
12	258	44	6	1.35135
13	25	13	0	0
14	20	39	5	0.43036
Instant	59
1	639	26	1	0
2	6	13	0	0
3	555	37	2	0
4	533	13	0	0
11	28	17	0	0
12	275	43	5	2.20588
13	24	13	0	0
14	22	39	4	0.256975
Instant	60
1	572	28	1	0.448207
2	21	13	0	0
3	531	38	5	0.597826
4	481	13	0	0
11	25	17	0	0
12	238	46	7	4.04412
13	23	13	0	0
14	20	42	5	0.243112
Instant	61
1	634	24	1	0.280899
2	12	13	0	0
3	617	33	4	0.0477099
4	506	13	0	0
11	27	17	0	0
12	264	41	5	1.19048
13	27	13	0	0
14	21	41	6	0.232198
Instant	62
1	655	24	0	0
2	25	13	0	0
3	545	36	5	0.630252
4	475	13	0	0
11	28	18	0	0
12	300	40	5	1.47059
13	24	13	0	0
14	19	44	5	0.411184
Instant	63
1	662	25	1	0
2	19	13	0	0
3	595	35	4	0.153061
4	502	13	0	0
11	28	18	0	0
12	265	43	5	3.30882
13	25	13	0	0
14	20	41	5	0.453603
Instant	64
1	641	26	1	0
2	47	13	0	0
3	578	35	3	0
4	514	13	0	0
11	28	17	0	0
12	273	41	5	0.168919
13	25	13	0	0
14	21	42	6	0.228311
Instant	65
1	662	26	1	0
2	35	13	0	0
3	572	34	3	0.300601
4	473	13	0	0
11	28	16	0	0
12	303	41	8	0
13	25	13	0	0
14	19	43	5	0.344353
Instant	66
1	653	26	1	0
2	19	13	0	0
3	608	34	3	0
4	487	13	0	0
11	28	17	0	0
12	251	46	9	2.02206
13	26	13	0	0
14	20	43	5	0.200642
Instant	67
1	662	24	0	0
2	39	13	0	0
3	607	33	3	0.288462
4	494	13	0	0
11	29	17	0	0
12	267	44	6	0
13	26	13	0	0
14	20	42	6	0.26455
Instant	68
1	648	26	1	0
2	16	13	0	0
3	613	32	3	0.191571
4	528	13	0	0
11	28	17	0	0
12	284	38	5	0.585938
13	26	13	0	0
14	22	39	5	0.221566
Instant	69
1	639	26	1	0
2	12	13	0	0
3	564	38	5	0.210084
4	515	13	0	0
11	27	17	0	0
12	271	47	6	0.735294
13	24	13	0	0
14	21	39	6	0.367834
Instant	70
1	669	25	0	0
2	7	13	0	0
3	606	33	2	0
4	520	13	0	0
11	29	17	0	0
12	277	42	5	0
13	26	13	0	0
14	22	39	5	0.15015
Instant	71
1	669	25	0	0
2	9	13	0	0
3	596	33	3	0.291829
4	510	13	0	0
11	28	16	0	0
12	293	38	4	0
13	26	13	0	0
14	21	41	5	0.191718
Instant	72
1	520	26	1	1.2234
2	35	13	0	0
3	485	37	4	0.581395
4	461	13	0	0
11	24	18	0	0
12	270	44	6	0.378788
13	21	13	0	0
14	19	45	6	0.338409
Instant	73
1	660	25	1	0
2	21	13	0	0
3	545	36	4	0.210084
4	473	13	0	0
11	28	17	0	0
12	256	40	5	0.457317
13	24	13	0	0
14	18	40	6	0.621891
Instant	74
1	664	25	0	0
2	22	13	0	0
3	612	34	4	0.337838
4	522	13	0	0
11	28	17	0	0
12	295	43	6	2.02206
13	26	13	0	0
14	22	40	6	0.262763
Instant	75
1	603	28	1	0.0478927
2	26	13	0	0
3	551	38	3	0.0526316
4	483	13	0	0
11	26	17	0	0
12	281	47	7	0
13	24	13	0	0
14	19	40	5	0.36349
Instant	76
1	669	25	0	0
2	40	13	0	0
3	606	34	4	0
4	503	13	0	0
11	28	16	0	0
12	273	44	7	0.694444
13	26	13	0	0
14	20	39	5	0.271739
Instant	77
1	641	26	1	0
2	36	13	0	0
3	586	35	3	0
4	495	13	0	0
11	28	18	1	0
12	295	45	8	0
13	25	13	0	0
14	20	40	6	0.448312
Instant	78
1	665	24	1	0
2	23	13	0	0
3	574	36	4	0.102459
4	533	13	0	0
11	28	17	0	0
12	266	44	8	0.976562
13	25	13	0	0
14	22	38	5	0.146843
Instant	79
1	681	23	1	0
2	33	13	0	0
3	598	35	2	0
4	502	13	0	0
11	30	17	0	0
12	272	47	6	0
13	25	13	0	0
14	20	39	5	0.389408
Instant	80
1	670	24	0	0
2	38	13	0	0
3	587	34	3	0.145914
4	518	13	0	0
11	28	17	0	0
12	271	39	6	1.32576
13	26	13	0	0
14	21	40	6	0.277358
Instant	81
1	662	25	0	0
2	2	13	0	0
3	601	33	3	0.145631
4	535	13	0	0
11	29	17	0	0
12	251	43	6	2.08333
13	26	13	0	0
14	22	37	4	0.182749
Instant	82
1	662	25	1	0
2	24	13	0	0
3	607	35	4	0.197239
4	502	13	0	0
11	28	17	0	0
12	248	44	6	1.78571
13	25	13	0	0
14	21	41	6	0.311526
Instant	83
1	669	24	1	0
2	22	13	0	0
3	603	33	3	0.0477099
4	524	13	0	0
11	29	18	1	0
12	292	42	5	0
13	26	13	0	0
14	21	39	5	0.224215
Instant	84
1	670	25	1	0
2	40	13	0	0
3	605	35	5	0.0480769
4	533	13	0	0
11	28	17	0	0
12	263	43	5	0.568182
13	26	13	0	0
14	22	39	5	0.146843
Instant	85
1	647	25	1	0.0452899
2	19	13	0	0
3	574	33	3	0.402415
4	484	13	0	0
11	28	17	0	0
12	255	48	7	1.76282
13	25	13	0	0
14	19	42	5	0.202265
Instant	86
1	633	28	1	0
2	14	13	0	0
3	564	38	4	0.0519751
4	516	13	0	0
11	27	17	0	0
12	319	44	6	0.183824
13	24	13	0	0
14	22	40	5	0.189394
Instant	87
1	627	25	1	0.276753
2	0	13	0	0
3	590	35	3	0.0506073
4	488	13	0	0
11	27	17	0	0
12	284	46	5	0.551471
13	25	13	0	0
14	20	42	6	0.307158
Instant	88
1	636	26	1	0.046729
2	7	13	0	0
3	518	36	5	0.556793
4	491	13	0	0
11	27	17	0	0
12	271	46	6	0
13	23	13	0	0
14	20	41	5	0.318979
Instant	89
1	634	26	1	0
2	29	13	0	0
3	558	35	5	0.354251
4	488	13	0	0
11	28	17	0	0
12	282	39	5	0.735294
13	25	13	0	0
14	19	40	5	0.520833
Instant	90
1	662	26	1	0
2	24	13	0	0
3	634	33	3	0.0473485
4	527	13	0	0
11	28	17	1	0
12	265	41	6	0.195312
13	27	13	0	0
14	22	41	5	0.26003
Instant	91
1	639	25	1	0
2	15	13	0	0
3	515	35	5	0.564334
4	522	13	0	0
11	28	18	0	0
12	267	44	7	0.168919
13	22	13	0	0
14	21	38	5	0.374251
Instant	92
1	669	24	1	0
2	14	13	0	0
3	525	36	4	0.628931
4	500	13	0	0
11	28	18	0	0
12	274	45	7	2.08333
13	24	13	0	0
14	21	41	5	0.339071
Instant	93
1	634	26	0	0
2	28	13	0	0
3	583	34	4	0.35
4	536	13	0	0
11	28	17	0	0
12	251	43	6	1.70455
13	25	13	0	0
14	22	40	5	0.255474
Instant	94
1	655	25	1	0
2	40	13	0	0
3	577	34	3	0.306122
4	549	13	0	0
11	28	17	0	0
12	264	44	5	0
13	25	13	0	0
14	23	40	6	0.178317
Instant	95
1	683	24	1	0
2	34	13	0	0
3	607	32	3	0.0477099
4	598	13	0	0
11	29	17	0	0
12	277	41	6	0.919118
13	27	13	0	0
14	25	41	6	0.163613
Instant	96
1	683	24	0	0
2	36	13	0	0
3	631	32	2	0.0464684
4	560	13	0	0
11	29	16	0	0
12	268	40	4	0
13	27	13	0	0
14	23	38	5	0.291375
Instant	97
1	662	25	1	0
2	46	13	0	0
3	552	34	3	0.614754
4	537	13	0	0
11	28	17	0	0
12	269	38	5	0
13	24	13	0	0
14	22	41	5	0.291121
Instant	98
1	648	25	0	0
2	53	13	0	0
3	578	35	3	0.305499
4	511	13	0	0
11	28	17	0	0
12	308	39	5	0.551471
13	25	13	0	0
14	22	40	6	0.268405
Instant	99
1	671	24	1	0
2	35	13	0	0
3	561	33	3	0.808081
4	541	13	0	0
11	29	17	0	0
12	294	47	7	0
13	25	13	0	0
14	22	39	5	0.144509
Instant	100
1	640	26	1	0
2	25	13	0	0
3	552	35	4	0.3125
4	533	13	0	0
11	27	18	1	0
12	259	44	6	0.337838
13	24	13	0	0
14	22	38	5	0.256975
Instant	101
1	649	25	0	0
2	24	13	0	0
3	604	34	4	0.0488281
4	499	13	0	0
11	28	18	0	0
12	292	41	5	1.65441
13	26	13	0	0
14	20	41	5	0.405547
Instant	102
1	691	23	0	0
2	25	13	0	0
3	594	32	3	0.573614
4	530	13	0	0
11	29	17	0	0
12	271	40	5	0
13	26	13	0	0
14	22	38	4	0.184366
Instant	103
1	674	25	1	0
2	36	13	0	0
3	623	32	3	0
4	515	13	0	0
11	28	17	0	0
12	273	42	6	0
13	26	13	0	0
14	21	39	5	0.342466
Instant	104
1	665	25	0	0
2	44	13	0	0
3	585	34	3	0
4	523	13	0	0
11	29	16	0	0
12	288	37	5	0.735294
13	25	13	0	0
14	22	39	5	0.223547
Instant	105
1	674	24	1	0
2	24	13	0	0
3	597	33	3	0.291829
4	526	13	0	0
11	29	17	0	0
12	270	46	6	0
13	26	13	0	0
14	21	39	5	0.285218
Instant	106
1	625	25	1	0.27881
2	23	13	0	0
3	618	34	4	0
4	485	13	0	0
11	27	18	0	0
12	233	40	7	1.85811
13	26	13	0	0
14	20	42	6	0.349462
Instant	107
1	655	25	0	0
2	37	13	0	0
3	563	37	3	0
4	515	13	0	0
11	28	17	0	0
12	292	42	6	1.65441
13	24	13	0	0
14	21	40	5	0.354072
Instant	108
1	669	25	1	0
2	25	13	0	0
3	613	33	3	0
4	485	13	0	0
11	29	17	0	0
12	250	39	5	1.83824
13	26	13	0	0
14	20	40	6	0.483871
Instant	109
1	662	24	0	0
2	21	13	0	0
3	625	32	2	0
4	501	13	0	0
11	29	17	0	0
12	269	45	6	0
13	27	13	0	0
14	20	40	5	0.389408
Instant	110
1	614	25	1	0.286807
2	22	13	0	0
3	548	37	5	0.313808
4	494	13	0	0
11	26	17	0	0
12	298	43	6	1.75781
13	24	13	0	0
14	19	39	5	0.39557
Instant	111
1	684	24	1	0
2	45	13	0	0
3	607	33	2	0
4	503	13	0	0
11	29	16	0	0
12	274	45	6	1.10294
13	26	13	0	0
14	21	41	5	0.233281
Instant	112
1	669	24	1	0
2	7	13	0	0
3	612	33	3	0.0478927
4	500	13	0	0
11	28	17	0	0
12	261	44	6	0.506757
13	26	13	0	0
14	20	40	5	0.352113
Instant	113
1	669	25	1	0
2	16	13	0	0
3	594	33	3	0.289575
4	523	13	0	0
11	28	16	0	0
12	292	47	8	0
13	26	13	0	0
14	22	40	4	0.149477
Instant	114
1	670	24	0	0
2	27	13	0	0
3	608	32	3	0
4	501	13	0	0
11	29	16	0	0
12	271	40	6	0
13	26	13	0	0
14	21	40	6	0.260417
Instant	115
1	662	25	1	0
2	4	13	0	0
3	585	34	3	0.294118
4	508	13	0	0
11	28	17	0	0
12	261	40	7	0.844595
13	26	13	0	0
14	20	41	5	0.345622
Instant	116
1	640	25	1	0.0462963
2	31	13	0	0
3	571	35	4	0.304878
4	513	13	0	0
11	27	18	0	0
12	294	45	6	0.551471
13	25	13	0	0
14	21	40	5	0.267584
Instant	117
1	587	25	2	0.292969
2	31	13	0	0
3	602	35	4	0.195312
4	497	13	0	0
11	26	18	0	0
12	263	45	6	0.735294
13	26	13	0	0
14	20	42	6	0.235849
Instant	118
1	604	26	1	0.285171
2	24	13	0	0
3	487	39	5	1.01432
4	519	13	0	0
11	26	17	1	0
12	274	40	5	0.506757
13	21	13	0	0
14	21	39	5	0.263952
Instant	119
1	642	26	1	0
2	28	13	0	0
3	607	33	4	0
4	493	13	0	0
11	28	17	0	0
12	281	42	4	0.735294
13	27	13	0	0
14	21	42	5	0.238095
