	T	D	J	LP
Instant	0
1	0	0	0	0
2	0	0	0	0
3	0	0	0	0
4	0	0	0	0
11	0	0	0	0
12	0	0	0	0
13	0	0	0	0
14	0	0	0	0
Instant	1
1	556	27	1	0
2	15	13	0	0
3	264	31	4	0.821168
4	235	13	0	0
11	23	16	0	0
12	138	41	6	0
13	11	13	0	0
14	8	44	9	0.0793651
Instant	2
1	4348	28	2	0.234647
2	25	14	1	0
3	689	42	7	1.46341
4	1106	13	0	0
11	193	17	0	0
12	297	55	9	1.65441
13	32	13	0	0
14	45	46	3	0.60241
Instant	3
1	3793	26	2	0.0558392
2	43	14	1	0
3	659	35	4	0.473322
4	921	13	0	0
11	163	16	0	0
12	266	54	9	4.04412
13	29	13	0	0
14	36	43	3	0.799377
Instant	4
1	2785	30	3	0.376629
2	23	13	0	0
3	667	36	5	1.23299
4	677	13	0	0
11	129	16	0	0
12	271	55	11	3.20946
13	30	13	0	0
14	27	47	6	0.569059
Instant	5
1	2122	26	1	0
2	17	13	0	0
3	581	34	4	0.936884
4	542	13	0	0
11	91	17	0	0
12	295	45	8	0.551471
13	25	13	0	0
14	22	45	6	0.504323
Instant	6
1	1390	27	2	0.26904
2	32	13	0	0
3	551	34	5	1.06061
4	553	13	0	0
11	64	17	0	0
12	260	56	10	1.47059
13	25	13	0	0
14	22	44	7	0.436733
Instant	7
1	902	26	1	0.0979112
2	31	13	0	0
3	568	34	4	0.9
4	551	13	0	0
11	39	18	0	0
12	264	48	7	1.18243
13	25	13	0	0
14	22	45	5	0.390625
Instant	8
1	725	25	1	0.317965
2	38	13	0	0
3	567	33	3	1.09344
4	591	13	0	0
11	32	17	0	0
12	274	50	8	0.919118
13	25	13	0	0
14	23	43	5	0.519452
Instant	9
1	775	25	1	0
2	26	13	0	0
3	593	33	2	0.0497018
4	638	13	0	0
11	34	17	0	0
12	268	45	9	0.551471
13	25	13	0	0
14	26	45	6	0.418197
Instant	10
1	782	25	0	0
2	20	13	0	0
3	670	29	2	0.176991
4	671	13	0	0
11	34	16	0	0
12	264	44	7	0
13	28	13	0	0
14	27	41	5	0.398678
Instant	11
1	767	26	1	0
2	23	13	0	0
3	579	33	3	0.390625
4	567	13	0	0
11	33	16	0	0
12	272	48	8	0.735294
13	26	13	0	0
14	22	43	5	0.686813
Instant	12
1	727	25	1	0.319489
2	21	13	0	0
3	567	36	6	0.306122
4	536	13	0	0
11	32	17	0	0
12	258	52	9	2.02206
13	25	13	0	0
14	21	45	5	0.755361
Instant	13
1	577	25	2	1.34357
2	27	13	0	0
3	601	34	3	0.193798
4	537	13	0	0
11	26	17	0	0
12	256	54	8	1.4881
13	26	13	0	0
14	21	44	6	0.705596
Instant	14
1	611	28	2	0.145349
2	22	13	0	0
3	631	32	3	0.0464684
4	503	13	0	0
11	26	19	1	0
12	327	49	7	0.551471
13	27	13	0	0
14	20	45	6	0.50702
Instant	15
1	595	29	2	0
2	15	13	0	0
3	567	35	3	0.306122
4	436	13	0	0
11	26	17	0	0
12	269	52	6	0.919118
13	25	13	0	0
14	17	48	8	0.46131
Instant	16
1	620	26	2	0.277264
2	19	13	0	0
3	536	37	4	0.318471
4	465	13	0	0
11	27	17	1	0.466418
12	266	54	10	0
13	24	13	0	0
14	18	46	6	0.729517
Instant	17
1	786	25	1	0.663717
2	20	13	0	0
3	518	34	3	1.53509
4	439	13	0	0
11	34	17	0	0
12	264	47	8	1.47059
13	23	13	0	0
14	17	46	7	0.504152
Instant	18
1	638	26	1	0.533808
2	34	13	0	0
3	580	35	4	0.24558
4	438	13	0	0
11	29	17	0	0
12	254	48	7	2.20588
13	25	13	0	0
14	17	45	7	0.534759
Instant	19
1	639	26	1	0.626118
2	29	13	0	0
3	653	33	3	0.491071
4	450	13	0	0
11	28	17	0	0
12	270	41	8	0
13	28	13	0	0
14	17	45	6	0.609756
Instant	20
1	677	24	1	0
2	22	13	0	0
3	647	31	3	0.0452899
4	480	13	0	0
11	29	17	0	0
12	289	47	6	0
13	28	13	0	0
14	20	43	7	0.204248
Instant	21
1	661	24	1	0
2	4	13	0	0
3	627	32	2	0
4	484	13	0	0
11	28	17	1	0
12	265	47	7	0.735294
13	27	13	0	0
14	19	42	6	0.524194
Instant	22
1	657	25	1	0
2	20	13	0	0
3	575	34	3	0.450902
4	418	13	0	0
11	28	17	0	0
12	252	47	8	1.68919
13	25	13	0	0
14	16	48	8	0.749064
Instant	23
1	619	26	1	0
2	18	13	0	0
3	513	34	3	0.848416
4	413	13	0	0
11	27	17	0	0.284091
12	258	48	9	3.49265
13	22	13	0	0
14	15	47	7	0.850662
Instant	24
1	621	26	1	0.283554
2	7	13	0	0
3	531	34	3	0.847458
4	473	13	0	0
11	26	17	0	0
12	252	48	7	1.28676
13	23	13	0	0
14	19	44	6	0.373134
Instant	25
1	596	26	1	0.343811
2	24	13	0	0
3	598	33	3	0.0489237
4	470	13	0	0
11	26	18	1	0
12	270	45	6	1.33929
13	26	13	0	0
14	19	43	6	0.290698
Instant	26
1	598	26	1	0.289017
2	22	13	0	0
3	585	37	4	0.050813
4	441	13	0	0
11	26	18	0	0
12	293	51	9	0.183824
13	25	13	0	0
14	18	46	7	0.35461
Instant	27
1	438	28	1	1.60494
2	23	13	0	0
3	531	37	5	0.474684
4	441	13	0	0
11	21	18	0	0
12	230	49	8	4.22794
13	24	13	0	0
14	18	45	6	0.501475
Instant	28
1	661	25	1	0
2	25	13	0	0
3	575	34	3	0.306122
4	466	13	0	0
11	28	18	1	0
12	258	45	8	3.99306
13	24	13	0	0
14	18	43	6	0.715488
Instant	29
1	600	28	2	0.239464
2	18	13	0	0
3	565	35	4	0.301205
4	486	13	0	0
11	26	17	0	0
12	268	43	8	3.67647
13	25	13	0	0
14	19	43	5	0.482315
Instant	30
1	677	24	0	0
2	22	13	0	0
3	615	33	3	0.289575
4	498	13	0	0
11	29	17	0	0
12	260	44	7	1.28676
13	26	13	0	0
14	20	45	6	0.366876
Instant	31
1	676	25	1	0
2	39	13	0	0
3	592	34	3	0.194553
4	477	13	0	0
11	29	16	0	0
12	246	46	7	2.36486
13	26	13	0	0
14	19	44	6	0.587432
Instant	32
1	683	23	0	0
2	32	13	0	0
3	635	31	2	0.0464684
4	513	13	0	0
11	30	17	0	0
12	292	40	6	0.183824
13	27	13	0	0
14	20	42	6	0.317581
Instant	33
1	638	25	1	0.273224
2	20	13	0	0
3	618	33	3	0.095057
4	462	13	0	0
11	28	17	1	0
12	260	45	6	1.83824
13	26	13	0	0
14	19	43	7	0.564016
Instant	34
1	586	26	1	0.298211
2	38	13	0	0
3	568	32	3	0.790514
4	447	13	0	0
11	25	17	0	0.297619
12	239	48	9	3.04054
13	25	13	0	0
14	18	46	7	0.450844
Instant	35
1	658	25	1	0
2	32	13	0	0
3	567	33	3	0.307377
4	481	13	0	0
11	28	17	0	0
12	242	46	8	3.67647
13	25	13	0	0
14	19	42	6	0.365854
Instant	36
1	608	26	1	0.283019
2	20	13	0	0
3	535	35	4	0.815217
4	470	13	0	0
11	26	18	1	0
12	274	45	7	0.367647
13	23	13	0	0
14	19	43	6	0.594251
Instant	37
1	607	25	1	0.627413
2	30	13	0	0
3	579	32	3	0.399202
4	481	13	0	0
11	26	17	0	0
12	268	48	9	0
13	25	13	0	0
14	19	44	6	0.21751
Instant	38
1	594	27	1	0.289575
2	33	13	0	0
3	589	34	4	0.0980392
4	435	13	0	0
11	26	17	0	0
12	265	49	8	4.59559
13	26	13	0	0
14	17	45	6	0.658288
Instant	39
1	574	26	1	0.65
2	18	13	0	0
3	575	34	3	0.45
4	461	13	0	0
11	25	16	0	0
12	280	51	10	1.83824
13	25	13	0	0
14	19	45	6	0.367232
Instant	40
1	584	28	2	0.341131
2	35	13	0	0
3	594	33	3	0.296443
4	454	13	0	0
11	26	17	0	0
12	246	49	10	2.53378
13	25	13	0	0
14	18	42	6	0.561313
Instant	41
1	578	26	1	0.351406
2	15	13	0	0
3	520	38	5	0.809935
4	423	13	0	0
11	25	17	0	0
12	289	48	7	1.28676
13	23	13	0	0
14	16	48	7	0.693161
Instant	42
1	661	25	1	0.0443262
2	23	13	0	0
3	545	34	4	0.741525
4	460	13	0	0
11	28	17	0	0
12	265	51	9	1.10294
13	24	13	0	0
14	18	42	6	0.466893
Instant	43
1	641	24	0	0.277778
2	34	13	0	0
3	612	31	2	0
4	476	13	0	0
11	27	18	1	0
12	251	51	7	1.52027
13	27	13	0	0
14	19	44	7	0.329489
Instant	44
1	565	26	1	0
2	13	13	0	0
3	585	35	3	0.351406
4	466	13	0	0
11	24	18	1	0.726141
12	269	52	10	2.57353
13	25	13	0	0
14	19	45	6	0.515608
Instant	45
1	615	26	1	0.284091
2	13	13	0	0
3	605	34	4	0.146484
4	468	13	0	0
11	27	18	0	0
12	265	48	9	0.919118
13	26	13	0	0
14	18	43	5	0.710702
Instant	46
1	667	24	1	0
2	26	13	0	0
3	567	35	3	0.298805
4	486	13	0	0
11	29	17	1	0
12	265	46	8	0.844595
13	25	13	0	0
14	19	42	6	0.362903
Instant	47
1	603	26	2	0.285171
2	18	13	0	0
3	513	34	5	0.671141
4	419	13	0	0
11	27	18	1	0
12	271	49	9	1.83824
13	22	13	0	0
14	16	47	7	0.497512
Instant	48
1	599	27	1	0.581395
2	4	13	0	0
3	525	40	7	0.388889
4	429	13	0	0
11	26	17	0	0
12	272	52	8	0.183824
13	22	13	0	0
14	16	44	6	0.86521
Instant	49
1	588	27	2	0.625
2	22	13	0	0
3	589	34	5	0.49505
4	444	13	0	0
11	26	17	0	0
12	252	47	8	0.744048
13	25	13	0	0
14	18	45	7	0.602587
Instant	50
1	612	25	1	0.291262
2	25	13	0	0
3	558	35	4	0.307377
4	442	13	0	0
11	26	17	0	0
12	293	46	8	0.919118
13	24	13	0	0
14	17	45	7	0.529101
Instant	51
1	676	24	0	0
2	19	13	0	0
3	621	33	3	0.0954198
4	448	13	0	0
11	30	17	0	0
12	287	49	6	2.02206
13	27	13	0	0
14	17	45	7	0.4363
Instant	52
1	592	26	1	0.628627
2	19	13	0	0
3	517	36	4	0.433839
4	421	13	0	0
11	26	17	0	0
12	241	53	8	0.694444
13	23	13	0	0
14	17	46	7	0.599631
Instant	53
1	614	25	1	0.283554
2	22	13	0	0
3	601	33	3	0.337838
4	451	13	0	0
11	27	18	1	0
12	255	47	9	5.88235
13	26	13	0	0
14	17	41	6	0.608696
Instant	54
1	669	25	0	0
2	30	13	0	0
3	585	37	3	0
4	446	13	0	0
11	28	17	0	0
12	248	47	8	1.83824
13	24	13	0	0
14	18	44	6	0.525394
Instant	55
1	626	26	1	0.0468165
2	20	13	0	0
3	609	34	4	0.0486381
4	446	13	0	0
11	27	17	0	0
12	264	50	11	1.35135
13	26	13	0	0
14	17	42	6	0.745614
Instant	56
1	663	24	0	0
2	24	13	0	0
3	555	32	3	0.596421
4	457	13	0	0
11	28	17	0	0
12	276	42	7	0.919118
13	25	13	0	0
14	18	42	6	0.682594
Instant	57
1	599	29	1	0
2	13	13	0	0
3	575	35	5	1.35397
4	441	13	0	0
11	25	18	1	0
12	248	50	7	2.38971
13	26	13	0	0
14	16	44	6	0.766962
Instant	58
1	605	27	1	0.280899
2	25	13	0	0
3	547	36	5	1.18802
4	420	13	0	0
11	27	17	0	0
12	241	44	9	2.19595
13	24	13	0	0
14	16	45	7	0.775916
Instant	59
1	655	25	1	0.0462963
2	47	13	0	0
3	618	33	3	0
4	484	13	0	0
11	27	17	0	0
12	291	48	8	2.57353
13	27	13	0	0
14	19	43	6	0.324149
Instant	60
1	578	25	1	0.581395
2	45	13	0	0
3	539	33	4	1.03261
4	448	13	0	0
11	26	18	1	0
12	255	46	8	2.57353
13	23	13	0	0
14	18	45	7	0.521739
Instant	61
1	669	24	0	0
2	23	13	0	0
3	613	33	4	0.138122
4	466	13	0	0
11	28	17	0	0
12	245	45	7	2.38095
13	27	13	0	0
14	19	44	6	0.517338
Instant	62
1	674	24	0	0
2	19	13	0	0
3	532	35	2	0.645161
4	478	13	0	0
11	29	17	0	0
12	311	47	9	0.735294
13	23	13	0	0
14	19	45	7	0.272777
Instant	63
1	679	24	1	0
2	19	13	0	0
3	602	33	3	0.292398
4	457	13	0	0
11	29	17	0	0
12	283	50	7	1.83824
13	26	13	0	0
14	18	43	6	0.656393
Instant	64
1	663	24	0	0
2	22	13	0	0
3	552	32	3	0.792812
4	469	13	0	0
11	29	17	0	0
12	258	42	7	1.52027
13	24	13	0	0
14	19	42	7	0.375
Instant	65
1	653	25	1	0
2	23	13	0	0
3	612	33	2	0
4	474	13	0	0
11	27	17	0	0
12	279	47	7	1.28676
13	26	13	0	0
14	18	42	6	0.536304
Instant	66
1	650	24	0	0.268336
2	17	13	0	0
3	593	33	4	0.335249
4	437	13	0	0
11	28	18	1	0
12	268	49	9	1.83824
13	26	13	0	0
14	17	46	7	0.654762
Instant	67
1	671	25	1	0
2	6	13	0	0
3	552	33	3	0.675676
4	465	13	0	0
11	28	17	0	0
12	267	45	7	0
13	24	13	0	0
14	18	43	6	0.420168
Instant	68
1	579	27	1	0.300601
2	24	13	0	0
3	534	36	4	0.845666
4	433	13	0	0
11	25	18	1	0
12	246	47	11	4.6875
13	24	13	0	0
14	17	43	6	0.872443
Instant	69
1	669	25	0	0
2	24	13	0	0
3	629	32	3	0.0479846
4	478	13	0	0
11	28	16	0	0
12	255	41	7	2.20588
13	26	13	0	0
14	19	41	6	0.45082
Instant	70
1	669	25	1	0
2	31	13	0	0
3	600	32	3	0.424528
4	463	13	0	0
11	29	16	0	0
12	273	43	6	0.337838
13	27	13	0	0
14	19	45	7	0.210793
Instant	71
1	655	25	1	0
2	28	13	0	0
3	566	34	3	0.656566
4	468	13	0	0
11	28	17	0	0
12	267	42	7	1.83824
13	25	13	0	0
14	18	42	6	0.460636
Instant	72
1	627	27	1	0
2	3	13	0	0
3	556	34	4	0.416667
4	439	13	0	0
11	27	17	0	0
12	252	53	9	1.51515
13	24	13	0	0
14	17	44	6	0.757576
Instant	73
1	655	26	1	0
2	24	13	0	0
3	578	31	3	0.545635
4	480	13	0	0
11	28	17	0	0
12	224	44	9	3.96341
13	25	13	0	0
14	19	44	6	0.326797
Instant	74
1	677	24	0	0
2	25	13	0	0
3	574	30	2	0.735294
4	457	13	0	0
11	29	17	0	0
12	313	47	8	0
13	26	13	0	0
14	18	43	6	0.383959
Instant	75
1	620	27	1	0
2	19	13	0	0
3	720	34	3	0.0411862
4	469	13	0	0
11	27	17	0	0
12	272	47	8	1.51515
13	30	13	0	0
14	19	43	6	0.40345
Instant	76
1	684	24	1	0
2	45	13	0	0
3	842	33	3	0.206327
4	437	13	0	0
11	29	17	0	0
12	262	46	8	1.04167
13	37	13	0	0
14	17	47	7	0.43232
Instant	77
1	627	26	1	0
2	27	13	0	0
3	713	35	4	0.202265
4	466	13	0	0
11	27	17	0	0
12	286	45	9	0.585938
13	32	13	0	0
14	19	44	6	0.447427
Instant	78
1	634	26	0	0
2	23	13	0	0
3	615	35	4	0.144509
4	463	13	0	0
11	28	18	1	0
12	250	46	9	2.34375
13	26	13	0	0
14	18	44	6	0.364759
Instant	79
1	684	24	1	0
2	12	13	0	0
3	614	32	3	0
4	471	13	0	0
11	29	17	1	0
12	263	45	8	1.52027
13	27	13	0	0
14	19	43	6	0.609081
Instant	80
1	663	25	0	0
2	33	13	0	0
3	611	34	3	0.0482625
4	535	13	0	0
11	29	17	0	0
12	286	47	8	0
13	26	13	0	0
14	21	42	5	0.488759
Instant	81
1	658	25	1	0
2	45	13	0	0
3	560	33	4	0.816327
4	565	13	0	0
11	28	17	0	0
12	272	49	9	0.189394
13	25	13	0	0
14	23	44	6	0.369344
Instant	82
1	663	25	0	0
2	38	13	0	0
3	540	34	3	0.0536481
4	540	13	0	0
11	28	17	0	0
12	257	47	6	0.714286
13	23	13	0	0
14	22	42	5	0.556362
Instant	83
1	640	26	1	0.0452899
2	25	13	0	0
3	562	34	3	0.963489
4	475	13	0	0
11	28	17	0	0
12	280	45	7	0.568182
13	25	13	0	0
14	18	44	6	0.685307
Instant	84
1	641	26	1	0
2	38	13	0	0
3	404	35	6	2.32095
4	429	13	0	0
11	27	17	0	0
12	264	46	8	1.70455
13	19	13	0	0
14	17	45	7	0.455373
Instant	85
1	670	24	0	0
2	23	13	0	0
3	538	35	2	0.687104
4	442	13	0	0
11	29	16	0	0
12	268	40	8	0.641026
13	24	13	0	0
14	17	44	6	0.559482
Instant	86
1	634	27	1	0
2	27	13	0	0
3	573	36	4	0.153374
4	445	13	0	0
11	27	17	0	0
12	318	51	10	1.65441
13	25	13	0	0
14	17	44	6	0.556532
Instant	87
1	674	24	1	0
2	30	13	0	0
3	581	34	3	0.197628
4	495	13	0	0
11	29	17	0	0
12	244	46	7	0.551471
13	25	13	0	0
14	21	43	5	0.171143
Instant	88
1	627	26	1	0
2	25	13	0	0
3	533	36	6	0.951374
4	444	13	0	0
11	26	18	1	0
12	234	49	9	5.74324
13	24	13	0	0
14	18	46	6	0.483304
Instant	89
1	627	25	1	0
2	21	13	0	0
3	571	35	4	0.357873
4	475	13	0	0
11	27	17	0	0
12	270	44	7	0
13	25	13	0	0
14	19	43	7	0.370675
Instant	90
1	628	25	1	0.274725
2	0	13	0	0
3	591	35	3	0.152439
4	444	13	0	0
11	27	17	0	0
12	262	49	11	2.92969
13	25	13	0	0
14	17	44	6	0.615114
Instant	91
1	553	25	1	0.373134
2	18	13	0	0
3	554	36	4	0
4	443	13	0	0
11	24	17	0	0
12	253	56	10	1.68919
13	25	13	0	0
14	18	44	6	0.602587
Instant	92
1	615	26	1	0.234962
2	14	13	0	0
3	591	36	4	0.455466
4	452	13	0	0
11	27	19	1	0
12	249	47	10	3.78788
13	25	13	0	0
14	18	46	7	0.34662
Instant	93
1	592	26	1	0.337838
2	31	13	0	0
3	582	34	4	0.296443
4	455	13	0	0
11	26	17	0	0
12	229	47	8	3.97727
13	25	13	0	0
14	18	44	5	0.501145
Instant	94
1	617	27	1	0.333333
2	12	13	0	0
3	574	35	4	0.306748
4	437	13	0	0
11	26	17	0	0
12	253	46	7	1.18243
13	25	13	0	0
14	17	46	7	0.581395
Instant	95
1	599	26	1	0.342466
2	23	13	0	0
3	609	33	3	0.047081
4	467	13	0	0
11	26	16	0	0
12	277	49	10	0.919118
13	27	13	0	0
14	19	45	6	0.293624
Instant	96
1	648	25	1	0.045208
2	22	13	0	0
3	533	34	4	0.87146
4	445	13	0	0
11	28	17	0	0
12	262	46	7	0.551471
13	23	13	0	0
14	17	45	7	0.528169
Instant	97
1	648	25	1	0
2	35	13	0	0
3	565	34	4	0.708502
4	444	13	0	0
11	28	18	0	0
12	269	51	8	0
13	25	13	0	0
14	18	47	7	0.439367
Instant	98
1	648	25	0	0
2	8	13	0	0
3	565	34	3	0.0507099
4	472	13	0	0
11	27	17	0	0
12	324	45	9	0.551471
13	25	13	0	0
14	19	44	6	0.427704
Instant	99
1	687	23	0	0
2	18	13	0	0
3	629	32	2	0.276243
4	484	13	0	0
11	29	17	0	0
12	264	43	6	1.28676
13	27	13	0	0
14	20	44	5	0.404531
Instant	100
1	640	24	0	0.270758
2	33	13	0	0
3	516	33	3	0.877193
4	460	13	0	0
11	28	17	0	0
12	256	46	7	1.35135
13	23	13	0	0
14	18	44	7	0.423729
Instant	101
1	651	26	1	0
2	24	13	0	0
3	600	34	4	0.245098
4	436	13	0	0
11	28	17	0	0
12	285	46	7	1.47059
13	26	13	0	0
14	17	46	6	0.581395
Instant	102
1	648	25	1	0
2	35	13	0	0
3	571	33	3	0.504032
4	468	13	0	0
11	28	17	0	0
12	269	46	7	0.183824
13	25	13	0	0
14	18	43	6	0.544389
Instant	103
1	594	26	1	0.336538
2	19	13	0	0
3	566	33	2	0.35
4	429	13	0	0
11	26	17	0	0
12	242	50	8	2.19595
13	25	13	0	0
14	16	44	6	0.515152
Instant	104
1	657	24	1	0.265957
2	17	13	0	0
3	521	32	3	1.4738
4	419	13	0	0
11	28	17	0	0
12	274	47	9	1.65441
13	23	13	0	0
14	16	47	6	0.655431
Instant	105
1	641	27	1	0
2	13	13	0	0
3	522	38	5	0.694444
4	452	13	0	0
11	28	17	0	0
12	259	43	6	0.735294
13	24	13	0	0
14	18	44	6	0.519031
Instant	106
1	672	25	1	0
2	21	13	0	0
3	599	33	3	0.339806
4	472	13	0	0
11	28	17	0	0
12	262	49	7	1.85811
13	26	13	0	0
14	19	45	7	0.248756
Instant	107
1	621	27	1	0
2	16	13	0	0
3	557	32	4	0.821355
4	463	13	0	0
11	27	17	1	0
12	272	44	9	0.183824
13	24	13	0	0
14	19	44	6	0.351914
Instant	108
1	577	26	1	0.494071
2	40	13	0	0
3	542	35	3	0.749465
4	435	13	0	0
11	25	17	0	0
12	262	51	8	2.75735
13	23	13	0	0
14	17	45	7	0.628366
Instant	109
1	664	25	1	0
2	8	13	0	0
3	567	33	3	0.360825
4	414	13	0	0
11	28	17	0	0
12	269	48	7	0
13	25	13	0	0
14	16	47	7	0.613208
Instant	110
1	601	26	1	0.337187
2	29	13	0	0
3	574	33	3	0.197628
4	436	13	0	0
11	26	16	0	0
12	296	45	8	0.78125
13	25	13	0	0
14	17	44	6	0.672043
Instant	111
1	651	25	1	0
2	35	13	0	0
3	593	34	3	0.3
4	450	13	0	0
11	28	18	1	0
12	255	48	6	3.49265
13	25	13	0	0
14	18	45	7	0.347826
Instant	112
1	646	25	0	0
2	36	13	0	0
3	593	31	2	0.285171
4	468	13	0	0
11	28	17	0	0
12	264	46	8	1.01351
13	27	13	0	0
14	18	42	6	0.416667
Instant	113
1	655	26	1	0
2	27	13	0	0
3	616	34	4	0.146199
4	452	13	0	0
11	28	17	0	0
12	274	42	7	1.83824
13	26	13	0	0
14	18	44	7	0.564236
Instant	114
1	620	26	1	0.277778
2	12	13	0	0
3	620	33	3	0.0469925
4	464	13	0	0
11	27	17	0	0
12	261	54	10	1.10294
13	27	13	0	0
14	18	42	7	0.462963
Instant	115
1	625	28	2	0
2	21	13	0	0
3	490	32	4	0.911162
4	465	13	0	0
11	26	17	0	0
12	256	51	9	1.52027
13	22	13	0	0
14	18	43	6	0.504202
Instant	116
1	647	25	1	0
2	19	13	0	0
3	482	35	3	1.1655
4	444	13	0	0
11	28	18	1	0
12	292	51	9	1.28676
13	21	13	0	0
14	17	44	6	0.821596
Instant	117
1	574	26	1	0.507099
2	18	13	0	0
3	553	33	3	0.580169
4	465	13	0	0
11	25	17	0	0
12	256	52	11	1.83824
13	24	13	0	0
14	18	44	7	0.421585
Instant	118
1	678	24	1	0
2	13	13	0	0
3	650	31	3	0
4	493	13	0	0
11	29	17	0	0
12	259	48	9	1.18243
13	28	13	0	0
14	21	42	6	0.198413
Instant	119
1	650	25	1	0
2	25	13	0	0
3	528	34	4	0.639659
4	442	13	0	0
11	28	18	0	0
12	278	47	8	1.65441
13	23	13	0	0
14	17	44	7	0.705467
