	T	D	J	LP
Instant	0
1	0	0	0	0
2	0	0	0	0
3	0	0	0	0
4	0	0	0	0
11	0	0	0	0
12	0	0	0	0
13	0	0	0	0
14	0	0	0	0
Instant	1
1	436	27	1	0
2	16	13	0	0
3	253	40	4	0
4	296	13	0	0
11	18	17	0	0
12	138	37	4	0
13	11	13	0	0
14	10	41	7	0.0212585
Instant	2
1	1701	25	2	1.18343
2	25	14	0	0
3	634	35	5	1.39373
4	1400	14	0	0
11	78	17	0	0
12	290	50	7	2.38971
13	29	13	0	0
14	59	40	3	0.372856
Instant	3
1	1013	28	2	1.57952
2	37	13	0	0
3	718	36	6	0.946372
4	1523	14	0	0
11	49	18	0	0
12	297	53	9	1.83824
13	32	13	0	0
14	62	38	3	0.347222
Instant	4
1	816	24	2	1.81311
2	55	13	0	0
3	635	37	4	0.92081
4	1346	13	0	0
11	37	17	0	0
12	291	54	8	0.675676
13	27	13	0	0
14	60	41	3	0.102041
Instant	5
1	828	24	1	0
2	39	13	0	0
3	741	33	2	0.0787402
4	1102	13	0	0
11	35	17	0	0
12	298	40	7	1.10294
13	32	13	0	0
14	47	39	4	0.118287
Instant	6
1	740	24	1	0.231481
2	16	13	0	0
3	660	34	3	0.47993
4	829	13	0	0
11	33	17	0	0
12	272	47	7	0
13	29	13	0	0
14	35	40	4	0.236518
Instant	7
1	773	23	0	0.225904
2	11	13	0	0
3	602	32	3	0.568182
4	650	13	0	0
11	34	17	0	0
12	261	47	6	0.844595
13	27	13	0	0
14	27	41	5	0.310497
Instant	8
1	764	23	1	0.342466
2	15	13	0	0
3	637	32	3	0
4	705	13	0	0
11	33	17	0	0
12	288	45	8	0.367647
13	28	13	0	0
14	30	38	4	0.194878
Instant	9
1	708	25	1	0.288779
2	20	13	0	0
3	571	33	3	0.31185
4	735	13	0	0
11	31	18	0	0
12	260	47	8	0.183824
13	24	13	0	0
14	30	40	4	0.221396
Instant	10
1	798	23	0	0
2	54	13	0	0
3	635	31	2	0
4	672	13	0	0
11	35	17	0	0
12	264	41	6	0.506757
13	28	13	0	0
14	28	42	6	0.243096
Instant	11
1	810	23	1	0
2	35	13	0	0
3	606	33	2	0
4	728	13	0	0
11	35	17	0	0
12	279	38	5	0
13	26	13	0	0
14	31	41	5	0.15233
Instant	12
1	731	25	2	0.672468
2	39	13	0	0
3	634	32	2	0
4	672	13	0	0
11	32	16	0	0
12	265	46	9	0.919118
13	27	13	0	0
14	28	41	5	0.116414
Instant	13
1	773	25	1	0.262763
2	28	13	0	0
3	559	34	4	0.563525
4	596	13	0	0
11	34	16	0	0
12	271	41	6	0.14881
13	25	13	0	0
14	24	42	5	0.459318
Instant	14
1	714	26	1	0.617792
2	19	13	0	0
3	570	34	3	0.502008
4	573	13	0	0
11	31	16	0	0
12	339	42	5	0
13	25	13	0	0
14	24	42	6	0.193798
Instant	15
1	692	23	1	0.244698
2	36	13	0	0
3	643	31	3	0.0458716
4	647	13	0	0
11	31	16	0	0.419463
12	272	47	7	0
13	27	13	0	0
14	26	37	5	0.212121
Instant	16
1	736	24	0	0
2	23	13	0	0
3	591	33	3	0.144788
4	667	13	0	0
11	32	17	0	0
12	253	40	6	0.844595
13	26	13	0	0
14	28	40	5	0.0683861
Instant	17
1	729	25	1	0
2	26	13	0	0
3	546	34	3	0.641026
4	574	13	0	0
11	32	17	0	0
12	281	42	6	1.10294
13	23	13	0	0
14	24	39	5	0.34153
Instant	18
1	635	25	0	0.359066
2	24	13	0	0
3	512	34	4	0.725446
4	556	13	0	0
11	28	18	0	0
12	265	44	7	0.551471
13	22	13	0	0
14	23	44	6	0.245442
Instant	19
1	719	26	0	0
2	8	13	0	0
3	570	32	4	0.39604
4	568	13	0	0
11	29	17	0	0
12	270	46	5	0.168919
13	25	13	0	0
14	24	41	6	0.241379
Instant	20
1	601	25	2	0.516917
2	22	13	0	0
3	497	36	5	1.21247
4	522	13	0	0
11	27	18	0	0
12	277	44	8	1.28676
13	22	13	0	0
14	21	41	5	0.474052
Instant	21
1	744	24	1	0
2	21	13	0	0
3	626	32	3	0
4	578	13	0	0
11	32	17	0	0
12	265	44	5	0.551471
13	26	13	0	0
14	23	40	6	0.326577
Instant	22
1	746	23	0	0
2	22	13	0	0
3	624	29	2	0.321691
4	611	13	0	0
11	33	17	0	0
12	264	41	6	0.844595
13	28	13	0	0
14	25	38	4	0.224936
Instant	23
1	727	24	0	0
2	12	13	0	0
3	590	34	4	0
4	592	13	0	0
11	31	17	0	0
12	282	40	6	0.551471
13	26	13	0	0
14	24	39	5	0.198151
Instant	24
1	723	24	1	0
2	26	13	0	0
3	555	33	3	0.782881
4	542	13	0	0
11	32	17	0	0
12	264	38	4	0.551471
13	24	13	0	0
14	22	41	5	0.36075
Instant	25
1	766	23	0	0
2	2	13	0	0
3	631	31	2	0
4	549	13	0	0
11	32	17	0	0
12	272	37	4	0
13	28	13	0	0
14	22	39	5	0.296349
Instant	26
1	767	24	1	0
2	24	13	0	0
3	618	33	3	0.0480769
4	527	13	0	0
11	34	17	1	0
12	277	42	5	4.41176
13	26	13	0	0
14	22	43	6	0.259644
Instant	27
1	734	24	0	0
2	28	13	0	0
3	632	32	2	0
4	562	13	0	0
11	31	18	0	0
12	277	49	8	0.919118
13	27	13	0	0
14	23	41	5	0.174338
Instant	28
1	761	22	0	0
2	29	13	0	0
3	643	31	3	0
4	585	13	0	0
11	33	16	0	0
12	275	38	5	0
13	27	13	0	0
14	24	38	5	0.0668449
Instant	29
1	778	23	0	0
2	38	13	0	0
3	622	32	3	0.232342
4	531	13	0	0
11	32	16	0	0
12	296	42	7	0.735294
13	27	13	0	0
14	22	42	5	0.257732
Instant	30
1	745	23	0	0
2	18	13	0	0
3	627	29	2	0.274725
4	536	13	0	0
11	32	17	0	0
12	271	42	7	0
13	27	13	0	0
14	22	41	5	0.218978
Instant	31
1	775	23	0	0
2	38	13	0	0
3	647	30	3	0.0448029
4	553	13	0	0
11	34	17	0	0
12	257	42	7	1.35135
13	28	13	0	0
14	23	39	5	0.105783
Instant	32
1	693	24	1	0.245098
2	24	13	0	0
3	540	33	3	0.538793
4	537	13	0	0
11	31	17	0	0
12	294	47	6	0.183824
13	23	13	0	0
14	22	41	5	0.291545
Instant	33
1	715	25	0	0
2	12	13	0	0
3	597	36	4	0
4	541	13	0	0
11	31	18	0	0
12	254	47	7	2.38971
13	25	13	0	0
14	22	39	5	0.253256
Instant	34
1	701	24	1	0
2	19	13	0	0
3	618	32	2	0
4	591	13	0	0
11	30	16	0	0
12	268	38	6	0.168919
13	27	13	0	0
14	25	39	5	0.198939
Instant	35
1	655	24	1	0.536673
2	23	13	0	0
3	554	34	3	0.469729
4	658	13	0	0
11	28	16	0	0.350877
12	280	34	4	0
13	24	13	0	0
14	27	40	5	0.109127
Instant	36
1	676	23	0	0.260417
2	20	13	0	0
3	647	31	2	0
4	618	13	0	0
11	29	17	0	0
12	261	43	6	1.65441
13	28	13	0	0
14	26	37	5	0.189873
Instant	37
1	661	24	0	0
2	11	13	0	0
3	588	34	3	0.0994036
4	557	13	0	0
11	28	18	1	0.265957
12	268	44	8	0
13	25	13	0	0
14	23	40	4	0.234082
Instant	38
1	713	22	1	0
2	21	13	0	0
3	629	32	2	0.047081
4	555	13	0	0
11	31	17	0	0
12	302	43	6	0
13	27	13	0	0
14	23	39	6	0.176056
Instant	39
1	698	22	0	0
2	28	13	0	0
3	634	32	2	0
4	554	13	0	0
11	29	18	0	0
12	296	44	6	1.83824
13	27	13	0	0
14	23	39	5	0.329567
Instant	40
1	669	25	1	0
2	14	13	0	0
3	586	33	3	0.289575
4	549	13	0	0
11	29	16	0	0
12	252	42	7	1.68919
13	26	13	0	0
14	22	39	5	0.285307
Instant	41
1	662	24	0	0
2	22	13	0	0
3	627	33	5	0.0932836
4	515	13	0	0
11	29	17	0	0
12	280	43	8	1.10294
13	27	13	0	0
14	21	41	5	0.265957
Instant	42
1	683	23	0	0
2	19	13	0	0
3	535	35	3	0.326797
4	524	13	0	0
11	29	18	0	0
12	276	43	7	0
13	23	13	0	0
14	22	40	5	0.149254
Instant	43
1	669	25	0	0
2	21	13	0	0
3	605	33	3	0.337838
4	487	13	0	0
11	28	17	0	0
12	262	46	8	0.506757
13	26	13	0	0
14	20	44	6	0.200321
Instant	44
1	674	24	1	0
2	29	13	0	0
3	620	31	2	0.284091
4	536	13	0	0
11	30	17	0	0
12	278	41	7	1.65441
13	26	13	0	0
14	22	38	5	0.182482
Instant	45
1	606	24	0	0.330813
2	22	13	0	0
3	531	34	3	0.37155
4	521	13	0	0
11	26	17	0	0
12	274	45	6	0
13	23	13	0	0
14	22	39	5	0.262763
Instant	46
1	688	25	0	0
2	34	13	0	0
3	563	33	3	0.616016
4	500	13	0	0
11	29	16	0	0
12	272	43	7	0
13	25	13	0	0
14	20	40	6	0.273438
Instant	47
1	676	23	0	0
2	31	13	0	0
3	596	32	3	0.344488
4	529	13	0	0
11	30	17	0	0
12	294	43	6	0.183824
13	26	13	0	0
14	22	38	5	0.222222
Instant	48
1	676	23	0	0
2	31	13	0	0
3	587	33	3	0.387597
4	513	13	0	0
11	29	17	0	0
12	262	46	7	0.551471
13	26	13	0	0
14	21	38	5	0.304878
Instant	49
1	705	23	0	0
2	19	13	0	0
3	641	30	2	0.0458716
4	543	13	0	0
11	30	17	0	0
12	261	41	6	0
13	28	13	0	0
14	22	38	5	0.204131
Instant	50
1	648	25	1	0
2	57	13	0	0
3	624	32	2	0.0464684
4	503	13	0	0
11	28	17	0	0
12	308	42	6	0
13	27	13	0	0
14	21	41	6	0.15528
Instant	51
1	684	24	0	0
2	25	13	0	0
3	613	34	2	0
4	530	13	0	0
11	29	16	0	0
12	268	42	5	2.57353
13	26	13	0	0
14	22	40	6	0.147493
Instant	52
1	691	23	0	0
2	33	13	0	0
3	660	30	2	0
4	513	13	0	0
11	29	18	1	0
12	268	38	6	0.173611
13	28	13	0	0
14	22	42	6	0.114679
Instant	53
1	698	23	0	0
2	39	13	0	0
3	615	33	2	0
4	515	13	0	0
11	30	17	0	0
12	292	38	5	0.551471
13	27	13	0	0
14	21	39	5	0.30349
Instant	54
1	620	24	1	0.280899
2	18	13	0	0
3	605	33	3	0.0482625
4	499	13	0	0
11	27	18	0	0
12	253	43	6	1.65441
13	26	13	0	0
14	20	40	5	0.312989
Instant	55
1	616	24	1	0.558659
2	19	13	0	0
3	579	36	4	0.36157
4	485	13	0	0
11	27	18	1	0
12	269	42	6	0.337838
13	24	13	0	0
14	20	40	6	0.402576
Instant	56
1	685	23	0	0
2	18	13	0	0
3	646	30	2	0
4	514	13	0	0
11	30	17	0	0
12	278	39	6	1.47059
13	28	13	0	0
14	21	40	5	0.267176
Instant	57
1	683	24	0	0
2	20	13	0	0
3	532	36	3	0.1606
4	513	13	0	0
11	29	17	0	0
12	269	41	6	0.551471
13	23	13	0	0
14	20	39	5	0.304414
Instant	58
1	660	23	0	0.215889
2	28	13	0	0
3	639	31	2	0.182815
4	523	13	0	0
11	29	16	0	0
12	260	41	6	1.18243
13	28	13	0	0
14	22	40	5	0.15015
Instant	59
1	666	24	1	0.0440141
2	19	13	0	0
3	592	33	3	0.297619
4	521	13	0	0
11	29	16	0	0
12	295	38	5	0.367647
13	26	13	0	0
14	21	39	5	0.224888
Instant	60
1	662	24	0	0
2	16	13	0	0
3	540	34	3	0.369198
4	493	13	0	0
11	28	18	1	0
12	271	45	7	0.551471
13	24	13	0	0
14	20	40	5	0.541469
Instant	61
1	648	26	1	0
2	15	13	0	0
3	608	34	3	0.0478927
4	493	13	0	0
11	28	17	0	0
12	264	46	8	0.892857
13	26	13	0	0
14	20	40	5	0.238095
Instant	62
1	594	24	1	0.338491
2	28	13	0	0
3	612	31	3	0.283554
4	510	13	0	0
11	26	17	0	0
12	318	43	6	0.551471
13	27	13	0	0
14	20	40	5	0.345622
Instant	63
1	674	24	0	0.265957
2	2	13	0	0
3	547	35	4	0.376344
4	498	13	0	0
11	28	17	0	0
12	275	45	6	1.47059
13	23	13	0	0
14	21	41	6	0.275157
Instant	64
1	690	23	0	0
2	24	13	0	0
3	621	29	1	0.27881
4	535	13	0	0
11	30	17	0	0
12	263	40	5	0.844595
13	27	13	0	0
14	22	37	4	0.219298
Instant	65
1	669	23	0	0
2	26	13	0	0
3	611	32	2	0.0952381
4	517	13	0	0
11	29	17	0	0
12	281	40	5	1.47059
13	27	13	0	0
14	21	39	5	0.252143
Instant	66
1	669	26	0	0
2	33	13	0	0
3	574	35	5	0.455466
4	506	13	0	0
11	28	17	0	0
12	251	44	7	3.49265
13	25	13	0	0
14	20	40	5	0.310078
Instant	67
1	676	25	0	0
2	27	13	0	0
3	624	33	2	0
4	513	13	0	0
11	29	16	0	0
12	267	42	6	0
13	26	13	0	0
14	21	38	5	0.304878
Instant	68
1	669	25	1	0
2	24	13	0	0
3	642	32	2	0.044405
4	511	13	0	0
11	29	17	0	0
12	289	45	7	0.390625
13	28	13	0	0
14	21	40	5	0.331802
Instant	69
1	691	24	0	0
2	17	13	0	0
3	859	32	3	0
4	484	13	0	0
11	28	17	0	0
12	277	42	7	0
13	37	13	0	0
14	20	43	6	0.323102
Instant	70
1	641	23	1	0.265957
2	18	13	0	0
3	848	33	4	0.0347222
4	504	13	0	0
11	28	18	0	0
12	277	47	7	0
13	37	13	0	0
14	21	42	6	0.284679
Instant	71
1	637	25	1	0.0460405
2	40	13	0	0
3	757	31	4	0.384615
4	495	13	0	0
11	27	17	0	0
12	293	41	6	0
13	33	13	0	0
14	20	39	5	0.408755
Instant	72
1	641	25	0	0
2	34	13	0	0
3	640	36	6	0.221631
4	494	13	0	0
11	27	18	1	0
12	229	50	9	4.35606
13	28	13	0	0
14	20	41	5	0.290084
Instant	73
1	667	24	0	0
2	22	13	0	0
3	767	31	3	0.882353
4	497	13	0	0
11	29	18	1	0
12	256	45	7	0.457317
13	34	13	0	0
14	20	39	5	0.418629
Instant	74
1	665	24	0	0
2	15	13	0	0
3	979	32	3	0.73185
4	487	13	0	0
11	29	17	0	0
12	327	42	5	0.735294
13	44	13	0	0
14	19	43	5	0.322061
Instant	75
1	598	25	1	0.294118
2	22	13	0	0
3	734	34	5	0.362319
4	491	13	0	0
11	26	16	0	0
12	264	45	8	0.757576
13	32	13	0	0
14	20	40	6	0.344462
Instant	76
1	638	25	0	0.270758
2	17	13	0	0
3	637	33	4	0.317029
4	491	13	0	0
11	28	18	0	0
12	262	40	6	0.868056
13	28	13	0	0
14	20	40	5	0.611377
Instant	77
1	683	23	0	0
2	29	13	0	0
3	638	32	2	0.319343
4	501	13	0	0
11	29	18	1	0
12	297	40	7	0
13	28	13	0	0
14	20	40	6	0.195312
Instant	78
1	674	24	0	0
2	42	13	0	0
3	632	31	3	0.590909
4	468	13	0	0
11	29	17	0	0
12	276	43	6	0
13	28	13	0	0
14	18	41	6	0.625
Instant	79
1	698	23	0	0
2	31	13	0	0
3	551	31	1	0.409836
4	523	13	0	0
11	30	16	0	0
12	272	44	6	0
13	24	13	0	0
14	21	39	5	0.224215
Instant	80
1	683	23	0	0
2	31	13	0	0
3	601	32	3	0.916988
4	525	13	0	0
11	30	17	0	0
12	294	40	6	0
13	26	13	0	0
14	21	38	5	0.336323
Instant	81
1	672	24	0	0
2	20	13	0	0
3	625	32	3	0
4	504	13	0	0
11	29	17	0	0
12	261	45	7	0
13	27	13	0	0
14	21	41	6	0.245478
Instant	82
1	707	23	0	0
2	20	13	0	0
3	618	33	3	0
4	514	13	0	0
11	30	17	0	0
12	271	37	4	0.535714
13	26	13	0	0
14	21	39	5	0.304414
Instant	83
1	691	23	1	0
2	41	13	0	0
3	604	33	2	0.0967118
4	512	13	0	0
11	30	17	0	0
12	287	41	6	0.568182
13	26	13	0	0
14	21	41	5	0.152905
Instant	84
1	698	23	0	0
2	19	13	0	0
3	681	29	2	0
4	549	13	0	0
11	30	17	0	0
12	269	37	5	0
13	29	13	0	0
14	23	38	5	0.213675
Instant	85
1	641	24	0	0.537634
2	24	13	0	0
3	668	31	3	0.127768
4	523	13	0	0
11	28	16	0	0
12	273	44	7	0.480769
13	30	13	0	0
14	22	38	4	0.373692
Instant	86
1	654	23	0	0.53286
2	13	13	0	0
3	645	33	3	0.13587
4	550	13	0	0
11	29	16	0	0
12	344	44	6	0
13	28	13	0	0
14	22	39	4	0.248933
Instant	87
1	686	24	0	0
2	5	13	0	0
3	659	32	3	0.350263
4	510	13	0	0
11	29	17	0	0
12	268	40	4	0
13	29	13	0	0
14	21	39	4	0.306748
Instant	88
1	655	25	1	0
2	32	13	0	0
3	666	32	3	0.394737
4	498	13	0	0
11	28	17	0	0
12	243	41	7	2.36486
13	29	13	0	0
14	20	41	5	0.275157
Instant	89
1	655	25	1	0.268817
2	21	13	0	0
3	630	33	3	0.0459559
4	506	13	0	0
11	28	17	0	0
12	290	42	7	0
13	27	13	0	0
14	21	40	5	0.231125
Instant	90
1	691	23	0	0
2	25	13	0	0
3	654	32	2	0.2693
4	519	13	0	0
11	29	17	0	0
12	252	38	4	0
13	28	13	0	0
14	21	41	5	0.113122
Instant	91
1	676	25	1	0
2	34	13	0	0
3	688	32	3	0.343053
4	531	13	0	0
11	29	16	0	0
12	249	42	5	1.18243
13	29	13	0	0
14	22	39	5	0.147493
Instant	92
1	676	24	0	0
2	27	13	0	0
3	654	30	2	0.26738
4	540	13	0	0
11	29	17	0	0
12	293	41	7	1.51515
13	28	13	0	0
14	23	39	5	0.144928
Instant	93
1	689	23	0	0
2	34	13	0	0
3	584	33	2	0.568182
4	528	13	0	0
11	30	17	0	0
12	265	39	5	0.378788
13	26	13	0	0
14	21	36	4	0.222222
Instant	94
1	648	26	1	0.0452899
2	28	13	0	0
3	604	36	4	0.710227
4	478	13	0	0
11	28	17	0	0
12	259	44	6	0.506757
13	27	13	0	0
14	19	43	6	0.367647
Instant	95
1	698	23	0	0
2	18	13	0	0
3	666	31	2	0.308642
4	511	13	0	0
11	30	16	0	0
12	273	42	6	1.65441
13	29	13	0	0
14	21	38	5	0.498466
Instant	96
1	704	23	0	0
2	31	13	0	0
3	687	30	3	0.252951
4	497	13	0	0
11	30	17	0	0
12	262	42	7	0
13	30	13	0	0
14	20	38	5	0.327568
Instant	97
1	634	24	0	0.275229
2	20	13	0	0
3	642	35	4	0.137363
4	482	13	0	0
11	27	18	1	0.274725
12	251	47	8	1.67683
13	28	13	0	0
14	19	44	6	0.337655
Instant	98
1	692	22	0	0
2	32	13	0	0
3	688	30	2	0
4	544	13	0	0
11	31	17	0	0
12	314	41	6	0
13	30	13	0	0
14	23	38	5	0.144092
Instant	99
1	683	24	0	0
2	31	13	0	0
3	664	33	4	0.17762
4	500	13	0	0
11	29	17	0	0
12	292	43	6	0.367647
13	28	13	0	0
14	21	39	5	0.312989
Instant	100
1	683	23	0	0
2	3	13	0	0
3	545	34	4	0.9375
4	500	13	0	0
11	29	17	0	0
12	264	43	6	0.506757
13	24	13	0	0
14	20	41	5	0.43036
Instant	101
1	691	23	0	0
2	27	13	0	0
3	627	29	2	0.231481
4	509	13	0	0
11	30	17	0	0
12	298	39	5	0
13	27	13	0	0
14	21	39	6	0.268817
Instant	102
1	711	23	0	0
2	30	13	0	0
3	633	31	2	0
4	545	13	0	0
11	30	16	0	0
12	265	39	5	0
13	27	13	0	0
14	23	38	5	0.143678
Instant	103
1	664	25	0	0
2	39	13	0	0
3	632	32	2	0.139405
4	535	13	0	0
11	29	17	0	0
12	256	39	6	2.02703
13	27	13	0	0
14	22	39	6	0.158614
Instant	104
1	698	23	0	0
2	34	13	0	0
3	620	32	3	0
4	530	13	0	0
11	29	17	0	0
12	292	42	6	0
13	27	13	0	0
14	22	38	4	0.221239
Instant	105
1	691	24	1	0
2	35	13	0	0
3	541	33	3	0.315789
4	504	13	0	0
11	30	17	0	0
12	270	44	7	0
13	24	13	0	0
14	21	41	5	0.219638
Instant	106
1	689	24	0	0.042517
2	49	13	0	0
3	593	33	2	0.403226
4	500	13	0	0
11	30	16	0	0
12	249	47	8	0.506757
13	25	13	0	0
14	20	40	5	0.221354
Instant	107
1	690	24	0	0
2	32	13	0	0
3	594	34	3	0.192678
4	514	13	0	0
11	30	16	0	0
12	292	38	6	1.83824
13	26	13	0	0
14	21	41	6	0.304414
Instant	108
1	700	23	1	0
2	26	13	0	0
3	614	32	3	0.290135
4	542	13	0	0
11	30	17	0	0
12	271	43	6	0
13	26	13	0	0
14	22	39	5	0.276975
Instant	109
1	719	22	0	0
2	38	13	0	0
3	648	29	1	0
4	592	13	0	0
11	31	16	0	0
12	269	38	5	0
13	28	13	0	0
14	24	37	5	0.231176
Instant	110
1	677	24	0	0
2	23	13	0	0
3	700	29	2	0
4	566	13	0	0
11	29	17	0	0
12	333	40	5	0
13	30	13	0	0
14	23	39	6	0.219298
Instant	111
1	712	23	0	0
2	41	13	0	0
3	742	29	2	0
4	577	13	0	0
11	30	16	0	0
12	269	36	4	0
13	32	13	0	0
14	24	38	5	0.237449
Instant	112
1	670	23	0	0.252525
2	27	13	0	0
3	695	31	3	0
4	525	13	0	0
11	30	17	0	0
12	266	44	6	0
13	30	13	0	0
14	22	40	4	0.235265
Instant	113
1	655	25	0	0
2	30	13	0	0
3	661	34	3	0.558419
4	529	13	0	0
11	28	17	0	0
12	288	43	7	0.183824
13	29	13	0	0
14	21	41	5	0.406805
Instant	114
1	683	23	0	0
2	17	13	0	0
3	606	32	3	0.694444
4	512	13	0	0
11	30	17	0	0
12	272	41	5	0
13	27	13	0	0
14	20	41	5	0.368957
Instant	115
1	726	22	0	0
2	27	13	0	0
3	647	30	2	0.364964
4	591	13	0	0
11	31	16	0	0
12	270	37	4	0
13	28	13	0	0
14	26	38	5	0.0331565
Instant	116
1	655	25	1	0
2	33	13	0	0
3	593	34	3	0.196464
4	557	13	0	0
11	29	17	0	0
12	299	42	6	0.183824
13	25	13	0	0
14	22	38	5	0.316011
Instant	117
1	683	23	0	0
2	23	13	0	0
3	640	31	2	0
4	512	13	0	0
11	29	17	0	0
12	267	38	6	0.551471
13	27	13	0	0
14	21	42	5	0.267584
Instant	118
1	663	24	1	0.262697
2	43	13	0	0
3	553	32	2	0.313808
4	508	13	0	0
11	29	16	0	0
12	272	41	7	0.168919
13	24	13	0	0
14	20	40	5	0.422427
Instant	119
1	705	22	0	0
2	23	13	0	0
3	598	33	2	0.341797
4	533	13	0	0
11	30	17	0	0
12	293	41	5	0
13	26	13	0	0
14	22	38	4	0.416055
