	T	D	J	LP
Instant	0
1	0	0	0	0
2	0	0	0	0
3	0	0	0	0
4	0	0	0	0
11	0	0	0	0
12	0	0	0	0
13	0	0	0	0
14	0	0	0	0
Instant	1
1	502	27	1	0.409836
2	18	13	0	0
3	208	36	3	0.115207
4	187	13	0	0
11	18	17	0	0
12	136	40	6	0
13	9	13	0	0
14	6	45	10	0.199203
Instant	2
1	2661	34	2	0.158831
2	42	13	0	0
3	667	39	7	0.608696
4	1008	13	0	0
11	123	17	0	0
12	285	54	11	2.57353
13	29	13	0	0
14	41	46	4	0.452899
Instant	3
1	2566	28	2	0.45683
2	33	13	0	0
3	621	39	7	0.724638
4	1009	13	0	0
11	114	18	0	0
12	313	61	9	0.919118
13	28	13	0	0
14	41	45	4	0.452899
Instant	4
1	2069	27	2	0.848637
2	38	14	0	0
3	615	37	7	1.10906
4	858	13	0	0
11	94	17	0	0
12	271	53	9	2.02703
13	27	13	0	0
14	37	46	5	0.341841
Instant	5
1	1902	25	1	0
2	23	13	0	0
3	701	34	5	0.161031
4	656	13	0	0
11	81	17	0	0
12	281	50	10	1.10294
13	31	13	0	0
14	26	45	5	0.448029
Instant	6
1	1542	27	2	0.167785
2	21	14	1	0
3	721	36	5	0.545302
4	620	13	0	0
11	69	17	0	0
12	238	50	7	4.96324
13	30	13	0	0
14	25	44	6	0.641026
Instant	7
1	1234	26	2	0.188679
2	50	13	0	0
3	700	35	5	0
4	594	13	0	0
11	55	18	0	0
12	269	53	8	0.337838
13	31	13	0	0
14	24	46	5	0.329381
Instant	8
1	965	26	1	0.305998
2	44	13	0	0
3	608	36	5	0.766284
4	576	13	0	0
11	42	17	0	0
12	271	50	7	1.83824
13	26	13	0	0
14	23	43	6	0.463591
Instant	9
1	896	25	1	0.193299
2	23	13	0	0
3	654	33	3	0.0446429
4	579	13	0	0
11	39	17	0	0
12	254	50	10	1.65441
13	28	13	0	0
14	23	42	6	0.484234
Instant	10
1	828	28	2	0.216763
2	33	13	0	0
3	632	39	5	0.137868
4	572	13	0	0
11	35	17	0	0
12	249	49	10	0.506757
13	27	13	0	0
14	22	43	5	0.592795
Instant	11
1	1000	28	2	0.17301
2	25	14	0	0
3	632	36	5	0.322878
4	499	13	0	0
11	44	16	0	0
12	284	44	8	1.10294
13	28	13	0	0
14	19	45	6	0.587774
Instant	12
1	1161	26	1	0
2	37	13	0	0
3	646	35	4	0
4	499	13	0	0
11	50	16	0	0
12	257	48	7	0.735294
13	28	13	0	0
14	20	45	6	0.365726
Instant	13
1	851	25	1	0.206044
2	15	13	0	0
3	707	33	3	0.0420875
4	472	13	0	0
11	36	18	0	0.68306
12	273	49	8	0.446429
13	30	13	0	0
14	19	45	7	0.63571
Instant	14
1	755	28	2	0.495427
2	19	13	0	0
3	594	38	6	0
4	529	13	0	0
11	33	18	0	0
12	290	48	7	2.75735
13	26	13	0	0
14	21	44	5	0.481481
Instant	15
1	807	27	1	0
2	22	13	0	0
3	504	40	5	1.12867
4	500	13	0	0
11	35	17	0	0
12	268	48	6	1.10294
13	22	13	0	0
14	20	43	5	0.468019
Instant	16
1	607	28	2	0.622605
2	26	13	0	0
3	573	36	5	0.409836
4	473	13	0	0
11	26	18	0	0.566038
12	246	51	12	2.36486
13	25	13	0	0
14	18	44	7	0.702479
Instant	17
1	633	27	1	0.554529
2	13	13	0	0
3	498	38	5	0.915332
4	489	13	0	0
11	27	17	0	0
12	281	45	7	1.65441
13	22	13	0	0
14	19	43	7	0.678914
Instant	18
1	633	27	2	0.320513
2	36	13	0	0
3	561	38	5	0.506073
4	501	13	0	0
11	28	17	0	0
12	242	48	6	2.75735
13	25	13	0	0
14	20	45	6	0.508607
Instant	19
1	685	26	1	0
2	12	13	0	0
3	653	35	4	0.0454545
4	475	13	0	0
11	30	18	0	0
12	268	51	9	0.168919
13	28	13	0	0
14	18	44	7	0.766284
Instant	20
1	693	26	1	0.259516
2	47	13	0	0
3	542	35	3	0.963489
4	533	13	0	0
11	29	17	0	0
12	270	44	6	2.02206
13	25	13	0	0
14	21	43	6	0.500244
Instant	21
1	611	26	2	0.555556
2	21	13	0	0
3	549	37	5	0.4158
4	474	13	0	0
11	27	17	0	0
12	262	49	9	0.919118
13	24	13	0	0
14	18	43	7	0.700165
Instant	22
1	706	24	0	0
2	19	13	0	0
3	575	34	4	0.614754
4	485	13	0	0
11	31	18	0	0
12	273	44	7	0
13	25	13	0	0
14	19	42	6	0.483871
Instant	23
1	704	25	0	0.249584
2	8	13	0	0
3	581	34	3	0.294695
4	463	13	0	0
11	30	17	0	0
12	274	43	7	1.47059
13	26	13	0	0
14	18	42	6	0.715488
Instant	24
1	640	26	2	0.59633
2	27	13	0	0
3	598	34	4	0.0965251
4	490	13	0	0
11	27	18	0	0
12	224	47	8	4.59559
13	26	13	0	0
14	19	44	6	0.638978
Instant	25
1	689	25	0	0
2	26	13	0	0
3	533	35	4	0.592672
4	474	13	0	0
11	31	17	0	0
12	252	49	10	1.19048
13	23	13	0	0
14	19	45	6	0.46832
Instant	26
1	676	30	3	0
2	38	13	0	0
3	464	39	6	1.4881
4	465	13	0	0
11	29	17	0	0
12	302	50	9	2.57353
13	21	13	0	0
14	18	45	6	0.630252
Instant	27
1	752	26	2	0.352113
2	34	13	0	0
3	526	39	5	0.384615
4	493	13	0	0
11	32	17	0	0
12	277	52	7	0.551471
13	23	13	0	0
14	19	43	6	0.529942
Instant	28
1	620	25	1	0.551471
2	18	13	0	0
3	581	37	3	0
4	537	13	0	0
11	28	19	0	0
12	275	51	10	0
13	24	13	0	0
14	21	43	5	0.486618
Instant	29
1	678	26	1	0.305944
2	19	13	0	0
3	537	36	4	0.523013
4	515	13	0	0
11	29	18	1	0
12	283	51	9	0.919118
13	24	13	0	0
14	20	45	6	0.50505
Instant	30
1	620	28	1	0.0454545
2	10	13	0	0
3	578	35	4	0.301205
4	492	13	0	0
11	28	17	0	0
12	260	44	8	2.20588
13	25	13	0	0
14	20	46	7	0.517516
Instant	31
1	686	27	1	0.258176
2	45	13	0	0
3	601	32	3	0.336538
4	494	13	0	0
11	30	17	0	0
12	266	46	7	0.168919
13	26	13	0	0
14	21	44	6	0.315956
Instant	32
1	681	27	1	0.0859107
2	22	13	0	0
3	585	34	4	0.100402
4	465	13	0	0
11	29	17	0	0
12	289	47	8	0.919118
13	25	13	0	0
14	18	46	7	0.674536
Instant	33
1	636	25	1	0.367647
2	34	13	0	0
3	560	36	5	0.78125
4	477	13	0	0
11	27	18	0	0.362319
12	253	47	9	2.75735
13	24	13	0	0
14	19	44	7	0.45156
Instant	34
1	798	25	1	0
2	7	13	0	0
3	565	37	4	0
4	481	13	0	0
11	35	18	0	0
12	270	48	8	0
13	25	13	0	0
14	19	44	6	0.243902
Instant	35
1	779	25	1	0
2	5	13	0	0
3	611	35	4	0.0481696
4	461	13	0	0
11	33	19	0	0
12	273	46	7	0.551471
13	26	13	0	0
14	18	44	7	0.481859
Instant	36
1	763	26	1	0.232919
2	25	13	0	0
3	616	35	5	0.553506
4	429	13	0	0
11	33	17	0	0
12	251	43	7	2.94118
13	27	13	0	0
14	17	46	7	0.622344
Instant	37
1	738	28	2	0
2	40	13	0	0
3	599	36	5	0.582524
4	437	13	0	0
11	32	17	0	0
12	220	53	7	2.08333
13	26	13	0	0
14	17	47	7	0.582437
Instant	38
1	747	26	1	0.0393701
2	29	13	0	0
3	514	37	5	0.925926
4	454	13	0	0
11	32	18	0	0
12	275	47	8	4.59559
13	23	13	0	0
14	18	44	6	0.516351
Instant	39
1	704	27	1	0
2	17	13	0	0
3	564	36	3	0.421053
4	453	13	0	0
11	31	18	1	0
12	277	49	7	2.38971
13	24	13	0	0
14	18	44	6	0.474138
Instant	40
1	628	27	1	0.554529
2	25	13	0	0
3	493	38	5	0.566893
4	440	13	0	0
11	27	17	0	0
12	272	52	8	1.35135
13	22	13	0	0
14	17	44	6	0.62167
Instant	41
1	696	25	1	0
2	19	13	0	0
3	577	35	4	0.203252
4	476	13	0	0
11	30	18	0	0
12	262	44	8	0.551471
13	25	13	0	0
14	19	42	6	0.534539
Instant	42
1	694	26	1	0
2	16	13	0	0
3	572	35	3	0.351406
4	438	13	0	0
11	29	18	0	0
12	227	44	8	7.16912
13	25	13	0	0
14	17	44	6	0.742721
Instant	43
1	702	26	1	0
2	35	13	0	0
3	542	34	4	0.692964
4	473	13	0	0
11	30	17	0	0
12	258	47	7	1.01351
13	24	13	0	0
14	19	45	6	0.332226
Instant	44
1	646	27	1	0.268817
2	10	13	0	0
3	584	36	4	0
4	443	13	0	0
11	28	18	0	0
12	279	45	8	1.65441
13	25	13	0	0
14	17	44	7	0.485866
Instant	45
1	728	25	1	0
2	26	13	0	0
3	575	35	4	0.352113
4	442	13	0	0
11	31	16	0	0
12	272	43	7	0.183824
13	25	13	0	0
14	17	44	7	0.545723
Instant	46
1	655	26	1	0.265957
2	20	13	0	0
3	506	36	5	0.504484
4	437	13	0	0
11	29	17	0	0
12	274	49	6	0
13	22	13	0	0
14	16	44	7	0.9839
Instant	47
1	663	25	1	0.0437063
2	30	13	0	0
3	548	37	5	0.685654
4	419	13	0	0
11	29	18	0	0
12	263	43	6	2.57353
13	24	13	0	0
14	16	45	6	0.729361
Instant	48
1	665	26	1	0.258621
2	22	13	0	0
3	514	37	4	0.774336
4	453	13	0	0
11	29	17	0	0
12	261	51	9	0.919118
13	23	13	0	0
14	18	46	7	0.431034
Instant	49
1	702	25	1	0
2	25	13	0	0
3	575	36	5	0.101215
4	473	13	0	0
11	30	17	0	0
12	227	51	9	1.93452
13	25	13	0	0
14	18	43	6	0.580431
Instant	50
1	645	26	1	0.26643
2	16	13	0	0
3	555	37	5	0.516529
4	467	13	0	0
11	28	17	0	0
12	303	46	5	1.47059
13	24	13	0	0
14	18	44	7	0.502513
Instant	51
1	673	27	1	0.26178
2	17	13	0	0
3	598	33	4	0.340467
4	462	13	0	0
11	29	17	0	0
12	282	53	10	1.47059
13	26	13	0	0
14	19	45	7	0.689752
Instant	52
1	721	25	1	0
2	16	13	0	0
3	604	33	3	0
4	480	13	0	0
11	31	17	0	0
12	268	41	5	0
13	26	13	0	0
14	19	44	6	0.408497
Instant	53
1	732	26	1	0
2	20	13	0	0
3	585	35	4	0.249004
4	465	13	0	0
11	32	17	0	0
12	291	44	7	0
13	25	13	0	0
14	19	46	7	0.376884
Instant	54
1	827	26	1	0.0353607
2	25	13	0	0
3	540	36	4	0.481799
4	497	13	0	0
11	36	17	0	0
12	261	49	7	1.10294
13	23	13	0	0
14	20	42	5	0.433071
Instant	55
1	824	26	0	0
2	17	13	0	0
3	605	34	3	0.147348
4	437	13	0	0
11	35	18	0	0
12	266	43	6	0.337838
13	26	13	0	0
14	17	45	6	0.612306
Instant	56
1	731	27	1	0
2	21	13	0	0
3	606	33	4	0
4	435	13	0	0
11	31	18	0	0
12	268	47	9	2.57353
13	26	13	0	0
14	16	44	6	0.837822
Instant	57
1	727	25	1	0
2	35	13	0	0
3	597	35	3	0
4	467	13	0	0
11	30	17	0	0
12	274	47	7	0
13	25	13	0	0
14	19	44	6	0.41806
Instant	58
1	725	24	1	0
2	25	13	0	0
3	555	34	4	0.207469
4	484	13	0	0
11	31	17	0	0
12	273	46	8	0.675676
13	24	13	0	0
14	20	43	6	0.403226
Instant	59
1	706	27	2	0
2	26	13	0	0
3	540	37	4	0.697425
4	448	13	0	0
11	32	17	0	0
12	242	48	6	5.51471
13	23	13	0	0
14	16	43	6	0.932401
Instant	60
1	861	25	1	0.208333
2	36	13	0	0
3	579	35	4	0.311203
4	461	13	0	0
11	36	17	0	0
12	268	45	8	1.47059
13	24	13	0	0
14	18	42	7	0.536723
Instant	61
1	814	26	1	0
2	20	13	0	0
3	572	35	4	0.198413
4	451	13	0	0
11	36	17	0	0
12	276	47	6	0
13	25	13	0	0
14	18	44	7	0.477431
Instant	62
1	701	25	1	0.251256
2	20	13	0	0
3	575	33	3	0.351406
4	467	13	0	0
11	30	17	0	0
12	301	51	9	0.735294
13	25	13	0	0
14	18	44	7	0.473802
Instant	63
1	626	27	2	0.276243
2	43	13	0	0
3	526	38	6	0.597826
4	448	13	0	0
11	27	17	0	0
12	255	53	9	4.04412
13	23	13	0	0
14	18	47	6	0.362319
Instant	64
1	740	26	1	0.276461
2	44	13	0	0
3	585	35	3	0
4	452	13	0	0
11	32	17	0	0
12	258	46	7	2.02703
13	25	13	0	0
14	18	47	6	0.549769
Instant	65
1	980	24	1	0
2	30	13	0	0
3	611	33	3	0
4	477	13	0	0
11	43	17	0	0
12	305	50	9	0.919118
13	26	13	0	0
14	19	44	6	0.368852
Instant	66
1	922	25	1	0
2	21	13	0	0
3	614	34	3	0
4	470	13	0	0
11	40	16	0	0
12	250	45	7	0.551471
13	26	13	0	0
14	19	43	6	0.458333
Instant	67
1	797	25	1	0
2	34	13	0	0
3	601	34	3	0.0492126
4	436	13	0	0
11	34	18	0	0
12	259	49	8	2.19595
13	26	13	0	0
14	17	45	7	0.477897
Instant	68
1	613	27	1	0.237192
2	12	13	0	0
3	558	36	4	0.30303
4	450	13	0	0
11	26	18	0	0
12	276	47	9	1.5625
13	25	13	0	0
14	17	44	7	0.649913
Instant	69
1	686	25	0	0
2	22	13	0	0
3	534	36	4	0.712719
4	470	13	0	0
11	30	18	0	0
12	277	50	9	0
13	23	13	0	0
14	19	42	6	0.458333
Instant	70
1	648	27	1	0
2	21	13	0	0
3	553	31	3	0.856855
4	463	13	0	0
11	28	16	0	0
12	277	49	7	0
13	25	13	0	0
14	18	45	6	0.462963
Instant	71
1	614	25	1	0.286807
2	17	13	0	0
3	531	34	4	0.811688
4	457	13	0	0
11	26	17	0	0
12	272	49	10	1.83824
13	23	13	0	0
14	18	46	7	0.500286
Instant	72
1	652	25	1	0
2	15	13	0	0
3	614	32	3	0.140977
4	487	13	0	0
11	29	17	0	0
12	273	44	7	0
13	26	13	0	0
14	19	43	6	0.45552
Instant	73
1	649	25	1	0.273723
2	6	13	0	0
3	624	32	4	0
4	494	13	0	0
11	28	17	0	0
12	247	42	6	1.52439
13	26	13	0	0
14	20	43	5	0.435127
Instant	74
1	632	25	1	0.0463822
2	35	13	0	0
3	593	34	3	0
4	468	13	0	0
11	27	17	0	0.277778
12	323	45	6	0.919118
13	25	13	0	0
14	18	42	5	0.459098
Instant	75
1	677	24	1	0
2	18	13	0	0
3	599	33	3	0.0480769
4	474	13	0	0
11	30	16	0	0
12	268	47	6	0.568182
13	26	13	0	0
14	19	41	5	0.453795
Instant	76
1	655	25	1	0
2	32	13	0	0
3	609	33	3	0.288462
4	491	13	0	0
11	27	17	0	0
12	271	49	8	0.173611
13	26	13	0	0
14	20	42	6	0.398089
Instant	77
1	655	25	1	0
2	16	13	0	0
3	562	35	4	0.356415
4	465	13	0	0
11	29	17	0	0
12	290	44	9	0
13	25	13	0	0
14	19	42	6	0.336134
Instant	78
1	587	27	1	0.296443
2	17	13	0	0
3	541	38	4	0.161638
4	446	13	0	0
11	26	17	0	0
12	258	44	9	1.95312
13	23	13	0	0
14	17	43	6	0.685931
Instant	79
1	561	24	1	0.670103
2	20	13	0	0
3	574	33	4	0.653924
4	444	13	0	0
11	25	18	0	0
12	247	46	7	2.7027
13	25	13	0	0
14	17	45	6	0.616197
Instant	80
1	655	24	0	0
2	15	13	0	0
3	564	33	3	0.511247
4	462	13	0	0
11	29	18	0	0
12	281	45	7	0.189394
13	25	13	0	0
14	19	43	6	0.548986
Instant	81
1	566	27	1	0.6
2	17	13	0	0
3	571	35	4	0.510204
4	415	13	0	0
11	25	18	0	0
12	272	48	9	0.568182
13	24	13	0	0
14	16	45	7	0.454261
Instant	82
1	678	24	0	0
2	18	13	0	0
3	564	36	3	0.301811
4	463	13	0	0
11	29	17	0	0
12	271	44	5	0
13	25	13	0	0
14	19	45	6	0.253378
Instant	83
1	652	25	1	0.271739
2	29	13	0	0
3	578	33	3	0.300601
4	470	13	0	0
11	28	17	0	0
12	269	42	8	1.13636
13	25	13	0	0
14	18	42	6	0.625
Instant	84
1	663	25	1	0.0440141
2	12	13	0	0
3	590	36	5	0.347222
4	445	13	0	0
11	28	17	0	0
12	254	44	8	2.27273
13	25	13	0	0
14	18	45	7	0.437828
Instant	85
1	606	28	1	0
2	16	13	0	0
3	552	36	4	0.475687
4	440	13	0	0
11	27	17	0	0
12	273	47	9	0.480769
13	24	13	0	0
14	18	47	7	0.445633
Instant	86
1	640	26	1	0
2	16	13	0	0
3	551	36	4	0.0511247
4	451	13	0	0
11	27	17	0	0
12	315	47	7	0.183824
13	24	13	0	0
14	17	44	7	0.607639
Instant	87
1	653	25	1	0.044964
2	30	13	0	0
3	649	33	4	0.586643
4	441	13	0	0
11	28	17	0	0
12	239	48	8	2.75735
13	28	13	0	0
14	17	46	7	0.576241
Instant	88
1	653	27	1	0
2	19	13	0	0
3	650	34	4	0
4	485	13	0	0
11	27	17	0	0
12	228	48	8	4.39189
13	29	13	0	0
14	19	41	6	0.402576
Instant	89
1	529	26	1	0.319829
2	41	13	0	0
3	578	38	5	0.406504
4	416	13	0	0
11	24	18	1	0
12	258	52	8	2.57353
13	25	13	0	0
14	16	48	8	0.734834
Instant	90
1	652	25	1	0.272232
2	21	13	0	0
3	747	31	3	0
4	451	13	0	0
11	28	17	0	0
12	278	41	7	0.78125
13	32	13	0	0
14	17	43	6	0.564236
Instant	91
1	606	26	1	0.281955
2	55	13	0	0
3	664	37	5	0.3125
4	442	13	0	0
11	27	18	1	0
12	264	51	7	0.506757
13	28	13	0	0
14	17	42	6	0.678466
Instant	92
1	689	24	1	0
2	8	13	0	0
3	647	35	3	0.310284
4	462	13	0	0
11	29	17	0	0
12	292	46	7	0.189394
13	28	13	0	0
14	18	44	6	0.493514
Instant	93
1	605	26	1	0.27881
2	29	13	0	0
3	644	37	4	0.537634
4	453	13	0	0
11	27	17	0	0
12	250	48	9	2.27273
13	28	13	0	0
14	18	43	5	0.388601
Instant	94
1	660	25	0	0
2	21	13	0	0
3	585	33	3	1.32613
4	446	13	0	0
11	28	18	1	0
12	264	47	8	0
13	25	13	0	0
14	17	44	7	0.643275
Instant	95
1	662	24	1	0
2	32	13	0	0
3	555	35	3	0.455466
4	488	13	0	0
11	29	18	1	0
12	283	43	6	0.367647
13	25	13	0	0
14	19	42	6	0.400641
Instant	96
1	684	25	1	0
2	29	13	0	0
3	619	32	2	0
4	451	13	0	0
11	29	16	0	0
12	259	44	7	0.919118
13	27	13	0	0
14	17	42	6	0.649913
Instant	97
1	578	26	1	0.588235
2	38	13	0	0
3	538	36	3	0.476695
4	449	13	0	0
11	25	17	0	0
12	258	52	9	1.06707
13	24	13	0	0
14	18	45	8	0.390625
Instant	98
1	648	26	0	0
2	22	13	0	0
3	558	35	4	0.366876
4	432	13	0	0
11	27	18	0	0
12	309	46	8	1.83824
13	24	13	0	0
14	17	46	7	0.542495
Instant	99
1	662	25	1	0
2	11	13	0	0
3	570	36	3	0.153061
4	465	13	0	0
11	29	17	0	0
12	261	51	7	2.02206
13	25	13	0	0
14	18	42	6	0.630252
Instant	100
1	648	25	0	0
2	27	13	0	0
3	567	36	5	0.309917
4	439	13	0	0
11	28	17	0	0
12	259	46	9	1.01351
13	24	13	0	0
14	17	45	6	0.579323
Instant	101
1	641	26	1	0
2	47	13	0	0
3	561	34	4	0.365344
4	455	13	0	0
11	27	18	1	0
12	293	44	8	0.551471
13	24	13	0	0
14	18	44	6	0.60241
Instant	102
1	653	25	1	0
2	45	13	0	0
3	592	34	4	0
4	469	13	0	0
11	29	17	0	0
12	259	42	7	0
13	26	13	0	0
14	18	43	6	0.483693
Instant	103
1	662	26	1	0
2	44	13	0	0
3	575	35	5	0.614754
4	470	13	0	0
11	27	17	0	0
12	244	44	7	3.71622
13	25	13	0	0
14	18	44	6	0.723428
Instant	104
1	677	24	0	0
2	30	13	0	0
3	552	34	4	0.458248
4	488	13	0	0
11	29	17	0	0
12	292	45	7	0
13	25	13	0	0
14	20	43	6	0.45406
Instant	105
1	576	26	1	0.298211
2	38	13	0	0
3	580	36	5	0.350701
4	444	13	0	0
11	25	18	0	0
12	243	51	9	2.75735
13	25	13	0	0
14	18	46	7	0.381455
Instant	106
1	658	25	0	0
2	19	13	0	0
3	529	33	4	0.326087
4	463	13	0	0
11	28	17	0	0
12	274	45	9	0.168919
13	23	13	0	0
14	18	42	6	0.464527
Instant	107
1	615	27	1	0.286807
2	21	13	0	0
3	555	34	4	0.562372
4	435	13	0	0
11	26	17	0	0
12	279	49	9	0.735294
13	25	13	0	0
14	17	44	7	0.570571
Instant	108
1	634	27	1	0
2	35	13	0	0
3	556	37	5	0.639659
4	434	13	0	0
11	26	17	0	0
12	265	48	7	1.28676
13	24	13	0	0
14	17	46	7	0.583483
Instant	109
1	626	25	1	0
2	18	13	0	0
3	566	33	4	0.308008
4	448	13	0	0
11	27	19	1	0
12	241	49	10	2.23214
13	24	13	0	0
14	17	44	6	0.65445
Instant	110
1	641	26	1	0
2	11	13	0	0
3	562	34	2	0.301811
4	475	13	0	0
11	28	17	0	0
12	302	44	7	0
13	25	13	0	0
14	19	42	6	0.536304
Instant	111
1	570	28	2	0.668724
2	36	13	0	0
3	481	37	7	1.51515
4	420	13	0	0
11	24	17	0	0
12	239	52	8	4.59559
13	21	13	0	0
14	16	45	6	0.787037
Instant	112
1	604	26	1	0
2	24	13	0	0
3	581	36	4	0.050813
4	423	13	0	0
11	26	17	0	0
12	266	48	8	1.35135
13	25	13	0	0
14	16	45	6	0.836431
Instant	113
1	585	26	1	0.892857
2	23	13	0	0
3	551	36	4	0.308642
4	455	13	0	0
11	25	17	1	0
12	288	45	8	0
13	24	13	0	0
14	18	43	7	0.45819
Instant	114
1	654	25	1	0.0438596
2	19	13	0	0
3	606	33	3	0
4	469	13	0	0
11	29	17	0	0
12	262	49	9	0
13	26	13	0	0
14	19	43	6	0.333333
Instant	115
1	655	25	0	0
2	11	13	0	0
3	590	34	4	0.541339
4	437	13	0	0
11	28	17	0	0
12	238	45	7	3.88514
13	26	13	0	0
14	17	44	6	0.760286
Instant	116
1	588	26	1	0.295858
2	14	13	0	0
3	601	35	3	0.0499002
4	450	13	0	0
11	26	18	0	0
12	281	47	8	2.38971
13	25	13	0	0
14	17	44	6	0.737847
Instant	117
1	662	24	1	0
2	13	13	0	0
3	592	33	3	0.287356
4	446	13	0	0
11	29	17	0	0
12	262	40	6	0.735294
13	26	13	0	0
14	18	44	6	0.482456
Instant	118
1	662	25	1	0
2	28	13	0	0
3	621	32	2	0.0475285
4	455	13	0	0
11	28	17	0	0
12	274	44	7	0
13	26	13	0	0
14	18	43	6	0.686106
Instant	119
1	648	25	1	0
2	31	13	0	0
3	586	35	4	0
4	482	13	0	0
11	28	17	0	0
12	291	47	8	0
13	26	13	0	0
14	19	43	5	0.420054
