	T	D	J	LP
Instant	0
1	0	0	0	0
2	0	0	0	0
3	0	0	0	0
4	0	0	0	0
11	0	0	0	0
12	0	0	0	0
13	0	0	0	0
14	0	0	0	0
Instant	1
1	327	25	2	1.32743
2	16	13	0	0
3	183	45	6	0
4	226	13	0	0
11	14	17	0	0
12	138	45	7	0
13	7	13	0	0
14	7	39	7	0.0825083
Instant	2
1	1356	29	2	0.644759
2	37	13	0	0
3	600	39	6	1.11317
4	1354	13	0	0
11	62	17	0	0
12	324	52	7	0
13	27	13	0	0
14	56	40	3	0.408968
Instant	3
1	1436	26	1	0.407166
2	49	13	0	0
3	592	36	5	0.826848
4	1489	14	0	0
11	63	17	0	0
12	302	56	9	1.65441
13	26	13	0	0
14	63	38	2	0.131648
Instant	4
1	1156	25	1	0.508647
2	11	13	0	0
3	573	38	3	0.451807
4	1336	14	0	0
11	51	17	0	0
12	279	52	8	0.844595
13	25	13	0	0
14	59	40	3	0.102579
Instant	5
1	908	29	2	0.223214
2	32	14	1	0
3	553	41	6	0.208333
4	1376	14	0	0
11	40	18	0	0
12	304	51	10	0
13	24	13	0	0
14	59	36	2	0.0664389
Instant	6
1	1030	26	1	0
2	48	14	0	0
3	607	33	3	0.0483559
4	1322	13	0	0
11	45	17	0	0
12	272	45	6	0.735294
13	26	13	0	0
14	57	40	3	0.0296384
Instant	7
1	940	25	1	0
2	17	13	0	0
3	602	31	3	0.625
4	1273	13	0	0
11	41	18	0	0
12	273	46	8	0
13	26	13	0	0
14	54	38	3	0.112751
Instant	8
1	1076	26	1	0
2	22	13	0	0
3	585	35	4	0.297619
4	1176	13	0	0
11	45	16	0	0
12	284	46	8	0.551471
13	25	13	0	0
14	52	37	4	0.0833889
Instant	9
1	1035	24	1	0
2	21	13	0	0
3	631	35	4	0
4	1067	13	0	0
11	46	17	0	0
12	259	43	7	0.919118
13	27	13	0	0
14	45	39	3	0.195503
Instant	10
1	1044	25	0	0
2	47	13	0	0
3	695	35	3	0
4	883	13	0	0
11	45	17	0	0
12	264	46	6	0
13	30	13	0	0
14	36	37	4	0.251182
Instant	11
1	1034	26	1	0
2	39	13	0	0
3	755	36	3	0
4	756	13	0	0
11	44	17	0	0
12	284	47	7	0
13	33	13	0	0
14	32	39	4	0.30162
Instant	12
1	838	25	1	0.72314
2	29	13	0	0
3	633	39	7	0.67325
4	798	13	0	0
11	37	17	0	0
12	253	53	10	1.47059
13	28	13	0	0
14	33	39	4	0.245339
Instant	13
1	781	24	0	0.4329
2	37	13	0	0
3	686	39	4	0.0431779
4	756	13	0	0
11	35	18	0	0
12	273	46	8	0
13	29	13	0	0
14	32	41	4	0.121024
Instant	14
1	745	26	1	0.312989
2	16	13	0	0
3	606	35	3	0.332068
4	708	13	0	0
11	32	17	0	0
12	325	47	6	0
13	27	13	0	0
14	30	40	4	0.193798
Instant	15
1	681	27	2	0.385935
2	17	13	0	0
3	592	37	4	0.29703
4	684	13	0	0
11	30	17	0	0
12	283	49	6	0.183824
13	25	13	0	0
14	29	41	4	0.0572082
Instant	16
1	773	28	2	0.707899
2	40	13	0	0
3	601	38	5	0.0488281
4	658	13	0	0
11	34	16	0	0
12	256	43	5	1.18243
13	26	13	0	0
14	28	39	5	0.198177
Instant	17
1	863	25	2	0.235849
2	40	13	0	0
3	662	35	4	0.0437063
4	629	13	0	0
11	38	17	0	0
12	273	43	6	0.183824
13	29	13	0	0
14	25	38	4	0.279851
Instant	18
1	714	26	1	0.119427
2	28	13	0	0
3	605	37	5	0.665399
4	593	13	0	0
11	31	18	0	0.488599
12	273	50	8	0.919118
13	27	13	0	0
14	25	40	6	0.308234
Instant	19
1	718	25	1	0.124585
2	22	13	0	0
3	651	32	3	0.359712
4	604	13	0	0
11	31	17	0	0
12	270	44	6	0
13	28	13	0	0
14	25	39	5	0.194301
Instant	20
1	671	25	1	0
2	10	13	0	0
3	541	37	4	0.478723
4	578	13	0	0
11	29	19	1	0
12	283	49	7	0.735294
13	24	13	0	0
14	24	40	5	0.282678
Instant	21
1	800	25	1	0
2	36	13	0	0
3	555	36	3	0.517598
4	589	13	0	0
11	34	16	0	0
12	271	47	7	0
13	24	13	0	0
14	24	37	4	0.331565
Instant	22
1	848	25	1	0
2	23	13	0	0
3	571	34	3	0.306748
4	592	13	0	0
11	38	17	0	0
12	273	41	7	0
13	25	13	0	0
14	25	39	5	0.165344
Instant	23
1	767	26	1	0.276899
2	23	13	0	0
3	510	38	4	0.226757
4	604	13	0	0
11	32	17	0	0
12	273	49	8	2.02206
13	22	13	0	0
14	25	38	4	0.150927
Instant	24
1	760	26	1	0.225225
2	22	13	0	0
3	542	35	5	1.31303
4	580	13	0	0
11	34	17	0	0
12	238	45	7	2.38971
13	24	13	0	0
14	24	39	5	0.236167
Instant	25
1	779	25	1	0
2	14	13	0	0
3	533	34	4	0.365344
4	587	13	0	0
11	33	17	0	0
12	270	44	7	0.446429
13	24	13	0	0
14	24	37	4	0.266312
Instant	26
1	767	25	1	0
2	17	13	0	0
3	477	34	4	1.47406
4	557	13	0	0
11	33	17	0	0
12	301	39	4	1.47059
13	21	13	0	0
14	23	38	5	0.269573
Instant	27
1	749	25	1	0.232558
2	8	13	0	0
3	585	35	3	0
4	481	13	0	0
11	32	17	0	0
12	270	47	7	1.28676
13	25	13	0	0
14	19	43	5	0.338203
Instant	28
1	727	25	1	0.160514
2	17	13	0	0
3	590	35	3	0.347222
4	559	13	0	0
11	32	17	0	0
12	262	42	6	1.5625
13	25	13	0	0
14	22	36	4	0.385154
Instant	29
1	671	26	1	0.25641
2	37	13	0	0
3	570	35	3	0
4	538	13	0	0
11	30	17	0	0
12	290	41	5	0
13	25	13	0	0
14	22	38	4	0.327511
Instant	30
1	664	26	1	0.182149
2	21	13	0	0
3	556	35	4	0.729167
4	538	13	0	0
11	27	18	1	0.352113
12	245	43	6	3.86029
13	24	13	0	0
14	22	41	5	0.254731
Instant	31
1	644	25	0	0
2	26	13	0	0
3	587	34	3	0.1
4	563	13	0	0
11	28	17	0	0
12	260	42	5	1.18243
13	25	13	0	0
14	23	37	4	0.219907
Instant	32
1	645	26	1	0
2	20	13	0	0
3	567	34	3	0.554435
4	549	13	0	0
11	28	17	0	0
12	275	42	6	2.02206
13	25	13	0	0
14	23	38	5	0.249288
Instant	33
1	628	27	1	0
2	25	13	0	0
3	552	35	4	0.367647
4	568	13	0	0
11	27	17	0	0
12	265	50	9	0.551471
13	24	13	0	0
14	24	41	5	0.172414
Instant	34
1	655	24	1	0
2	35	13	0	0
3	585	33	3	0.247525
4	571	13	0	0
11	28	18	0	0
12	264	46	7	1.01351
13	25	13	0	0
14	24	38	5	0.159817
Instant	35
1	655	25	1	0
2	22	13	0	0
3	599	33	3	0.144788
4	582	13	0	0
11	28	17	0	0
12	273	44	5	1.28676
13	26	13	0	0
14	24	37	4	0.112007
Instant	36
1	625	25	1	0.335893
2	40	13	0	0
3	530	38	5	0.437637
4	544	13	0	0
11	26	17	0	0
12	264	42	7	0.919118
13	23	13	0	0
14	23	39	4	0.239808
Instant	37
1	640	26	1	0
2	23	13	0	0
3	580	33	3	0.2
4	557	13	0	0
11	28	17	0	0
12	261	41	5	0.595238
13	25	13	0	0
14	22	36	4	0.386779
Instant	38
1	643	26	2	0.0902527
2	39	13	0	0
3	605	34	4	0.243191
4	517	13	0	0
11	28	17	0	0
12	317	48	9	0.919118
13	26	13	0	0
14	22	41	5	0.188822
Instant	39
1	662	25	1	0
2	22	13	0	0
3	579	33	3	0.34585
4	558	13	0	0
11	29	16	0	0
12	284	48	7	0.735294
13	25	13	0	0
14	22	38	5	0.316011
Instant	40
1	683	24	1	0
2	23	13	0	0
3	568	36	4	0.461066
4	510	13	0	0
11	29	16	0	0
12	263	43	7	0.844595
13	25	13	0	0
14	21	42	5	0.268405
Instant	41
1	655	26	1	0
2	10	13	0	0
3	541	36	4	0.478723
4	543	13	0	0
11	28	16	0	0
12	290	46	7	0.551471
13	24	13	0	0
14	22	41	5	0.275779
Instant	42
1	676	24	0	0
2	40	13	0	0
3	596	34	3	0.344488
4	596	13	0	0
11	28	17	0	0
12	265	42	6	0.919118
13	25	13	0	0
14	25	35	3	0.164258
Instant	43
1	684	24	0	0
2	11	13	0	0
3	639	31	2	0
4	612	13	0	0
11	30	16	0	0
12	268	40	5	0
13	27	13	0	0
14	25	36	4	0.192061
Instant	44
1	655	24	0	0
2	25	13	0	0
3	539	36	3	0.41841
4	593	13	0	0
11	28	17	1	0
12	293	44	7	0
13	24	13	0	0
14	24	36	4	0.274123
Instant	45
1	641	26	1	0
2	10	13	0	0
3	581	35	5	0.303644
4	533	13	0	0
11	28	17	0	0
12	268	50	7	0.735294
13	25	13	0	0
14	22	40	4	0.269608
Instant	46
1	612	26	1	0.289017
2	17	13	0	0
3	551	37	5	0.464876
4	564	13	0	0
11	26	16	0	0
12	251	46	7	1.85811
13	24	13	0	0
14	23	36	5	0.392973
Instant	47
1	641	25	1	0
2	38	13	0	0
3	559	35	4	0.311203
4	572	13	0	0
11	28	18	1	0
12	292	36	4	0.183824
13	24	13	0	0
14	24	38	4	0.171468
Instant	48
1	610	25	1	0.575816
2	39	13	0	0
3	464	39	5	1.30641
4	545	13	0	0
11	26	17	0	0
12	268	45	7	0
13	21	13	0	0
14	22	37	4	0.395115
Instant	49
1	642	25	1	0
2	26	13	0	0
3	550	34	4	0.679916
4	524	13	0	0
11	28	18	1	0
12	220	49	8	2.67857
13	24	13	0	0
14	21	41	5	0.186289
Instant	50
1	648	25	1	0
2	20	13	0	0
3	557	34	4	0.765306
4	565	13	0	0
11	28	17	0	0
12	286	42	7	2.38971
13	25	13	0	0
14	24	37	5	0.208044
Instant	51
1	677	24	1	0
2	20	13	0	0
3	621	33	2	0.141509
4	573	13	0	0
11	29	17	0	0
12	307	52	7	0
13	27	13	0	0
14	24	37	4	0.204918
Instant	52
1	682	24	1	0
2	23	13	0	0
3	586	34	3	0.0499002
4	553	13	0	0
11	29	17	0	0
12	250	38	6	1.38889
13	25	13	0	0
14	23	38	5	0.141044
Instant	53
1	657	25	1	0
2	44	13	0	0
3	601	32	3	0.290135
4	558	13	0	0
11	28	16	0	0
12	280	42	7	0.551471
13	26	13	0	0
14	23	37	5	0.246132
Instant	54
1	660	25	1	0
2	25	13	0	0
3	534	34	3	0.378788
4	558	13	0	0
11	29	17	0	0
12	269	41	6	1.28676
13	23	13	0	0
14	22	39	4	0.27972
Instant	55
1	669	25	1	0
2	27	13	0	0
3	577	33	2	0.049505
4	582	13	0	0
11	28	17	0	0
12	261	39	6	1.01351
13	25	13	0	0
14	24	36	4	0.134409
Instant	56
1	608	28	1	0
2	36	13	0	0
3	581	37	5	0.307377
4	535	13	0	0
11	26	17	0	0
12	271	45	6	1.47059
13	25	13	0	0
14	22	39	4	0.328947
Instant	57
1	633	27	1	0.137363
2	17	13	0	0
3	547	34	4	0.263158
4	593	13	0	0
11	28	17	0	0
12	273	47	6	0.735294
13	24	13	0	0
14	24	38	4	0.131926
Instant	58
1	634	26	1	0
2	20	13	0	0
3	579	35	5	0.451807
4	571	13	0	0
11	27	18	0	0
12	270	46	7	1.01351
13	25	13	0	0
14	24	39	5	0.251486
Instant	59
1	627	25	1	0.555556
2	31	13	0	0
3	544	35	4	0.314465
4	568	13	0	0
11	27	17	0	0
12	298	45	6	0
13	24	13	0	0
14	23	37	4	0.321396
Instant	60
1	648	25	1	0
2	7	13	0	0
3	612	34	5	0.241313
4	559	13	0	0
11	28	18	0	0
12	272	47	8	0.735294
13	26	13	0	0
14	24	40	6	0.186741
Instant	61
1	684	24	0	0
2	27	13	0	0
3	600	32	2	0.290135
4	651	13	0	0
11	29	16	0	0
12	276	41	5	0
13	26	13	0	0
14	27	35	3	0.200562
Instant	62
1	641	25	0	0
2	24	13	0	0
3	540	34	3	0.736842
4	594	13	0	0
11	28	18	1	0
12	332	47	8	1.28676
13	24	13	0	0
14	25	38	5	0.164474
Instant	63
1	660	25	1	0
2	37	13	0	0
3	581	34	4	0.3
4	587	13	0	0
11	28	18	1	0
12	273	45	7	0.183824
13	25	13	0	0
14	24	39	4	0.188889
Instant	64
1	655	25	1	0
2	27	13	0	0
3	590	34	3	0
4	555	13	0	0
11	28	17	0	0
12	261	42	6	0
13	26	13	0	0
14	23	38	5	0.211566
Instant	65
1	588	26	1	0.386847
2	18	13	0	0
3	607	36	5	0
4	567	13	0	0
11	26	17	0	0
12	275	42	7	4.22794
13	25	13	0	0
14	23	38	4	0.310345
Instant	66
1	662	24	0	0
2	24	13	0	0
3	524	33	4	0.541126
4	536	13	0	0
11	29	17	0	0
12	273	44	6	0.183824
13	23	13	0	0
14	22	41	5	0.219298
Instant	67
1	663	25	1	0
2	36	13	0	0
3	577	34	3	0.350701
4	548	13	0	0
11	28	17	0	0
12	265	40	6	0.168919
13	25	13	0	0
14	22	39	5	0.320513
Instant	68
1	645	25	1	0.26643
2	24	13	0	0
3	601	34	4	0.0972763
4	557	13	0	0
11	28	16	0	0
12	275	44	8	1.5625
13	26	13	0	0
14	23	36	4	0.316456
Instant	69
1	575	25	1	1.05422
2	31	13	0	0
3	593	35	5	0.195312
4	529	13	0	0
11	25	17	0	0
12	277	49	6	0
13	26	13	0	0
14	22	40	6	0.259259
Instant	70
1	620	25	1	0
2	39	13	0	0
3	593	36	5	0.0498008
4	549	13	0	0
11	27	17	0	0
12	264	45	7	1.18243
13	25	13	0	0
14	22	38	4	0.237079
Instant	71
1	632	26	1	0
2	27	13	0	0
3	589	37	6	0
4	536	13	0	0
11	27	18	0	0
12	281	46	8	1.47059
13	25	13	0	0
14	22	40	5	0.315381
Instant	72
1	636	25	1	0.274725
2	4	13	0	0
3	571	39	5	0.30426
4	538	13	0	0
11	27	17	0	0
12	261	42	5	1.32576
13	25	13	0	0
14	22	41	6	0.15792
Instant	73
1	586	25	1	0.242248
2	24	13	0	0
3	578	38	6	0.450902
4	532	13	0	0
11	26	17	0	0
12	252	46	7	1.06707
13	25	13	0	0
14	21	39	5	0.330882
Instant	74
1	674	24	1	0
2	10	13	0	0
3	681	35	4	0.0428816
4	547	13	0	0
11	29	17	0	0
12	324	43	5	0
13	29	13	0	0
14	23	40	4	0.107296
Instant	75
1	648	26	1	0
2	30	13	0	0
3	606	37	5	0.6238
4	529	13	0	0
11	28	17	0	0
12	244	46	9	3.2197
13	26	13	0	0
14	22	40	5	0.184094
Instant	76
1	648	26	1	0
2	11	13	0	0
3	571	35	3	0.756048
4	529	13	0	0
11	28	17	0	0
12	273	42	6	0
13	25	13	0	0
14	21	40	5	0.406805
Instant	77
1	667	25	1	0
2	20	13	0	0
3	698	33	3	0.330033
4	541	13	0	0
11	29	17	0	0
12	297	42	7	0
13	31	13	0	0
14	22	39	5	0.253256
Instant	78
1	627	25	0	0.277778
2	27	13	0	0
3	712	33	3	0.0401284
4	564	13	0	0
11	27	17	0	0
12	276	47	7	0
13	31	13	0	0
14	23	38	4	0.127315
Instant	79
1	598	25	1	0.382409
2	38	13	0	0
3	647	35	3	0.0452899
4	559	13	0	0
11	26	17	0	0
12	272	42	4	0
13	28	13	0	0
14	23	37	4	0.315126
Instant	80
1	566	26	2	0.362319
2	29	13	0	0
3	598	36	6	0.722543
4	536	13	0	0
11	24	17	0	0
12	248	46	6	2.46212
13	26	13	0	0
14	22	39	5	0.14556
Instant	81
1	634	26	1	0
2	16	13	0	0
3	600	38	6	0.436047
4	549	13	0	0
11	27	18	0	0
12	248	45	6	3.78788
13	26	13	0	0
14	22	38	5	0.202381
Instant	82
1	653	25	1	0
2	25	13	0	0
3	692	35	3	0
4	547	13	0	0
11	28	18	0	0
12	265	39	6	0.535714
13	30	13	0	0
14	22	39	5	0.226514
Instant	83
1	608	25	1	0.28626
2	19	13	0	0
3	590	34	4	0.775194
4	554	13	0	0
11	26	18	0	0
12	273	41	5	1.51515
13	26	13	0	0
14	23	37	4	0.247525
Instant	84
1	648	24	0	0.268817
2	8	13	0	0
3	680	35	4	0
4	549	13	0	0
11	28	17	0	0
12	267	46	6	0.189394
13	30	13	0	0
14	22	39	4	0.2849
Instant	85
1	620	24	1	0.047259
2	12	13	0	0
3	591	35	4	0.882353
4	536	13	0	0
11	27	17	0	0
12	273	48	9	0.480769
13	26	13	0	0
14	22	40	4	0.292398
Instant	86
1	662	25	1	0
2	43	13	0	0
3	600	36	4	0.0482625
4	574	13	0	0
11	28	17	0	0
12	324	44	7	0.551471
13	26	13	0	0
14	23	37	4	0.317029
Instant	87
1	620	26	1	0
2	33	13	0	0
3	629	35	6	0.637523
4	551	13	0	0
11	28	18	0	0
12	241	44	7	2.02206
13	28	13	0	0
14	23	40	5	0.307765
Instant	88
1	677	24	0	0
2	38	13	0	0
3	555	34	4	0.711382
4	599	13	0	0
11	29	16	0	0
12	271	44	6	2.02703
13	25	13	0	0
14	24	38	4	0.163399
Instant	89
1	646	26	1	0
2	24	13	0	0
3	588	35	4	0
4	544	13	0	0
11	27	18	0	0
12	266	45	6	2.20588
13	25	13	0	0
14	23	41	5	0.216138
Instant	90
1	639	25	1	0
2	30	13	0	0
3	599	34	3	0.34585
4	596	13	0	0
11	28	18	0	0
12	264	40	5	0.78125
13	25	13	0	0
14	24	37	5	0.196592
Instant	91
1	698	24	0	0
2	13	13	0	0
3	632	32	2	0
4	580	13	0	0
11	30	16	0	0
12	269	40	5	0
13	27	13	0	0
14	24	37	4	0.236486
Instant	92
1	626	27	1	0
2	18	13	0	0
3	559	36	4	0.154321
4	540	13	0	0
11	27	18	0	0
12	284	43	6	0.568182
13	24	13	0	0
14	22	39	5	0.108538
Instant	93
1	660	25	1	0.0443262
2	31	13	0	0
3	552	36	5	0.568182
4	540	13	0	0
11	28	16	0	0
12	253	45	8	1.51515
13	24	13	0	0
14	22	38	5	0.289436
Instant	94
1	643	26	1	0
2	5	14	0	0
3	597	36	4	0.0988142
4	540	13	0	0
11	27	17	0	0
12	250	43	6	1.18243
13	25	13	0	0
14	22	39	5	0.338164
Instant	95
1	634	27	1	0
2	26	13	0	0
3	577	34	3	0.301811
4	529	13	0	0
11	28	16	0	0
12	286	44	6	0
13	25	13	0	0
14	21	40	5	0.220913
Instant	96
1	655	25	1	0
2	10	13	0	0
3	574	35	3	0.2
4	532	13	0	0
11	28	17	0	0
12	256	45	6	1.10294
13	25	13	0	0
14	22	38	5	0.441826
Instant	97
1	648	26	1	0
2	24	13	0	0
3	576	34	3	0.304878
4	580	13	0	0
11	28	17	0	0
12	259	38	5	1.06707
13	25	13	0	0
14	24	38	4	0.123707
Instant	98
1	698	24	1	0
2	38	13	0	0
3	580	34	4	0.498008
4	552	13	0	0
11	29	16	0	0
12	305	42	6	0.183824
13	25	13	0	0
14	23	37	4	0.36643
Instant	99
1	648	26	1	0
2	23	13	0	0
3	607	33	3	0.145914
4	543	13	0	0
11	28	17	0	0
12	291	49	7	0.735294
13	26	13	0	0
14	22	38	5	0.252525
Instant	100
1	691	24	0	0
2	17	13	0	0
3	605	33	2	0.0478927
4	569	13	0	0
11	29	16	0	0
12	270	40	5	0
13	26	13	0	0
14	24	38	5	0.206327
Instant	101
1	670	25	0	0
2	46	13	0	0
3	578	36	3	0
4	551	13	0	0
11	29	17	0	0
12	298	40	6	0
13	25	13	0	0
14	23	38	4	0.141844
Instant	102
1	662	25	1	0
2	55	13	0	0
3	580	34	3	0.302419
4	537	13	0	0
11	29	17	0	0
12	257	44	6	1.47059
13	25	13	0	0
14	22	39	5	0.303693
Instant	103
1	641	25	1	0
2	23	13	0	0
3	508	38	5	0.78125
4	524	13	0	0
11	28	18	1	0
12	249	44	6	2.19595
13	22	13	0	0
14	21	37	5	0.422255
Instant	104
1	684	24	1	0
2	5	13	0	0
3	614	33	4	0.576923
4	553	13	0	0
11	29	17	0	0
12	294	43	5	0
13	26	13	0	0
14	23	39	5	0.212766
Instant	105
1	662	25	1	0
2	9	13	0	0
3	612	33	4	0
4	579	13	0	0
11	28	17	0	0
12	270	44	6	0
13	27	13	0	0
14	24	37	4	0.247413
Instant	106
1	645	25	1	0
2	11	13	0	0
3	583	35	2	0
4	551	13	0	0
11	28	17	0	0
12	270	43	7	0
13	25	13	0	0
14	23	40	5	0.106383
Instant	107
1	659	25	1	0
2	14	13	0	0
3	604	33	3	0
4	564	13	0	0
11	28	17	0	0
12	283	46	7	1.28676
13	26	13	0	0
14	23	37	5	0.208333
Instant	108
1	660	24	1	0.269784
2	28	13	0	0
3	561	35	4	0.456389
4	560	13	0	0
11	28	17	0	0
12	255	50	8	1.47059
13	25	13	0	0
14	23	37	4	0.291375
Instant	109
1	662	25	1	0
2	29	13	0	0
3	544	36	3	0.321199
4	581	13	0	0
11	29	17	0	0
12	251	41	6	1.6369
13	24	13	0	0
14	24	37	4	0.134409
Instant	110
1	669	24	0	0
2	14	14	0	0
3	613	33	3	0.0481696
4	590	13	0	0
11	29	17	1	0
12	323	42	7	0.585938
13	26	13	0	0
14	24	36	5	0.198939
Instant	111
1	672	24	0	0
2	21	13	0	0
3	565	37	4	0
4	576	13	0	0
11	29	17	0	0
12	269	42	5	0
13	25	13	0	0
14	24	36	4	0.260063
Instant	112
1	677	24	0	0
2	25	13	0	0
3	595	35	3	0
4	568	13	0	0
11	29	17	0	0
12	261	42	6	1.18243
13	25	13	0	0
14	24	37	4	0.241713
Instant	113
1	676	24	0	0
2	23	13	0	0
3	543	33	4	0.639659
4	553	13	0	0
11	29	16	0	0
12	290	43	6	0
13	24	13	0	0
14	22	37	4	0.282885
Instant	114
1	688	24	0	0
2	31	13	0	0
3	638	31	3	0
4	571	13	0	0
11	30	17	0	0
12	272	41	6	0
13	27	13	0	0
14	24	37	4	0.102881
Instant	115
1	676	25	1	0
2	14	13	0	0
3	594	34	4	0.191571
4	546	13	0	0
11	29	16	0	0
12	261	43	6	0.844595
13	26	13	0	0
14	23	38	5	0.250716
Instant	116
1	670	25	0	0
2	30	13	0	0
3	579	35	4	0.305499
4	553	13	0	0
11	29	17	0	0
12	303	42	7	0
13	25	13	0	0
14	22	38	5	0.212164
Instant	117
1	663	24	0	0
2	34	13	0	0
3	584	36	3	0
4	538	13	0	0
11	28	17	0	0
12	269	41	7	0
13	25	13	0	0
14	22	40	5	0.181686
Instant	118
1	662	25	1	0
2	21	13	0	0
3	519	35	4	0.551876
4	532	13	0	0
11	28	17	0	0
12	266	45	6	1.01351
13	23	13	0	0
14	21	42	5	0.416667
Instant	119
1	627	27	1	0
2	31	13	0	0
3	598	33	2	0.347222
4	562	13	0	0
11	27	17	0	0
12	248	47	8	4.04412
13	25	13	0	0
14	23	39	5	0.27894
