	T	D	J	LP
Instant	0
1	0	0	0	0
2	0	0	0	0
3	0	0	0	0
4	0	0	0	0
11	0	0	0	0
12	0	0	0	0
13	0	0	0	0
14	0	0	0	0
Instant	1
1	408	25	2	0
2	22	13	0	0
3	292	37	5	0
4	259	13	0	0
11	15	17	0	0
12	138	43	6	0
13	12	13	0	0
14	9	42	6	0.0241546
Instant	2
1	1495	28	2	0
2	29	13	0	0
3	977	47	7	0.844005
4	1283	14	0	0
11	68	18	0	0
12	301	53	10	1.47059
13	44	13	0	0
14	54	39	2	0.188238
Instant	3
1	1374	29	2	0
2	45	13	0	0
3	719	39	6	2.207
4	1405	14	0	0
11	59	17	0	0
12	299	54	9	2.02206
13	34	13	0	0
14	59	38	2	0.274062
Instant	4
1	1308	27	2	0.0450045
2	17	13	0	0
3	829	36	6	0.884354
4	1189	14	0	0
11	57	17	0	0
12	264	53	9	1.52027
13	37	13	0	0
14	52	39	4	0.120773
Instant	5
1	1015	27	1	0
2	19	13	0	0
3	972	39	6	0.475624
4	1148	13	0	0
11	45	17	0	0
12	289	53	10	3.49265
13	43	13	0	0
14	49	38	3	0.19909
Instant	6
1	926	26	1	0
2	16	13	0	0
3	851	38	5	0.403769
4	1010	13	0	0
11	40	17	0	0
12	250	51	11	2.75735
13	38	13	0	0
14	42	38	4	0.213178
Instant	7
1	962	26	1	0
2	31	13	0	0
3	726	39	4	0.68328
4	936	13	0	0
11	42	17	0	0
12	270	52	10	0.506757
13	32	13	0	0
14	40	38	4	0.10469
Instant	8
1	959	25	1	0
2	13	13	0	0
3	608	35	4	0.572519
4	874	13	0	0
11	41	17	0	0
12	269	48	8	1.65441
13	26	13	0	0
14	36	38	3	0.193625
Instant	9
1	922	29	2	0
2	20	13	0	0
3	597	34	5	0.65666
4	812	13	0	0
11	40	18	0	0
12	247	52	9	2.38971
13	27	13	0	0
14	34	39	4	0.225225
Instant	10
1	881	26	2	0.0996016
2	37	13	0	0
3	713	37	5	0.323625
4	761	13	0	0
11	39	18	0	0
12	244	51	8	1.52027
13	31	13	0	0
14	32	39	4	0.154321
Instant	11
1	716	26	2	0.316957
2	38	13	0	0
3	535	38	5	1.56904
4	698	13	0	0
11	32	18	0	0
12	278	54	8	1.10294
13	24	13	0	0
14	29	39	4	0.308642
Instant	12
1	526	28	1	1.44231
2	31	13	0	0
3	708	34	4	0.123762
4	741	13	0	0
11	24	18	0	0
12	248	50	10	2.02206
13	30	13	0	0
14	31	37	4	0.105597
Instant	13
1	551	31	3	0.630252
2	16	13	0	0
3	578	36	5	0.927734
4	693	13	0	0
11	24	18	0	0
12	256	50	7	1.6369
13	26	13	0	0
14	28	40	5	0.310034
Instant	14
1	565	28	3	0.978474
2	7	13	0	0
3	572	35	4	0.855131
4	733	13	0	0
11	26	17	0	0
12	294	47	6	0.367647
13	25	13	0	0
14	30	37	4	0.204772
Instant	15
1	551	27	2	0.574113
2	39	13	0	0
3	498	36	6	0.898876
4	689	13	0	0
11	24	17	0	0
12	274	52	8	3.86029
13	22	13	0	0
14	30	40	5	0.113636
Instant	16
1	578	27	2	1.19048
2	9	13	0	0
3	537	36	3	1.00849
4	698	13	0	0
11	25	18	0	0
12	254	47	9	1.18243
13	24	13	0	0
14	29	40	4	0.0840807
Instant	17
1	594	31	2	0.290135
2	39	13	0	0
3	514	36	5	0.604396
4	696	13	0	0
11	26	16	0	0
12	263	47	7	0.919118
13	23	13	0	0
14	29	37	4	0.19685
Instant	18
1	625	26	2	0.546448
2	20	13	0	0
3	590	34	3	0.298805
4	687	13	0	0
11	28	18	0	0
12	258	55	9	2.38971
13	25	13	0	0
14	28	38	4	0.171233
Instant	19
1	744	28	2	0.232198
2	28	13	0	0
3	494	33	3	1.28924
4	682	13	0	0
11	33	17	0	0
12	256	51	9	2.19595
13	23	13	0	0
14	29	38	5	0.258621
Instant	20
1	777	26	1	0.222222
2	46	13	0	0
3	562	35	3	0.564682
4	673	13	0	0
11	34	17	0	0
12	281	50	9	1.10294
13	24	13	0	0
14	28	38	4	0.14518
Instant	21
1	1074	24	2	0
2	20	13	0	0
3	587	35	3	0.150905
4	687	13	0	0
11	46	16	0	0
12	263	46	7	0.919118
13	25	13	0	0
14	29	39	4	0.0570125
Instant	22
1	840	26	1	0.345781
2	24	13	0	0
3	701	34	3	0.122951
4	693	13	0	0
11	37	19	0	0
12	267	51	7	0.506757
13	30	13	0	0
14	29	39	4	0.187899
Instant	23
1	695	27	2	0.757576
2	13	13	0	0
3	548	43	6	1.28866
4	666	13	0	0
11	30	17	0	0
12	279	53	10	1.10294
13	25	13	0	0
14	27	41	4	0.323149
Instant	24
1	682	27	3	0.594227
2	24	13	0	0
3	579	35	5	0.0499002
4	681	13	0	0
11	30	17	0	0
12	241	55	13	1.65441
13	25	13	0	0
14	28	38	5	0.240015
Instant	25
1	623	28	3	0.724638
2	26	13	0	0
3	518	37	4	0.334821
4	692	13	0	0
11	28	18	0	0
12	257	46	7	1.93452
13	23	13	0	0
14	29	38	5	0.225734
Instant	26
1	671	28	1	0.350263
2	23	13	0	0
3	506	36	5	1.23318
4	633	13	0	0
11	29	17	0	0
12	293	47	9	0.919118
13	22	13	0	0
14	27	40	5	0.185874
Instant	27
1	634	27	2	0
2	21	13	0	0
3	451	38	5	1.16995
4	587	13	0	0
11	28	18	0	0
12	260	47	8	2.20588
13	21	13	0	0
14	24	41	5	0.4
Instant	28
1	577	29	2	0.787402
2	34	13	0	0
3	559	34	3	0.657895
4	630	13	0	0
11	26	18	0	0
12	266	47	8	2.77778
13	25	13	0	0
14	26	36	4	0.207039
Instant	29
1	564	26	1	0.609756
2	27	13	0	0
3	574	35	4	0.154321
4	658	13	0	0
11	24	17	0	0
12	295	48	9	0.551471
13	24	13	0	0
14	28	36	4	0.119048
Instant	30
1	590	27	2	0.249501
2	31	13	0	0
3	531	33	4	0.792812
4	602	13	0	0
11	25	17	0	0
12	263	53	10	1.10294
13	23	13	0	0
14	25	42	6	0.130039
Instant	31
1	567	26	1	0
2	33	13	0	0
3	585	35	2	0.294695
4	595	13	0	0
11	24	17	0	0.413223
12	265	50	9	1.18243
13	25	13	0	0
14	25	39	4	0.295664
Instant	32
1	535	28	2	0.160944
2	26	13	0	0
3	724	38	5	0.35828
4	617	13	0	0
11	23	17	0	0
12	281	44	7	1.47059
13	31	13	0	0
14	25	38	4	0.211775
Instant	33
1	544	28	2	0.949367
2	40	14	0	0
3	698	37	6	0.619835
4	618	13	0	0
11	24	17	0	0
12	272	52	11	0.919118
13	31	13	0	0
14	26	38	4	0.158228
Instant	34
1	575	26	2	0.694444
2	28	13	0	0
3	635	34	4	0.461255
4	641	13	0	0
11	26	18	0	0
12	248	57	11	2.02703
13	28	13	0	0
14	27	37	4	0.132275
Instant	35
1	622	26	1	0.283019
2	19	13	0	0
3	628	33	3	0.636364
4	647	13	0	0
11	26	17	0	0
12	247	47	8	3.67647
13	28	13	0	0
14	27	39	5	0.150966
Instant	36
1	588	29	2	0.0994036
2	14	13	0	0
3	605	34	3	0.567108
4	625	13	0	0
11	25	18	0	0
12	265	50	10	0.919118
13	26	13	0	0
14	26	40	5	0.250627
Instant	37
1	626	25	2	0.277264
2	32	13	0	0
3	590	40	6	1.00768
4	617	13	0	0
11	27	18	1	0
12	231	49	8	2.97619
13	26	13	0	0
14	25	39	4	0.25413
Instant	38
1	650	25	1	0
2	16	13	0	0
3	666	33	3	0
4	609	13	0	0
11	28	17	0	0
12	313	48	8	0.735294
13	28	13	0	0
14	26	39	5	0.160668
Instant	39
1	588	25	1	0.591716
2	32	13	0	0
3	545	34	4	0.918367
4	580	13	0	0
11	25	17	0	0
12	271	52	10	1.28676
13	25	13	0	0
14	24	39	5	0.235532
Instant	40
1	612	26	1	0.28463
2	36	13	0	0
3	534	35	4	0.809935
4	589	13	0	0
11	26	17	0	0
12	246	42	8	3.71622
13	23	13	0	0
14	25	38	4	0.199468
Instant	41
1	620	26	1	0
2	26	13	0	0
3	614	34	4	0.0471698
4	581	13	0	0
11	26	17	0	0
12	242	44	9	4.41176
13	26	13	0	0
14	24	38	4	0.269179
Instant	42
1	613	26	2	0.373134
2	33	13	0	0
3	608	34	3	0
4	582	13	0	0
11	27	17	0	0
12	269	48	9	1.10294
13	26	13	0	0
14	24	39	5	0.167785
Instant	43
1	611	25	1	0
2	30	13	0	0
3	509	34	3	1.05556
4	584	13	0	0
11	27	18	1	0
12	260	47	8	0.844595
13	22	13	0	0
14	24	38	5	0.16756
Instant	44
1	650	26	1	0.271248
2	18	13	0	0
3	663	34	3	0.304878
4	615	13	0	0
11	28	17	0	0
12	288	47	9	0.551471
13	29	13	0	0
14	26	38	5	0.191327
Instant	45
1	524	26	2	0.792812
2	19	13	0	0
3	653	33	3	0.571177
4	647	13	0	0
11	24	17	0	0
12	270	50	8	0.735294
13	29	13	0	0
14	27	38	4	0.120919
Instant	46
1	619	27	1	0.290698
2	19	13	0	0
3	615	34	4	0.330813
4	609	13	0	0
11	26	17	0	0
12	250	50	11	2.53378
13	27	13	0	0
14	26	40	5	0.160668
Instant	47
1	619	27	1	0
2	22	13	0	0
3	726	35	4	0.0400641
4	609	13	0	0
11	27	17	0	0
12	258	46	8	3.49265
13	31	13	0	0
14	25	39	4	0.224936
Instant	48
1	606	25	1	0.284091
2	36	14	0	0
3	670	37	4	0.0446429
4	624	13	0	0
11	26	18	1	0
12	253	44	7	1.65441
13	28	13	0	0
14	25	38	4	0.281955
Instant	49
1	611	27	1	0
2	25	13	0	0
3	589	36	5	1.05566
4	613	13	0	0
11	26	19	1	0
12	246	48	8	1.33929
13	27	13	0	0
14	26	38	5	0.159236
Instant	50
1	604	28	2	0.0478927
2	29	13	0	0
3	595	34	4	0.327715
4	604	13	0	0
11	26	18	1	0
12	293	47	8	0.183824
13	27	13	0	0
14	25	40	5	0.292208
Instant	51
1	606	29	1	0.0490196
2	33	13	0	0
3	586	38	5	0.887574
4	587	13	0	0
11	26	18	0	0
12	281	53	8	2.75735
13	26	13	0	0
14	24	38	5	0.233023
Instant	52
1	578	25	1	0.297619
2	17	13	0	0
3	575	37	5	0.501002
4	611	13	0	0
11	25	18	1	0
12	259	47	11	1.04167
13	25	13	0	0
14	26	37	4	0.288832
Instant	53
1	593	28	1	0.29703
2	28	13	0	0
3	498	37	4	0.691244
4	600	13	0	0
11	25	17	0	0
12	276	48	10	2.38971
13	22	13	0	0
14	24	40	4	0.260756
Instant	54
1	669	25	1	0
2	9	13	0	0
3	592	31	3	0.484496
4	624	13	0	0
11	28	16	0	0
12	260	45	6	0.919118
13	26	13	0	0
14	26	37	4	0.0941029
Instant	55
1	585	27	1	0.287356
2	16	13	0	0
3	610	33	3	0.241313
4	564	13	0	0
11	26	17	1	0
12	270	49	8	0.168919
13	26	13	0	0
14	23	39	5	0.28855
Instant	56
1	616	27	2	0
2	16	13	0	0
3	582	35	4	0.298805
4	581	13	0	0
11	26	17	0	0
12	260	43	6	2.38971
13	25	13	0	0
14	24	38	4	0.13459
Instant	57
1	680	25	1	0
2	44	13	0	0
3	608	34	3	0
4	577	13	0	0
11	29	18	0	0
12	279	53	8	0.367647
13	26	13	0	0
14	24	38	4	0.294384
Instant	58
1	595	26	2	0.292398
2	33	13	0	0
3	620	33	3	0
4	600	13	0	0
11	26	18	0	0
12	271	52	11	0.506757
13	27	13	0	0
14	25	38	4	0.108648
Instant	59
1	632	26	1	0
2	21	13	0	0
3	609	34	3	0
4	588	13	0	0
11	27	18	0	0
12	276	47	10	2.75735
13	26	13	0	0
14	24	39	5	0.277408
Instant	60
1	570	26	1	0.450902
2	17	13	0	0
3	586	35	2	0
4	575	13	0	0
11	25	18	1	0
12	240	44	9	1.10294
13	25	13	0	0
14	24	37	5	0.317893
Instant	61
1	594	26	1	0.241313
2	10	13	0	0
3	528	36	5	0.95339
4	565	13	0	0
11	26	17	0	0
12	274	49	8	2.08333
13	24	13	0	0
14	23	39	4	0.242382
Instant	62
1	608	26	2	0.431862
2	36	13	0	0
3	571	35	3	0.307377
4	560	13	0	0
11	26	18	0	0
12	304	47	9	0.919118
13	24	13	0	0
14	23	38	4	0.27894
Instant	63
1	661	25	1	0
2	25	13	0	0
3	603	33	3	0.291829
4	603	13	0	0
11	28	18	0	0
12	288	51	7	2.20588
13	26	13	0	0
14	25	37	4	0.227568
Instant	64
1	620	27	1	0
2	32	13	0	0
3	578	35	3	0.347222
4	592	13	0	0
11	27	17	0	0
12	261	51	10	1.52027
13	25	13	0	0
14	25	38	4	0.132275
Instant	65
1	610	27	1	0
2	37	13	0	0
3	578	35	6	0.30426
4	571	13	0	0
11	25	19	1	0
12	267	48	7	2.02206
13	25	13	0	0
14	24	40	4	0.227998
Instant	66
1	610	28	1	0
2	35	13	0	0
3	543	37	5	0.618557
4	573	13	0	0
11	27	17	0	0
12	285	49	10	0.735294
13	24	13	0	0
14	24	38	5	0.193534
Instant	67
1	594	28	1	0
2	39	13	0	0
3	588	35	3	0
4	547	13	0	0
11	26	18	1	0
12	226	46	9	3.04054
13	25	13	0	0
14	22	38	5	0.404762
Instant	68
1	583	26	1	0.356415
2	39	13	0	0
3	586	36	4	0.15121
4	550	13	0	0
11	25	18	0	0
12	259	49	11	3.32031
13	25	13	0	0
14	23	39	4	0.249288
Instant	69
1	630	26	1	0
2	38	13	0	0
3	534	31	3	0.989583
4	571	13	0	0
11	27	19	1	0
12	263	46	10	2.02206
13	24	13	0	0
14	23	39	6	0.307798
Instant	70
1	621	25	0	0.274725
2	13	13	0	0
3	589	34	4	0.447316
4	552	13	0	0
11	27	17	0	0
12	266	46	7	1.18243
13	25	13	0	0
14	23	39	5	0.177054
Instant	71
1	648	26	1	0
2	30	13	0	0
3	599	34	3	0
4	610	13	0	0
11	28	17	0	0
12	281	46	7	0.551471
13	26	13	0	0
14	25	35	4	0.149957
Instant	72
1	632	26	2	0
2	27	13	0	0
3	611	34	3	0
4	565	13	0	0
11	26	18	1	0
12	256	46	8	2.65152
13	25	13	0	0
14	24	39	4	0.196214
Instant	73
1	628	27	2	0.0461255
2	22	14	0	0
3	565	35	5	0.347222
4	545	13	0	0
11	27	18	1	0
12	248	50	9	1.37195
13	25	13	0	0
14	22	38	4	0.251437
Instant	74
1	564	27	1	0.510204
2	15	13	0	0
3	522	37	5	0.438596
4	544	13	0	0
11	24	17	0	0
12	276	47	6	1.83824
13	23	13	0	0
14	22	39	5	0.383142
Instant	75
1	625	28	2	0
2	22	13	0	0
3	519	36	3	1.25546
4	550	13	0	0
11	26	18	0	0
12	252	50	9	4.73485
13	23	13	0	0
14	23	38	4	0.249288
Instant	76
1	655	25	1	0
2	9	13	0	0
3	641	31	2	0
4	572	13	0	0
11	29	17	0	0
12	267	44	9	1.5625
13	27	13	0	0
14	24	37	5	0.170765
Instant	77
1	620	26	2	0
2	31	13	0	0
3	587	33	3	0.295276
4	564	13	0	0
11	27	17	0	0.284091
12	276	45	10	2.14844
13	25	13	0	0
14	23	37	4	0.277393
Instant	78
1	662	25	1	0
2	19	13	0	0
3	599	34	3	0
4	556	13	0	0
11	28	17	0	0
12	270	44	7	0.78125
13	26	13	0	0
14	22	39	5	0.304735
Instant	79
1	670	25	1	0
2	28	13	0	0
3	651	32	3	0
4	573	13	0	0
11	28	17	0	0
12	263	44	7	0.844595
13	27	13	0	0
14	24	38	5	0.136612
Instant	80
1	613	26	1	0
2	33	13	0	0
3	551	36	4	0.311203
4	574	13	0	0
11	27	18	1	0
12	283	50	8	0.94697
13	24	13	0	0
14	24	37	4	0.102319
Instant	81
1	698	24	0	0
2	38	13	0	0
3	628	32	2	0.0471698
4	603	13	0	0
11	30	16	0	0
12	263	49	8	0.189394
13	26	13	0	0
14	25	37	4	0.129702
Instant	82
1	646	26	1	0
2	18	13	0	0
3	639	31	3	0.0459559
4	641	13	0	0
11	28	17	0	0
12	262	46	9	1.25
13	27	13	0	0
14	26	37	4	0.254375
Instant	83
1	684	24	1	0
2	42	13	0	0
3	628	32	3	0.0466418
4	682	13	0	0
11	28	16	0	0
12	292	46	5	0
13	27	13	0	0
14	29	36	4	0.143349
Instant	84
1	629	27	1	0
2	8	13	0	0
3	607	33	3	0.143678
4	628	13	0	0
11	27	17	0	0
12	247	50	8	2.08333
13	26	13	0	0
14	26	38	4	0.30133
Instant	85
1	636	26	1	0.0461255
2	43	13	0	0
3	562	34	3	0.30303
4	638	13	0	0
11	27	17	0	0
12	265	51	9	1.12179
13	25	13	0	0
14	26	38	5	0.327198
Instant	86
1	655	26	1	0
2	27	13	0	0
3	631	31	3	0.369686
4	628	13	0	0
11	28	16	0	0
12	305	52	9	0.367647
13	27	13	0	0
14	27	38	4	0.197177
Instant	87
1	648	25	1	0
2	11	13	0	0
3	587	35	3	0
4	611	13	0	0
11	28	17	0	0
12	272	48	6	1.47059
13	25	13	0	0
14	25	37	4	0.192555
Instant	88
1	648	26	1	0
2	5	13	0	0
3	606	34	2	0
4	605	13	0	0
11	27	17	0	0
12	285	50	7	0
13	26	13	0	0
14	26	37	4	0.0645995
Instant	89
1	651	25	1	0
2	20	13	0	0
3	639	32	3	0
4	588	13	0	0
11	28	17	0	0
12	282	46	8	0.183824
13	28	13	0	0
14	23	37	4	0.355082
Instant	90
1	611	26	1	0.281955
2	14	13	0	0
3	566	36	4	0.311203
4	628	13	0	0
11	27	17	0	0
12	256	49	9	1.75781
13	24	13	0	0
14	26	37	3	0.374532
Instant	91
1	627	27	1	0
2	21	13	0	0
3	599	33	3	0.290698
4	604	13	0	0
11	26	17	1	0
12	266	51	9	0.337838
13	26	13	0	0
14	25	40	5	0.280656
Instant	92
1	613	29	1	0
2	22	13	0	0
3	592	35	4	0
4	597	13	0	0
11	26	17	0	0
12	282	45	8	1.13636
13	26	13	0	0
14	25	38	5	0.294889
Instant	93
1	662	25	1	0
2	38	13	0	0
3	613	34	3	0.0965251
4	604	13	0	0
11	29	17	0	0
12	268	48	7	0
13	26	13	0	0
14	25	37	5	0.162127
Instant	94
1	634	26	1	0
2	28	13	0	0
3	618	33	2	0
4	560	13	0	0
11	27	17	0	0
12	258	49	8	0.506757
13	26	13	0	0
14	23	37	4	0.27972
Instant	95
1	627	27	1	0
2	28	13	0	0
3	560	35	4	0.303644
4	539	13	0	0
11	27	17	1	0
12	259	49	8	2.38971
13	25	13	0	0
14	22	38	4	0.289436
Instant	96
1	641	25	1	0
2	24	13	0	0
3	607	33	3	0.144788
4	547	13	0	0
11	28	17	0	0
12	270	51	9	0
13	26	13	0	0
14	23	38	5	0.203252
Instant	97
1	641	26	1	0
2	40	13	0	0
3	617	33	2	0
4	559	13	0	0
11	27	18	0	0
12	269	50	10	0
13	27	13	0	0
14	23	39	5	0.174825
Instant	98
1	698	24	0	0
2	43	13	0	0
3	626	31	2	0
4	642	13	0	0
11	30	16	0	0
12	320	40	6	0
13	27	13	0	0
14	27	35	3	0.0914634
Instant	99
1	645	26	1	0
2	11	13	0	0
3	598	32	3	0.482625
4	642	13	0	0
11	28	17	0	0
12	271	48	8	1.83824
13	26	13	0	0
14	27	37	4	0.1221
Instant	100
1	642	27	1	0
2	25	13	0	0
3	527	36	5	0.875274
4	595	13	0	0
11	27	17	0	0
12	259	45	8	1.01351
13	23	13	0	0
14	25	40	5	0.251201
Instant	101
1	634	27	1	0
2	9	13	0	0
3	633	31	3	0
4	617	13	0	0
11	27	17	0	0
12	289	46	7	1.10294
13	27	13	0	0
14	26	39	5	0.0635324
Instant	102
1	632	27	1	0
2	22	13	0	0
3	578	33	3	0.543478
4	631	13	0	0
11	27	17	0	0
12	253	48	11	2.02206
13	25	13	0	0
14	26	38	4	0.144928
Instant	103
1	679	24	1	0
2	14	13	0	0
3	625	32	2	0
4	617	13	0	0
11	29	16	0	0
12	269	44	6	0.168919
13	27	13	0	0
14	26	35	4	0.189873
Instant	104
1	613	26	1	0.284091
2	30	13	0	0
3	548	36	3	0.375536
4	608	13	0	0
11	26	17	0	0
12	268	45	7	1.65441
13	23	13	0	0
14	25	38	5	0.343643
Instant	105
1	620	27	1	0
2	13	13	0	0
3	515	36	4	0.449438
4	584	13	0	0
11	27	18	1	0
12	253	52	9	3.30882
13	22	13	0	0
14	24	40	4	0.133869
Instant	106
1	580	28	1	0
2	22	13	0	0
3	568	34	5	0.6
4	569	13	0	0
11	25	17	0	0
12	264	49	8	1.01351
13	25	13	0	0
14	24	38	5	0.275103
Instant	107
1	650	26	1	0.274223
2	24	13	0	0
3	659	32	3	0.044484
4	610	13	0	0
11	27	16	0	0
12	286	46	6	0
13	28	13	0	0
14	25	37	4	0.128205
Instant	108
1	637	26	1	0
2	27	13	0	0
3	639	32	4	0.488455
4	598	13	0	0
11	27	17	0	0
12	265	49	8	1.28676
13	29	13	0	0
14	25	38	5	0.229358
Instant	109
1	627	26	1	0
2	25	13	0	0
3	666	32	3	0.26087
4	599	13	0	0
11	27	17	0	0
12	257	49	7	0.892857
13	29	13	0	0
14	25	38	5	0.228758
Instant	110
1	605	29	2	0
2	35	13	0	0
3	598	37	5	0.576923
4	560	13	0	0
11	26	18	0	0
12	263	50	8	2.92969
13	26	13	0	0
14	23	40	5	0.314246
Instant	111
1	645	26	2	0.044964
2	34	13	0	0
3	653	33	3	0.527241
4	625	13	0	0
11	28	17	0	0
12	265	46	8	3.86029
13	29	13	0	0
14	27	36	4	0.219298
Instant	112
1	641	26	0	0
2	24	13	0	0
3	662	35	3	0.448029
4	626	13	0	0
11	27	18	1	0
12	249	53	8	1.52027
13	28	13	0	0
14	26	39	5	0.093633
Instant	113
1	622	26	1	0.0929368
2	35	13	0	0
3	620	36	5	0.0473485
4	641	13	0	0
11	27	18	0	0
12	262	48	9	2.94118
13	27	13	0	0
14	26	39	5	0.213936
Instant	114
1	634	26	1	0
2	34	13	0	0
3	732	32	2	0.270898
4	609	13	0	0
11	27	17	0	0
12	271	45	7	0
13	33	13	0	0
14	25	37	5	0.12837
Instant	115
1	626	27	1	0
2	33	13	0	0
3	723	33	3	0.369458
4	569	13	0	0
11	26	18	1	0
12	248	46	7	0.675676
13	31	13	0	0
14	23	40	4	0.378788
Instant	116
1	613	27	1	0.284091
2	19	13	0	0
3	625	33	4	0.271739
4	611	13	0	0
11	26	17	0	0
12	275	49	9	2.75735
13	28	13	0	0
14	26	36	4	0.0961538
Instant	117
1	628	27	1	0
2	22	13	0	0
3	642	34	4	0.319343
4	595	13	0	0
11	27	17	0	0
12	272	49	8	0.735294
13	28	13	0	0
14	25	38	4	0.164474
Instant	118
1	644	26	1	0
2	18	13	0	0
3	574	35	4	0.642292
4	639	13	0	0
11	27	17	1	0
12	263	48	9	1.35135
13	25	13	0	0
14	26	38	4	0.152999
Instant	119
1	627	27	1	0
2	31	13	0	0
3	485	35	4	1.09954
4	627	13	0	0
11	27	17	0	0
12	290	49	8	0.183824
13	22	13	0	0
14	26	39	5	0.187266
