	T	D	J	LP
Instant	0
1	0	0	0	0
2	0	0	0	0
3	0	0	0	0
4	0	0	0	0
11	0	0	0	0
12	0	0	0	0
13	0	0	0	0
14	0	0	0	0
Instant	1
1	395	28	2	0
2	0	0	0	0
3	229	35	4	0.502008
4	226	13	0	0
11	16	18	0	0
12	138	43	6	0
13	10	13	0	0
14	8	46	7	0
Instant	2
1	1720	28	2	0.0339674
2	35	13	0	0
3	727	41	7	0.835987
4	959	13	0	0
11	75	17	0	0
12	277	50	7	2.94118
13	32	13	0	0
14	37	44	4	0.647315
Instant	3
1	1971	25	2	0
2	37	14	0	0
3	735	37	4	0.593354
4	929	13	0	0
11	85	17	0	0
12	294	54	9	2.57353
13	32	13	0	0
14	40	46	4	0.337268
Instant	4
1	1839	27	2	0.0156446
2	50	14	0	0
3	665	37	5	1.02459
4	911	13	0	0
11	82	17	0	0
12	286	57	10	1.52027
13	31	13	0	0
14	38	41	4	0.214592
Instant	5
1	1640	26	1	0.0536097
2	47	13	0	0
3	720	39	5	0.326797
4	721	13	0	0
11	72	17	0	0
12	303	58	10	0
13	31	13	0	0
14	29	43	4	0.615942
Instant	6
1	1400	28	2	0
2	20	13	0	0
3	723	38	5	0.364668
4	647	13	0	0
11	59	17	0	0
12	267	53	11	1.28676
13	31	13	0	0
14	26	45	5	0.33293
Instant	7
1	1187	28	2	0.0244858
2	17	13	0	0
3	754	34	4	0.114504
4	620	13	0	0
11	53	16	0	0
12	249	51	11	2.19595
13	33	13	0	0
14	25	45	6	0.566751
Instant	8
1	842	25	1	0
2	29	13	0	0
3	743	36	4	0.618238
4	570	13	0	0
11	37	18	0	0
12	280	52	8	0.735294
13	33	13	0	0
14	23	45	6	0.400091
Instant	9
1	797	26	1	0
2	24	13	0	0
3	731	40	5	0.245902
4	574	13	0	0
11	34	17	0	0
12	259	50	8	0.919118
13	31	13	0	0
14	24	45	6	0.23842
Instant	10
1	775	27	2	0
2	20	13	0	0
3	609	38	6	1.01664
4	541	13	0	0
11	33	17	0	0
12	264	55	9	0
13	27	13	0	0
14	21	42	6	0.602991
Instant	11
1	794	27	2	0
2	29	13	0	0
3	628	36	4	0.402504
4	482	13	0	0
11	35	17	0	0
12	269	49	9	1.28676
13	28	13	0	0
14	19	42	7	0.552859
Instant	12
1	660	26	1	0.696864
2	32	13	0	0
3	654	36	4	0.445633
4	471	13	0	0
11	29	18	0	0
12	259	55	9	1.10294
13	28	13	0	0
14	18	44	7	0.55371
Instant	13
1	580	26	2	1.1
2	38	13	0	0
3	696	32	4	0.251256
4	435	13	0	0
11	25	17	0	0
12	251	51	12	2.23214
13	30	13	0	0
14	17	45	6	0.672043
Instant	14
1	547	27	2	0.816327
2	16	13	0	0
3	571	39	4	1.16279
4	494	13	0	0
11	24	17	0	0.420168
12	278	46	8	2.02206
13	26	13	0	0
14	19	44	6	0.595238
Instant	15
1	498	29	2	0.406032
2	26	13	0	0
3	629	34	4	0.553506
4	440	13	0	0
11	22	19	1	0
12	262	50	7	4.96324
13	27	13	0	0
14	17	47	7	0.664894
Instant	16
1	619	27	2	0.0468165
2	21	13	0	0
3	648	35	4	0.0459559
4	435	13	0	0
11	27	17	0	0
12	266	45	7	0
13	28	13	0	0
14	17	44	7	0.583483
Instant	17
1	598	28	2	0.294118
2	15	13	0	0
3	607	33	3	0.372439
4	436	13	0	0
11	26	17	0	0
12	246	47	7	2.02206
13	27	13	0	0
14	16	45	6	0.764389
Instant	18
1	576	26	1	0.352113
2	30	13	0	0
3	594	33	3	0.296443
4	464	13	0	0
11	25	17	0	0
12	250	52	10	4.04412
13	26	13	0	0
14	18	42	5	0.505902
Instant	19
1	560	27	2	0.507099
2	21	13	0	0
3	508	36	5	0.558036
4	418	13	0	0
11	25	17	0	0
12	259	49	11	1.01351
13	23	13	0	0
14	16	46	6	0.836431
Instant	20
1	567	28	2	0.412371
2	39	13	0	0
3	550	37	5	0.630252
4	453	13	0	0
11	24	17	0	0
12	271	44	8	1.47059
13	24	13	0	0
14	18	45	6	0.477431
Instant	21
1	553	27	2	0.760649
2	30	13	0	0
3	588	35	5	0.247036
4	433	13	0	0
11	25	17	0	0
12	258	51	6	1.10294
13	25	13	0	0
14	16	46	7	0.5716
Instant	22
1	571	30	1	0.360082
2	20	13	0	0
3	574	33	3	0.49505
4	443	13	0	0
11	24	17	0	0
12	259	51	8	1.52027
13	25	13	0	0
14	18	45	7	0.441696
Instant	23
1	619	25	1	0.281426
2	16	13	0	0
3	576	36	3	0.0507099
4	471	13	0	0
11	27	19	1	0
12	290	48	8	0
13	24	13	0	0
14	19	44	6	0.331675
Instant	24
1	606	27	1	0.286807
2	23	13	0	0
3	570	36	5	0.103306
4	470	13	0	0
11	26	17	0	0
12	265	47	7	0
13	24	13	0	0
14	18	45	6	0.527778
Instant	25
1	578	27	1	0.0507099
2	8	13	0	0
3	535	33	4	0.847458
4	467	13	0	0
11	25	19	1	0
12	254	50	8	1.33929
13	24	13	0	0
14	18	44	5	0.517338
Instant	26
1	592	28	1	0.290698
2	33	13	0	0
3	616	33	1	0.190476
4	463	13	0	0
11	26	17	0	0
12	292	44	8	1.47059
13	27	13	0	0
14	19	47	6	0.309685
Instant	27
1	615	28	2	0.0482625
2	14	13	0	0
3	593	34	3	0
4	478	13	0	0
11	26	17	1	0
12	259	50	7	3.67647
13	25	13	0	0
14	19	42	5	0.530179
Instant	28
1	600	29	3	0.376648
2	17	13	0	0
3	595	35	3	0.0492126
4	451	13	0	0
11	27	16	0	0
12	255	53	9	1.5625
13	25	13	0	0
14	17	43	7	0.520833
Instant	29
1	635	26	1	0
2	36	13	0	0
3	631	33	4	0.141509
4	467	13	0	0
11	26	18	1	0
12	298	50	10	0.735294
13	27	13	0	0
14	19	43	6	0.556483
Instant	30
1	626	26	1	0.138376
2	34	13	0	0
3	584	33	3	0.592885
4	466	13	0	0
11	27	17	0	0
12	256	52	8	1.28676
13	26	13	0	0
14	18	42	6	0.434174
Instant	31
1	627	26	1	0
2	6	13	0	0
3	586	32	3	0.293542
4	467	13	0	0
11	27	17	1	0
12	264	49	8	1.01351
13	26	13	0	0
14	19	44	6	0.459866
Instant	32
1	634	27	1	0.277778
2	29	13	0	0
3	633	34	3	0.137112
4	466	13	0	0
11	27	16	0	0
12	276	48	8	1.47059
13	27	13	0	0
14	18	43	7	0.419463
Instant	33
1	611	26	1	0.27881
2	19	13	0	0
3	678	36	3	0
4	436	13	0	0
11	27	18	0	0
12	246	50	8	1.83824
13	29	13	0	0
14	17	45	7	0.581395
Instant	34
1	592	26	1	0.346535
2	9	13	0	0
3	630	35	4	0.0457875
4	453	13	0	0
11	25	16	0	0
12	261	50	8	2.19595
13	27	13	0	0
14	18	45	6	0.474957
Instant	35
1	552	26	2	0.72314
2	20	13	0	0
3	591	35	3	1.09943
4	469	13	0	0
11	24	17	0	0
12	271	48	10	1.83824
13	26	13	0	0
14	19	43	6	0.33389
Instant	36
1	626	26	1	0.281426
2	32	13	0	0
3	720	31	2	0.321027
4	465	13	0	0
11	27	17	0	0
12	256	43	9	1.47059
13	31	13	0	0
14	18	42	6	0.420875
Instant	37
1	609	27	1	0.144231
2	49	13	0	0
3	645	35	5	0.225225
4	435	13	0	0
11	26	18	0	0
12	252	48	8	1.4881
13	28	13	0	0
14	17	44	6	0.821386
Instant	38
1	547	29	1	0.267094
2	31	13	0	0
3	484	38	5	1.62413
4	459	13	0	0
11	23	17	0	0
12	240	50	9	4.41176
13	22	13	0	0
14	18	45	6	0.4124
Instant	39
1	565	27	1	0.35497
2	40	13	0	0
3	513	36	4	0.974026
4	489	13	0	0
11	25	18	0	0
12	302	55	9	2.57353
13	23	13	0	0
14	19	46	6	0.559105
Instant	40
1	569	30	3	0.155925
2	29	13	0	0
3	565	36	5	0.363071
4	477	13	0	0
11	24	18	1	0
12	245	56	11	1.68919
13	24	13	0	0
14	19	47	7	0.559193
Instant	41
1	634	27	1	0
2	11	13	0	0
3	594	32	4	0.439453
4	541	13	0	0
11	28	17	0	0
12	294	46	8	1.10294
13	26	13	0	0
14	21	43	5	0.543478
Instant	42
1	641	27	1	0
2	38	13	0	0
3	642	35	5	0.222816
4	499	13	0	0
11	27	17	0	0
12	267	44	7	0.551471
13	28	13	0	0
14	19	43	5	0.625978
Instant	43
1	568	28	1	0.302419
2	32	13	0	0
3	464	37	5	1.54762
4	486	13	0	0
11	25	17	0	0
12	220	45	8	2.7027
13	21	13	0	0
14	19	45	6	0.617284
Instant	44
1	504	29	2	0.911162
2	32	13	0	0
3	514	38	4	0.982533
4	520	13	0	0
11	22	17	0	0
12	289	49	8	2.20588
13	23	13	0	0
14	21	43	7	0.414157
Instant	45
1	579	27	1	0.594059
2	18	13	0	0
3	572	35	4	0.509165
4	486	13	0	0
11	25	17	0	0
12	268	50	8	0.735294
13	25	13	0	0
14	20	46	7	0.442122
Instant	46
1	571	28	2	0.595238
2	15	13	0	0
3	490	36	5	0.633641
4	497	13	0	0
11	25	17	0	0
12	257	44	8	1.85811
13	22	13	0	0
14	20	44	6	0.485564
Instant	47
1	640	24	1	0.271739
2	18	13	0	0
3	562	35	3	0.618557
4	499	13	0	0
11	28	16	0	0
12	292	49	9	0
13	24	13	0	0
14	20	44	6	0.352113
Instant	48
1	643	26	1	0
2	17	13	0	0
3	540	33	3	0.965665
4	534	13	0	0
11	28	17	0	0
12	244	45	7	2.38971
13	23	13	0	0
14	22	44	6	0.293686
Instant	49
1	557	26	2	0.744681
2	16	13	0	0
3	491	39	4	0.561798
4	490	13	0	0
11	24	17	0	0
12	239	51	9	2.23214
13	22	13	0	0
14	20	47	7	0.345561
Instant	50
1	621	27	1	0
2	28	13	0	0
3	609	31	4	0.471698
4	475	13	0	0
11	27	17	0	0
12	308	49	7	0.551471
13	27	13	0	0
14	19	43	5	0.42559
Instant	51
1	548	26	1	0.675676
2	24	13	0	0
3	581	35	3	0.348606
4	477	13	0	0
11	24	17	0	0
12	258	51	9	2.75735
13	25	13	0	0
14	19	43	6	0.369458
Instant	52
1	589	27	1	0.393701
2	13	13	0	0
3	571	36	4	0.205761
4	460	13	0	0
11	25	17	0	0
12	268	45	5	0.694444
13	24	13	0	0
14	18	44	7	0.42517
Instant	53
1	620	27	1	0.283554
2	13	13	0	0
3	558	34	4	0.668724
4	461	13	0	0
11	27	16	0	0
12	268	44	7	2.57353
13	24	13	0	0
14	19	43	7	0.4103
Instant	54
1	641	26	1	0
2	21	13	0	0
3	581	33	3	0.243191
4	470	13	0	0
11	27	17	0	0
12	264	44	7	0
13	26	13	0	0
14	19	42	6	0.332779
Instant	55
1	588	26	1	0.29703
2	26	13	0	0
3	560	35	4	0.885417
4	444	13	0	0
11	26	17	0	0
12	247	49	9	3.20946
13	24	13	0	0
14	17	47	8	0.439367
Instant	56
1	632	25	1	0.272727
2	27	13	0	0
3	580	33	3	0.348606
4	451	13	0	0
11	27	16	0	0
12	281	47	8	1.65441
13	25	13	0	0
14	18	46	6	0.389948
Instant	57
1	575	27	1	0.148221
2	24	13	0	0
3	540	35	5	0.265393
4	468	13	0	0
11	26	16	0	0
12	274	49	8	0
13	23	13	0	0
14	19	43	6	0.543478
Instant	58
1	622	27	1	0.333969
2	22	13	0	0
3	599	35	3	0
4	456	13	0	0
11	26	17	0	0
12	227	47	8	2.7027
13	25	13	0	0
14	18	42	5	0.543168
Instant	59
1	653	26	2	0
2	15	13	0	0
3	579	37	2	0
4	467	13	0	0
11	28	17	1	0
12	270	45	8	2.38971
13	24	13	0	0
14	18	42	7	0.586265
Instant	60
1	665	26	1	0
2	34	13	0	0
3	622	32	2	0.276753
4	461	13	0	0
11	28	16	0	0
12	261	52	9	3.125
13	27	13	0	0
14	19	44	7	0.35251
Instant	61
1	627	27	1	0
2	18	13	0	0
3	565	34	3	0.513347
4	483	13	0	0
11	28	17	0	0
12	270	46	8	0.446429
13	25	13	0	0
14	19	46	7	0.351732
Instant	62
1	593	29	2	0.442913
2	24	13	0	0
3	522	36	4	0.537634
4	441	13	0	0
11	26	17	0	0
12	289	49	8	2.75735
13	23	13	0	0
14	17	46	6	0.706714
Instant	63
1	604	25	1	0.28463
2	12	13	0	0
3	628	33	4	0.140713
4	488	13	0	0
11	27	17	0	0
12	301	50	5	0.183824
13	27	13	0	0
14	19	44	5	0.387286
Instant	64
1	629	27	1	0.323475
2	21	13	0	0
3	551	37	4	0.260417
4	466	13	0	0
11	27	17	0	0
12	247	52	10	1.52027
13	24	13	0	0
14	18	45	6	0.546218
Instant	65
1	612	27	1	0
2	33	13	0	0
3	554	32	4	0.920245
4	500	13	0	0
11	27	17	0	0
12	298	47	9	1.47059
13	24	13	0	0
14	20	40	6	0.455018
Instant	66
1	642	27	2	0
2	28	13	0	0
3	575	37	4	0.204918
4	463	13	0	0
11	27	18	0	0
12	248	46	9	2.94118
13	24	13	0	0
14	19	43	6	0.466102
Instant	67
1	555	29	2	0.364583
2	32	13	0	0
3	546	35	4	0.627615
4	467	13	0	0
11	24	17	0	0
12	235	46	10	2.7027
13	24	13	0	0
14	19	45	6	0.376884
Instant	68
1	642	27	1	0
2	45	13	0	0
3	586	35	4	0
4	447	13	0	0
11	27	17	0	0
12	283	48	8	0.976562
13	25	13	0	0
14	17	46	7	0.437063
Instant	69
1	675	24	1	0.0438596
2	43	13	0	0
3	634	32	3	0
4	457	13	0	0
11	29	17	0	0
12	267	41	5	0.919118
13	27	13	0	0
14	18	42	6	0.599315
Instant	70
1	584	27	1	0.480769
2	44	13	0	0
3	575	30	3	0.834971
4	455	13	0	0
11	26	17	0	0
12	263	51	8	1.18243
13	26	13	0	0
14	18	44	7	0.472509
Instant	71
1	620	26	1	0.277778
2	32	13	0	0
3	551	35	4	0.154959
4	482	13	0	0
11	27	17	0	0
12	266	43	6	2.20588
13	24	13	0	0
14	19	43	6	0.325203
Instant	72
1	641	26	1	0
2	24	13	0	0
3	606	33	3	0.19685
4	472	13	0	0
11	27	17	1	0
12	259	46	7	1.89394
13	26	13	0	0
14	19	42	6	0.414594
Instant	73
1	641	26	1	0
2	21	13	0	0
3	567	33	3	0.451807
4	456	13	0	0
11	27	17	0	0
12	257	51	9	0.457317
13	25	13	0	0
14	18	44	6	0.472509
Instant	74
1	602	25	1	0.289017
2	14	13	0	0
3	548	32	3	0.690021
4	472	13	0	0
11	26	17	0	0
12	309	45	7	0
13	24	13	0	0
14	19	42	6	0.317329
Instant	75
1	631	27	1	0
2	31	13	0	0
3	611	33	3	0
4	459	13	0	0
11	27	18	0	0
12	261	47	8	2.84091
13	27	13	0	0
14	19	43	6	0.382003
Instant	76
1	593	26	1	0.3
2	30	13	0	0
3	533	33	3	0.704989
4	423	13	0	0
11	25	16	0	0
12	256	50	10	1.21528
13	23	13	0	0
14	16	46	6	0.492005
Instant	77
1	621	27	1	0
2	22	13	0	0
3	521	34	3	1.02592
4	455	13	0	0
11	27	17	0	0
12	268	43	6	1.95312
13	23	13	0	0
14	18	45	7	0.473322
Instant	78
1	634	27	1	0
2	22	13	0	0
3	565	33	4	0.607287
4	472	13	0	0
11	27	17	1	0
12	270	48	10	1.17188
13	24	13	0	0
14	19	43	6	0.248756
Instant	79
1	653	27	1	0
2	29	13	0	0
3	575	31	3	0.596421
4	451	13	0	0
11	27	16	0	0
12	272	47	8	0.506757
13	25	13	0	0
14	18	44	6	0.476603
Instant	80
1	607	27	3	0.27933
2	33	13	0	0
3	548	36	4	0.15625
4	438	13	0	0
11	27	17	0	0
12	260	50	8	1.89394
13	24	13	0	0
14	17	43	6	0.713012
Instant	81
1	643	27	1	0
2	38	13	0	0
3	607	34	3	0.145914
4	477	13	0	0
11	27	17	0	0
12	264	50	9	1.51515
13	26	13	0	0
14	19	41	5	0.410509
Instant	82
1	619	27	2	0.0473485
2	16	13	0	0
3	601	34	3	0
4	446	13	0	0
11	27	18	0	0
12	242	49	9	1.96429
13	26	13	0	0
14	18	46	7	0.611888
Instant	83
1	641	26	1	0
2	37	13	0	0
3	521	37	4	0.829646
4	440	13	0	0
11	28	16	0	0
12	259	46	7	2.65152
13	23	13	0	0
14	17	44	6	0.578292
Instant	84
1	634	27	1	0
2	19	13	0	0
3	587	35	3	0.0492126
4	448	13	0	0
11	27	17	0	0
12	235	51	9	1.89394
13	26	13	0	0
14	18	46	6	0.47993
Instant	85
1	669	25	1	0
2	26	13	0	0
3	620	33	3	0
4	503	13	0	0
11	28	17	0	0
12	279	43	8	2.08333
13	26	13	0	0
14	20	40	6	0.324002
Instant	86
1	560	28	2	0.306748
2	34	13	0	0
3	597	35	4	0
4	437	13	0	0
11	25	17	0	0
12	287	45	10	1.47059
13	26	13	0	0
14	17	46	7	0.63874
Instant	87
1	629	26	1	0
2	30	13	0	0
3	527	34	4	0.701944
4	434	13	0	0
11	27	18	0	0
12	261	52	10	4.04412
13	23	13	0	0
14	17	45	6	0.588768
Instant	88
1	648	26	1	0
2	23	13	0	0
3	586	33	4	0.747012
4	470	13	0	0
11	28	16	0	0
12	265	42	7	1.18243
13	25	13	0	0
14	19	43	6	0.346069
Instant	89
1	620	26	1	0
2	39	13	0	0
3	533	34	3	0.374732
4	467	13	0	0
11	26	17	0	0.284091
12	274	51	9	1.10294
13	24	13	0	0
14	18	41	6	0.376884
Instant	90
1	651	26	1	0
2	19	13	0	0
3	551	32	3	0.625
4	479	13	0	0
11	27	17	0	0
12	268	45	7	0.585938
13	24	13	0	0
14	19	45	7	0.285948
Instant	91
1	639	26	1	0
2	16	13	0	0
3	620	32	1	0
4	467	13	0	0
11	27	17	0	0
12	225	44	7	3.20946
13	27	13	0	0
14	19	42	6	0.459866
Instant	92
1	647	26	1	0
2	30	13	0	0
3	558	32	2	0.31185
4	442	13	0	0
11	28	16	0	0
12	277	44	8	1.51515
13	24	13	0	0
14	16	41	5	0.840708
Instant	93
1	583	27	1	0.295276
2	21	13	0	0
3	613	33	3	0.28463
4	447	13	0	0
11	26	18	1	0
12	219	50	11	4.92424
13	26	13	0	0
14	17	46	6	0.570175
Instant	94
1	634	27	1	0
2	20	13	0	0
3	599	36	5	0.290135
4	438	13	0	0
11	27	17	0	0
12	245	50	9	3.04054
13	26	13	0	0
14	17	47	7	0.489324
Instant	95
1	615	29	2	0
2	4	13	0	0
3	572	36	3	0.35497
4	453	13	0	0
11	26	16	0	0
12	286	45	7	0
13	25	13	0	0
14	18	45	7	0.431779
Instant	96
1	627	27	1	0
2	36	13	0	0
3	571	36	4	0.50505
4	450	13	0	0
11	27	17	0	0
12	253	44	8	1.28676
13	25	13	0	0
14	17	42	6	0.607639
Instant	97
1	627	27	1	0
2	36	13	0	0
3	565	34	4	0.65
4	446	13	0	0
11	27	18	1	0
12	261	50	9	0.762195
13	25	13	0	0
14	18	44	6	0.5108
Instant	98
1	627	26	1	0
2	17	13	0	0
3	719	33	4	0.163132
4	479	13	0	0
11	27	17	0	0
12	289	49	7	0.551471
13	31	13	0	0
14	19	43	6	0.367647
Instant	99
1	633	28	2	0
2	29	13	0	0
3	655	33	4	0
4	451	13	0	0
11	27	17	0	0
12	275	52	8	3.125
13	29	13	0	0
14	18	45	8	0.433276
Instant	100
1	635	26	1	0
2	19	13	0	0
3	619	34	4	0.922509
4	473	13	0	0
11	27	17	0	0
12	263	47	7	1.68919
13	27	13	0	0
14	19	42	6	0.414594
Instant	101
1	627	27	1	0
2	38	13	0	0
3	657	33	3	0
4	469	13	0	0
11	27	17	0	0
12	277	50	10	1.47059
13	28	13	0	0
14	19	43	7	0.415973
Instant	102
1	612	27	1	0.28463
2	25	13	0	0
3	623	36	5	0.186567
4	445	13	0	0
11	27	17	0	0
12	271	48	6	0.919118
13	27	13	0	0
14	17	45	6	0.657895
Instant	103
1	625	27	2	0
2	13	13	0	0
3	626	35	4	0.27933
4	459	13	0	0
11	27	17	0	0
12	265	52	9	0.844595
13	27	13	0	0
14	18	43	6	0.426621
Instant	104
1	632	26	1	0.140449
2	27	13	0	0
3	636	35	3	0.277778
4	457	13	0	0
11	27	17	0	0
12	286	47	8	0.919118
13	27	13	0	0
14	18	45	6	0.34188
Instant	105
1	641	26	1	0
2	42	13	0	0
3	587	34	4	0.292969
4	431	13	0	0
11	28	17	0	0
12	270	50	8	0
13	26	13	0	0
14	17	43	7	0.712121
Instant	106
1	640	28	1	0
2	17	13	0	0
3	554	37	5	0.210084
4	459	13	0	0
11	26	16	0	0
12	239	51	10	1.35135
13	24	13	0	0
14	18	44	6	0.298126
Instant	107
1	649	25	1	0
2	31	13	0	0
3	575	32	3	0.6
4	461	13	0	0
11	28	17	0	0
12	286	41	7	2.57353
13	25	13	0	0
14	18	41	6	0.59322
Instant	108
1	677	25	0	0
2	17	13	0	0
3	618	32	1	0
4	455	13	0	0
11	29	16	0	0
12	269	43	6	0
13	27	13	0	0
14	18	42	6	0.501145
Instant	109
1	649	26	1	0
2	11	13	0	0
3	491	38	3	0.644028
4	472	13	0	0
11	28	17	0	0
12	257	51	10	1.19048
13	21	13	0	0
14	18	41	5	0.67717
Instant	110
1	627	27	1	0
2	17	13	0	0
3	601	33	4	0.19685
4	427	13	0	0
11	27	17	0	0
12	316	49	9	0.585938
13	26	13	0	0
14	16	47	6	0.457038
Instant	111
1	660	25	1	0
2	37	13	0	0
3	633	32	4	0.0454545
4	458	13	0	0
11	28	17	0	0
12	281	46	6	0
13	28	13	0	0
14	18	43	6	0.555556
Instant	112
1	655	25	0	0
2	37	13	0	0
3	593	34	3	0.149402
4	479	13	0	0
11	28	17	0	0
12	229	43	10	3.37838
13	25	13	0	0
14	19	40	5	0.449346
Instant	113
1	613	25	0	0.279851
2	25	13	0	0
3	597	31	3	0.43021
4	456	13	0	0
11	27	18	0	0
12	284	43	8	0
13	26	13	0	0
14	18	42	6	0.686106
Instant	114
1	659	26	1	0
2	19	13	0	0
3	585	35	2	0
4	470	13	0	0
11	28	16	0	0
12	276	47	8	0
13	25	13	0	0
14	19	42	6	0.499168
Instant	115
1	572	26	1	0.350701
2	39	13	0	0
3	594	35	4	0.1
4	459	13	0	0
11	25	17	0	0
12	261	47	8	1.01351
13	25	13	0	0
14	18	41	6	0.439342
Instant	116
1	624	25	1	0.32833
2	17	13	0	0
3	621	32	4	0
4	467	13	0	0
11	27	17	0	0
12	296	50	9	0.551471
13	27	13	0	0
14	19	43	6	0.20903
Instant	117
1	634	27	1	0
2	16	13	0	0
3	600	33	4	0.3861
4	475	13	0	0
11	27	17	0	0
12	261	47	7	0.919118
13	26	13	0	0
14	19	41	5	0.495868
Instant	118
1	648	26	1	0
2	38	13	0	0
3	590	33	2	0.0486381
4	464	13	0	0
11	28	17	0	0
12	262	42	8	1.18243
13	26	13	0	0
14	18	42	6	0.674536
Instant	119
1	648	25	0	0
2	33	13	0	0
3	608	35	3	0.146484
4	451	13	0	0
11	28	17	0	0
12	279	44	7	1.28676
13	26	13	0	0
14	18	45	7	0.317186
