	T	D	J	LP
Instant	0
1	0	0	0	0
2	0	0	0	0
3	0	0	0	0
4	0	0	0	0
11	0	0	0	0
12	0	0	0	0
13	0	0	0	0
14	0	0	0	0
Instant	1
1	347	29	3	0
2	10	13	0	0
3	30	57	13	1.55678
4	49	13	0	0
11	14	17	0	0
12	30	67	5	4.47826
13	1	13	0	0
14	1	53	9	0.486772
Instant	2
1	1053	28	2	0.603732
2	31	13	0	0
3	47	70	13	3.75958
4	340	13	0	0
11	47	19	0	0
12	46	53	13	0.647059
13	5	13	0	0
14	7	53	9	0.849827
Instant	3
1	1267	29	3	0.456204
2	27	13	0	0
3	54	62	19	5.81671
4	344	14	0	0
11	56	17	0	0
12	49	55	11	0.558824
13	5	13	0	0
14	6	55	9	1.09718
Instant	4
1	1077	30	2	0.21097
2	19	13	0	0
3	36	65	18	4.47097
4	332	13	0	0
11	49	18	0	0
12	52	58	7	0.243243
13	5	13	0	0
14	7	57	11	1.02323
Instant	5
1	1101	30	2	0
2	20	13	0	0
3	36	70	17	7.18218
4	279	13	0	0
11	47	17	0	0
12	49	59	11	0.294118
13	5	13	0	0
14	6	56	12	1.10556
Instant	6
1	1007	27	1	0.146028
2	26	13	0	0
3	43	79	14	6.58263
4	295	13	0	0
11	44	18	0	0
12	44	60	11	0.5
13	5	13	0	0
14	7	57	12	0.940661
Instant	7
1	868	27	2	0.2
2	32	13	0	0
3	49	70	19	5.01817
4	295	13	0	0
11	38	18	0	0
12	39	60	11	0.621622
13	5	13	0	0
14	7	56	11	1.05171
Instant	8
1	777	28	3	0
2	25	13	0	0
3	38	76	17	3.94212
4	295	13	0	0
11	33	19	0	0
12	37	55	14	0.617647
13	5	13	0	0
14	7	56	11	0.849222
Instant	9
1	805	27	2	0.252525
2	24	13	0	0
3	44	67	20	7.73639
4	254	13	0	0
11	35	18	0	0
12	49	49	9	0.470588
13	5	13	0	0
14	6	56	13	0.884572
Instant	10
1	949	27	2	0
2	23	13	0	0
3	42	59	21	3.7064
4	252	13	0	0
11	41	17	0	0
12	40	51	9	0.540541
13	5	13	0	0
14	6	55	9	0.959133
Instant	11
1	898	29	2	0.193548
2	28	13	0	0
3	46	76	16	3.52657
4	241	13	0	0
11	40	18	0	0
12	46	54	9	0.294118
13	5	13	0	0
14	6	56	9	0.822473
Instant	12
1	694	30	3	0.811688
2	25	13	0	0
3	44	75	17	7.25575
4	252	13	0	0
11	31	18	0	0
12	45	58	10	0.5
13	5	13	0	0
14	6	55	9	0.698133
Instant	13
1	707	28	1	0.252101
2	28	13	0	0
3	36	69	21	7.75362
4	269	14	0	0
11	30	18	0	0
12	32	57	9	0.738095
13	5	13	0	0
14	7	48	9	0.813341
Instant	14
1	657	27	2	0.826087
2	31	13	0	0
3	49	72	16	4.95924
4	242	13	0	0
11	29	17	0	0
12	33	47	10	0.941177
13	5	13	0	0
14	6	57	10	0.930925
Instant	15
1	816	30	3	0.529661
2	29	13	0	0
3	35	73	14	6.22549
4	259	13	0	0
11	36	17	0	0
12	33	58	14	0.823529
13	5	13	0	0
14	7	57	11	0.72986
Instant	16
1	876	29	2	0.440252
2	23	13	0	0
3	36	79	14	5.25415
4	253	13	0	0
11	40	17	0	0
12	44	59	10	0.702703
13	5	13	0	0
14	7	56	12	0.6875
Instant	17
1	1068	28	2	0.163399
2	10	13	0	0
3	40	73	18	4.65116
4	251	13	0	0
11	47	17	0	0
12	38	52	12	0.529412
13	5	13	0	0
14	7	54	10	0.708556
Instant	18
1	1015	29	2	0.405093
2	7	13	0	0
3	31	78	15	7.77778
4	251	13	0	0
11	44	17	0	0
12	30	54	13	0.676471
13	5	13	0	0
14	6	52	11	0.891564
Instant	19
1	866	29	2	0.236806
2	18	13	0	0
3	45	74	20	6.94444
4	254	13	0	0
11	38	18	0	0
12	39	51	9	0.945946
13	5	13	0	0
14	7	54	9	0.631837
Instant	20
1	651	29	2	0.317029
2	30	13	0	0
3	46	79	13	3.83523
4	252	14	0	0
11	28	19	0	0
12	45	59	11	0.205882
13	5	13	0	0
14	7	56	9	0.776468
Instant	21
1	706	28	2	0.2443
2	38	13	0	0
3	50	73	13	5.96591
4	243	14	0	0
11	31	17	0	0
12	24	61	10	1.35294
13	5	13	0	0
14	6	51	9	0.677693
Instant	22
1	611	26	3	0.750469
2	25	13	0	0
3	30	77	17	6.02527
4	245	13	0	0
11	27	18	0	0
12	43	55	8	0.378378
13	5	13	0	0
14	6	52	9	0.783565
Instant	23
1	629	31	3	0.335249
2	28	13	0	0
3	50	69	18	3.99061
4	248	13	0	0
11	26	18	1	0
12	35	52	7	0.852941
13	5	13	0	0
14	7	57	10	0.71556
Instant	24
1	696	30	2	0.245499
2	21	13	0	0
3	51	69	17	6.38736
4	248	13	0	0
11	31	18	0	0
12	26	60	16	1
13	5	13	0	0
14	6	54	12	0.762055
Instant	25
1	635	29	2	0.271248
2	32	13	0	0
3	41	65	17	4.00095
4	241	13	0	0
11	28	19	0	0
12	50	66	9	0.166667
13	5	13	0	0
14	6	58	10	0.604871
Instant	26
1	634	29	2	0
2	46	13	0	0
3	47	67	21	6.26204
4	237	13	0	0
11	27	19	0	0
12	54	58	8	0.617647
13	5	13	0	0
14	6	54	10	0.913922
Instant	27
1	723	29	2	0
2	22	13	0	0
3	43	69	20	6.77682
4	232	13	0	0
11	31	18	0	0
12	44	57	12	0.264706
13	5	13	0	0
14	6	56	9	0.838081
Instant	28
1	812	28	1	0
2	27	13	0	0
3	42	73	21	4.36274
4	234	13	0	0
11	36	17	0	0
12	31	54	10	0.916667
13	5	13	0	0
14	6	53	11	0.788206
Instant	29
1	749	29	2	0.682853
2	24	13	0	0
3	39	80	20	6.5407
4	246	13	0	0
11	34	18	0	0
12	36	56	10	0.617647
13	5	13	0	0
14	7	53	10	0.726496
Instant	30
1	774	28	1	0.690184
2	37	13	0	0
3	37	68	18	4.70907
4	248	13	0	0
11	33	18	0	0
12	40	55	9	0.882353
13	5	13	0	0
14	6	53	11	0.7337
Instant	31
1	741	27	1	0.268817
2	22	13	0	0
3	55	80	20	5.16529
4	238	13	0	0
11	33	18	0	0
12	38	57	7	0.351351
13	5	13	0	0
14	6	54	10	0.809547
Instant	32
1	730	29	2	0.0398724
2	23	13	0	0
3	37	73	15	7.42598
4	235	13	0	0
11	32	17	0	0
12	39	53	8	0.647059
13	5	13	0	0
14	6	54	12	0.864536
Instant	33
1	672	29	1	0.529101
2	33	13	0	0
3	40	74	13	5.2682
4	242	13	0	0
11	29	18	0	0
12	48	57	10	0.588235
13	5	13	0	0
14	6	51	10	0.784515
Instant	34
1	640	28	1	0.313059
2	25	13	0	0
3	40	65	25	4.97619
4	245	13	0	0
11	29	19	0	0
12	32	47	9	0.756757
13	5	13	0	0
14	6	53	9	0.777101
Instant	35
1	611	28	2	0.287356
2	32	13	0	0
3	47	67	25	5.95581
4	240	14	0	0
11	27	18	0	0
12	39	61	9	0.676471
13	5	13	0	0
14	6	49	10	0.675087
Instant	36
1	635	29	2	0
2	24	13	0	0
3	40	74	20	4.8511
4	245	13	0	0
11	27	18	0	0
12	42	55	7	0.617647
13	5	13	0	0
14	6	54	11	0.779666
Instant	37
1	590	27	1	0.582524
2	19	13	0	0
3	44	74	18	5.91475
4	238	13	0	0
11	26	19	1	0
12	33	68	11	0.547619
13	5	13	0	0
14	6	54	8	0.842719
Instant	38
1	589	28	2	0.487329
2	22	13	0	0
3	34	76	22	8.65575
4	235	13	0	0
11	26	19	1	0
12	49	60	14	0.323529
13	5	13	0	0
14	6	53	9	0.662454
Instant	39
1	606	29	2	0.339147
2	18	13	0	0
3	40	77	12	6.61905
4	246	13	0	0
11	26	18	0	0
12	33	51	12	1.11765
13	5	13	0	0
14	7	53	9	0.679295
Instant	40
1	551	28	2	0.708502
2	21	13	0	0
3	30	76	18	6.28743
4	236	13	0	0
11	25	18	0	0
12	33	60	12	0.864865
13	5	13	0	0
14	6	53	8	0.754885
Instant	41
1	576	29	2	0.64741
2	30	13	0	0
3	44	65	20	5.92809
4	228	13	0	0
11	25	18	0	0
12	37	47	9	0.441176
13	5	13	0	0
14	6	55	9	0.688324
Instant	42
1	517	29	1	0.982533
2	20	13	0	0
3	34	73	18	6.19335
4	243	13	0	0
11	23	17	0	0
12	44	57	10	0.911765
13	5	13	0	0
14	6	53	13	0.701119
Instant	43
1	549	30	2	0.360825
2	19	13	0	0
3	57	58	18	2.98742
4	248	13	0	0
11	24	17	0	0
12	39	54	6	0.432432
13	5	13	0	0
14	6	55	11	0.810999
Instant	44
1	668	28	1	0
2	17	13	0	0
3	53	71	17	6.69082
4	246	13	0	0
11	29	18	0	0
12	33	66	12	0.735294
13	5	13	0	0
14	6	50	9	0.676776
Instant	45
1	697	29	2	0.25729
2	22	13	0	0
3	42	74	18	4.48909
4	252	13	0	0
11	30	19	0	0
12	37	66	14	0.823529
13	5	13	0	0
14	6	55	9	0.828698
Instant	46
1	724	30	2	0.0401929
2	21	13	0	0
3	36	74	18	5.33522
4	242	13	0	0
11	31	17	0	0
12	25	67	10	0.864865
13	5	13	0	0
14	6	53	12	0.745124
Instant	47
1	658	30	2	0.045045
2	33	13	0	0
3	49	70	21	7.10923
4	217	13	0	0
11	28	18	0	0
12	36	53	8	0.647059
13	5	13	0	0
14	5	57	10	0.743762
Instant	48
1	645	29	2	0.265487
2	37	13	0	0
3	41	69	18	5.2451
4	238	13	0	0
11	28	18	0	0
12	29	59	15	1.14706
13	5	13	0	0
14	7	58	10	0.639016
Instant	49
1	681	27	2	0.509338
2	28	13	0	0
3	48	74	16	5.99251
4	240	13	0	0
11	30	18	0	0
12	39	63	11	0.47619
13	5	13	0	0
14	6	56	10	0.588118
Instant	50
1	623	29	2	0.320513
2	29	13	0	0
3	37	71	17	4.93914
4	224	13	0	0
11	28	18	0	0
12	46	60	17	0.470588
13	5	13	0	0
14	6	57	9	0.788845
Instant	51
1	701	28	3	0.463744
2	26	13	0	0
3	30	70	19	6.05392
4	236	13	0	0
11	30	17	0	0
12	39	69	12	0.588235
13	5	13	0	0
14	6	55	9	0.927436
Instant	52
1	687	27	2	0.299145
2	16	13	0	0
3	37	69	29	5.04451
4	246	13	0	0
11	29	18	0	0
12	45	55	7	0.694444
13	5	13	0	0
14	7	53	10	0.587508
Instant	53
1	613	29	3	0.273723
2	26	13	0	0
3	53	75	18	5.29065
4	234	13	0	0
11	27	18	0	0.473485
12	39	54	11	0.441176
13	5	13	0	0
14	6	55	10	0.763002
Instant	54
1	642	31	3	0
2	26	13	0	0
3	42	70	14	7.13235
4	230	13	0	0
11	26	18	0	0
12	37	59	12	0.823529
13	5	13	0	0
14	6	55	8	0.823812
Instant	55
1	600	28	1	0.286807
2	22	13	0	0
3	46	66	24	6.13296
4	258	13	0	0
11	26	18	0	0
12	25	61	11	1.02703
13	5	13	0	0
14	7	57	8	0.742039
Instant	56
1	585	28	2	0.738189
2	35	13	0	0
3	42	75	13	5.18825
4	226	13	0	0
11	25	17	0	0
12	38	58	12	0.852941
13	5	13	0	0
14	5	56	9	0.745573
Instant	57
1	654	28	2	0
2	27	13	0	0
3	51	76	15	4.78821
4	236	13	0	0
11	28	18	0	0
12	35	51	13	0.735294
13	5	13	0	0
14	6	54	9	0.736607
Instant	58
1	600	27	1	0.558659
2	26	13	0	0
3	42	70	17	8.0468
4	222	13	0	0
11	27	18	0	0
12	42	55	10	0.567568
13	5	13	0	0
14	5	51	9	0.863466
Instant	59
1	617	29	3	0.333333
2	25	13	0	0
3	36	72	19	4.94949
4	228	13	0	0
11	26	18	0	0
12	30	49	19	0.941177
13	5	13	0	0
14	6	50	8	0.782036
Instant	60
1	665	28	2	0.268336
2	39	13	0	0
3	60	74	13	3.21716
4	235	13	0	0
11	28	18	0	0
12	42	63	10	0.558824
13	6	13	0	0
14	6	56	10	0.644991
Instant	61
1	601	30	2	0.559702
2	23	13	0	0
3	36	69	21	8.28236
4	223	13	0	0
11	27	18	0	0
12	37	60	11	0.690476
13	5	13	0	0
14	6	59	11	0.780381
Instant	62
1	807	30	2	0.0362319
2	26	13	0	0
3	40	74	16	5.30303
4	242	13	0	0
11	35	17	0	0
12	26	53	13	1.08824
13	5	13	0	0
14	7	53	10	0.593314
Instant	63
1	783	27	1	0.222552
2	20	13	0	0
3	41	72	22	4.38356
4	227	13	0	0
11	35	18	0	0
12	34	51	10	1
13	5	13	0	0
14	6	54	10	0.687938
Instant	64
1	740	30	2	0
2	35	13	0	0
3	37	65	15	6.37703
4	238	13	0	0
11	31	17	0	0
12	35	71	16	0.972973
13	5	13	0	0
14	6	50	7	0.933226
Instant	65
1	580	28	2	0.588235
2	27	13	0	0
3	46	70	18	5.63654
4	259	13	0	0
11	26	19	0	0
12	40	64	12	0.588235
13	5	13	0	0
14	7	51	9	0.57925
Instant	66
1	533	27	1	0.37961
2	16	13	0	0
3	37	61	25	5.57157
4	236	13	0	0
11	23	20	1	0
12	38	58	6	0.705882
13	5	13	0	0
14	6	53	9	0.88429
Instant	67
1	542	29	2	0
2	24	13	0	0
3	36	71	19	6.68191
4	239	13	0	0
11	23	18	1	0.431034
12	36	62	10	0.594595
13	5	13	0	0
14	6	57	10	0.754241
Instant	68
1	538	29	2	0.37155
2	31	13	0	0
3	49	70	24	4.47036
4	228	13	0	0
11	24	18	0	0
12	37	55	14	0.6875
13	5	13	0	0
14	6	56	11	0.733814
Instant	69
1	610	26	1	0.285714
2	36	13	0	0
3	40	72	15	5.45412
4	240	13	0	0
11	26	17	0	0
12	28	69	12	0.941177
13	5	13	0	0
14	6	58	10	0.853018
Instant	70
1	457	29	4	1.41975
2	33	13	0	0
3	37	74	19	7.79816
4	241	13	0	0
11	21	18	0	0
12	38	50	8	0.864865
13	5	13	0	0
14	6	56	9	0.628542
Instant	71
1	511	29	2	0.491266
2	35	13	0	0
3	37	77	17	4.75475
4	240	13	0	0
11	23	18	0	0
12	24	57	10	0.911765
13	5	13	0	0
14	6	55	8	0.746924
Instant	72
1	591	27	1	0.298211
2	28	13	0	0
3	38	74	14	6.23167
4	233	13	0	0
11	25	18	0	0
12	24	60	14	1.15152
13	5	13	0	0
14	6	59	10	0.707663
Instant	73
1	490	27	2	1.10209
2	23	13	0	0
3	34	76	17	4.85901
4	243	13	0	0
11	21	17	0	0.460829
12	30	54	13	0.95122
13	5	13	0	0
14	6	59	10	0.848826
Instant	74
1	606	26	1	0
2	17	13	0	0
3	51	75	17	4.06336
4	243	13	0	0
11	26	19	1	0
12	38	61	10	0.5
13	5	13	0	0
14	6	55	9	0.657482
Instant	75
1	599	28	1	0
2	21	13	0	0
3	42	69	16	5.52486
4	240	13	0	0
11	26	18	1	0
12	43	61	10	0.787879
13	5	13	0	0
14	6	55	9	0.784393
Instant	76
1	534	29	1	0.383772
2	25	13	0	0
3	47	71	22	6.65722
4	238	13	0	0
11	23	17	0	0
12	31	59	8	0.861111
13	5	13	0	0
14	6	54	10	0.805803
Instant	77
1	547	29	3	0.319149
2	36	13	0	0
3	33	68	21	6.07903
4	241	13	0	0
11	24	18	0	0
12	47	61	8	0.4375
13	5	13	0	0
14	6	54	10	0.771458
Instant	78
1	563	29	2	0.102041
2	30	13	0	0
3	42	82	21	6.32586
4	243	13	0	0
11	24	18	1	0
12	38	62	13	0.46875
13	5	13	0	0
14	6	58	11	0.722157
Instant	79
1	583	28	1	0.351406
2	19	13	0	0
3	42	79	15	8.38164
4	240	13	0	0
11	25	18	1	0
12	33	55	10	0.864865
13	5	13	0	0
14	7	57	10	0.694834
Instant	80
1	596	28	2	0.295276
2	33	13	0	0
3	40	63	22	3.62319
4	225	13	0	0
11	26	18	0	0
12	34	58	12	0.848485
13	5	13	0	0
14	6	55	8	0.811688
Instant	81
1	582	29	2	0
2	26	13	0	0
3	48	72	21	5.05268
4	256	13	0	0
11	25	18	0	0
12	48	61	10	0.454545
13	5	13	0	0
14	7	56	10	0.592071
Instant	82
1	555	30	2	0.0524109
2	28	13	0	0
3	44	77	19	5.28101
4	236	13	0	0
11	24	18	1	0
12	39	52	8	0.485714
13	5	13	0	0
14	6	57	9	0.6917
Instant	83
1	578	28	2	0.441176
2	32	13	0	0
3	42	64	20	6.58021
4	235	13	0	0
11	25	17	0	0.302419
12	37	56	9	0.757576
13	5	13	0	0
14	6	48	9	0.754188
Instant	84
1	538	29	1	0.494505
2	18	13	0	0
3	36	74	17	6.1144
4	226	13	0	0
11	23	18	0	0
12	48	57	8	0.212121
13	5	13	0	0
14	6	54	10	0.875094
Instant	85
1	574	29	2	0.601202
2	26	13	0	0
3	34	71	15	6.90476
4	235	13	0	0
11	25	17	0	0
12	32	64	20	0.692308
13	5	13	0	0
14	6	55	10	0.705752
Instant	86
1	553	29	2	0.679916
2	24	13	0	0
3	36	74	15	6.29203
4	253	13	0	0
11	24	18	1	0
12	30	54	13	1.14706
13	5	13	0	0
14	6	53	8	0.806268
Instant	87
1	571	28	2	0
2	26	13	0	0
3	35	72	24	5.77122
4	245	13	0	0
11	25	17	0	0.304878
12	33	64	11	0.735294
13	5	13	0	0
14	6	55	8	0.747171
Instant	88
1	578	30	2	0
2	30	13	0	0
3	39	68	22	4.83333
4	232	13	0	0
11	24	18	0	0
12	39	57	11	0.756757
13	5	13	0	0
14	6	58	8	0.731476
Instant	89
1	529	28	1	0.377155
2	23	13	0	0
3	45	72	11	4.53431
4	243	13	0	0
11	23	18	1	0
12	36	58	13	0.647059
13	5	13	0	0
14	7	54	9	0.637067
Instant	90
1	591	28	1	0
2	20	13	0	0
3	43	73	17	5.09777
4	240	13	0	0
11	25	19	1	0
12	30	60	12	1
13	5	13	0	0
14	6	52	8	0.730234
Instant	91
1	627	27	1	0
2	40	13	0	0
3	50	66	16	6.90413
4	234	14	0	0
11	26	17	1	0
12	32	57	10	0.675676
13	5	13	0	0
14	6	59	11	0.831635
Instant	92
1	522	28	2	1.08932
2	32	13	0	0
3	50	73	18	5.16098
4	232	13	0	0
11	23	18	0	0
12	47	51	9	0.484848
13	5	13	0	0
14	6	54	11	0.70611
Instant	93
1	606	28	2	0
2	30	13	0	0
3	36	73	18	4.80676
4	235	13	0	0
11	26	17	0	0
12	39	53	11	0.666667
13	5	13	0	0
14	6	54	9	0.779917
Instant	94
1	560	29	2	0.30303
2	19	13	0	0
3	39	68	15	4.86513
4	227	13	0	0
11	25	18	1	0
12	43	59	10	0.351351
13	5	13	0	0
14	6	57	10	0.74564
Instant	95
1	542	31	3	0.691489
2	12	13	0	0
3	41	74	18	7.75194
4	222	13	0	0
11	23	17	0	0
12	34	48	9	0.882353
13	5	13	0	0
14	6	58	10	0.746108
Instant	96
1	566	29	2	0.0518672
2	19	13	0	0
3	40	64	19	6.1828
4	218	13	0	0
11	24	18	0	0
12	44	55	9	0.323529
13	5	13	0	0
14	5	55	10	0.938783
Instant	97
1	562	29	2	0.305499
2	25	13	0	0
3	31	77	22	5.86785
4	231	13	0	0
11	25	18	0	0
12	34	53	14	0.658537
13	5	13	0	0
14	6	56	10	0.819842
Instant	98
1	539	28	2	0.383772
2	13	13	0	0
3	44	75	18	7.21108
4	229	13	0	0
11	23	18	1	0
12	40	60	8	0.764706
13	5	13	0	0
14	5	52	11	0.79535
Instant	99
1	525	29	2	0.536481
2	17	13	0	0
3	32	71	25	5.96944
4	229	13	0	0
11	23	18	0	0
12	40	72	9	0.588235
13	5	13	0	0
14	6	56	10	0.811393
Instant	100
1	557	30	2	0.31185
2	29	13	0	0
3	42	76	17	5.4702
4	230	13	0	0
11	24	19	1	0
12	45	61	9	0.486486
13	5	13	0	0
14	6	57	9	0.694502
Instant	101
1	581	30	2	0.255624
2	16	13	0	0
3	43	71	18	5.59777
4	235	13	0	0
11	25	17	0	0
12	26	54	12	1.08824
13	5	13	0	0
14	6	55	10	0.859177
Instant	102
1	593	29	1	0.0483559
2	24	13	0	0
3	53	72	17	6.7867
4	230	13	0	0
11	26	17	0	0
12	32	62	11	0.823529
13	5	13	0	0
14	6	55	9	0.640439
Instant	103
1	532	31	3	0.647948
2	27	13	0	0
3	42	69	20	3.96714
4	223	13	0	0
11	23	17	0	0
12	47	64	11	0.486486
13	5	13	0	0
14	6	55	11	0.776001
Instant	104
1	547	28	2	0.9375
2	18	13	0	0
3	43	76	19	5.27363
4	236	13	0	0
11	24	17	0	0
12	42	53	9	0.382353
13	5	13	0	0
14	7	57	10	0.565154
Instant	105
1	612	27	2	0
2	19	13	0	0
3	32	75	10	7.29483
4	239	13	0	0
11	25	20	1	0
12	31	55	11	0.882353
13	5	13	0	0
14	6	54	10	0.814676
Instant	106
1	575	28	1	0
2	17	13	0	0
3	49	75	16	4.3618
4	236	13	0	0
11	25	19	1	0
12	41	56	12	0.594595
13	5	13	0	0
14	6	54	10	0.665584
Instant	107
1	582	31	2	0
2	25	13	0	0
3	47	68	20	6.94829
4	237	13	0	0
11	25	17	0	0
12	42	64	10	0.735294
13	5	13	0	0
14	6	54	11	0.695282
Instant	108
1	614	28	1	0.0473485
2	24	13	0	0
3	54	74	16	5.22831
4	245	13	0	0
11	27	17	0	0
12	33	65	12	0.764706
13	5	13	0	0
14	6	56	9	0.801909
Instant	109
1	620	27	2	0
2	23	13	0	0
3	38	72	20	4.23934
4	232	13	0	0
11	27	18	1	0
12	32	59	10	0.738095
13	5	13	0	0
14	6	52	10	0.752764
Instant	110
1	553	29	2	0.314465
2	21	13	0	0
3	42	79	14	4.88921
4	238	13	0	0
11	24	18	1	0
12	41	43	9	0.8125
13	5	13	0	0
14	6	53	10	0.754899
Instant	111
1	554	30	1	0
2	20	13	0	0
3	39	73	20	5.40418
4	238	13	0	0
11	24	18	0	0
12	35	53	11	0.676471
13	5	13	0	0
14	6	56	9	0.686637
Instant	112
1	529	29	3	0.666667
2	20	13	0	0
3	47	76	16	7.98319
4	242	13	0	0
11	23	17	0	0
12	40	55	9	0.540541
13	5	13	0	0
14	7	52	9	0.739774
Instant	113
1	601	28	2	0
2	26	13	0	0
3	48	68	19	5.55556
4	237	13	0	0
11	26	17	0	0
12	48	61	10	0.529412
13	5	13	0	0
14	6	55	10	0.634109
Instant	114
1	573	29	2	0.296443
2	29	13	0	0
3	50	70	18	3.99637
4	234	13	0	0
11	25	18	0	0
12	42	60	9	0.205882
13	5	13	0	0
14	6	50	11	0.96051
Instant	115
1	558	27	1	0.31185
2	36	13	0	0
3	44	71	15	4.04116
4	248	13	0	0
11	24	18	1	0
12	47	59	12	0.486486
13	5	13	0	0
14	7	56	9	0.632814
Instant	116
1	577	28	1	0
2	30	13	0	0
3	42	73	16	9.33048
4	241	13	0	0
11	25	18	0	0
12	29	58	17	0.882353
13	5	13	0	0
14	6	58	8	0.795555
Instant	117
1	641	28	2	0.276753
2	23	13	0	0
3	38	68	17	3.46585
4	225	13	0	0
11	27	17	0	0
12	48	56	8	0.470588
13	5	13	0	0
14	5	52	10	0.749831
Instant	118
1	551	32	6	0.826446
2	23	13	0	0
3	42	67	19	6.16147
4	241	13	0	0
11	25	17	0	0
12	39	58	7	0.567568
13	5	13	0	0
14	7	55	10	0.699147
Instant	119
1	566	29	2	0.315126
2	19	13	0	0
3	42	69	18	5.16815
4	228	13	0	0
11	24	18	0	0
12	33	52	10	0.794118
13	5	13	0	0
14	6	56	10	0.853842
