	T	D	J	LP
Instant	0
1	0	0	0	0
2	0	0	0	0
3	0	0	0	0
4	0	0	0	0
11	0	0	0	0
12	0	0	0	0
13	0	0	0	0
14	0	0	0	0
Instant	1
1	335	28	2	0
2	18	13	0	0
3	16	54	10	2.14844
4	89	13	0	0
11	13	17	0	0
12	12	70	1	5.52174
13	1	13	0	0
14	2	51	7	0.207444
Instant	2
1	1881	32	2	0.616356
2	34	14	0	0
3	20	65	26	5.80882
4	465	14	0	0
11	84	18	0	0.335775
12	4	48	2	0.941177
13	4	13	0	0
14	14	55	10	0.594867
Instant	3
1	1995	29	2	0.622106
2	16	14	1	0
3	18	66	24	5.43478
4	486	13	0	0
11	88	17	0	0.402299
12	9	67	6	0.705882
13	4	13	0	0
14	14	54	9	0.625694
Instant	4
1	2168	29	3	0
2	30	13	0	0
3	15	74	17	4.3956
4	411	14	0	0
11	94	17	0	0
12	0	0	0	0
13	4	13	0	0
14	12	52	12	0.817384
Instant	5
1	1690	29	2	0.140252
2	27	13	0	0
3	11	64	24	5.21978
4	391	13	0	0
11	74	17	0	0
12	0	0	0	0
13	4	13	0	0
14	11	51	9	0.578624
Instant	6
1	1196	27	2	0.816523
2	34	13	0	0
3	12	73	23	7.02214
4	356	14	0	0
11	54	17	0	0
12	0	0	0	0
13	4	13	0	0
14	10	54	10	0.827672
Instant	7
1	863	28	2	0.26455
2	16	14	0	0
3	9	73	20	12.2917
4	347	13	0	0
11	39	18	0	0
12	0	0	0	0
13	4	13	0	0
14	9	52	9	0.609756
Instant	8
1	781	26	1	0
2	19	14	0	0
3	11	79	16	7.52976
4	318	13	0	0
11	33	16	0	0
12	0	0	0	0
13	4	13	0	0
14	9	54	9	0.720252
Instant	9
1	676	27	1	0
2	31	13	0	0
3	21	78	17	7.17593
4	305	14	0	0
11	30	18	0	0
12	0	0	0	0
13	4	13	0	0
14	9	51	10	0.547777
Instant	10
1	681	27	1	0
2	36	13	0	0
3	14	79	12	8.6278
4	326	14	0	0
11	29	17	0	0
12	0	0	0	0
13	4	13	0	0
14	10	54	9	0.446851
Instant	11
1	695	26	1	0
2	24	13	0	0
3	16	73	20	5.36773
4	326	13	0	0
11	30	17	0	0
12	0	0	0	0
13	4	13	0	0
14	9	52	9	0.657352
Instant	12
1	564	28	2	0.938735
2	24	13	0	0
3	13	76	19	7.08191
4	327	13	0	0
11	25	18	0	0
12	0	0	0	0
13	4	13	0	0
14	10	54	7	0.861461
Instant	13
1	607	27	1	0.578035
2	13	13	0	0
3	12	75	21	7.03769
4	294	13	0	0
11	26	19	0	0
12	0	0	0	0
13	4	13	0	0
14	8	55	8	0.604205
Instant	14
1	532	28	2	0.431034
2	31	13	0	0
3	17	81	10	7.21618
4	328	13	0	0
11	23	19	1	0
12	0	0	0	0
13	4	13	0	0
14	10	49	10	0.462773
Instant	15
1	515	25	0	1.04167
2	24	13	0	0
3	13	82	18	8.33333
4	294	13	0	0
11	23	18	1	0
12	0	0	0	0
13	4	13	0	0
14	8	52	9	1.0956
Instant	16
1	527	30	3	0.0537634
2	28	13	0	0
3	10	79	19	7.47636
4	309	13	0	0
11	23	18	0	0
12	0	0	0	0
13	4	13	0	0
14	9	55	11	0.60005
Instant	17
1	518	29	3	0.955056
2	24	13	0	0
3	10	81	21	7.14286
4	311	13	0	0
11	22	18	1	0.331858
12	0	0	0	0
13	4	13	0	0
14	9	52	9	0.572425
Instant	18
1	626	26	1	0.278293
2	29	13	0	0
3	18	74	10	6.60211
4	275	13	0	0
11	27	17	0	0
12	0	0	0	0
13	4	13	0	0
14	8	58	10	0.640623
Instant	19
1	592	26	1	0
2	29	13	0	0
3	23	79	19	7.88288
4	284	13	0	0
11	26	18	1	0
12	0	0	0	0
13	4	13	0	0
14	9	56	10	0.550044
Instant	20
1	634	26	0	0.274725
2	27	13	0	0
3	12	72	23	7.53676
4	303	13	0	0
11	27	18	1	0
12	0	0	0	0
13	4	13	0	0
14	9	49	11	0.545962
Instant	21
1	587	28	1	0.300601
2	27	13	0	0
3	13	73	17	5.87056
4	298	13	0	0
11	25	17	0	0
12	0	0	0	0
13	4	13	0	0
14	9	52	9	0.551209
Instant	22
1	538	28	1	0.595238
2	13	13	0	0
3	13	85	16	7.22611
4	294	13	0	0
11	23	18	0	0
12	0	0	0	0
13	4	13	0	0
14	9	51	10	0.511934
Instant	23
1	549	28	2	0.052521
2	30	13	0	0
3	17	70	17	4.8913
4	307	13	0	0
11	24	19	1	0.316456
12	0	0	0	0
13	4	13	0	0
14	10	51	9	0.531449
Instant	24
1	575	27	1	0.355691
2	22	13	0	0
3	13	67	18	7.20974
4	283	13	0	0
11	25	19	1	0
12	0	0	0	0
13	4	13	0	0
14	9	54	10	0.540238
Instant	25
1	478	30	3	0.833333
2	27	13	0	0
3	19	68	21	8.125
4	284	13	0	0
11	21	19	1	0
12	0	0	0	0
13	4	13	0	0
14	8	55	10	0.56607
Instant	26
1	536	27	2	0.685654
2	31	13	0	0
3	11	81	20	9.25595
4	304	14	0	0
11	24	18	0	0
12	0	0	0	0
13	4	13	0	0
14	9	52	9	0.496069
Instant	27
1	545	28	3	0.682773
2	35	13	0	0
3	18	73	18	4.52899
4	277	13	0	0
11	24	18	1	0
12	0	0	0	0
13	4	13	0	0
14	8	51	9	0.702354
Instant	28
1	609	27	1	0.517891
2	25	13	0	0
3	18	76	17	8.41837
4	296	13	0	0
11	26	17	0	0
12	0	0	0	0
13	4	13	0	0
14	9	53	9	0.49061
Instant	29
1	620	27	1	0
2	30	13	0	0
3	20	75	18	6.37077
4	279	14	0	0
11	26	18	0	0
12	0	0	0	0
13	4	13	0	0
14	8	50	9	0.525665
Instant	30
1	568	27	1	0.6
2	26	13	0	0
3	11	75	20	6.18375
4	288	13	0	0
11	25	18	0	0
12	0	0	0	0
13	4	13	0	0
14	8	53	9	0.612983
Instant	31
1	618	27	1	0
2	20	13	0	0
3	15	74	21	6.65446
4	267	13	0	0
11	26	18	0	0
12	0	0	0	0
13	4	13	0	0
14	7	54	10	0.612164
Instant	32
1	533	28	1	0.643777
2	34	13	0	0
3	14	78	18	8.24713
4	306	13	0	0
11	23	18	1	0
12	0	0	0	0
13	4	13	0	0
14	10	52	10	0.454231
Instant	33
1	614	27	1	0
2	18	13	0	0
3	18	71	18	7.12996
4	284	13	0	0
11	27	18	0	0
12	0	0	0	0
13	4	13	0	0
14	9	51	10	0.60798
Instant	34
1	619	26	1	0
2	32	13	0	0
3	9	63	22	7.0632
4	274	13	0	0
11	27	18	1	0
12	0	0	0	0
13	3	13	0	0
14	8	54	9	0.573427
Instant	35
1	547	28	2	0.628931
2	16	13	0	0
3	26	71	13	9.58333
4	278	13	0	0
11	24	19	1	0
12	0	0	0	0
13	4	13	0	0
14	8	53	9	0.65132
Instant	36
1	517	29	2	0.727069
2	24	13	0	0
3	7	84	23	4.59364
4	297	13	0	0
11	22	18	1	0
12	0	0	0	0
13	4	13	0	0
14	9	50	10	0.517342
Instant	37
1	572	27	2	0.29703
2	18	13	0	0
3	11	71	14	5.2583
4	272	13	0	0
11	25	18	1	0
12	0	0	0	0
13	4	13	0	0
14	8	54	10	0.685173
Instant	38
1	592	29	1	0.294118
2	20	13	0	0
3	21	77	14	10.0346
4	292	13	0	0
11	26	17	0	0
12	0	0	0	0
13	4	13	0	0
14	9	51	8	0.639205
Instant	39
1	613	28	1	0
2	29	13	0	0
3	14	73	22	7.2807
4	286	13	0	0
11	26	18	0	0
12	0	0	0	0
13	4	13	0	0
14	9	52	9	0.474323
Instant	40
1	640	26	1	0.0457875
2	23	13	0	0
3	28	72	16	5.00569
4	300	13	0	0
11	27	17	0	0
12	0	0	0	0
13	4	13	0	0
14	9	50	8	0.532971
Instant	41
1	575	27	1	0.3
2	33	13	0	0
3	8	67	27	7.57576
4	288	13	0	0
11	25	18	0	0
12	0	0	0	0
13	4	13	0	0
14	9	51	9	0.630669
Instant	42
1	607	27	2	0.147059
2	27	13	0	0
3	16	77	17	7.13859
4	282	13	0	0
11	26	19	1	0
12	0	0	0	0
13	4	13	0	0
14	8	51	8	0.465108
Instant	43
1	565	26	1	0.358607
2	28	13	0	0
3	14	79	15	6.90985
4	275	13	0	0
11	24	18	0	0
12	0	0	0	0
13	4	13	0	0
14	8	49	9	0.698227
Instant	44
1	579	27	1	0.300601
2	38	13	0	0
3	11	75	19	8.87372
4	281	13	0	0
11	25	19	0	0
12	0	0	0	0
13	4	13	0	0
14	8	50	10	0.652293
Instant	45
1	573	27	1	0.0501002
2	29	13	0	0
3	17	71	16	7.89474
4	296	13	0	0
11	25	17	0	0
12	0	0	0	0
13	4	13	0	0
14	9	48	8	0.547078
Instant	46
1	521	26	1	0.554324
2	22	13	0	0
3	16	82	11	6.01526
4	273	13	0	0
11	22	20	1	0
12	0	0	0	0
13	4	13	0	0
14	8	51	9	0.66958
Instant	47
1	558	30	2	0.572917
2	24	13	0	0
3	13	75	16	6.56475
4	270	13	0	0
11	24	17	0	0
12	0	0	0	0
13	4	13	0	0
14	9	51	10	0.49738
Instant	48
1	587	28	1	0.29703
2	30	13	0	0
3	10	73	13	7.61391
4	267	14	0	0
11	25	18	0	0
12	0	0	0	0
13	4	13	0	0
14	8	52	9	0.582521
Instant	49
1	634	26	1	0
2	31	13	0	0
3	14	69	19	7.0303
4	279	14	0	0
11	27	18	0	0
12	0	0	0	0
13	4	13	0	0
14	8	48	10	0.585452
Instant	50
1	606	28	1	0
2	25	13	0	0
3	17	74	19	6.72043
4	281	13	0	0
11	25	18	0	0
12	0	0	0	0
13	4	13	0	0
14	9	51	9	0.443293
Instant	51
1	591	28	1	0.0490196
2	27	13	0	0
3	11	77	17	7.49097
4	277	13	0	0
11	25	19	1	0
12	0	0	0	0
13	4	13	0	0
14	8	53	9	0.529265
Instant	52
1	627	27	1	0
2	20	13	0	0
3	14	72	17	6.14802
4	284	13	0	0
11	27	17	0	0
12	0	0	0	0
13	4	13	0	0
14	9	54	10	0.576662
Instant	53
1	573	29	1	0.3125
2	21	13	0	0
3	12	72	17	8.83041
4	272	13	0	0
11	24	17	0	0
12	0	0	0	0
13	4	13	0	0
14	8	52	10	0.517569
Instant	54
1	591	26	1	0.293542
2	34	13	0	0
3	18	83	8	6.89046
4	276	14	0	0
11	26	18	0	0
12	0	0	0	0
13	4	13	0	0
14	9	51	9	0.548649
Instant	55
1	521	25	1	0.649351
2	18	13	0	0
3	17	77	19	6.94935
4	311	13	0	0
11	23	19	1	0
12	0	0	0	0
13	4	13	0	0
14	9	53	9	0.529477
Instant	56
1	596	27	1	0.287908
2	30	13	0	0
3	8	70	23	5.53571
4	291	13	0	0
11	26	18	1	0
12	0	0	0	0
13	4	13	0	0
14	9	51	8	0.552514
Instant	57
1	606	28	1	0.0490196
2	33	13	0	0
3	11	75	17	6.45833
4	295	13	0	0
11	25	18	1	0
12	0	0	0	0
13	4	13	0	0
14	9	51	10	0.470163
Instant	58
1	499	29	2	0.3386
2	26	13	0	0
3	10	81	18	7.98122
4	293	13	0	0
11	22	18	0	0
12	0	0	0	0
13	4	13	0	0
14	9	52	8	0.558357
Instant	59
1	591	30	2	0.305499
2	25	13	0	0
3	13	66	24	6.92402
4	285	13	0	0
11	25	17	0	0
12	0	0	0	0
13	4	13	0	0
14	9	51	8	0.517602
Instant	60
1	582	27	1	0.298805
2	26	13	0	0
3	15	73	18	4.02098
4	270	13	0	0
11	25	18	0	0
12	0	0	0	0
13	4	13	0	0
14	8	53	9	0.536837
Instant	61
1	562	27	1	0.603622
2	18	13	0	0
3	18	72	20	14.6204
4	294	13	0	0
11	25	17	0	0
12	0	0	0	0
13	4	13	0	0
14	9	54	9	0.500854
Instant	62
1	587	26	1	0.0499002
2	31	13	0	0
3	19	78	19	5.24798
4	277	13	0	0
11	25	18	0	0
12	0	0	0	0
13	4	13	0	0
14	8	51	9	0.485403
Instant	63
1	625	26	1	0.27881
2	26	13	0	0
3	11	74	18	5.49944
4	274	13	0	0
11	27	17	0	0
12	0	0	0	0
13	4	13	0	0
14	8	49	9	0.575153
Instant	64
1	620	27	1	0
2	26	13	0	0
3	13	78	13	10.5263
4	271	13	0	0
11	26	18	0	0
12	0	0	0	0
13	4	13	0	0
14	8	53	9	0.634455
Instant	65
1	627	26	1	0
2	29	13	0	0
3	19	77	19	6.36042
4	269	13	0	0
11	27	18	0	0
12	0	0	0	0
13	4	13	0	0
14	8	55	9	0.498327
Instant	66
1	627	26	0	0
2	27	13	0	0
3	10	83	20	6.6247
4	272	13	0	0
11	26	18	1	0
12	0	0	0	0
13	4	13	0	0
14	8	49	10	0.543901
Instant	67
1	648	26	1	0
2	29	13	0	0
3	15	65	20	4.72323
4	258	13	0	0
11	28	17	0	0
12	0	0	0	0
13	4	13	0	0
14	7	52	9	0.67292
Instant	68
1	549	27	2	0.305499
2	11	13	0	0
3	20	73	19	10.261
4	280	13	0	0
11	25	18	1	0
12	0	0	0	0
13	4	13	0	0
14	9	51	10	0.493997
Instant	69
1	620	27	1	0.283019
2	18	13	0	0
3	12	85	16	5.78292
4	281	13	0	0
11	27	17	0	0
12	0	0	0	0
13	4	13	0	0
14	9	52	10	0.553613
Instant	70
1	579	27	2	0.609756
2	24	13	0	0
3	16	70	15	9.92064
4	263	13	0	0
11	25	18	0	0
12	0	0	0	0
13	4	13	0	0
14	8	54	11	0.566819
Instant	71
1	606	28	1	0
2	33	13	0	0
3	17	72	25	6.46258
4	268	13	0	0
11	26	18	0	0
12	0	0	0	0
13	4	13	0	0
14	8	51	8	0.657519
Instant	72
1	570	27	1	0.298805
2	28	13	0	0
3	15	73	25	4.54545
4	277	13	0	0
11	25	18	1	0
12	0	0	0	0
13	4	13	0	0
14	8	52	9	0.537821
Instant	73
1	490	29	3	1.26728
2	28	13	0	0
3	19	71	23	6.27976
4	281	13	0	0
11	22	17	0	0
12	0	0	0	0
13	4	13	0	0
14	9	50	9	0.639098
Instant	74
1	634	27	1	0.0458716
2	23	13	0	0
3	13	83	18	8.62069
4	282	13	0	0
11	27	17	0	0
12	0	0	0	0
13	4	13	0	0
14	8	52	11	0.479097
Instant	75
1	645	26	1	0
2	23	13	0	0
3	13	75	25	9.61071
4	269	14	0	0
11	27	17	0	0
12	0	0	0	0
13	4	13	0	0
14	8	49	10	0.593583
Instant	76
1	641	26	1	0
2	20	13	0	0
3	22	68	20	5.72727
4	282	13	0	0
11	27	17	0	0.274725
12	0	0	0	0
13	4	13	0	0
14	8	52	12	0.582663
Instant	77
1	627	26	1	0
2	20	13	0	0
3	15	79	18	7.99756
4	274	13	0	0
11	27	18	0	0
12	0	0	0	0
13	4	13	0	0
14	8	53	9	0.569488
Instant	78
1	625	27	1	0
2	28	13	0	0
3	12	66	22	4.40141
4	297	13	0	0
11	27	18	0	0
12	0	0	0	0
13	4	13	0	0
14	9	48	9	0.462963
Instant	79
1	565	28	2	0.1002
2	27	13	0	0
3	16	68	16	6.46552
4	274	13	0	0
11	25	20	1	0
12	0	0	0	0
13	4	13	0	0
14	8	52	9	0.548046
Instant	80
1	582	27	1	0.612245
2	35	13	0	0
3	8	86	17	6.88272
4	271	13	0	0
11	25	18	1	0
12	0	0	0	0
13	4	13	0	0
14	8	55	9	0.490923
Instant	81
1	586	26	1	0.0477099
2	23	13	0	0
3	12	78	13	10.6562
4	274	13	0	0
11	26	17	0	0
12	0	0	0	0
13	4	13	0	0
14	8	52	9	0.608047
Instant	82
1	584	28	1	0.612245
2	36	13	0	0
3	21	79	16	7.96485
4	289	13	0	0
11	25	17	0	0
12	0	0	0	0
13	4	13	0	0
14	9	51	9	0.51524
Instant	83
1	525	29	2	0.488069
2	29	13	0	0
3	11	82	18	5.90528
4	290	13	0	0
11	23	19	1	0
12	0	0	0	0
13	4	13	0	0
14	9	51	10	0.567768
Instant	84
1	537	31	2	0.218341
2	29	13	0	0
3	17	74	13	7.82005
4	295	13	0	0
11	23	18	0	0
12	0	0	0	0
13	4	13	0	0
14	9	49	9	0.426849
Instant	85
1	621	26	1	0
2	26	13	0	0
3	13	76	13	6.32603
4	270	13	0	0
11	26	19	1	0
12	0	0	0	0
13	4	13	0	0
14	8	50	8	0.594351
Instant	86
1	519	29	2	0.704989
2	32	13	0	0
3	18	72	20	4.79532
4	278	13	0	0
11	23	18	1	0
12	0	0	0	0
13	4	13	0	0
14	8	54	9	0.577283
Instant	87
1	573	27	1	0.308642
2	15	13	0	0
3	13	79	24	5.54523
4	267	13	0	0
11	24	17	0	0
12	0	0	0	0
13	4	13	0	0
14	8	53	10	0.548097
Instant	88
1	601	27	1	0.285171
2	30	13	0	0
3	16	84	20	12.6149
4	267	13	0	0
11	26	18	0	0
12	0	0	0	0
13	4	13	0	0
14	8	53	8	0.561412
Instant	89
1	588	27	1	0.590551
2	35	13	0	0
3	14	71	17	6.94444
4	276	13	0	0
11	25	17	0	0
12	0	0	0	0
13	4	13	0	0
14	8	52	8	0.573816
Instant	90
1	614	27	1	0
2	21	13	0	0
3	11	71	22	5.30842
4	295	13	0	0
11	26	18	0	0
12	0	0	0	0
13	4	13	0	0
14	9	48	9	0.469599
Instant	91
1	627	26	1	0
2	22	13	0	0
3	11	69	18	7.25524
4	280	13	0	0
11	27	17	0	0
12	0	0	0	0
13	4	13	0	0
14	8	49	10	0.570753
Instant	92
1	601	28	1	0.0996016
2	16	13	0	0
3	11	72	26	9.10166
4	284	13	0	0
11	25	18	0	0
12	0	0	0	0
13	4	13	0	0
14	9	54	10	0.537037
Instant	93
1	598	29	2	0.0478927
2	26	13	0	0
3	16	72	29	6.92446
4	283	14	0	0
11	26	17	0	0
12	0	0	0	0
13	4	13	0	0
14	9	50	8	0.484826
Instant	94
1	592	29	1	0
2	28	13	0	0
3	10	81	14	6.01685
4	279	13	0	0
11	26	18	0	0
12	0	0	0	0
13	4	13	0	0
14	9	53	11	0.548411
Instant	95
1	592	26	1	0.29703
2	31	13	0	0
3	10	76	21	8.42359
4	260	13	0	0
11	25	18	1	0
12	0	0	0	0
13	4	13	0	0
14	8	55	9	0.581095
Instant	96
1	628	27	1	0
2	26	13	0	0
3	17	76	18	6.72043
4	267	14	0	0
11	26	17	0	0
12	0	0	0	0
13	4	13	0	0
14	8	54	8	0.583027
Instant	97
1	592	29	2	0
2	22	13	0	0
3	14	60	25	7.59717
4	273	13	0	0
11	25	18	1	0
12	0	0	0	0
13	4	13	0	0
14	8	51	9	0.646597
Instant	98
1	500	27	2	0.344037
2	22	13	0	0
3	7	86	20	4.84901
4	258	13	0	0
11	22	19	1	0
12	0	0	0	0
13	4	13	0	0
14	7	54	9	0.553827
Instant	99
1	554	29	2	0.612245
2	14	13	0	0
3	11	74	14	8.907
4	286	13	0	0
11	25	18	0	0
12	0	0	0	0
13	4	13	0	0
14	9	51	10	0.484737
Instant	100
1	578	26	1	0.588235
2	24	13	0	0
3	25	67	17	9.18129
4	282	13	0	0
11	26	18	1	0
12	0	0	0	0
13	4	13	0	0
14	9	54	8	0.569883
Instant	101
1	618	27	2	0
2	31	13	0	0
3	16	74	15	5.40936
4	278	13	0	0
11	26	18	1	0
12	0	0	0	0
13	4	13	0	0
14	9	53	9	0.451776
Instant	102
1	613	25	1	0.280899
2	45	13	0	0
3	14	74	16	5.21945
4	260	13	0	0
11	27	17	1	0
12	0	0	0	0
13	4	13	0	0
14	8	52	8	0.586154
Instant	103
1	606	28	1	0
2	20	13	0	0
3	23	70	21	8.59929
4	284	13	0	0
11	26	18	1	0
12	0	0	0	0
13	4	13	0	0
14	9	49	10	0.553053
Instant	104
1	613	27	1	0
2	24	13	0	0
3	14	73	25	8.6561
4	286	13	0	0
11	26	18	0	0
12	0	0	0	0
13	4	13	0	0
14	9	54	10	0.566501
Instant	105
1	543	26	1	0.587607
2	26	13	0	0
3	21	65	19	6.25741
4	282	13	0	0
11	24	18	1	0
12	0	0	0	0
13	4	13	0	0
14	8	49	8	0.517535
Instant	106
1	599	27	1	0.294118
2	13	13	0	0
3	14	78	18	5.46498
4	275	13	0	0
11	26	17	0	0
12	0	0	0	0
13	4	13	0	0
14	8	52	9	0.566434
Instant	107
1	606	26	1	0.287356
2	25	13	0	0
3	13	68	21	8.05452
4	267	13	0	0
11	26	17	0	0
12	0	0	0	0
13	4	13	0	0
14	8	49	9	0.632615
Instant	108
1	599	29	1	0
2	33	13	0	0
3	12	68	18	6.89964
4	281	13	0	0
11	26	18	0	0
12	0	0	0	0
13	4	13	0	0
14	9	53	10	0.524607
Instant	109
1	519	27	2	0.991189
2	32	13	0	0
3	15	77	17	6.63082
4	288	13	0	0
11	23	17	0	0
12	0	0	0	0
13	4	13	0	0
14	9	49	8	0.524092
Instant	110
1	596	25	1	0.283019
2	25	13	0	0
3	14	81	21	7.84651
4	271	13	0	0
11	27	18	0	0
12	0	0	0	0
13	4	13	0	0
14	9	54	9	0.51468
Instant	111
1	612	27	1	0.0488281
2	37	13	0	0
3	14	71	19	5.95238
4	288	13	0	0
11	25	18	1	0
12	0	0	0	0
13	4	13	0	0
14	9	50	8	0.48427
Instant	112
1	599	28	1	0
2	29	13	0	0
3	10	69	21	8.13559
4	290	13	0	0
11	26	19	1	0
12	0	0	0	0
13	4	13	0	0
14	9	48	9	0.54956
Instant	113
1	594	28	2	0
2	20	13	0	0
3	8	75	19	6.79348
4	273	13	0	0
11	25	19	1	0
12	0	0	0	0
13	4	13	0	0
14	8	52	8	0.467914
Instant	114
1	613	27	2	0
2	20	13	0	0
3	13	71	23	9.42285
4	277	13	0	0
11	26	18	1	0
12	0	0	0	0
13	4	13	0	0
14	8	47	8	0.598906
Instant	115
1	632	27	1	0
2	24	13	0	0
3	7	74	24	4.71014
4	275	13	0	0
11	27	18	1	0
12	0	0	0	0
13	4	13	0	0
14	8	48	8	0.56993
Instant	116
1	620	28	1	0
2	15	13	0	0
3	15	76	27	6.0446
4	268	13	0	0
11	26	18	0	0
12	0	0	0	0
13	4	13	0	0
14	8	55	8	0.626836
Instant	117
1	604	25	1	0.285171
2	16	13	0	0
3	11	80	15	8.1579
4	290	13	0	0
11	26	18	0	0
12	0	0	0	0
13	4	13	0	0
14	9	52	8	0.547904
Instant	118
1	501	27	2	0.984683
2	23	13	0	0
3	14	73	23	9.27562
4	289	13	0	0
11	23	18	1	0
12	0	0	0	0
13	4	13	0	0
14	9	51	10	0.461493
Instant	119
1	621	26	1	0.290135
2	24	13	0	0
3	27	74	16	6.16554
4	290	14	0	0
11	26	18	1	0
12	0	0	0	0
13	4	13	0	0
14	9	52	9	0.486776
