	T	D	J	LP
Instant	0
1	0	0	0	0
2	0	0	0	0
3	0	0	0	0
4	0	0	0	0
11	0	0	0	0
12	0	0	0	0
13	0	0	0	0
14	0	0	0	0
Instant	1
1	281	26	2	0
2	16	13	0	0
3	27	52	15	1.92308
4	82	13	0	0
11	11	18	1	0
12	42	64	11	4.66989
13	1	13	0	0
14	2	56	10	0.244186
Instant	2
1	827	29	3	0
2	26	13	0	0
3	27	72	26	5.88559
4	414	14	0	0
11	36	19	0	0
12	44	68	14	0.87146
13	4	13	0	0
14	12	54	9	0.546987
Instant	3
1	833	28	2	0
2	32	13	0	0
3	47	70	23	5.28701
4	385	14	0	0
11	36	18	0	0
12	34	61	13	1.27088
13	5	13	0	0
14	11	56	11	0.704984
Instant	4
1	845	26	2	0
2	22	13	0	0
3	30	65	21	5.01126
4	374	13	0	0
11	36	19	0	0
12	36	52	12	1.36803
13	4	13	0	0
14	11	54	11	0.545711
Instant	5
1	824	28	2	0
2	26	13	0	0
3	15	82	13	6.70163
4	363	14	0	0
11	36	18	0	0
12	47	65	17	0.363108
13	4	13	0	0
14	10	56	10	0.750529
Instant	6
1	821	29	3	0
2	27	13	0	0
3	21	71	19	5.47222
4	353	14	0	0
11	35	18	1	0
12	41	67	14	1.23457
13	4	13	0	0
14	10	55	9	0.605607
Instant	7
1	833	29	2	0.0708215
2	16	13	0	0
3	32	79	16	7.6656
4	356	14	0	0
11	36	17	0	0
12	42	63	12	0.700701
13	4	13	0	0
14	10	51	8	0.626353
Instant	8
1	880	28	3	0
2	26	13	0	0
3	29	73	20	4.93631
4	384	13	0	0
11	39	17	0	0
12	37	64	11	1.27088
13	4	13	0	0
14	12	52	10	0.523993
Instant	9
1	1068	27	2	0
2	20	13	0	0
3	20	77	18	8.61111
4	345	13	0	0
11	46	18	0	0
12	46	60	16	0.617284
13	4	13	0	0
14	11	58	9	0.555277
Instant	10
1	1196	27	3	0.363372
2	23	13	0	0
3	34	80	19	5.55556
4	352	13	0	0
11	53	18	1	0
12	39	61	15	0.600601
13	4	13	0	0
14	11	53	10	0.743479
Instant	11
1	1212	29	3	0.0488759
2	23	13	0	0
3	27	76	20	5.50799
4	334	13	0	0
11	53	17	0	0
12	50	69	12	0.726216
13	4	13	0	0
14	10	52	9	0.584416
Instant	12
1	832	28	2	0.715259
2	23	13	0	0
3	28	67	18	8.30556
4	321	13	0	0
11	38	18	0	0
12	32	59	11	0.944081
13	4	13	0	0
14	10	49	7	0.619427
Instant	13
1	677	31	3	0.462185
2	27	13	0	0
3	23	66	21	6.20155
4	285	13	0	0
11	30	18	0	0
12	43	65	15	0.881834
13	4	13	0	0
14	8	51	10	0.590842
Instant	14
1	664	29	3	1.06007
2	24	13	0	0
3	28	74	18	5.57377
4	300	13	0	0
11	29	18	1	0
12	31	65	10	1.16195
13	4	13	0	0
14	9	52	11	0.54699
Instant	15
1	608	28	2	0.572519
2	27	13	0	0
3	22	66	19	5.51075
4	310	14	0	0
11	26	18	0	0
12	38	65	14	1.45243
13	4	13	0	0
14	10	54	10	0.489009
Instant	16
1	546	29	2	0.467775
2	28	13	0	0
3	19	76	19	5.40541
4	287	14	0	0
11	24	19	1	0
12	41	61	14	0.767434
13	4	13	0	0
14	8	47	9	0.622414
Instant	17
1	488	28	1	1.44676
2	20	13	0	0
3	29	78	22	4.58477
4	287	13	0	0
11	22	17	0	0
12	39	55	13	0.798838
13	4	13	0	0
14	9	52	10	0.612852
Instant	18
1	475	26	1	1.40766
2	25	13	0	0
3	25	78	13	9.53552
4	297	13	0	0
11	22	18	0	0
12	39	64	16	1.12564
13	4	13	0	0
14	9	52	9	0.607785
Instant	19
1	579	28	2	0.591716
2	22	13	0	0
3	19	79	22	4.07104
4	298	13	0	0
11	25	18	0	0
12	42	60	10	0.467134
13	4	13	0	0
14	9	52	8	0.517408
Instant	20
1	494	29	2	1.02975
2	31	13	0	0
3	31	69	25	7.08874
4	296	13	0	0
11	22	18	0	0.452489
12	32	68	9	1.41612
13	4	13	0	0
14	9	54	9	0.523229
Instant	21
1	555	30	2	0.3125
2	22	13	0	0
3	21	74	9	4.13832
4	285	13	0	0
11	24	19	1	0
12	31	67	9	1.19826
13	4	13	0	0
14	9	50	9	0.580846
Instant	22
1	542	28	2	0.626305
2	29	13	0	0
3	30	75	14	10.6466
4	291	13	0	0
11	24	17	0	0
12	24	63	16	1.56823
13	4	13	0	0
14	8	49	8	0.65993
Instant	23
1	561	28	2	0.319149
2	34	13	0	0
3	30	72	21	6.24303
4	291	13	0	0
11	24	18	0	0
12	38	57	13	1.08932
13	4	13	0	0
14	9	53	10	0.55743
Instant	24
1	497	29	2	0.881057
2	37	13	0	0
3	28	66	18	3.80259
4	280	13	0	0
11	23	18	0	0
12	28	73	15	1.3435
13	4	13	0	0
14	8	51	9	0.578045
Instant	25
1	500	28	3	0.705882
2	35	13	0	0
3	39	70	25	5.35144
4	279	14	0	0
11	21	18	0	0
12	23	52	10	1.0876
13	5	13	0	0
14	8	50	8	0.65794
Instant	26
1	553	30	2	0.570539
2	29	13	0	0
3	26	67	17	5.31284
4	286	13	0	0
11	24	18	0	0
12	35	71	9	1.37981
13	4	13	0	0
14	9	55	10	0.524733
Instant	27
1	530	29	2	0.323974
2	32	13	0	0
3	29	82	17	6.69355
4	296	13	0	0
11	23	18	1	0
12	44	62	16	0.90777
13	5	13	0	0
14	9	53	8	0.555158
Instant	28
1	559	29	2	0.319829
2	28	13	0	0
3	29	75	17	8.68853
4	276	14	0	0
11	24	18	0	0
12	21	75	16	1.88615
13	4	13	0	0
14	8	51	9	0.62678
Instant	29
1	580	29	2	0.0504032
2	14	13	0	0
3	25	70	25	4.98311
4	277	13	0	0
11	25	18	1	0
12	35	64	23	1.12564
13	4	13	0	0
14	8	49	10	0.598358
Instant	30
1	545	27	2	0.623701
2	14	13	0	0
3	27	64	20	7.79295
4	273	13	0	0
11	24	18	1	0
12	30	61	9	1.37981
13	4	13	0	0
14	8	49	9	0.509344
Instant	31
1	518	27	2	0.330396
2	24	13	0	0
3	23	83	21	5.65775
4	269	13	0	0
11	23	18	0	0
12	23	64	16	1.43477
13	4	13	0	0
14	8	54	11	0.637865
Instant	32
1	525	29	2	0.991189
2	26	13	0	0
3	27	71	16	6.9397
4	281	13	0	0
11	23	18	1	0
12	19	68	16	1.30719
13	4	13	0	0
14	9	50	9	0.57287
Instant	33
1	516	28	2	0.281532
2	34	13	0	0
3	33	79	15	10.1366
4	287	14	0	0
11	22	18	0	0
12	19	60	16	2.10603
13	4	13	0	0
14	9	56	10	0.558977
Instant	34
1	599	28	1	0
2	26	13	0	0
3	27	73	17	4.99474
4	260	13	0	0
11	27	17	0	0
12	22	73	11	1.6016
13	5	13	0	0
14	8	52	10	0.539291
Instant	35
1	541	30	2	0
2	21	13	0	0
3	26	70	19	6.43424
4	269	13	0	0
11	24	18	0	0
12	39	60	16	0.944081
13	4	13	0	0
14	8	54	9	0.623571
Instant	36
1	515	29	2	1.6183
2	19	13	0	0
3	28	64	22	6.76568
4	283	13	0	0
11	22	17	0	0
12	47	68	14	0.762527
13	4	13	0	0
14	9	50	9	0.502606
Instant	37
1	600	27	1	0
2	40	13	0	0
3	15	71	22	5.46784
4	274	14	0	0
11	26	18	0	0
12	33	67	23	0.940623
13	4	13	0	0
14	7	52	10	0.698763
Instant	38
1	606	28	1	0
2	32	13	0	0
3	22	75	15	5.79096
4	272	13	0	0
11	26	18	1	0
12	35	60	21	1.0167
13	4	13	0	0
14	8	49	8	0.582298
Instant	39
1	590	29	1	0.295276
2	27	13	0	0
3	24	79	18	8.18866
4	272	13	0	0
11	26	17	0	0
12	38	60	9	1.05301
13	4	13	0	0
14	8	54	9	0.641297
Instant	40
1	521	28	1	0.720621
2	31	13	0	0
3	26	72	18	5.41526
4	276	13	0	0
11	23	18	1	0
12	21	71	20	1.76844
13	4	13	0	0
14	9	50	10	0.493467
Instant	41
1	550	30	2	0.052521
2	21	13	0	0
3	24	78	18	7.63158
4	295	13	0	0
11	24	18	1	0
12	34	61	19	1.3435
13	4	13	0	0
14	9	48	8	0.486084
Instant	42
1	578	30	2	0.0507099
2	24	13	0	0
3	22	69	20	5.76299
4	299	13	0	0
11	25	18	1	0
12	25	43	18	1.37981
13	4	13	0	0
14	10	49	9	0.613861
Instant	43
1	514	30	3	0.986842
2	24	13	0	0
3	27	69	17	3.96308
4	295	13	0	0
11	23	17	0	0
12	35	63	13	1.26793
13	4	13	0	0
14	8	50	10	0.573888
Instant	44
1	557	30	2	0.359343
2	25	13	0	0
3	22	73	16	5.91748
4	277	13	0	0
11	24	17	0	0
12	46	59	13	0.762527
13	4	13	0	0
14	9	55	9	0.563001
Instant	45
1	606	28	1	0
2	29	14	0	0
3	26	73	22	9.01194
4	303	13	0	0
11	26	17	0	0
12	23	62	19	1.77923
13	4	13	0	0
14	9	53	8	0.474212
Instant	46
1	557	28	2	0.304878
2	21	13	0	0
3	18	82	21	9.49943
4	310	13	0	0
11	25	17	0	0
12	30	61	11	1.13447
13	4	13	0	0
14	10	52	9	0.538237
Instant	47
1	586	29	3	0.30426
2	34	13	0	0
3	20	76	17	5.74136
4	274	13	0	0
11	25	17	0	0
12	28	60	15	1.45243
13	4	13	0	0
14	8	55	10	0.60711
Instant	48
1	559	29	1	0.363071
2	28	13	0	0
3	24	62	24	6.97809
4	282	13	0	0
11	24	18	1	0
12	46	56	11	0.653595
13	4	13	0	0
14	9	51	8	0.52186
Instant	49
1	562	28	1	0.304878
2	25	13	0	0
3	22	74	19	5.99891
4	275	13	0	0
11	24	19	1	0
12	29	65	13	1.02881
13	4	13	0	0
14	8	54	10	0.556408
Instant	50
1	579	29	1	0.40404
2	23	13	0	0
3	27	66	14	6.71683
4	287	13	0	0
11	25	18	0	0
12	42	60	16	0.87146
13	4	13	0	0
14	9	50	8	0.568601
Instant	51
1	598	27	2	0.291262
2	22	13	0	0
3	27	73	24	8.27664
4	299	14	0	0
11	26	18	0	0
12	41	62	17	1.05301
13	4	13	0	0
14	9	55	9	0.565363
Instant	52
1	546	29	2	0.314465
2	26	13	0	0
3	29	73	27	5.64516
4	278	13	0	0
11	24	19	1	0
12	34	63	15	1.40604
13	4	13	0	0
14	8	50	11	0.636089
Instant	53
1	563	29	2	0.304878
2	11	13	0	0
3	23	71	22	6.88775
4	273	13	0	0
11	25	17	0	0
12	53	62	12	0.254176
13	4	13	0	0
14	8	53	9	0.620474
Instant	54
1	620	27	1	0
2	32	13	0	0
3	26	68	19	6.40814
4	306	13	0	0
11	26	18	0	0
12	20	76	6	1.59768
13	4	13	0	0
14	9	50	8	0.589342
Instant	55
1	606	29	1	0
2	23	13	0	0
3	23	73	17	5.69172
4	298	13	0	0
11	26	18	1	0
12	33	64	19	1.46813
13	4	13	0	0
14	9	53	8	0.528691
Instant	56
1	634	26	1	0
2	26	13	0	0
3	24	70	19	5.86207
4	286	13	0	0
11	27	19	1	0
12	29	66	18	1.19826
13	4	13	0	0
14	9	52	9	0.495898
Instant	57
1	574	28	2	0.352823
2	21	13	0	0
3	31	74	17	4.73856
4	284	13	0	0
11	25	17	0	0
12	25	66	18	1.6703
13	4	13	0	0
14	9	51	7	0.571139
Instant	58
1	538	28	2	0.315126
2	22	13	0	0
3	29	70	21	6.40407
4	281	13	0	0
11	24	17	0	0
12	41	59	17	1.06773
13	4	13	0	0
14	8	51	10	0.597188
Instant	59
1	581	29	2	0
2	27	13	0	0
3	24	71	19	8.22332
4	281	13	0	0
11	24	18	1	0
12	24	59	18	1.48874
13	4	13	0	0
14	9	54	7	0.508463
Instant	60
1	573	29	1	0.303644
2	25	13	0	0
3	19	74	11	7.65993
4	274	13	0	0
11	25	18	0	0
12	15	57	16	2.14234
13	4	13	0	0
14	9	55	9	0.509133
Instant	61
1	539	30	2	0.533049
2	30	13	0	0
3	28	64	21	5.11745
4	258	13	0	0
11	24	18	1	0
12	25	69	20	1.26396
13	4	13	0	0
14	7	51	9	0.577023
Instant	62
1	579	28	1	0.102459
2	25	13	0	0
3	28	77	19	6.07064
4	277	13	0	0
11	24	19	0	0
12	40	68	15	0.944081
13	4	13	0	0
14	8	50	8	0.717703
Instant	63
1	546	27	2	0.204082
2	19	13	0	0
3	22	79	15	7.72827
4	291	13	0	0
11	25	19	1	0
12	28	72	20	1.52505
13	4	13	0	0
14	9	49	9	0.439087
Instant	64
1	592	29	2	0.396825
2	28	13	0	0
3	26	71	18	5.33009
4	283	14	0	0
11	25	17	0	0
12	20	47	7	1.93527
13	4	13	0	0
14	8	51	10	0.595238
Instant	65
1	524	29	2	0.396825
2	33	13	0	0
3	25	77	18	7.02614
4	254	13	0	0
11	22	18	0	0
12	21	56	17	1.30719
13	4	13	0	0
14	7	54	10	0.586026
Instant	66
1	603	28	2	0
2	27	13	0	0
3	24	72	14	6.20861
4	272	13	0	0
11	26	18	1	0
12	46	64	15	0.653595
13	4	13	0	0
14	8	51	11	0.655391
Instant	67
1	598	27	1	0.347222
2	23	13	0	0
3	30	68	22	5.60201
4	287	13	0	0
11	25	18	0	0
12	38	68	12	1.1011
13	4	13	0	0
14	9	51	9	0.496478
Instant	68
1	541	30	1	0.313152
2	29	13	0	0
3	38	79	17	6.88525
4	278	13	0	0
11	24	17	0	0
12	44	65	14	0.964506
13	4	13	0	0
14	9	51	8	0.518644
Instant	69
1	543	30	1	0.320513
2	20	13	0	0
3	27	80	17	6.28415
4	266	13	0	0
11	24	19	1	0
12	46	61	11	0.835149
13	4	13	0	0
14	8	50	10	0.500648
Instant	70
1	606	28	1	0
2	21	13	0	0
3	14	72	15	5.53653
4	271	13	0	0
11	26	17	0	0
12	34	75	20	1.001
13	4	13	0	0
14	8	50	8	0.668345
Instant	71
1	566	29	3	0.3125
2	28	13	0	0
3	25	76	16	5.76464
4	257	13	0	0
11	24	20	1	0
12	22	50	16	1.48874
13	4	13	0	0
14	8	52	9	0.576028
Instant	72
1	618	25	1	0.281955
2	18	13	0	0
3	24	67	18	9.89418
4	283	13	0	0
11	27	18	1	0
12	26	62	16	1.60868
13	4	13	0	0
14	8	50	9	0.612544
Instant	73
1	567	29	2	0
2	19	13	0	0
3	22	73	14	6.14478
4	290	13	0	0
11	24	17	0	0
12	44	61	13	0.63234
13	4	13	0	0
14	9	51	8	0.531845
Instant	74
1	553	28	1	0.318471
2	36	13	0	0
3	25	71	21	5.51802
4	291	14	0	0
11	23	19	1	0
12	40	63	13	0.87146
13	4	13	0	0
14	9	49	8	0.568182
Instant	75
1	600	27	2	0.290135
2	34	13	0	0
3	23	75	19	6.18102
4	271	13	0	0
11	26	18	0	0
12	25	69	15	1.60868
13	4	13	0	0
14	8	52	8	0.497768
Instant	76
1	556	27	1	0.355691
2	28	13	0	0
3	29	80	10	7.86885
4	283	13	0	0
11	25	18	1	0
12	21	70	19	1.6118
13	4	13	0	0
14	9	49	10	0.681818
Instant	77
1	578	27	1	0.29703
2	29	13	0	0
3	21	73	18	6.10169
4	277	13	0	0
11	25	17	0	0
12	42	60	17	1.00309
13	4	13	0	0
14	8	51	9	0.57509
Instant	78
1	574	29	2	0.369979
2	35	13	0	0
3	33	72	16	6.83333
4	270	13	0	0
11	24	19	1	0
12	29	58	13	1.35031
13	4	13	0	0
14	8	51	9	0.548651
Instant	79
1	555	28	2	0.0509165
2	27	13	0	0
3	25	63	17	6.43424
4	287	13	0	0
11	25	18	0	0
12	21	61	13	1.33467
13	4	13	0	0
14	9	53	9	0.553914
Instant	80
1	627	27	1	0
2	35	13	0	0
3	21	78	18	6.06322
4	257	13	0	0
11	26	18	0	0
12	32	68	18	1.3468
13	4	13	0	0
14	7	55	10	0.535968
Instant	81
1	589	27	1	0.290135
2	26	13	0	0
3	23	69	16	5.21523
4	284	13	0	0
11	26	17	0	0
12	37	62	12	1.19716
13	4	13	0	0
14	9	54	8	0.549581
Instant	82
1	528	30	2	0.378788
2	29	13	0	0
3	22	74	19	8.10811
4	273	13	0	0
11	23	19	1	0
12	27	61	10	0.952381
13	4	13	0	0
14	8	50	9	0.499404
Instant	83
1	572	29	2	0.313808
2	20	13	0	0
3	26	69	18	6.98198
4	268	13	0	0
11	24	18	1	0
12	49	53	11	0.897868
13	4	13	0	0
14	8	53	10	0.611199
Instant	84
1	560	30	2	0.153061
2	26	13	0	0
3	23	79	17	5.839
4	270	13	0	0
11	24	19	1	0
12	35	54	16	0.935279
13	4	13	0	0
14	8	53	9	0.607002
Instant	85
1	580	28	2	0.147059
2	18	13	0	0
3	26	78	14	8.03571
4	262	13	0	0
11	25	18	0	0
12	40	73	16	0.728079
13	4	13	0	0
14	8	54	8	0.658232
Instant	86
1	585	29	1	0.411523
2	31	13	0	0
3	25	72	22	5.81329
4	277	13	0	0
11	24	18	1	0.297619
12	30	59	17	1.19826
13	4	13	0	0
14	8	52	9	0.495583
Instant	87
1	613	27	1	0
2	19	13	0	0
3	18	75	12	5.91826
4	270	13	0	0
11	27	17	0	0
12	18	68	15	1.70661
13	4	13	0	0
14	8	54	11	0.576159
Instant	88
1	585	28	2	0.301205
2	20	13	0	0
3	20	70	25	5.66893
4	275	13	0	0
11	25	17	0	0
12	23	57	13	1.83517
13	4	13	0	0
14	8	53	9	0.614768
Instant	89
1	583	29	1	0.0490196
2	16	13	0	0
3	24	76	13	5.23649
4	262	13	0	0
11	26	18	1	0
12	33	69	21	1.27088
13	4	13	0	0
14	7	50	10	0.621334
Instant	90
1	580	28	2	0.365344
2	12	13	0	0
3	24	75	13	6.99454
4	271	13	0	0
11	24	17	0	0
12	37	68	14	0.964506
13	4	13	0	0
14	8	54	9	0.544249
Instant	91
1	518	30	3	0.646552
2	27	13	0	0
3	18	65	26	9.02299
4	279	13	0	0
11	23	17	0	0
12	32	55	10	1.13447
13	4	13	0	0
14	8	50	7	0.575942
Instant	92
1	542	30	1	0.316456
2	24	13	0	0
3	27	71	14	6.6608
4	284	13	0	0
11	23	17	0	0.319149
12	34	66	14	0.935279
13	4	13	0	0
14	9	54	10	0.457235
Instant	93
1	580	30	2	0
2	25	13	0	0
3	23	76	19	8.50112
4	283	13	0	0
11	25	18	0	0
12	39	65	12	1.27198
13	4	13	0	0
14	9	50	10	0.463718
Instant	94
1	507	28	2	0.894855
2	29	13	0	0
3	21	75	14	4.96032
4	271	14	0	0
11	22	17	0	0
12	24	53	15	1.33467
13	4	13	0	0
14	8	50	10	0.623539
Instant	95
1	653	27	1	0.225225
2	17	13	0	0
3	24	70	20	4.4653
4	276	13	0	0
11	28	18	0	0
12	44	66	10	0.835149
13	4	13	0	0
14	8	55	9	0.652582
Instant	96
1	540	28	2	0.900424
2	20	13	0	0
3	21	73	20	7.59132
4	278	13	0	0
11	24	18	1	0
12	46	59	10	0.544662
13	4	13	0	0
14	8	53	11	0.584956
Instant	97
1	639	26	1	0
2	32	13	0	0
3	23	76	17	9.25624
4	300	13	0	0
11	27	17	0	0
12	35	64	17	0.933454
13	4	13	0	0
14	9	50	9	0.515728
Instant	98
1	596	27	1	0.341131
2	28	13	0	0
3	23	81	15	6.07345
4	282	13	0	0
11	26	17	0	0
12	38	62	15	1.12564
13	4	13	0	0
14	8	55	9	0.593699
Instant	99
1	589	29	2	0.049505
2	26	13	0	0
3	27	71	17	4.72313
4	275	13	0	0
11	25	17	0	0
12	35	65	16	0.980392
13	4	13	0	0
14	8	54	10	0.580827
Instant	100
1	613	27	1	0
2	23	13	0	0
3	23	65	24	6.87785
4	301	13	0	0
11	27	18	1	0
12	40	53	16	1.16783
13	4	13	0	0
14	9	48	9	0.555449
Instant	101
1	496	29	2	0.802752
2	33	13	0	0
3	19	64	24	8.27991
4	265	14	0	0
11	22	17	0	0
12	34	62	14	1.0167
13	4	13	0	0
14	8	54	9	0.578087
Instant	102
1	594	28	1	0
2	32	13	0	0
3	27	77	23	6.42936
4	277	14	0	0
11	26	17	1	0
12	39	67	11	1.05301
13	4	13	0	0
14	9	57	10	0.491962
Instant	103
1	606	28	1	0
2	21	13	0	0
3	27	69	22	6.13739
4	264	13	0	0
11	25	19	1	0
12	36	73	12	1.1011
13	4	13	0	0
14	8	53	10	0.63745
Instant	104
1	588	28	2	0
2	17	13	0	0
3	21	62	18	6.55594
4	275	13	0	0
11	25	19	1	0
12	26	73	17	1.45243
13	4	13	0	0
14	8	52	9	0.54901
Instant	105
1	511	27	2	0.735294
2	17	13	0	0
3	25	74	19	5.74009
4	284	14	0	0
11	22	18	1	0
12	21	65	14	1.70661
13	4	13	0	0
14	9	54	8	0.536758
Instant	106
1	541	29	2	0.314465
2	30	13	0	0
3	25	72	16	7.00883
4	277	14	0	0
11	24	18	0	0
12	18	54	16	1.53487
13	4	13	0	0
14	8	51	7	0.64836
Instant	107
1	580	29	1	0
2	24	13	0	0
3	27	73	18	7.31511
4	286	14	0	0
11	24	19	1	0.303644
12	44	59	17	1.16195
13	5	13	0	0
14	9	51	10	0.519337
Instant	108
1	564	29	1	0
2	26	13	0	0
3	23	78	18	4.97175
4	276	13	0	0
11	25	17	0	0
12	20	69	15	1.6703
13	4	13	0	0
14	8	47	8	0.580308
Instant	109
1	544	28	1	0.638298
2	33	13	0	0
3	25	75	16	5.90959
4	285	13	0	0
11	23	18	1	0
12	37	54	12	0.764256
13	4	13	0	0
14	9	48	8	0.510308
Instant	110
1	585	30	1	0
2	24	13	0	0
3	26	69	19	6.88775
4	270	13	0	0
11	25	17	0	0
12	54	61	16	0.694444
13	4	13	0	0
14	8	54	9	0.563764
Instant	111
1	506	27	2	0.738636
2	29	13	0	0
3	22	73	15	7.40418
4	293	13	0	0
11	22	18	1	0
12	27	67	15	1.19826
13	4	13	0	0
14	9	52	9	0.515633
Instant	112
1	582	29	1	0
2	22	13	0	0
3	34	74	14	4.24784
4	291	13	0	0
11	24	17	0	0
12	29	68	14	1.33467
13	4	13	0	0
14	9	52	10	0.580552
Instant	113
1	595	28	2	0.146771
2	34	13	0	0
3	22	76	19	9.82043
4	261	13	0	0
11	26	17	0	0
12	34	63	13	1.37981
13	4	13	0	0
14	8	52	10	0.527302
Instant	114
1	613	27	1	0
2	30	13	0	0
3	22	70	23	3.45395
4	270	13	0	0
11	26	19	1	0
12	32	57	12	1.19826
13	4	13	0	0
14	8	54	9	0.700935
Instant	115
1	552	29	2	0.318471
2	12	13	0	0
3	25	71	16	8.59018
4	274	13	0	0
11	24	18	0	0
12	34	61	14	1.03437
13	4	13	0	0
14	8	50	10	0.513027
Instant	116
1	547	28	2	0.305499
2	18	13	0	0
3	26	78	21	7.21851
4	277	13	0	0
11	25	18	0	0
12	40	55	13	0.798838
13	4	13	0	0
14	8	50	8	0.59772
Instant	117
1	548	28	2	0.385463
2	15	13	0	0
3	30	75	18	5.63725
4	285	13	0	0
11	23	18	1	0
12	35	70	15	1.45243
13	4	13	0	0
14	8	53	9	0.611436
Instant	118
1	545	29	1	0.319149
2	31	13	0	0
3	34	72	17	4.70158
4	266	14	0	0
11	24	18	1	0
12	28	63	17	1.13447
13	4	13	0	0
14	8	53	9	0.629814
Instant	119
1	479	31	3	0.748848
2	23	13	0	0
3	34	73	15	5.90045
4	273	13	0	0
11	22	19	1	0
12	51	60	16	0.798838
13	4	13	0	0
14	8	48	9	0.512512
