	T	D	J	LP
Instant	0
1	0	0	0	0
2	0	0	0	0
3	0	0	0	0
4	0	0	0	0
11	0	0	0	0
12	0	0	0	0
13	0	0	0	0
14	0	0	0	0
Instant	1
1	347	29	3	0
2	10	13	0	0
3	16	55	10	2.05128
4	94	14	0	0
11	14	17	0	0
12	29	69	3	4.65217
13	1	13	0	0
14	3	53	10	0.174349
Instant	2
1	1196	32	3	0.123396
2	26	13	0	0
3	21	65	21	6.73077
4	541	14	0	0
11	52	18	0	0
12	25	50	12	0.205882
13	4	13	0	0
14	16	56	10	0.57476
Instant	3
1	1119	30	3	0
2	25	13	0	0
3	16	66	30	4.09722
4	497	13	0	0
11	49	17	0	0
12	29	54	10	0.147059
13	3	13	0	0
14	14	56	9	0.494533
Instant	4
1	869	29	2	0
2	26	13	0	0
3	8	78	24	2.61814
4	456	13	0	0
11	38	19	0	0
12	28	66	9	0
13	4	13	0	0
14	14	57	10	0.670502
Instant	5
1	842	28	2	0
2	28	13	0	0
3	9	72	18	9.4358
4	445	13	0	0
11	35	19	1	0.277778
12	23	58	12	0.176471
13	3	13	0	0
14	13	51	10	0.693963
Instant	6
1	778	30	2	0
2	15	13	0	0
3	8	66	34	7.73809
4	391	13	0	0
11	34	18	1	0
12	28	61	13	0.0588235
13	3	13	0	0
14	11	49	12	0.662211
Instant	7
1	796	29	2	0.0739645
2	19	13	0	0
3	10	80	15	3.21247
4	333	13	0	0
11	34	18	1	0
12	12	52	22	0.513514
13	4	13	0	0
14	10	57	9	0.776791
Instant	8
1	759	28	2	0
2	19	13	0	0
3	13	73	23	7.97526
4	352	13	0	0
11	33	18	0	0
12	25	57	9	0.0588235
13	4	13	0	0
14	10	49	10	0.469323
Instant	9
1	787	27	2	0
2	25	13	0	0
3	10	83	13	9.03846
4	342	14	0	0
11	34	18	0	0
12	27	54	11	0.0588235
13	4	13	0	0
14	11	53	10	1.07315
Instant	10
1	826	28	3	0.280112
2	25	13	0	0
3	9	68	23	6.65997
4	356	13	0	0
11	36	17	0	0
12	22	60	13	0.189189
13	3	13	0	0
14	11	49	10	0.5843
Instant	11
1	791	30	3	0.257732
2	24	13	0	0
3	15	74	19	13.4085
4	338	14	0	0
11	35	18	0	0
12	20	49	12	0.323529
13	4	13	0	0
14	10	49	10	0.619053
Instant	12
1	597	29	4	0.674374
2	24	13	0	0
3	10	72	13	4.83461
4	323	14	0	0
11	26	17	0	0
12	25	65	8	0
13	3	13	0	0
14	9	51	8	0.584586
Instant	13
1	562	30	2	0.518672
2	21	13	0	0
3	9	74	17	4.05318
4	342	13	0	0
11	24	18	1	0
12	14	45	13	0.428571
13	3	13	0	0
14	11	50	9	0.559006
Instant	14
1	358	28	2	2.33918
2	24	13	0	0
3	10	71	16	11.583
4	341	13	0	0
11	18	18	0	0
12	22	58	12	0.176471
13	3	13	0	0
14	11	49	10	0.45989
Instant	15
1	515	28	2	0.838926
2	27	13	0	0
3	9	69	25	6.24183
4	325	14	0	0
11	22	18	0	0
12	26	61	9	0.294118
13	3	13	0	0
14	10	51	8	0.511141
Instant	16
1	592	28	2	0.297619
2	17	13	0	0
3	8	75	13	5.51282
4	287	13	0	0
11	25	17	0	0
12	25	69	10	0.027027
13	4	13	0	0
14	8	50	8	0.672593
Instant	17
1	515	30	2	0.167785
2	22	13	0	0
3	10	76	21	5.85242
4	320	13	0	0
11	22	19	1	0
12	18	63	17	0.147059
13	4	13	0	0
14	10	50	10	0.544791
Instant	18
1	566	28	1	0.20284
2	21	14	0	0
3	8	80	17	8.76841
4	325	14	0	0
11	25	17	0	0
12	20	71	10	0.323529
13	3	13	0	0
14	10	49	9	0.544446
Instant	19
1	540	29	2	0.957447
2	36	13	0	0
3	11	70	24	9.25222
4	301	13	0	0
11	24	18	1	0
12	24	55	8	0.297297
13	4	13	0	0
14	9	51	8	0.420047
Instant	20
1	609	28	3	0.373832
2	27	13	0	0
3	8	76	12	9.4401
4	280	13	0	0
11	27	17	0	0
12	28	64	10	0
13	4	13	0	0
14	9	52	9	0.542181
Instant	21
1	646	28	2	0.666075
2	25	13	0	0
3	10	73	24	9.06489
4	303	13	0	0
11	28	17	0	0
12	21	64	10	0.235294
13	4	13	0	0
14	10	52	9	0.497159
Instant	22
1	829	26	1	0.207756
2	29	13	0	0
3	5	71	20	6.53153
4	299	13	0	0
11	37	17	0	0
12	16	67	9	0.378378
13	4	13	0	0
14	9	51	9	0.51205
Instant	23
1	860	28	2	0
2	31	13	0	0
3	10	83	21	7.28346
4	297	13	0	0
11	37	18	0	0
12	27	54	10	0.117647
13	3	13	0	0
14	9	51	9	0.514089
Instant	24
1	716	27	2	0.823723
2	19	13	0	0
3	4	68	20	3.18533
4	313	13	0	0
11	31	18	1	0
12	20	52	9	0.205882
13	3	13	0	0
14	10	49	8	0.508636
Instant	25
1	641	28	3	0.491071
2	30	13	0	0
3	11	76	17	10.4725
4	302	13	0	0
11	28	18	0	0
12	25	60	9	0.047619
13	4	13	0	0
14	9	48	9	0.543478
Instant	26
1	617	29	2	0
2	28	13	0	0
3	11	82	14	5.65134
4	289	13	0	0
11	27	18	0	0
12	26	48	10	0.147059
13	4	13	0	0
14	8	51	9	0.575268
Instant	27
1	707	28	2	0.243902
2	25	13	0	0
3	13	76	20	9.43775
4	296	13	0	0
11	31	17	0	0
12	25	65	11	0.294118
13	3	13	0	0
14	9	51	8	0.490482
Instant	28
1	755	29	2	0
2	29	13	0	0
3	11	71	19	7.57862
4	276	13	0	0
11	32	18	0	0
12	26	66	9	0.0555556
13	4	13	0	0
14	9	51	8	0.487262
Instant	29
1	750	30	3	0.495427
2	22	13	0	0
3	14	69	18	8.13648
4	275	14	0	0
11	33	18	0	0
12	30	65	13	0
13	3	13	0	0
14	8	52	8	0.5155
Instant	30
1	616	31	2	0.329567
2	28	13	0	0
3	15	74	15	8.81971
4	287	14	0	0
11	27	17	0	0
12	22	49	10	0.205882
13	3	13	0	0
14	9	51	9	0.47926
Instant	31
1	620	28	2	0
2	27	13	0	0
3	4	78	17	4.33071
4	304	13	0	0
11	26	18	0	0
12	27	52	6	0.027027
13	3	13	0	0
14	10	50	8	0.475798
Instant	32
1	615	28	2	0.377358
2	26	13	0	0
3	5	82	14	5.14801
4	284	13	0	0
11	27	18	0	0
12	20	47	11	0.323529
13	4	13	0	0
14	8	53	9	0.539434
Instant	33
1	532	30	2	0.659341
2	25	13	0	0
3	10	71	20	7.6282
4	287	13	0	0
11	23	17	0	0
12	18	60	13	0.352941
13	4	13	0	0
14	9	52	8	0.536733
Instant	34
1	498	31	3	0
2	27	13	0	0
3	11	75	22	8.62403
4	293	13	0	0
11	22	18	0	0
12	26	53	7	0.027027
13	4	13	0	0
14	9	51	9	0.501962
Instant	35
1	507	29	3	0.689655
2	31	13	0	0
3	7	69	17	8.52638
4	307	13	0	0
11	22	18	1	0
12	28	57	8	0
13	3	13	0	0
14	10	51	9	0.43928
Instant	36
1	587	27	2	0.637255
2	19	13	0	0
3	10	81	21	7.81654
4	301	13	0	0
11	26	18	0	0
12	26	60	7	0.0294118
13	4	13	0	0
14	9	51	9	0.556586
Instant	37
1	551	28	2	0.367647
2	22	13	0	0
3	9	75	22	6.81217
4	284	13	0	0
11	24	18	0	0
12	24	52	12	0.0952381
13	3	13	0	0
14	8	47	9	0.569457
Instant	38
1	469	30	4	0.845411
2	27	13	0	0
3	15	76	10	11.2821
4	284	13	0	0
11	21	18	1	0
12	21	48	10	0.294118
13	4	13	0	0
14	8	52	9	0.547076
Instant	39
1	610	28	1	0
2	25	13	0	0
3	4	84	10	5.63063
4	280	13	0	0
11	26	17	0	0
12	22	68	15	0.323529
13	3	13	0	0
14	9	54	11	0.586179
Instant	40
1	556	28	1	0.31185
2	19	13	0	0
3	16	68	25	10.2789
4	295	13	0	0
11	24	18	0	0
12	25	47	6	0.108108
13	4	13	0	0
14	9	53	9	0.495986
Instant	41
1	567	27	1	0.610998
2	27	13	0	0
3	9	80	11	5.30303
4	301	14	0	0
11	25	18	0	0
12	22	54	12	0.294118
13	4	13	0	0
14	10	53	8	0.438289
Instant	42
1	531	29	2	0.321888
2	29	13	0	0
3	9	72	19	5.62091
4	274	13	0	0
11	23	18	1	0
12	19	49	11	0.352941
13	3	13	0	0
14	9	56	9	0.51963
Instant	43
1	531	28	1	0.645161
2	32	13	0	0
3	12	61	24	4.70169
4	285	13	0	0
11	24	18	0	0
12	18	57	17	0.243243
13	4	13	0	0
14	9	50	8	0.473064
Instant	44
1	548	29	2	0.636943
2	31	13	0	0
3	10	66	15	7.98077
4	292	13	0	0
11	24	20	1	0
12	17	55	8	0.441176
13	3	13	0	0
14	9	54	8	0.504499
Instant	45
1	589	28	2	0
2	35	13	0	0
3	7	78	20	8.10093
4	297	13	0	0
11	25	18	0	0
12	27	57	7	0.0882353
13	3	13	0	0
14	10	53	9	0.42967
Instant	46
1	467	28	2	1.09223
2	31	13	0	0
3	9	77	9	6.00255
4	289	13	0	0
11	21	18	0	0
12	22	67	10	0.189189
13	4	13	0	0
14	9	51	8	0.580235
Instant	47
1	559	29	1	0.254582
2	24	13	0	0
3	11	79	13	9.04393
4	296	13	0	0
11	25	18	0	0
12	14	53	15	0.5
13	3	13	0	0
14	9	51	7	0.51461
Instant	48
1	541	30	1	0.326797
2	20	13	0	0
3	9	75	22	8.93997
4	301	13	0	0
11	23	18	0	0
12	24	70	13	0.205882
13	4	13	0	0
14	10	51	8	0.504874
Instant	49
1	534	30	2	0.373932
2	18	13	0	0
3	7	72	21	8.69565
4	297	13	0	0
11	23	18	0	0
12	25	65	15	0.0238095
13	3	13	0	0
14	9	49	9	0.507392
Instant	50
1	578	28	1	0
2	19	13	0	0
3	8	78	29	5.65134
4	294	13	0	0
11	25	20	1	0
12	19	61	17	0.441176
13	4	13	0	0
14	9	52	8	0.505415
Instant	51
1	532	30	2	1.00636
2	21	13	0	0
3	11	73	12	6.19497
4	290	13	0	0
11	24	17	0	0
12	27	55	10	0
13	4	13	0	0
14	9	51	8	0.600437
Instant	52
1	556	27	2	0.368421
2	26	13	0	0
3	11	74	11	6.76471
4	283	13	0	0
11	24	18	0	0
12	20	58	11	0.138889
13	4	13	0	0
14	8	50	9	0.58262
Instant	53
1	564	27	2	0.30426
2	20	13	0	0
3	15	81	13	13.0168
4	282	13	0	0
11	25	19	1	0
12	20	56	10	0.382353
13	4	13	0	0
14	8	49	9	0.592441
Instant	54
1	583	28	1	0.343811
2	24	13	0	0
3	7	81	18	6.72956
4	291	13	0	0
11	26	18	0	0
12	20	58	14	0.205882
13	4	13	0	0
14	9	52	9	0.482747
Instant	55
1	554	28	1	0.321888
2	23	13	0	0
3	9	67	25	5.38058
4	318	13	0	0
11	24	19	1	0
12	23	52	14	0.27027
13	4	13	0	0
14	10	50	9	0.471157
Instant	56
1	560	29	2	0.306748
2	22	13	0	0
3	9	74	18	7.29167
4	310	13	0	0
11	24	18	1	0
12	21	55	9	0.235294
13	4	13	0	0
14	10	52	10	0.48059
Instant	57
1	599	29	1	0
2	14	13	0	0
3	5	80	15	7.61278
4	313	13	0	0
11	25	18	0	0
12	21	51	16	0.323529
13	4	13	0	0
14	10	48	10	0.41769
Instant	58
1	585	29	2	0
2	23	13	0	0
3	11	70	20	7.56113
4	306	13	0	0
11	25	18	1	0
12	3	59	37	0.810811
13	4	13	0	0
14	10	49	10	0.549676
Instant	59
1	593	29	1	0
2	27	13	0	0
3	7	72	35	6.15385
4	305	13	0	0
11	25	18	1	0
12	14	47	14	0.470588
13	3	13	0	0
14	9	47	9	0.482285
Instant	60
1	551	27	2	0.313152
2	37	13	0	0
3	6	81	15	6.67318
4	303	13	0	0
11	24	19	1	0
12	27	73	11	0.117647
13	3	13	0	0
14	9	49	9	0.463757
Instant	61
1	565	29	2	0.613497
2	20	13	0	0
3	17	72	22	12.6126
4	309	13	0	0
11	25	18	1	0
12	27	52	12	0
13	4	13	0	0
14	10	54	8	0.529628
Instant	62
1	600	28	1	0
2	21	13	0	0
3	8	78	20	6.14379
4	291	13	0	0
11	26	18	0	0
12	18	57	13	0.352941
13	3	13	0	0
14	9	52	8	0.546249
Instant	63
1	515	28	1	1.00897
2	17	13	0	0
3	5	78	28	7.56113
4	283	13	0	0
11	22	18	0	0
12	23	56	10	0.441176
13	3	13	0	0
14	9	50	9	0.60245
Instant	64
1	549	29	2	0.0534188
2	32	13	0	0
3	11	69	19	6.03774
4	297	14	0	0
11	23	18	1	0
12	22	51	10	0.162162
13	4	13	0	0
14	9	53	9	0.491532
Instant	65
1	589	28	2	0.291829
2	24	13	0	0
3	8	85	12	5.35948
4	307	13	0	0
11	26	18	0	0
12	23	55	9	0
13	4	13	0	0
14	10	49	8	0.4279
Instant	66
1	508	29	2	0.564334
2	28	13	0	0
3	11	79	27	10.1351
4	287	14	0	0
11	22	19	1	0
12	21	57	10	0.352941
13	3	13	0	0
14	9	51	10	0.546457
Instant	67
1	494	28	2	0.804598
2	24	13	0	0
3	4	77	26	5.52399
4	305	14	0	0
11	22	17	0	0
12	26	55	12	0.108108
13	3	13	0	0
14	10	52	8	0.4514
Instant	68
1	532	29	2	0.749465
2	23	13	0	0
3	14	81	16	12.0588
4	282	13	0	0
11	23	18	1	0
12	27	57	10	0.09375
13	3	13	0	0
14	8	53	10	0.650082
Instant	69
1	536	28	2	0.377155
2	33	13	0	0
3	9	66	20	6.3745
4	278	14	0	0
11	23	17	0	0
12	19	52	5	0.323529
13	3	13	0	0
14	8	52	9	0.519283
Instant	70
1	565	29	1	0
2	31	13	0	0
3	9	79	14	7.88804
4	282	13	0	0
11	24	20	1	0
12	26	69	8	0.027027
13	3	13	0	0
14	9	52	8	0.554948
Instant	71
1	533	28	1	0.384615
2	29	13	0	0
3	6	78	11	4.34094
4	288	13	0	0
11	23	19	1	0
12	16	53	9	0.5
13	4	13	0	0
14	9	52	11	0.549396
Instant	72
1	505	29	2	0.948661
2	24	13	0	0
3	8	78	17	5.23256
4	306	13	0	0
11	23	18	1	0
12	21	61	11	0.212121
13	4	13	0	0
14	10	49	7	0.493524
Instant	73
1	493	28	2	0.629291
2	23	13	0	0
3	10	73	18	5.98456
4	296	13	0	0
11	22	17	0	0
12	16	50	7	0.268293
13	4	13	0	0
14	9	54	8	0.456175
Instant	74
1	547	28	2	0.692964
2	33	13	0	0
3	14	72	18	10.4323
4	281	14	0	0
11	23	18	1	0
12	17	61	18	0.441176
13	4	13	0	0
14	8	55	9	0.568182
Instant	75
1	504	31	2	0.934066
2	29	13	0	0
3	6	83	16	5.6
4	306	13	0	0
11	23	18	0	0
12	22	52	11	0.242424
13	3	13	0	0
14	10	51	8	0.514669
Instant	76
1	598	29	1	0
2	24	13	0	0
3	14	72	27	8.01034
4	283	13	0	0
11	26	18	1	0
12	25	65	10	0.166667
13	4	13	0	0
14	9	53	9	0.546541
Instant	77
1	593	29	2	0.149402
2	22	13	0	0
3	9	68	14	13.1918
4	287	13	0	0
11	25	18	0	0
12	28	57	13	0.125
13	3	13	0	0
14	9	53	9	0.598702
Instant	78
1	599	28	1	0
2	20	13	0	0
3	9	81	26	7.5227
4	288	13	0	0
11	25	18	1	0
12	15	63	13	0.4375
13	4	13	0	0
14	9	50	9	0.583988
Instant	79
1	531	28	2	0.649351
2	29	13	0	0
3	9	76	22	5.6804
4	284	13	0	0
11	23	18	0	0
12	19	57	10	0.297297
13	4	13	0	0
14	9	50	9	0.417371
Instant	80
1	540	27	1	0.578947
2	25	13	0	0
3	8	63	28	4.7043
4	271	13	0	0
11	24	19	1	0
12	22	55	11	0.242424
13	3	13	0	0
14	8	53	9	0.512911
Instant	81
1	650	29	2	0
2	22	13	0	0
3	11	71	26	8.30153
4	297	13	0	0
11	29	17	0	0
12	22	47	11	0.181818
13	3	13	0	0
14	9	52	9	0.540199
Instant	82
1	592	30	2	0.343811
2	37	13	0	0
3	10	72	24	10.0791
4	314	13	0	0
11	26	17	0	0
12	21	49	15	0.2
13	4	13	0	0
14	10	51	9	0.505221
Instant	83
1	615	28	2	0.188324
2	19	13	0	0
3	13	65	23	3.45607
4	295	13	0	0
11	27	16	0	0
12	27	56	13	0.0909091
13	3	13	0	0
14	9	46	10	0.502341
Instant	84
1	540	30	3	1.17773
2	27	13	0	0
3	9	73	16	13.1892
4	308	14	0	0
11	23	18	0	0
12	22	60	13	0.151515
13	4	13	0	0
14	10	50	9	0.46427
Instant	85
1	568	27	2	0.298805
2	31	13	0	0
3	7	77	17	5.88038
4	288	13	0	0
11	25	17	0	0
12	21	53	9	0.205128
13	4	13	0	0
14	9	51	9	0.551568
Instant	86
1	552	27	1	0.373134
2	15	13	0	0
3	14	73	15	8.26972
4	297	13	0	0
11	24	19	1	0
12	13	61	13	0.5
13	4	13	0	0
14	10	48	9	0.384715
Instant	87
1	540	29	2	0.649351
2	28	13	0	0
3	6	79	19	7.51263
4	294	13	0	0
11	23	17	0	0
12	26	58	11	0.205882
13	3	13	0	0
14	10	54	9	0.473825
Instant	88
1	534	28	2	0.373134
2	20	13	0	0
3	6	68	21	4.6916
4	288	13	0	0
11	23	18	1	0
12	24	50	17	0.027027
13	4	13	0	0
14	9	52	9	0.466542
Instant	89
1	580	26	1	0.594059
2	19	13	0	0
3	6	72	27	8.46008
4	295	13	0	0
11	25	19	1	0
12	26	56	9	0.205882
13	3	13	0	0
14	10	50	10	0.466619
Instant	90
1	578	30	1	0
2	27	13	0	0
3	7	75	21	9.14714
4	287	14	0	0
11	25	18	1	0
12	17	64	11	0.15625
13	4	13	0	0
14	9	52	8	0.455547
Instant	91
1	555	27	1	0.521921
2	20	13	0	0
3	11	76	13	3.01556
4	293	13	0	0
11	24	18	0	0
12	24	57	14	0.243243
13	4	13	0	0
14	9	50	8	0.555883
Instant	92
1	544	30	2	0.157563
2	27	13	0	0
3	12	68	24	7.78636
4	272	13	0	0
11	24	18	1	0
12	29	54	9	0
13	4	13	0	0
14	8	54	8	0.601139
Instant	93
1	520	30	3	1.05556
2	33	13	0	0
3	9	65	25	8.88889
4	294	13	0	0
11	23	18	0	0
12	24	55	11	0.121212
13	4	13	0	0
14	9	53	9	0.49721
Instant	94
1	585	30	2	0
2	24	13	0	0
3	8	74	25	3.50062
4	275	13	0	0
11	25	18	0	0
12	20	59	13	0.216216
13	4	13	0	0
14	8	53	8	0.541958
Instant	95
1	527	30	2	0.387168
2	18	13	0	0
3	7	75	31	6.37066
4	307	13	0	0
11	23	17	0	0
12	14	51	13	0.470588
13	4	13	0	0
14	10	49	9	0.429553
Instant	96
1	521	29	2	0.382932
2	16	13	0	0
3	7	73	23	17.4635
4	308	13	0	0
11	23	18	1	0
12	23	58	10	0.176471
13	3	13	0	0
14	10	48	10	0.51234
Instant	97
1	614	27	1	0
2	19	13	0	0
3	14	77	17	7.52788
4	278	13	0	0
11	26	18	0	0
12	23	46	9	0.146341
13	4	13	0	0
14	8	54	8	0.526734
Instant	98
1	492	29	2	0.743707
2	33	13	0	0
3	9	79	14	5.37849
4	302	13	0	0
11	22	17	0	0
12	30	52	8	0
13	3	13	0	0
14	9	52	9	0.458992
Instant	99
1	508	28	2	0
2	21	13	0	0
3	6	82	18	5.97484
4	294	13	0	0
11	22	19	1	0
12	24	48	6	0.235294
13	3	13	0	0
14	9	52	9	0.453241
Instant	100
1	545	29	2	0.959488
2	25	13	0	0
3	6	76	17	7.49678
4	271	13	0	0
11	23	18	0	0
12	18	61	12	0.27027
13	3	13	0	0
14	8	48	10	0.635443
Instant	101
1	646	26	1	0
2	31	13	0	0
3	16	76	17	9.17639
4	280	13	0	0
11	27	17	0	0
12	17	60	17	0.470588
13	4	13	0	0
14	9	50	8	0.566465
Instant	102
1	528	28	1	0.720621
2	38	13	0	0
3	8	79	20	7.21785
4	291	14	0	0
11	22	19	1	0
12	23	61	11	0.176471
13	4	13	0	0
14	9	51	9	0.485245
Instant	103
1	562	28	1	0
2	24	13	0	0
3	11	72	24	9.05229
4	296	13	0	0
11	25	18	1	0
12	24	63	13	0.162162
13	4	13	0	0
14	9	52	8	0.453895
Instant	104
1	615	28	2	0
2	29	13	0	0
3	8	72	16	5.30587
4	284	13	0	0
11	26	18	0	0
12	26	63	12	0.117647
13	4	13	0	0
14	9	47	8	0.526298
Instant	105
1	606	26	1	0.284091
2	31	13	0	0
3	10	75	15	8.96921
4	296	13	0	0
11	27	18	1	0
12	16	63	15	0.411765
13	3	13	0	0
14	9	50	9	0.492017
Instant	106
1	566	29	2	0.0521921
2	37	13	0	0
3	9	78	12	4.62963
4	297	14	0	0
11	24	17	0	0
12	14	39	7	0.405405
13	4	13	0	0
14	9	48	9	0.553262
Instant	107
1	584	27	1	0.298805
2	30	13	0	0
3	7	90	19	8.71648
4	280	13	0	0
11	25	18	0	0
12	21	63	17	0.323529
13	3	13	0	0
14	8	48	9	0.569893
Instant	108
1	501	30	2	1.0274
2	26	13	0	0
3	6	65	19	3.79377
4	312	14	0	0
11	22	18	0	0
12	22	63	10	0.205882
13	4	13	0	0
14	10	52	8	0.441276
Instant	109
1	568	28	1	0.306122
2	17	13	0	0
3	10	79	22	5.95238
4	319	13	0	0
11	25	17	0	0
12	13	51	7	0.428571
13	3	13	0	0
14	10	52	8	0.488629
Instant	110
1	604	28	2	0.0485437
2	22	13	0	0
3	10	77	24	10.5196
4	309	14	0	0
11	26	19	1	0
12	19	53	11	0.375
13	4	13	0	0
14	10	49	10	0.433643
Instant	111
1	613	27	1	0
2	27	13	0	0
3	9	82	22	8.62861
4	334	13	0	0
11	26	18	0	0
12	21	62	14	0.294118
13	3	13	0	0
14	11	52	8	0.408774
Instant	112
1	576	27	2	0.301811
2	35	13	0	0
3	11	77	16	8.64428
4	297	13	0	0
11	25	17	0	0
12	24	62	7	0.216216
13	4	13	0	0
14	9	51	8	0.612943
Instant	113
1	592	27	1	0.290698
2	29	13	0	0
3	9	72	19	4.08497
4	307	13	0	0
11	26	18	1	0
12	20	53	15	0.235294
13	4	13	0	0
14	10	48	8	0.506969
Instant	114
1	555	29	2	0.313152
2	40	13	0	0
3	7	60	19	5.15564
4	311	14	0	0
11	24	17	0	0
12	18	61	11	0.323529
13	3	13	0	0
14	10	49	9	0.415478
Instant	115
1	573	29	1	0.203252
2	39	13	0	0
3	9	72	14	7.61155
4	308	14	0	0
11	25	19	1	0
12	19	60	13	0.486486
13	3	13	0	0
14	10	51	11	0.448934
Instant	116
1	578	30	2	0
2	17	13	0	0
3	14	69	20	16.0646
4	325	13	0	0
11	25	18	0	0
12	30	62	9	0
13	4	13	0	0
14	11	51	9	0.411608
Instant	117
1	568	27	1	0.315789
2	20	13	0	0
3	17	72	19	5.58785
4	310	13	0	0
11	24	18	0	0
12	25	55	8	0.0882353
13	4	13	0	0
14	9	48	10	0.560823
Instant	118
1	586	28	2	0
2	31	13	0	0
3	7	62	20	5.25982
4	300	13	0	0
11	26	18	1	0
12	21	68	12	0.216216
13	4	13	0	0
14	10	53	8	0.464803
Instant	119
1	562	31	2	0.309278
2	23	13	0	0
3	9	83	16	7.65766
4	300	13	0	0
11	24	17	0	0
12	27	49	10	0.0588235
13	3	13	0	0
14	9	52	10	0.510563
