	T	D	J	LP
Instant	0
1	0	0	0	0
2	0	0	0	0
3	0	0	0	0
4	0	0	0	0
11	0	0	0	0
12	0	0	0	0
13	0	0	0	0
14	0	0	0	0
Instant	1
1	351	29	3	0
2	12	13	0	0
3	17	55	10	2.05128
4	92	13	0	0
11	14	17	0	0
12	23	66	2	4.82609
13	1	13	0	0
14	2	51	7	0.263131
Instant	2
1	1350	30	3	0.0838223
2	24	14	0	0
3	20	66	19	6.59247
4	464	13	0	0
11	61	17	0	0
12	40	66	11	1.91176
13	4	13	0	0
14	13	52	10	0.540485
Instant	3
1	1384	29	2	0.219684
2	36	13	0	0
3	14	80	22	5.34722
4	446	13	0	0
11	58	18	0	0
12	37	63	12	0.970588
13	3	13	0	0
14	13	58	11	0.691558
Instant	4
1	1261	28	2	0
2	33	14	0	0
3	12	76	17	5.59701
4	395	14	0	0
11	57	18	0	0
12	49	58	13	0.459459
13	3	13	0	0
14	12	53	10	0.660847
Instant	5
1	1229	29	3	0.146056
2	21	13	0	0
3	12	80	20	5.56667
4	348	13	0	0
11	53	17	0	0
12	23	54	19	1.05882
13	4	13	0	0
14	10	53	12	0.671456
Instant	6
1	1116	29	2	0.232198
2	36	13	0	0
3	16	66	20	7.17419
4	308	14	0	0
11	50	17	0	0
12	26	63	14	1.17647
13	4	13	0	0
14	9	51	12	0.610747
Instant	7
1	1086	27	2	0
2	18	13	0	0
3	10	78	22	7.18711
4	315	13	0	0
11	47	18	0	0
12	31	65	14	0.864865
13	4	13	0	0
14	9	52	12	0.766208
Instant	8
1	892	29	3	0
2	19	13	0	0
3	13	65	25	8.46614
4	344	13	0	0
11	40	18	0	0
12	30	69	15	0.852941
13	4	13	0	0
14	10	50	9	0.608017
Instant	9
1	752	27	2	0.276899
2	22	13	0	0
3	13	77	19	7.44157
4	335	13	0	0
11	32	18	0	0
12	41	65	16	0.764706
13	4	13	0	0
14	11	52	9	0.536955
Instant	10
1	769	28	2	0
2	25	13	0	0
3	16	65	19	4.30818
4	294	13	0	0
11	34	17	0	0
12	31	61	10	0.675676
13	4	13	0	0
14	9	57	9	0.575126
Instant	11
1	695	29	3	0.251256
2	12	13	0	0
3	14	63	23	11.0895
4	332	13	0	0
11	30	18	1	0
12	40	56	15	0.588235
13	4	13	0	0
14	10	47	8	0.552982
Instant	12
1	796	27	1	1.10085
2	20	13	0	0
3	9	84	27	4.54261
4	313	13	0	0
11	35	17	0	0
12	32	58	8	1
13	4	13	0	0
14	9	55	10	0.535758
Instant	13
1	864	29	2	0.365691
2	34	13	0	0
3	11	78	10	5.39021
4	285	14	0	0
11	38	18	0	0
12	25	60	14	0.714286
13	4	13	0	0
14	9	46	11	0.505795
Instant	14
1	808	31	3	0.434153
2	21	13	0	0
3	11	73	20	6.42765
4	291	13	0	0
11	35	17	0	0
12	30	67	13	1.35294
13	3	13	0	0
14	9	52	7	0.555409
Instant	15
1	677	28	1	0.738916
2	25	13	0	0
3	13	78	16	6.2659
4	266	13	0	0
11	31	18	0	0
12	42	62	14	0.558824
13	3	13	0	0
14	8	52	9	0.634921
Instant	16
1	649	29	2	0.227273
2	25	13	0	0
3	9	78	16	4.97512
4	264	13	0	0
11	27	18	1	0.357143
12	30	63	14	0.918919
13	3	13	0	0
14	8	53	8	0.644694
Instant	17
1	747	29	2	0
2	26	13	0	0
3	7	72	20	12.5326
4	278	13	0	0
11	32	18	0	0
12	30	67	12	0.882353
13	3	13	0	0
14	8	54	9	0.53932
Instant	18
1	801	28	2	0.218023
2	26	13	0	0
3	13	77	20	8.23606
4	279	13	0	0
11	35	17	0	0
12	30	71	14	0.794118
13	3	13	0	0
14	8	51	9	0.563871
Instant	19
1	704	30	2	0.248756
2	18	13	0	0
3	7	72	17	4.81132
4	261	13	0	0
11	31	17	0	0
12	28	63	19	1.24324
13	4	13	0	0
14	7	52	9	0.688207
Instant	20
1	801	27	2	0.428571
2	23	13	0	0
3	9	79	14	5.62893
4	298	13	0	0
11	36	19	0	0
12	40	57	11	0.676471
13	4	13	0	0
14	9	51	8	0.621601
Instant	21
1	701	29	2	0.644122
2	26	13	0	0
3	15	65	22	4.34363
4	289	13	0	0
11	32	17	0	0
12	28	67	20	0.823529
13	4	13	0	0
14	9	51	8	0.553677
Instant	22
1	663	26	1	0.61082
2	27	13	0	0
3	9	69	26	7.44275
4	276	13	0	0
11	29	19	0	0
12	23	59	20	1.08108
13	3	13	0	0
14	8	52	9	0.541704
Instant	23
1	671	28	3	0.388601
2	23	13	0	0
3	8	75	24	16.8294
4	279	13	0	0
11	29	18	0	0
12	36	66	22	0.823529
13	4	13	0	0
14	9	53	10	0.504477
Instant	24
1	787	28	1	0
2	26	13	0	0
3	9	79	28	9.1954
4	264	13	0	0
11	34	17	0	0
12	24	72	16	1.26471
13	4	13	0	0
14	8	53	9	0.595799
Instant	25
1	615	30	2	0.501825
2	21	13	0	0
3	10	88	18	6.71036
4	272	13	0	0
11	28	19	0	0
12	21	62	18	1.02381
13	4	13	0	0
14	8	52	9	0.575218
Instant	26
1	619	30	3	0.421348
2	33	13	0	0
3	7	76	13	7.28346
4	301	14	0	0
11	27	19	0	0
12	38	59	12	0.617647
13	3	13	0	0
14	10	46	8	0.535417
Instant	27
1	617	31	2	0
2	33	13	0	0
3	13	76	20	6.69192
4	271	13	0	0
11	26	18	0	0
12	33	57	15	1.20588
13	4	13	0	0
14	8	52	8	0.62531
Instant	28
1	644	29	2	0.270758
2	26	13	0	0
3	10	77	17	7.7044
4	297	13	0	0
11	28	18	0	0
12	33	65	11	0.666667
13	4	13	0	0
14	9	53	10	0.535425
Instant	29
1	604	30	2	0.295276
2	25	13	0	0
3	10	78	15	4.74806
4	305	13	0	0
11	25	18	0	0
12	24	67	19	1.14706
13	3	13	0	0
14	9	54	9	0.53245
Instant	30
1	523	28	2	0.645161
2	32	13	0	0
3	11	80	17	8.02239
4	269	13	0	0
11	24	19	0	0
12	44	56	11	0.676471
13	4	13	0	0
14	8	55	8	0.591264
Instant	31
1	489	30	2	0.691244
2	28	13	0	0
3	16	81	24	11.9423
4	271	13	0	0
11	22	19	1	0
12	28	62	12	0.945946
13	4	13	0	0
14	8	54	8	0.58548
Instant	32
1	532	29	2	0.665188
2	30	13	0	0
3	13	78	19	8.90805
4	273	13	0	0
11	23	18	0	0
12	34	69	9	0.794118
13	4	13	0	0
14	8	51	9	0.667932
Instant	33
1	534	25	1	0.639659
2	27	13	0	0
3	4	76	12	4.05577
4	288	13	0	0
11	24	17	0	0
12	33	71	13	0.705882
13	4	13	0	0
14	9	49	8	0.588608
Instant	34
1	580	28	1	0.193798
2	30	13	0	0
3	8	63	23	7.15198
4	296	14	0	0
11	26	18	1	0
12	25	71	19	1.02703
13	3	13	0	0
14	9	50	8	0.487013
Instant	35
1	558	28	1	0.319829
2	24	13	0	0
3	10	77	17	5.8399
4	276	13	0	0
11	24	18	1	0
12	19	62	16	1.44118
13	4	13	0	0
14	8	56	10	0.615422
Instant	36
1	548	30	2	0.308642
2	32	13	0	0
3	4	85	11	8.93082
4	280	13	0	0
11	24	18	1	0
12	32	64	12	1.08824
13	4	13	0	0
14	9	52	9	0.558334
Instant	37
1	573	27	2	0.363071
2	27	13	0	0
3	12	74	28	9.80204
4	287	13	0	0
11	24	18	1	0.303644
12	27	54	13	0.857143
13	4	13	0	0
14	9	54	9	0.59456
Instant	38
1	562	30	2	0.306122
2	31	13	0	0
3	12	76	17	8.58876
4	300	13	0	0
11	25	18	1	0
12	18	72	19	1.32353
13	4	13	0	0
14	9	48	8	0.544174
Instant	39
1	606	28	1	0
2	15	13	0	0
3	7	81	15	5.98859
4	269	13	0	0
11	26	17	0	0
12	39	68	10	0.823529
13	4	13	0	0
14	8	57	9	0.598366
Instant	40
1	490	29	2	0.821596
2	25	13	0	0
3	10	79	14	5.86298
4	272	13	0	0
11	22	18	1	0
12	37	54	17	0.945946
13	4	13	0	0
14	8	53	9	0.593191
Instant	41
1	580	28	1	0.201613
2	21	13	0	0
3	13	76	10	8.30165
4	281	13	0	0
11	25	18	0	0
12	34	66	15	0.764706
13	4	13	0	0
14	8	50	8	0.677235
Instant	42
1	474	29	3	0.650118
2	22	13	0	0
3	5	77	23	5.82707
4	265	13	0	0
11	21	18	1	0
12	33	60	16	0.882353
13	4	13	0	0
14	8	47	11	0.684709
Instant	43
1	624	26	1	0.277264
2	24	13	0	0
3	9	78	15	8.17121
4	266	13	0	0
11	27	17	0	0
12	6	80	34	1.59459
13	4	13	0	0
14	7	48	10	0.569986
Instant	44
1	555	30	2	0
2	27	13	0	0
3	8	75	24	7.67296
4	288	13	0	0
11	23	17	0	0
12	8	49	28	0.823529
13	4	13	0	0
14	9	51	9	0.434005
Instant	45
1	546	26	1	0.995807
2	19	13	0	0
3	13	81	19	5.54449
4	247	13	0	0
11	24	18	0	0
12	38	68	17	1.94118
13	3	13	0	0
14	7	56	10	0.629162
Instant	46
1	572	28	1	0.293542
2	19	13	0	0
3	13	74	15	6.64828
4	283	13	0	0
11	26	18	0	0
12	29	62	15	0.945946
13	4	13	0	0
14	8	52	8	0.581791
Instant	47
1	613	28	1	0
2	22	13	0	0
3	8	85	24	8.08271
4	266	13	0	0
11	26	17	1	0
12	19	54	18	1.08824
13	4	13	0	0
14	8	56	8	0.543361
Instant	48
1	512	30	2	0.87007
2	30	13	0	0
3	14	70	20	8.30065
4	268	13	0	0
11	22	18	0	0
12	38	63	16	0.882353
13	4	13	0	0
14	7	51	9	0.612026
Instant	49
1	574	28	1	0
2	26	13	0	0
3	7	84	20	8.46203
4	272	13	0	0
11	25	18	1	0
12	24	65	9	0.880952
13	4	13	0	0
14	8	49	10	0.640031
Instant	50
1	628	27	2	0
2	21	13	0	0
3	9	71	20	7.9588
4	277	13	0	0
11	27	18	1	0
12	39	55	16	0.970588
13	3	13	0	0
14	8	51	9	0.510062
Instant	51
1	540	28	2	0.36157
2	14	13	0	0
3	10	75	22	6.44231
4	279	13	0	0
11	24	18	0	0
12	38	65	14	0.5
13	4	13	0	0
14	9	54	8	0.558755
Instant	52
1	578	28	1	0.60241
2	19	13	0	0
3	7	77	23	5.78431
4	282	13	0	0
11	25	18	0	0
12	25	66	18	1.25
13	3	13	0	0
14	9	54	10	0.466462
Instant	53
1	589	28	2	0.291829
2	25	13	0	0
3	7	72	17	3.89937
4	272	13	0	0
11	26	17	0	0
12	27	64	17	1.08824
13	3	13	0	0
14	8	53	9	0.583157
Instant	54
1	603	28	2	0
2	31	13	0	0
3	8	76	15	8.17057
4	256	13	0	0
11	26	18	0	0
12	41	58	10	0.558824
13	3	13	0	0
14	7	53	9	0.606061
Instant	55
1	612	27	1	0
2	27	13	0	0
3	15	74	18	5.08906
4	263	14	0	0
11	26	18	0	0
12	23	55	12	1.02703
13	3	13	0	0
14	8	52	10	0.593677
Instant	56
1	605	27	2	0
2	28	13	0	0
3	11	71	16	11.3813
4	270	13	0	0
11	26	18	0	0
12	32	54	11	1.11765
13	4	13	0	0
14	8	50	8	0.50821
Instant	57
1	585	31	2	0
2	36	13	0	0
3	9	76	12	5.34591
4	283	14	0	0
11	25	18	0	0
12	16	75	16	1.58824
13	4	13	0	0
14	9	56	11	0.637929
Instant	58
1	525	30	2	0.322581
2	19	13	0	0
3	8	81	14	16.4333
4	279	14	0	0
11	23	17	0	0
12	34	65	10	0.72973
13	3	13	0	0
14	8	53	9	0.59139
Instant	59
1	598	29	1	0.347222
2	36	13	0	0
3	13	78	18	6.34058
4	267	13	0	0
11	25	18	0	0
12	26	50	15	1.17647
13	4	13	0	0
14	8	49	7	0.544377
Instant	60
1	575	28	1	0.298805
2	31	13	0	0
3	10	71	25	6.97751
4	267	13	0	0
11	25	18	1	0
12	37	65	9	0.676471
13	3	13	0	0
14	8	55	8	0.600072
Instant	61
1	564	29	2	0.308642
2	25	13	0	0
3	8	81	20	4.85855
4	274	13	0	0
11	24	19	1	0
12	28	64	13	0.97619
13	4	13	0	0
14	8	52	9	0.549431
Instant	62
1	553	30	2	0.370763
2	23	14	0	0
3	9	81	14	8.3004
4	298	13	0	0
11	23	18	0	0
12	13	49	10	1.55882
13	3	13	0	0
14	9	49	8	0.601983
Instant	63
1	518	29	2	0.331126
2	17	13	0	0
3	12	79	13	9.59596
4	234	13	0	0
11	23	19	1	0
12	30	64	13	0.970588
13	4	13	0	0
14	7	50	9	0.608511
Instant	64
1	535	28	1	0.37797
2	31	13	0	0
3	7	89	10	6.67964
4	268	14	0	0
11	23	18	1	0
12	34	65	13	0.837838
13	4	13	0	0
14	7	50	9	0.682177
Instant	65
1	602	29	2	0
2	24	13	0	0
3	16	76	22	6.03554
4	274	13	0	0
11	25	18	1	0
12	15	58	21	1.61765
13	4	13	0	0
14	8	54	11	0.502337
Instant	66
1	600	29	2	0
2	36	13	0	0
3	9	75	17	9.60784
4	293	14	0	0
11	26	17	0	0
12	12	68	13	0.735294
13	4	13	0	0
14	9	54	8	0.491356
Instant	67
1	627	27	1	0
2	33	13	0	0
3	8	81	18	4.48473
4	295	13	0	0
11	26	18	1	0
12	35	66	16	1.51351
13	4	13	0	0
14	9	52	10	0.570634
Instant	68
1	595	27	2	0.0487329
2	18	13	0	0
3	6	75	28	6.05493
4	270	13	0	0
11	26	18	1	0
12	25	61	14	1.15625
13	4	13	0	0
14	8	54	10	0.659197
Instant	69
1	582	28	1	0.294695
2	32	13	0	0
3	9	74	17	10.3604
4	286	13	0	0
11	25	19	1	0
12	35	70	13	0.970588
13	3	13	0	0
14	9	53	8	0.468309
Instant	70
1	620	27	1	0
2	27	13	0	0
3	10	77	17	6.86275
4	272	13	0	0
11	26	17	0	0
12	26	63	20	1
13	4	13	0	0
14	8	53	10	0.626052
Instant	71
1	513	27	1	0.725446
2	29	13	0	0
3	14	76	13	8.55263
4	289	13	0	0
11	23	18	1	0
12	40	57	13	0.735294
13	4	13	0	0
14	9	50	9	0.421367
Instant	72
1	566	29	2	0
2	32	13	0	0
3	9	83	16	4.51389
4	266	13	0	0
11	24	18	1	0
12	31	73	18	0.848485
13	4	13	0	0
14	8	54	10	0.574049
Instant	73
1	583	28	1	0.347222
2	32	13	0	0
3	13	74	14	6.07235
4	269	13	0	0
11	25	18	0	0
12	34	61	15	0.463415
13	4	13	0	0
14	8	53	10	0.577511
Instant	74
1	562	27	1	0.601202
2	20	13	0	0
3	14	69	15	11.1635
4	273	13	0	0
11	25	18	1	0
12	27	46	12	1.29412
13	4	13	0	0
14	8	53	8	0.541796
Instant	75
1	617	28	2	0.0952381
2	22	13	0	0
3	9	82	20	6.41276
4	268	13	0	0
11	26	17	0	0
12	38	66	15	0.69697
13	3	13	0	0
14	8	51	9	0.623571
Instant	76
1	625	28	1	0
2	24	13	0	0
3	7	76	23	8.49359
4	278	13	0	0
11	26	17	0	0
12	20	61	15	1.41667
13	3	13	0	0
14	8	47	8	0.659212
Instant	77
1	585	30	1	0
2	18	13	0	0
3	6	74	25	7.06107
4	276	13	0	0
11	25	17	0	0
12	16	78	15	1.21875
13	4	13	0	0
14	8	55	9	0.541623
Instant	78
1	587	29	2	0.0493097
2	31	13	0	0
3	9	80	12	8.59274
4	277	13	0	0
11	26	17	0	0
12	29	56	16	1.21875
13	4	13	0	0
14	8	51	8	0.600736
Instant	79
1	607	29	2	0
2	20	13	0	0
3	13	66	17	9.90385
4	267	13	0	0
11	25	17	0	0
12	38	69	13	0.513514
13	4	13	0	0
14	7	51	9	0.585236
Instant	80
1	599	28	1	0
2	30	13	0	0
3	10	82	16	6.76884
4	263	13	0	0
11	26	18	1	0
12	26	78	11	1.27273
13	3	13	0	0
14	8	54	9	0.61287
Instant	81
1	532	29	2	0.326797
2	29	13	0	0
3	10	74	20	7.76081
4	271	13	0	0
11	23	19	1	0
12	24	75	11	1.27273
13	4	13	0	0
14	8	54	10	0.510745
Instant	82
1	528	29	2	0.949367
2	21	13	0	0
3	10	75	18	4.72973
4	263	13	0	0
11	24	17	0	0
12	43	56	9	0.371429
13	4	13	0	0
14	8	55	9	0.573645
Instant	83
1	534	29	1	0
2	32	13	0	0
3	13	76	17	7.29548
4	277	13	0	0
11	24	18	1	0
12	27	58	10	1
13	4	13	0	0
14	8	48	10	0.607217
Instant	84
1	537	29	2	1.02592
2	32	13	0	0
3	5	73	18	9.92696
4	257	13	0	0
11	23	17	0	0
12	21	61	19	1.36364
13	3	13	0	0
14	7	49	10	0.684043
Instant	85
1	481	30	2	0.518433
2	25	13	0	0
3	9	72	20	5.12087
4	264	13	0	0
11	21	18	1	0
12	37	58	12	0.538462
13	3	13	0	0
14	8	53	11	0.509279
Instant	86
1	580	28	2	0.657895
2	16	13	0	0
3	9	76	18	7.70911
4	269	13	0	0
11	25	18	0	0
12	49	58	16	0.5
13	4	13	0	0
14	8	53	10	0.638366
Instant	87
1	556	30	1	0.316456
2	20	13	0	0
3	10	70	21	9.86928
4	269	13	0	0
11	24	18	1	0
12	40	56	14	0.529412
13	3	13	0	0
14	8	49	9	0.596591
Instant	88
1	576	28	1	0
2	29	13	0	0
3	8	75	28	6.42494
4	267	13	0	0
11	25	18	0	0
12	33	71	16	0.837838
13	4	13	0	0
14	7	49	9	0.646536
Instant	89
1	585	28	1	0.294118
2	15	13	0	0
3	5	84	18	4.72541
4	276	13	0	0
11	26	18	0	0
12	16	68	20	1.58824
13	4	13	0	0
14	8	52	9	0.578165
Instant	90
1	604	28	1	0
2	30	13	0	0
3	11	75	24	8.88889
4	263	13	0	0
11	26	18	0	0
12	26	64	14	0.875
13	4	13	0	0
14	7	51	9	0.716264
Instant	91
1	558	27	2	0.30426
2	26	13	0	0
3	8	76	12	4.75285
4	286	14	0	0
11	25	18	0	0
12	29	60	17	1.05405
13	4	13	0	0
14	9	54	7	0.526422
Instant	92
1	504	30	2	0.681818
2	12	13	0	0
3	11	81	15	12.0474
4	286	13	0	0
11	22	17	0	0
12	13	70	10	1.54545
13	4	13	0	0
14	9	52	9	0.506175
Instant	93
1	576	28	1	0
2	22	13	0	0
3	15	75	14	5.61941
4	275	13	0	0
11	25	18	1	0
12	28	68	18	0.848485
13	4	13	0	0
14	8	51	8	0.610817
Instant	94
1	567	28	2	0.306748
2	16	13	0	0
3	10	77	21	7.67045
4	261	13	0	0
11	25	18	0	0
12	27	55	12	1.18919
13	4	13	0	0
14	7	51	11	0.636803
Instant	95
1	538	27	1	0.588865
2	28	13	0	0
3	9	72	14	3.89734
4	302	13	0	0
11	24	18	1	0
12	35	63	16	0.676471
13	4	13	0	0
14	10	50	10	0.447224
Instant	96
1	539	29	2	0.324675
2	27	13	0	0
3	9	67	22	11.3165
4	286	13	0	0
11	23	20	2	0
12	31	64	14	0.911765
13	3	13	0	0
14	9	53	7	0.559826
Instant	97
1	605	29	2	0
2	26	13	0	0
3	6	65	20	4.58802
4	281	13	0	0
11	26	17	0	0
12	41	66	10	0.536585
13	4	13	0	0
14	9	53	9	0.516606
Instant	98
1	505	29	2	0.389755
2	25	13	0	0
3	10	75	25	10.3675
4	289	13	0	0
11	22	19	1	0
12	37	51	14	0.647059
13	4	13	0	0
14	9	53	10	0.527153
Instant	99
1	573	29	2	0.307377
2	21	13	0	0
3	17	68	18	5.58642
4	273	13	0	0
11	25	17	0	0
12	12	82	17	1.52941
13	4	13	0	0
14	8	52	8	0.518372
Instant	100
1	583	29	1	0.050813
2	24	13	0	0
3	12	73	15	9.73282
4	288	13	0	0
11	25	19	0	0
12	22	55	17	1.43243
13	4	13	0	0
14	9	51	10	0.485356
Instant	101
1	585	30	2	0
2	22	13	0	0
3	4	86	11	7.05128
4	252	13	0	0
11	25	18	0	0
12	20	58	12	1.14706
13	4	13	0	0
14	7	51	9	0.593382
Instant	102
1	568	29	2	0.295276
2	19	13	0	0
3	12	79	17	7.18391
4	283	13	0	0
11	26	17	0	0
12	34	56	14	0.882353
13	4	13	0	0
14	8	51	9	0.488228
Instant	103
1	534	30	2	0.32967
2	26	13	0	0
3	16	73	14	10.8902
4	267	13	0	0
11	23	18	0	0
12	40	64	17	0.72973
13	3	13	0	0
14	8	53	8	0.639877
Instant	104
1	583	29	1	0.0496032
2	32	13	0	0
3	11	66	21	5.92949
4	284	13	0	0
11	25	18	0	0
12	29	70	16	1.17647
13	4	13	0	0
14	9	51	10	0.601108
Instant	105
1	568	30	2	0.317797
2	25	13	0	0
3	13	66	26	6.69291
4	266	13	0	0
11	24	19	1	0
12	38	63	13	0.529412
13	3	13	0	0
14	8	54	9	0.527533
Instant	106
1	532	31	2	0.318471
2	32	13	0	0
3	7	78	16	6.66047
4	266	13	0	0
11	24	17	0	0
12	22	57	11	1.05405
13	4	13	0	0
14	8	53	9	0.617217
Instant	107
1	568	27	1	0.604839
2	25	13	0	0
3	7	79	28	9.25926
4	270	13	0	0
11	25	18	1	0
12	37	54	14	0.852941
13	3	13	0	0
14	8	53	9	0.599674
Instant	108
1	613	28	1	0
2	33	13	0	0
3	11	76	20	6.30303
4	269	13	0	0
11	26	17	0	0
12	17	78	22	1.5
13	4	13	0	0
14	8	48	9	0.60749
Instant	109
1	599	28	1	0
2	21	13	0	0
3	11	76	16	4.31258
4	277	13	0	0
11	26	18	0	0
12	33	64	16	0.642857
13	3	13	0	0
14	8	53	9	0.587625
Instant	110
1	585	27	1	0.301205
2	26	13	0	0
3	11	86	13	9.55128
4	259	13	0	0
11	25	18	1	0
12	28	68	16	1.21875
13	3	13	0	0
14	8	54	9	0.532584
Instant	111
1	576	29	1	0
2	32	13	0	0
3	11	81	17	4.29293
4	259	13	0	0
11	24	20	1	0
12	43	55	8	0.735294
13	3	13	0	0
14	7	51	9	0.658574
Instant	112
1	591	29	2	0.0490196
2	25	13	0	0
3	7	72	26	9.35897
4	259	13	0	0
11	26	19	1	0
12	31	72	15	0.594595
13	4	13	0	0
14	7	55	8	0.562648
Instant	113
1	607	28	1	0
2	22	13	0	0
3	11	71	18	6.94981
4	283	13	0	0
11	26	17	0	0
12	40	64	9	0.529412
13	4	13	0	0
14	9	52	9	0.545251
Instant	114
1	589	29	2	0
2	21	13	0	0
3	9	71	22	6.46388
4	269	13	0	0
11	24	19	1	0
12	42	68	13	0.794118
13	4	13	0	0
14	8	53	11	0.638647
Instant	115
1	590	28	3	0.294118
2	19	13	0	0
3	7	81	20	8.62069
4	280	13	0	0
11	26	17	0	0
12	37	73	12	0.459459
13	3	13	0	0
14	8	53	10	0.666735
Instant	116
1	575	27	2	0.458248
2	31	13	0	0
3	7	84	20	8.93082
4	276	13	0	0
11	25	18	0	0
12	30	63	17	0.941177
13	4	13	0	0
14	8	53	9	0.582974
Instant	117
1	578	28	2	0
2	29	13	0	0
3	9	73	17	7.07364
4	267	13	0	0
11	25	19	1	0
12	21	63	14	1.44118
13	4	13	0	0
14	8	51	8	0.56099
Instant	118
1	570	27	2	0.305499
2	25	13	0	0
3	12	73	20	12.341
4	261	13	0	0
11	25	20	1	0
12	35	61	15	0.702703
13	4	13	0	0
14	8	53	9	0.507698
Instant	119
1	621	26	1	0
2	25	13	0	0
3	6	83	17	3.97135
4	262	13	0	0
11	26	19	1	0
12	25	70	18	1.05882
13	3	13	0	0
14	8	54	11	0.570003
