	T	D	J	LP
Instant	0
1	0	0	0	0
2	0	0	0	0
3	0	0	0	0
4	0	0	0	0
11	0	0	0	0
12	0	0	0	0
13	0	0	0	0
14	0	0	0	0
Instant	1
1	347	29	3	0
2	15	13	0	0
3	28	59	15	1.35009
4	78	13	0	0
11	14	17	0	0
12	14	77	5	5.90446
13	1	13	0	0
14	2	48	8	0.259619
Instant	2
1	1227	31	2	0.119161
2	36	14	0	0
3	72	64	16	4.67142
4	463	13	0	0
11	54	18	0	0
12	1	60	8	1.27088
13	6	13	0	0
14	13	56	9	0.68914
Instant	3
1	1313	28	3	0
2	28	14	0	0
3	51	71	21	3.5205
4	427	14	0	0
11	58	17	0	0
12	0	0	0	0
13	6	13	0	0
14	10	57	11	0.719416
Instant	4
1	1069	28	2	0.0542299
2	30	13	0	0
3	45	76	21	6.18132
4	384	14	0	0
11	47	17	0	0
12	0	0	0	0
13	5	13	0	0
14	10	57	10	0.90283
Instant	5
1	1059	30	3	0
2	24	13	0	0
3	42	77	15	6.1535
4	350	14	0	0
11	46	17	0	0
12	0	0	0	0
13	5	13	0	0
14	9	53	10	0.892906
Instant	6
1	822	29	3	0.10699
2	16	13	0	0
3	55	70	22	4.37158
4	375	13	0	0
11	36	18	1	0
12	0	0	0	0
13	5	13	0	0
14	11	51	10	0.757148
Instant	7
1	766	27	3	0.114679
2	14	13	0	0
3	62	75	21	5.25641
4	350	13	0	0
11	33	17	0	0
12	0	0	0	0
13	6	13	0	0
14	9	49	9	0.811688
Instant	8
1	722	29	3	0.0409165
2	20	13	0	0
3	47	75	14	4.28696
4	330	14	0	0
11	31	18	0	0
12	0	0	0	0
13	6	13	0	0
14	9	55	10	0.648933
Instant	9
1	755	30	3	0.155039
2	25	13	0	0
3	52	70	16	4.94936
4	306	13	0	0
11	33	18	0	0
12	0	0	0	0
13	5	13	0	0
14	8	57	10	0.881743
Instant	10
1	833	27	2	0.0351617
2	26	13	0	0
3	45	72	17	5.06108
4	309	13	0	0
11	36	17	0	0
12	0	0	0	0
13	5	13	0	0
14	9	51	9	0.574031
Instant	11
1	848	27	2	0
2	28	13	0	0
3	62	71	21	6.44416
4	320	13	0	0
11	36	19	1	0
12	0	0	0	0
13	6	13	0	0
14	9	51	9	0.580941
Instant	12
1	896	28	3	0.260756
2	27	13	0	0
3	42	72	18	7.74977
4	298	14	0	0
11	39	18	0	0
12	0	0	0	0
13	5	13	0	0
14	9	53	9	0.636623
Instant	13
1	781	28	2	0
2	19	13	0	0
3	60	70	18	4.625
4	301	13	0	0
11	35	18	0	0
12	0	0	0	0
13	6	13	0	0
14	9	53	9	0.55261
Instant	14
1	734	29	2	0
2	26	13	0	0
3	37	79	18	6.30564
4	278	13	0	0
11	31	18	0	0
12	0	0	0	0
13	5	13	0	0
14	8	56	9	1.04167
Instant	15
1	689	28	3	0.0421585
2	29	13	0	0
3	58	67	20	4.42177
4	291	13	0	0
11	30	18	0	0
12	0	0	0	0
13	6	13	0	0
14	9	51	10	0.595828
Instant	16
1	556	29	3	0.909091
2	27	13	0	0
3	47	67	18	3.92919
4	292	13	0	0
11	25	18	0	0.408163
12	0	0	0	0
13	6	13	0	0
14	9	53	9	0.645119
Instant	17
1	524	32	3	0.389755
2	26	13	0	0
3	51	72	17	5.77428
4	264	13	0	0
11	22	19	1	0
12	0	0	0	0
13	6	13	0	0
14	7	51	9	0.701392
Instant	18
1	588	29	2	0.0982318
2	21	13	0	0
3	49	77	17	4.99109
4	275	13	0	0
11	25	18	1	0
12	0	0	0	0
13	5	13	0	0
14	8	52	11	0.684598
Instant	19
1	534	31	2	0.32538
2	13	13	0	0
3	51	72	18	5.94937
4	280	13	0	0
11	23	17	0	0.324675
12	0	0	0	0
13	6	13	0	0
14	8	53	9	0.506003
Instant	20
1	518	29	2	0.927948
2	23	13	0	0
3	55	81	12	7.01981
4	267	13	0	0
11	23	18	1	0
12	0	0	0	0
13	6	13	0	0
14	7	51	11	0.827909
Instant	21
1	572	31	2	0
2	24	13	0	0
3	42	71	19	5.81344
4	266	13	0	0
11	25	18	0	0
12	0	0	0	0
13	6	13	0	0
14	7	51	8	0.615079
Instant	22
1	548	28	2	0.590129
2	24	13	0	0
3	41	67	18	5.95903
4	269	13	0	0
11	24	18	0	0
12	0	0	0	0
13	5	13	0	0
14	8	53	10	0.613191
Instant	23
1	571	28	2	0.588235
2	26	13	0	0
3	48	71	18	4.57899
4	281	14	0	0
11	26	17	0	0
12	0	0	0	0
13	6	13	0	0
14	8	51	9	0.641331
Instant	24
1	571	28	1	0.308008
2	28	13	0	0
3	49	74	20	6.69326
4	291	14	0	0
11	24	19	0	0
12	0	0	0	0
13	6	13	0	0
14	8	48	9	0.637959
Instant	25
1	513	30	2	0.0570776
2	24	13	0	0
3	54	70	16	5.08794
4	280	13	0	0
11	22	20	1	0
12	0	0	0	0
13	6	13	0	0
14	8	50	10	0.671371
Instant	26
1	519	28	3	0.655022
2	28	13	0	0
3	55	71	19	4.85348
4	287	13	0	0
11	23	18	0	0
12	0	0	0	0
13	6	13	0	0
14	8	50	8	0.584081
Instant	27
1	484	29	2	0.757576
2	34	13	0	0
3	61	67	18	4.02083
4	286	14	0	0
11	22	18	1	0
12	0	0	0	0
13	6	13	0	0
14	9	51	9	0.587803
Instant	28
1	547	30	2	0.580169
2	40	13	0	0
3	47	74	22	7.49774
4	255	14	0	0
11	24	18	0	0
12	0	0	0	0
13	5	13	0	0
14	7	51	9	0.71316
Instant	29
1	556	28	1	0.3125
2	30	13	0	0
3	50	70	15	5.36036
4	280	13	0	0
11	24	18	0	0
12	0	0	0	0
13	6	13	0	0
14	9	50	8	0.53769
Instant	30
1	574	28	2	0.601202
2	28	13	0	0
3	49	75	17	3.9916
4	291	13	0	0
11	25	17	0	0
12	0	0	0	0
13	5	13	0	0
14	9	55	9	0.554163
Instant	31
1	601	29	2	0
2	14	13	0	0
3	52	75	18	6.51184
4	269	13	0	0
11	25	17	0	0
12	0	0	0	0
13	5	13	0	0
14	8	55	10	0.592189
Instant	32
1	553	29	2	0.313808
2	28	13	0	0
3	40	72	19	5.5933
4	271	13	0	0
11	24	18	1	0
12	0	0	0	0
13	6	13	0	0
14	8	53	8	0.515646
Instant	33
1	518	29	2	0.331126
2	46	13	0	0
3	46	64	16	3.52746
4	270	13	0	0
11	22	19	1	0
12	0	0	0	0
13	5	13	0	0
14	8	58	9	0.70711
Instant	34
1	530	30	2	0.328228
2	31	13	0	0
3	65	77	11	6.22874
4	271	13	0	0
11	23	18	1	0
12	0	0	0	0
13	6	13	0	0
14	8	46	9	0.629643
Instant	35
1	536	26	1	0.632911
2	32	13	0	0
3	58	69	17	6.04444
4	281	13	0	0
11	24	18	0	0
12	0	0	0	0
13	6	13	0	0
14	8	53	10	0.59908
Instant	36
1	532	29	2	0.652174
2	32	13	0	0
3	46	68	20	4.66841
4	266	13	0	0
11	23	18	0	0
12	0	0	0	0
13	5	13	0	0
14	8	51	8	0.604621
Instant	37
1	588	26	2	0.303644
2	27	13	0	0
3	58	65	19	5.2356
4	282	14	0	0
11	25	18	0	0
12	0	0	0	0
13	6	13	0	0
14	8	50	9	0.634052
Instant	38
1	499	30	2	0.619369
2	26	13	0	0
3	63	72	19	4.35356
4	269	13	0	0
11	22	18	1	0
12	0	0	0	0
13	6	13	0	0
14	8	53	9	0.632799
Instant	39
1	606	28	1	0.0967118
2	27	13	0	0
3	70	75	18	6.05485
4	263	13	0	0
11	26	17	0	0
12	0	0	0	0
13	6	13	0	0
14	8	52	9	0.561839
Instant	40
1	588	30	3	0.0504032
2	24	13	0	0
3	70	75	18	3.68988
4	269	14	0	0
11	25	18	0	0
12	0	0	0	0
13	6	13	0	0
14	8	50	8	0.56328
Instant	41
1	592	30	2	0
2	25	13	0	0
3	72	71	16	3.91286
4	277	13	0	0
11	26	17	0	0
12	0	0	0	0
13	6	13	0	0
14	8	51	9	0.577753
Instant	42
1	585	29	2	0
2	22	13	0	0
3	40	71	17	4.18982
4	276	13	0	0
11	25	18	1	0
12	0	0	0	0
13	5	13	0	0
14	8	50	9	0.626
Instant	43
1	531	29	2	0.638298
2	17	13	0	0
3	58	77	13	5.03827
4	290	13	0	0
11	24	17	0	0
12	0	0	0	0
13	6	13	0	0
14	9	54	8	0.589654
Instant	44
1	566	31	3	0.259875
2	25	13	0	0
3	56	78	19	4.69423
4	274	13	0	0
11	24	18	0	0
12	0	0	0	0
13	6	13	0	0
14	8	53	8	0.576923
Instant	45
1	573	29	1	0.303644
2	39	13	0	0
3	50	64	19	8.06306
4	270	13	0	0
11	25	19	1	0
12	0	0	0	0
13	5	13	0	0
14	8	54	9	0.515721
Instant	46
1	583	27	1	0.302419
2	36	13	0	0
3	41	67	28	5.86918
4	253	13	0	0
11	25	18	0	0
12	0	0	0	0
13	5	13	0	0
14	7	53	9	0.645319
Instant	47
1	514	30	1	0.542299
2	17	13	0	0
3	45	71	20	3.68374
4	279	13	0	0
11	23	18	0	0
12	0	0	0	0
13	5	13	0	0
14	8	54	9	0.573347
Instant	48
1	432	31	3	0.981675
2	39	13	0	0
3	40	67	22	6.31944
4	268	13	0	0
11	19	19	1	0
12	0	0	0	0
13	5	13	0	0
14	8	48	9	0.59668
Instant	49
1	567	27	2	0.610998
2	22	13	0	0
3	60	68	17	7.28093
4	260	13	0	0
11	25	19	1	0
12	0	0	0	0
13	6	13	0	0
14	7	54	10	0.69562
Instant	50
1	549	28	1	0.368421
2	28	13	0	0
3	42	71	17	6.01351
4	259	13	0	0
11	24	20	1	0
12	0	0	0	0
13	6	13	0	0
14	8	51	9	0.494392
Instant	51
1	580	28	1	0
2	23	13	0	0
3	65	74	18	4.41302
4	274	13	0	0
11	25	18	1	0
12	0	0	0	0
13	6	13	0	0
14	8	53	10	0.566423
Instant	52
1	525	30	3	0.657895
2	20	13	0	0
3	44	69	24	4.14427
4	271	13	0	0
11	23	17	0	0
12	0	0	0	0
13	6	13	0	0
14	8	53	9	0.661189
Instant	53
1	552	29	1	0.635593
2	16	13	0	0
3	43	76	15	6.20614
4	279	13	0	0
11	24	18	0	0
12	0	0	0	0
13	6	13	0	0
14	9	55	8	0.525536
Instant	54
1	583	27	2	0
2	27	13	0	0
3	52	75	21	4.75578
4	279	13	0	0
11	25	19	1	0
12	0	0	0	0
13	6	13	0	0
14	9	51	9	0.487746
Instant	55
1	570	29	1	0.308642
2	21	13	0	0
3	40	69	18	8.97612
4	285	13	0	0
11	24	18	0	0
12	0	0	0	0
13	5	13	0	0
14	9	54	9	0.496478
Instant	56
1	592	29	2	0
2	22	13	0	0
3	50	77	21	3.44057
4	261	13	0	0
11	25	19	1	0
12	0	0	0	0
13	5	13	0	0
14	8	53	11	0.643051
Instant	57
1	564	30	2	0
2	21	13	0	0
3	50	72	17	6.469
4	301	13	0	0
11	25	18	1	0
12	0	0	0	0
13	5	13	0	0
14	9	50	11	0.486899
Instant	58
1	508	32	2	0.341686
2	12	13	0	0
3	41	76	19	3.14815
4	291	13	0	0
11	22	18	0	0
12	0	0	0	0
13	5	13	0	0
14	9	51	7	0.541516
Instant	59
1	607	27	1	0.28626
2	32	13	0	0
3	43	68	18	4.93019
4	271	13	0	0
11	26	17	0	0
12	0	0	0	0
13	6	13	0	0
14	8	56	10	0.623053
Instant	60
1	600	30	2	0
2	25	13	0	0
3	77	66	14	4.15622
4	266	13	0	0
11	26	17	0	0
12	0	0	0	0
13	6	13	0	0
14	8	55	10	0.543792
Instant	61
1	599	28	1	0
2	23	13	0	0
3	43	71	18	9.35792
4	271	13	0	0
11	26	18	1	0
12	0	0	0	0
13	5	13	0	0
14	8	50	9	0.635519
Instant	62
1	620	28	1	0
2	23	13	0	0
3	63	75	12	4.68094
4	265	13	0	0
11	27	17	0	0
12	0	0	0	0
13	6	13	0	0
14	8	52	9	0.553218
Instant	63
1	599	27	1	0.290698
2	25	13	0	0
3	56	68	19	5.96734
4	264	13	0	0
11	26	18	1	0
12	0	0	0	0
13	6	13	0	0
14	8	48	10	0.677291
Instant	64
1	606	28	2	0
2	30	13	0	0
3	51	74	22	4.48004
4	260	14	0	0
11	26	18	1	0
12	0	0	0	0
13	5	13	0	0
14	7	50	12	0.578344
Instant	65
1	488	28	2	0.925926
2	16	13	0	0
3	51	68	16	5.88235
4	252	13	0	0
11	22	17	0	0
12	0	0	0	0
13	6	13	0	0
14	7	52	8	0.631523
Instant	66
1	593	28	1	0
2	27	13	0	0
3	48	69	17	6.03299
4	256	13	0	0
11	26	18	1	0
12	0	0	0	0
13	6	13	0	0
14	7	52	8	0.672083
Instant	67
1	594	30	2	0
2	30	13	0	0
3	63	67	14	4.11338
4	264	13	0	0
11	24	18	1	0
12	0	0	0	0
13	6	13	0	0
14	8	51	9	0.59675
Instant	68
1	579	28	2	0.145914
2	21	13	0	0
3	53	72	17	4.27296
4	264	13	0	0
11	26	19	1	0
12	0	0	0	0
13	6	13	0	0
14	8	54	10	0.646755
Instant	69
1	512	29	2	0.681818
2	24	13	0	0
3	38	69	14	5.44783
4	273	13	0	0
11	22	18	0	0
12	0	0	0	0
13	6	13	0	0
14	8	53	9	0.547138
Instant	70
1	542	29	2	0.376344
2	22	13	0	0
3	45	71	16	7.64991
4	271	13	0	0
11	23	18	0	0
12	0	0	0	0
13	5	13	0	0
14	8	55	9	0.593807
Instant	71
1	533	28	2	0.646552
2	20	13	0	0
3	40	74	17	4.85916
4	275	13	0	0
11	23	18	0	0
12	0	0	0	0
13	5	13	0	0
14	8	54	9	0.629855
Instant	72
1	555	27	2	0.30426
2	21	13	0	0
3	53	75	18	5.97148
4	252	13	0	0
11	25	18	1	0
12	0	0	0	0
13	6	13	0	0
14	6	50	8	0.644193
Instant	73
1	610	29	2	0.145349
2	37	13	0	0
3	58	76	13	5.26868
4	249	13	0	0
11	26	17	0	0
12	0	0	0	0
13	6	13	0	0
14	7	55	9	0.682201
Instant	74
1	591	28	1	0
2	17	13	0	0
3	40	71	14	4.82929
4	246	13	0	0
11	25	19	1	0
12	0	0	0	0
13	6	13	0	0
14	7	51	10	0.639083
Instant	75
1	566	27	2	0.367647
2	27	13	0	0
3	42	74	14	6.40851
4	263	13	0	0
11	24	18	1	0
12	0	0	0	0
13	5	13	0	0
14	7	54	10	0.619669
Instant	76
1	618	28	2	0
2	22	13	0	0
3	39	67	24	5.34247
4	281	13	0	0
11	27	17	0	0
12	0	0	0	0
13	5	13	0	0
14	8	56	8	0.663094
Instant	77
1	556	28	1	0.617284
2	20	13	0	0
3	54	67	25	6.64502
4	276	13	0	0
11	24	18	0	0
12	0	0	0	0
13	6	13	0	0
14	8	50	8	0.547812
Instant	78
1	538	29	1	0.631579
2	15	13	0	0
3	52	70	17	3.16092
4	241	13	0	0
11	24	17	0	0
12	0	0	0	0
13	5	13	0	0
14	6	55	9	0.716554
Instant	79
1	499	33	2	0.352113
2	25	13	0	0
3	53	75	16	5.00864
4	280	13	0	0
11	21	18	0	0
12	0	0	0	0
13	6	13	0	0
14	8	50	10	0.575027
Instant	80
1	526	28	1	0.385463
2	39	13	0	0
3	43	73	25	9.33243
4	265	13	0	0
11	23	19	1	0
12	0	0	0	0
13	6	13	0	0
14	8	50	9	0.612097
Instant	81
1	526	30	2	0.655022
2	29	13	0	0
3	42	69	29	4.07801
4	278	13	0	0
11	23	17	0	0.328947
12	0	0	0	0
13	5	13	0	0
14	8	55	8	0.587237
Instant	82
1	560	30	2	0.305499
2	33	13	0	0
3	50	71	20	6.68889
4	268	13	0	0
11	25	18	1	0
12	0	0	0	0
13	5	13	0	0
14	8	56	10	0.586972
Instant	83
1	552	30	2	0.315126
2	27	13	0	0
3	57	71	17	4.2851
4	269	13	0	0
11	24	18	1	0
12	0	0	0	0
13	6	13	0	0
14	8	52	9	0.528874
Instant	84
1	588	28	2	0.295276
2	31	13	0	0
3	40	71	18	5.91033
4	258	14	0	0
11	26	19	1	0
12	0	0	0	0
13	5	13	0	0
14	8	51	9	0.58902
Instant	85
1	595	29	2	0
2	31	13	0	0
3	61	70	17	5.22452
4	271	13	0	0
11	25	18	0	0
12	0	0	0	0
13	6	13	0	0
14	8	47	8	0.641753
Instant	86
1	536	30	2	0.321199
2	30	13	0	0
3	55	71	19	4.57265
4	272	14	0	0
11	24	17	0	0
12	0	0	0	0
13	6	13	0	0
14	8	51	10	0.605591
Instant	87
1	562	29	2	0.363071
2	29	13	0	0
3	48	62	27	4.40917
4	268	13	0	0
11	24	18	0	0
12	0	0	0	0
13	6	13	0	0
14	8	50	10	0.612026
Instant	88
1	569	29	2	0
2	36	13	0	0
3	40	70	19	8.06233
4	269	13	0	0
11	25	18	1	0
12	0	0	0	0
13	5	13	0	0
14	8	54	10	0.516529
Instant	89
1	599	27	1	0
2	18	13	0	0
3	61	78	20	3.80658
4	309	13	0	0
11	26	19	1	0
12	0	0	0	0
13	6	13	0	0
14	10	52	8	0.420181
Instant	90
1	570	29	1	0.306122
2	23	13	0	0
3	36	71	18	6.94064
4	273	13	0	0
11	25	17	0	0
12	0	0	0	0
13	5	13	0	0
14	8	56	10	0.654854
Instant	91
1	485	33	3	0.234742
2	23	13	0	0
3	46	66	21	5.60686
4	263	13	0	0
11	21	19	1	0
12	0	0	0	0
13	5	13	0	0
14	8	52	8	0.583218
Instant	92
1	567	28	1	0.517598
2	18	13	0	0
3	52	72	14	3.07924
4	276	13	0	0
11	25	18	0	0
12	0	0	0	0
13	6	13	0	0
14	8	50	8	0.603747
Instant	93
1	514	28	2	0.827815
2	29	13	0	0
3	46	75	15	5.95238
4	282	13	0	0
11	22	18	0	0
12	0	0	0	0
13	5	13	0	0
14	9	52	11	0.552363
Instant	94
1	516	28	2	0.561798
2	22	13	0	0
3	44	75	17	9.27384
4	270	13	0	0
11	23	18	0	0
12	0	0	0	0
13	6	13	0	0
14	8	56	10	0.513311
Instant	95
1	584	29	2	0
2	29	13	0	0
3	44	69	20	5.33333
4	280	13	0	0
11	25	19	1	0
12	0	0	0	0
13	5	13	0	0
14	9	52	12	0.480008
Instant	96
1	571	26	1	0.359343
2	27	13	0	0
3	49	68	17	5.19422
4	269	13	0	0
11	25	18	0	0
12	0	0	0	0
13	5	13	0	0
14	8	53	8	0.659537
Instant	97
1	634	26	1	0
2	37	13	0	0
3	45	72	14	4.49219
4	269	13	0	0
11	27	18	0	0
12	0	0	0	0
13	5	13	0	0
14	8	56	9	0.537061
Instant	98
1	474	30	2	0.471698
2	21	13	0	0
3	51	75	22	4.05282
4	259	13	0	0
11	21	17	0	0
12	0	0	0	0
13	5	13	0	0
14	8	56	9	0.644588
Instant	99
1	574	28	2	0.30303
2	29	13	0	0
3	54	69	15	6.06061
4	260	13	0	0
11	25	17	0	0
12	0	0	0	0
13	6	13	0	0
14	7	51	10	0.653294
Instant	100
1	612	26	2	0.290698
2	18	13	0	0
3	50	71	13	6.6886
4	259	13	0	0
11	26	18	1	0
12	0	0	0	0
13	6	13	0	0
14	7	52	9	0.607908
Instant	101
1	596	28	3	0.0498008
2	34	13	0	0
3	43	69	26	5.8837
4	277	14	0	0
11	25	19	1	0
12	0	0	0	0
13	6	13	0	0
14	8	52	9	0.588583
Instant	102
1	576	28	1	0.298805
2	41	13	0	0
3	46	76	17	6.11702
4	260	14	0	0
11	25	18	0	0
12	0	0	0	0
13	5	13	0	0
14	8	52	11	0.545085
Instant	103
1	605	27	2	0
2	24	13	0	0
3	51	70	13	6.4433
4	270	13	0	0
11	26	19	1	0
12	0	0	0	0
13	6	13	0	0
14	8	54	9	0.563326
Instant	104
1	506	29	2	0.672646
2	27	13	0	0
3	67	74	19	5.31066
4	247	13	0	0
11	23	19	1	0
12	0	0	0	0
13	6	13	0	0
14	7	50	10	0.559975
Instant	105
1	547	28	1	0.3125
2	23	13	0	0
3	42	78	17	4.15579
4	288	13	0	0
11	24	19	1	0
12	0	0	0	0
13	6	13	0	0
14	9	54	10	0.507275
Instant	106
1	590	30	1	0
2	32	13	0	0
3	52	65	20	5.29903
4	271	13	0	0
11	25	18	1	0
12	0	0	0	0
13	6	13	0	0
14	8	53	9	0.538418
Instant	107
1	607	28	1	0
2	21	13	0	0
3	35	75	18	6.04802
4	275	13	0	0
11	27	17	0	0
12	0	0	0	0
13	5	13	0	0
14	8	55	9	0.599554
Instant	108
1	597	27	1	0
2	22	13	0	0
3	52	71	19	3.54002
4	268	13	0	0
11	25	20	1	0
12	0	0	0	0
13	5	13	0	0
14	8	56	8	0.598652
Instant	109
1	560	30	2	0.0516529
2	28	13	0	0
3	52	70	17	7.03463
4	265	14	0	0
11	24	18	1	0
12	0	0	0	0
13	6	13	0	0
14	7	54	10	0.656847
Instant	110
1	571	29	2	0.310559
2	12	13	0	0
3	46	75	16	3.91344
4	281	13	0	0
11	24	18	0	0
12	0	0	0	0
13	5	13	0	0
14	8	55	8	0.558334
Instant	111
1	605	27	1	0.333333
2	17	13	0	0
3	47	75	16	4.54955
4	278	14	0	0
11	26	17	0	0
12	0	0	0	0
13	5	13	0	0
14	9	50	8	0.43429
Instant	112
1	569	28	1	0.304878
2	22	13	0	0
3	48	72	15	7.04787
4	272	13	0	0
11	24	17	0	0.304878
12	0	0	0	0
13	6	13	0	0
14	8	53	9	0.598644
Instant	113
1	559	30	2	0.30426
2	20	13	0	0
3	52	71	15	4.53216
4	268	13	0	0
11	25	17	0	0
12	0	0	0	0
13	6	13	0	0
14	8	51	9	0.629233
Instant	114
1	528	26	2	0.984683
2	27	13	0	0
3	65	74	17	8.50297
4	270	14	0	0
11	23	19	1	0
12	0	0	0	0
13	6	13	0	0
14	8	53	9	0.619024
Instant	115
1	552	28	2	0.364583
2	17	13	0	0
3	54	67	20	5.16401
4	270	13	0	0
11	24	18	0	0
12	0	0	0	0
13	6	13	0	0
14	8	52	8	0.610663
Instant	116
1	583	27	1	0.29703
2	28	13	0	0
3	54	74	16	3.70867
4	289	14	0	0
11	25	19	1	0
12	0	0	0	0
13	6	13	0	0
14	9	51	9	0.551617
Instant	117
1	572	28	2	0.308008
2	20	13	0	0
3	40	71	17	6.82432
4	264	13	0	0
11	24	19	1	0
12	0	0	0	0
13	6	13	0	0
14	8	53	8	0.689315
Instant	118
1	597	29	1	0
2	31	13	0	0
3	73	66	19	5.18189
4	272	13	0	0
11	26	17	0	0
12	0	0	0	0
13	6	13	0	0
14	8	47	8	0.624299
Instant	119
1	520	28	2	0.991189
2	31	13	0	0
3	54	73	17	4.86866
4	258	14	0	0
11	23	17	0	0
12	0	0	0	0
13	5	13	0	0
14	7	54	10	0.618995
