	T	D	J	LP
Instant	0
1	0	0	0	0
2	0	0	0	0
3	0	0	0	0
4	0	0	0	0
11	0	0	0	0
12	0	0	0	0
13	0	0	0	0
14	0	0	0	0
Instant	1
1	315	27	2	0
2	14	13	0	0
3	24	53	15	1.92308
4	61	13	0	0
11	13	18	0	0
12	29	69	4	4.0963
13	1	13	0	0
14	1	60	9	0.303951
Instant	2
1	1463	33	3	0.383065
2	29	13	0	0
3	13	72	24	5.70342
4	443	14	0	0
11	64	17	0	0
12	44	67	20	1.23967
13	3	13	0	0
14	8	57	9	1.03986
Instant	3
1	1403	28	2	0
2	25	13	0	0
3	17	63	23	6.12245
4	437	14	0	0
11	62	17	0	0
12	28	64	24	1.75012
13	3	13	0	0
14	8	54	11	1.07621
Instant	4
1	1171	28	2	0.718533
2	32	13	0	0
3	15	76	18	3.9272
4	410	13	0	0
11	52	18	0	0
12	37	71	15	1.56355
13	3	13	0	0
14	10	60	10	0.981592
Instant	5
1	866	29	2	0.307377
2	24	13	0	0
3	7	77	17	8.69709
4	358	13	0	0
11	38	18	0	0
12	46	66	14	1.0209
13	3	13	0	0
14	8	54	11	0.977098
Instant	6
1	753	27	1	0.0396825
2	28	13	0	0
3	13	83	24	8.89328
4	316	13	0	0
11	32	18	0	0
12	51	64	15	0.777832
13	3	13	0	0
14	7	55	10	0.929821
Instant	7
1	773	28	1	0
2	27	13	0	0
3	8	78	15	6.45995
4	314	13	0	0
11	34	17	0	0
12	47	65	15	1.11682
13	4	13	0	0
14	8	56	9	0.73978
Instant	8
1	706	26	2	0.489396
2	21	13	0	0
3	9	73	18	3.8737
4	283	13	0	0
11	31	17	0	0
12	44	58	14	1.3369
13	3	13	0	0
14	7	51	10	0.732756
Instant	9
1	735	27	1	0
2	25	13	0	0
3	7	70	25	6.06667
4	294	13	0	0
11	32	17	0	0
12	31	59	16	1.19105
13	3	13	0	0
14	8	54	9	1.28913
Instant	10
1	681	28	1	0
2	28	13	0	0
3	13	71	20	14.5833
4	276	13	0	0
11	29	19	0	0
12	45	60	16	1.25084
13	4	13	0	0
14	7	50	9	0.776138
Instant	11
1	721	30	2	0
2	19	13	0	0
3	5	71	16	4.36047
4	276	13	0	0
11	31	17	0	0
12	41	57	22	1.16675
13	3	13	0	0
14	7	53	10	0.763971
Instant	12
1	787	29	1	0.488722
2	26	13	0	0
3	8	79	23	8.7963
4	262	14	0	0
11	33	18	0	0
12	26	56	20	1.72581
13	3	13	0	0
14	7	52	9	0.73449
Instant	13
1	739	28	2	0.234009
2	18	13	0	0
3	14	70	19	7.68229
4	275	13	0	0
11	33	19	0	0
12	37	67	18	1.12161
13	4	13	0	0
14	7	54	9	0.63141
Instant	14
1	652	26	2	0.308099
2	20	13	0	0
3	6	72	18	6.98819
4	261	13	0	0
11	28	19	0	0.533808
12	41	66	15	1.06952
13	3	13	0	0
14	7	52	10	0.949715
Instant	15
1	680	24	1	0.252101
2	19	13	0	0
3	7	63	18	6.35705
4	257	13	0	0
11	30	18	0	0
12	47	62	17	13.4176
13	4	13	0	0
14	7	52	9	0.651997
Instant	16
1	660	28	2	0.74171
2	19	13	0	0
3	14	77	25	9.8249
4	266	13	0	0
11	29	17	0	0
12	43	73	13	2.01027
13	3	13	0	0
14	7	53	10	0.670789
Instant	17
1	689	28	2	0.12931
2	11	13	0	0
3	12	69	14	4.29688
4	251	13	0	0
11	29	18	0	0
12	43	59	19	1.77443
13	3	13	0	0
14	6	52	12	0.840624
Instant	18
1	602	28	3	0.285714
2	25	13	0	0
3	13	79	22	9.68286
4	244	13	0	0
11	26	18	0	0
12	41	61	16	2.09042
13	3	13	0	0
14	6	50	9	0.711327
Instant	19
1	679	27	2	0.25729
2	34	13	0	0
3	18	68	19	6.73691
4	254	13	0	0
11	29	18	0	0
12	52	55	19	1.04981
13	3	13	0	0
14	7	56	9	0.832956
Instant	20
1	723	27	1	0.241546
2	20	13	0	0
3	4	88	22	2.66798
4	265	13	0	0
11	31	19	0	0
12	40	69	16	0.923675
13	3	13	0	0
14	7	53	11	0.677136
Instant	21
1	658	27	2	0.307018
2	15	13	0	0
3	14	76	26	11.1222
4	265	13	0	0
11	28	17	0	0.44484
12	43	69	16	1.40982
13	3	13	0	0
14	7	52	9	0.644694
Instant	22
1	773	26	1	0.0386997
2	32	13	0	0
3	15	70	21	8.94466
4	250	13	0	0
11	33	19	0	0
12	40	65	12	1.11682
13	3	13	0	0
14	7	53	9	0.660565
Instant	23
1	636	28	2	0.0886525
2	21	13	0	0
3	10	77	16	5.36437
4	273	13	0	0
11	28	19	1	0.551471
12	33	60	10	1.60428
13	3	13	0	0
14	8	53	9	0.671329
Instant	24
1	662	27	1	0
2	33	13	0	0
3	8	68	19	6.99234
4	257	14	0	0
11	28	18	0	0
12	39	58	17	1.31259
13	3	13	0	0
14	7	54	12	0.659704
Instant	25
1	570	28	2	0
2	28	13	0	0
3	9	73	15	10.4914
4	266	13	0	0
11	24	18	0	0.406504
12	54	62	18	0.649351
13	3	13	0	0
14	7	55	9	0.593043
Instant	26
1	481	30	3	0.712589
2	31	13	0	0
3	19	64	24	7.12366
4	247	13	0	0
11	21	18	1	0
12	56	76	17	7.55955
13	3	13	0	0
14	6	53	10	0.746587
Instant	27
1	550	27	1	0.862069
2	25	13	0	0
3	7	71	19	6.48148
4	272	13	0	0
11	25	18	0	0
12	50	70	18	1.0209
13	3	13	0	0
14	8	56	10	0.582254
Instant	28
1	591	26	2	0.59761
2	25	13	0	0
3	9	72	19	6.99465
4	260	13	0	0
11	25	18	1	0
12	45	59	22	1.3315
13	3	13	0	0
14	7	54	10	0.741665
Instant	29
1	501	26	1	0.447427
2	14	13	0	0
3	13	79	17	7.34908
4	275	13	0	0
11	23	19	1	0
12	28	66	21	1.36121
13	3	13	0	0
14	8	54	10	0.676573
Instant	30
1	635	27	1	0
2	30	13	0	0
3	13	70	25	6.89103
4	288	14	0	0
11	26	18	1	0
12	42	66	18	1.3369
13	3	13	0	0
14	8	55	8	0.635224
Instant	31
1	606	26	1	0.284091
2	19	13	0	0
3	6	76	19	7.19844
4	276	13	0	0
11	27	18	0	0
12	34	67	24	1.38486
13	3	13	0	0
14	8	55	11	0.672118
Instant	32
1	562	28	1	0.314465
2	35	13	0	0
3	15	60	21	8.06011
4	258	13	0	0
11	24	18	1	0
12	41	68	16	1.19105
13	3	13	0	0
14	7	54	10	0.691057
Instant	33
1	558	25	0	0.608519
2	26	13	0	0
3	12	77	16	7.91826
4	270	13	0	0
11	25	18	0	0
12	36	69	20	1.53136
13	4	13	0	0
14	8	55	9	0.565514
Instant	34
1	592	27	2	0
2	31	13	0	0
3	10	71	19	5.21654
4	266	13	0	0
11	26	19	1	0
12	39	72	18	1.2285
13	3	13	0	0
14	7	53	9	0.660173
Instant	35
1	536	27	1	0.331858
2	35	13	0	0
3	10	69	11	10.7764
4	274	13	0	0
11	23	18	0	0
12	42	58	17	1.16675
13	4	13	0	0
14	8	56	10	0.554622
Instant	36
1	564	27	1	0.808081
2	35	13	0	0
3	11	75	13	5.69661
4	269	13	0	0
11	25	18	1	0
12	56	64	16	0.802139
13	3	13	0	0
14	8	54	9	0.611408
Instant	37
1	566	28	1	0.0517598
2	33	13	0	0
3	12	76	19	9.20206
4	257	13	0	0
11	24	18	1	0
12	39	60	17	1.02322
13	4	13	0	0
14	7	57	10	0.664736
Instant	38
1	575	28	1	0.298805
2	19	13	0	0
3	9	76	17	7.0122
4	248	13	0	0
11	25	17	0	0
12	39	65	22	1.28828
13	3	13	0	0
14	7	48	12	0.657844
Instant	39
1	553	31	2	0.422833
2	40	13	0	0
3	11	73	14	5.15564
4	255	14	0	0
11	24	18	1	0
12	37	70	19	1.36121
13	4	13	0	0
14	7	54	11	0.613335
Instant	40
1	608	28	1	0
2	25	13	0	0
3	8	81	15	5.35714
4	267	13	0	0
11	26	17	0	0
12	45	64	13	1.25084
13	3	13	0	0
14	8	52	9	0.701237
Instant	41
1	634	26	1	0
2	25	13	0	0
3	9	76	18	8.00781
4	259	13	0	0
11	27	17	0	0
12	43	56	19	1.11813
13	4	13	0	0
14	7	51	9	0.701436
Instant	42
1	469	29	2	0.847458
2	22	13	0	0
3	7	68	14	8.72703
4	251	13	0	0
11	21	18	0	0
12	53	67	15	0.97229
13	4	13	0	0
14	7	53	9	0.73086
Instant	43
1	591	29	2	0.444664
2	26	13	0	0
3	12	82	22	8.26772
4	251	13	0	0
11	25	17	0	0
12	40	66	14	1.16149
13	3	13	0	0
14	7	49	9	0.666996
Instant	44
1	605	28	1	0
2	27	13	0	0
3	20	69	17	6.45995
4	272	13	0	0
11	26	19	0	0
12	61	59	20	16.1886
13	3	13	0	0
14	8	53	9	0.606061
Instant	45
1	614	28	1	0
2	17	13	0	0
3	12	73	20	5.13834
4	266	13	0	0
11	26	18	1	0
12	31	78	15	2.28488
13	3	13	0	0
14	8	54	9	0.55872
Instant	46
1	547	27	1	0.366876
2	22	13	0	0
3	13	73	19	6.68643
4	274	13	0	0
11	24	19	1	0
12	36	67	22	1.98794
13	3	13	0	0
14	8	52	10	0.606525
Instant	47
1	599	27	1	0
2	27	13	0	0
3	10	66	19	5.75397
4	253	13	0	0
11	25	17	0	0.294118
12	46	62	17	2.21196
13	3	13	0	0
14	6	51	9	0.848485
Instant	48
1	611	26	1	0
2	45	13	0	0
3	9	70	23	6.0425
4	258	13	0	0
11	26	20	1	0.288462
12	43	68	19	1.19105
13	3	13	0	0
14	7	52	9	0.64326
Instant	49
1	606	26	1	0.290698
2	31	13	0	0
3	11	71	19	5.44747
4	247	13	0	0
11	26	17	0	0
12	52	62	17	0.629673
13	4	13	0	0
14	7	51	9	0.641324
Instant	50
1	641	25	0	0
2	26	13	0	0
3	11	71	13	14.2484
4	285	13	0	0
11	28	18	0	0
12	38	72	16	3.79193
13	3	13	0	0
14	9	50	8	0.551731
Instant	51
1	618	26	1	0
2	27	13	0	0
3	14	61	26	9.93197
4	281	13	0	0
11	27	18	0	0
12	39	81	20	2.21196
13	4	13	0	0
14	8	50	9	0.526712
Instant	52
1	610	28	1	0
2	22	13	0	0
3	10	74	25	6.13868
4	256	13	0	0
11	25	18	1	0
12	38	64	16	2.15794
13	4	13	0	0
14	7	52	9	0.662177
Instant	53
1	553	26	1	0.514403
2	17	13	0	0
3	9	69	22	7.57576
4	266	13	0	0
11	25	18	0	0
12	45	67	17	1.11813
13	4	13	0	0
14	8	53	10	0.645498
Instant	54
1	614	26	1	0.287908
2	27	13	0	0
3	12	74	18	9.14397
4	254	13	0	0
11	26	18	1	0
12	40	57	18	1.26398
13	3	13	0	0
14	7	51	10	0.672427
Instant	55
1	546	27	1	0.209644
2	30	13	0	0
3	8	82	13	3.42556
4	256	13	0	0
11	24	18	1	0
12	41	67	14	1.31785
13	4	13	0	0
14	7	54	10	0.585542
Instant	56
1	586	26	1	0.292969
2	19	13	0	0
3	11	77	12	8.36551
4	255	13	0	0
11	26	19	1	0
12	39	73	17	1.14244
13	4	13	0	0
14	7	53	9	0.576158
Instant	57
1	614	27	1	0.287356
2	14	13	0	0
3	5	79	12	3.57625
4	265	13	0	0
11	26	18	0	0
12	49	67	21	1.26398
13	3	13	0	0
14	8	53	9	0.586219
Instant	58
1	592	28	1	0
2	22	13	0	0
3	11	77	16	9.00127
4	248	13	0	0
11	26	17	0	0
12	48	66	20	1.04981
13	3	13	0	0
14	7	51	10	0.645749
Instant	59
1	606	27	1	0.287356
2	19	13	0	0
3	9	78	18	6.19143
4	247	13	0	0
11	26	19	1	0
12	45	60	16	1.14244
13	3	13	0	0
14	6	58	10	0.771139
Instant	60
1	612	28	1	0.0484496
2	19	13	0	0
3	12	70	27	13.0105
4	255	13	0	0
11	26	17	0	0
12	48	64	12	0.996597
13	4	13	0	0
14	7	51	10	0.693977
Instant	61
1	605	27	1	0
2	29	13	0	0
3	14	77	15	7.8776
4	278	13	0	0
11	26	19	1	0
12	30	66	20	0.983865
13	3	13	0	0
14	8	50	9	0.582884
Instant	62
1	554	27	1	0.941423
2	21	13	0	0
3	9	69	19	4.98688
4	251	13	0	0
11	24	19	1	0
12	45	69	20	1.55566
13	4	13	0	0
14	7	52	11	0.641756
Instant	63
1	514	29	2	0.976139
2	22	13	0	0
3	11	73	22	7.32422
4	249	14	0	0
11	23	18	0	0
12	46	65	17	1.06952
13	4	13	0	0
14	7	52	11	0.736317
Instant	64
1	575	26	1	0.596421
2	30	13	0	0
3	15	65	26	7.3082
4	278	13	0	0
11	25	18	1	0
12	43	71	17	1.27317
13	3	13	0	0
14	8	52	9	0.625346
Instant	65
1	608	28	1	0
2	24	13	0	0
3	10	73	20	5.50193
4	257	13	0	0
11	26	17	0	0
12	36	56	15	1.23967
13	4	13	0	0
14	7	57	12	0.649881
Instant	66
1	627	28	1	0
2	25	13	0	0
3	7	77	12	11.1789
4	250	13	0	0
11	27	17	0	0
12	39	53	18	1.40982
13	4	13	0	0
14	7	51	10	0.674597
Instant	67
1	606	27	1	0
2	20	13	0	0
3	7	78	16	7.36808
4	263	13	0	0
11	25	17	0	0.290698
12	40	63	19	1.04981
13	3	13	0	0
14	7	53	9	0.639947
Instant	68
1	592	27	1	0.294118
2	19	13	0	0
3	9	80	14	7.28346
4	246	13	0	0
11	26	18	1	0
12	53	63	18	0.878099
13	3	13	0	0
14	7	57	11	0.721285
Instant	69
1	599	29	1	0
2	17	13	0	0
3	14	73	15	7.83926
4	239	13	0	0
11	25	19	1	0
12	30	64	16	1.43413
13	3	13	0	0
14	6	56	9	0.632202
Instant	70
1	568	27	1	0.298805
2	17	13	0	0
3	14	71	25	7.29167
4	256	13	0	0
11	25	18	1	0
12	29	65	20	1.60822
13	4	13	0	0
14	7	51	10	0.659222
Instant	71
1	598	27	1	0.298211
2	26	13	0	0
3	13	78	12	6.85696
4	261	13	0	0
11	25	18	0	0
12	44	68	18	1.23967
13	4	13	0	0
14	7	53	10	0.615645
Instant	72
1	600	26	1	0
2	24	13	0	0
3	6	85	12	6.82692
4	254	13	0	0
11	26	18	1	0
12	48	69	19	18.4573
13	3	13	0	0
14	7	55	8	0.612468
Instant	73
1	603	29	1	0
2	36	13	0	0
3	7	77	15	6.98819
4	257	14	0	0
11	26	18	0	0
12	35	56	22	1.93509
13	3	13	0	0
14	8	59	11	0.605318
Instant	74
1	617	28	2	0
2	30	13	0	0
3	9	72	17	5.0813
4	254	13	0	0
11	27	17	0	0
12	57	63	19	1.65289
13	3	13	0	0
14	7	53	9	0.702788
Instant	75
1	641	27	1	0.0468165
2	24	13	0	0
3	11	73	20	7.29167
4	256	13	0	0
11	27	17	0	0
12	39	74	17	1.25219
13	3	13	0	0
14	7	54	8	0.626313
Instant	76
1	627	27	1	0
2	29	13	0	0
3	11	75	20	11.0458
4	256	13	0	0
11	27	17	0	0
12	31	66	14	1.65289
13	4	13	0	0
14	7	55	9	0.682568
Instant	77
1	634	26	1	0
2	26	13	0	0
3	15	76	19	8.62861
4	272	13	0	0
11	28	17	0	0
12	45	65	19	1.23967
13	3	13	0	0
14	8	50	9	0.672091
Instant	78
1	613	27	1	0.290698
2	21	13	0	0
3	11	84	14	6.38021
4	252	13	0	0
11	26	17	0	0
12	41	53	16	0.80062
13	3	13	0	0
14	7	55	11	0.681818
Instant	79
1	554	26	2	0.317797
2	24	13	0	0
3	11	70	15	4.53629
4	256	13	0	0
11	24	17	0	0
12	51	65	14	1.18383
13	3	13	0	0
14	7	57	11	0.630378
Instant	80
1	569	26	2	0.301811
2	40	13	0	0
3	11	61	25	6.7112
4	256	13	0	0
11	25	17	0	0
12	54	58	18	0.776359
13	4	13	0	0
14	7	51	9	0.656064
Instant	81
1	584	30	1	0.0502008
2	38	13	0	0
3	9	75	22	5.16194
4	247	13	0	0
11	25	18	1	0
12	39	66	14	1.15202
13	3	13	0	0
14	7	55	9	0.619483
Instant	82
1	565	27	1	0.308642
2	22	13	0	0
3	13	71	16	9.71129
4	266	13	0	0
11	25	18	0	0
12	31	62	18	1.32231
13	3	13	0	0
14	7	50	10	0.687941
Instant	83
1	568	29	1	0.305499
2	26	13	0	0
3	12	79	19	10.7143
4	261	13	0	0
11	24	18	0	0
12	43	64	13	1.25219
13	3	13	0	0
14	8	55	10	0.586038
Instant	84
1	598	27	2	0.28463
2	25	13	0	0
3	6	75	16	5.56653
4	252	13	0	0
11	27	18	0	0
12	43	64	17	1.2021
13	4	13	0	0
14	7	53	9	0.634691
Instant	85
1	605	27	1	0.294695
2	28	13	0	0
3	13	70	24	8.29973
4	246	13	0	0
11	25	19	1	0
12	35	70	21	1.05955
13	3	13	0	0
14	7	52	10	0.631853
Instant	86
1	548	27	1	0.313808
2	29	13	0	0
3	16	79	21	6.53595
4	230	13	0	0
11	24	18	1	0
12	43	64	21	1.21536
13	3	13	0	0
14	7	52	9	0.563007
Instant	87
1	564	27	1	0.30426
2	25	13	0	0
3	9	71	25	3.1168
4	266	13	0	0
11	25	18	0	0
12	39	70	18	1.19105
13	3	13	0	0
14	7	52	8	0.58215
Instant	88
1	580	29	2	0.307377
2	21	13	0	0
3	12	75	15	13.3721
4	270	13	0	0
11	25	18	0	0
12	31	60	17	1.7199
13	4	13	0	0
14	8	52	8	0.576159
Instant	89
1	583	27	2	0.292398
2	22	13	0	0
3	9	74	25	5.44218
4	250	13	0	0
11	26	17	0	0
12	40	68	16	1.09383
13	3	13	0	0
14	7	55	9	0.682392
Instant	90
1	593	27	1	0.294695
2	15	13	0	0
3	11	79	19	6.03448
4	265	13	0	0
11	25	17	0	0
12	42	64	17	1.13636
13	3	13	0	0
14	7	50	9	0.662348
Instant	91
1	524	30	2	0.666667
2	23	13	0	0
3	9	75	20	7.24777
4	268	13	0	0
11	23	18	0	0
12	38	64	13	1.16149
13	3	13	0	0
14	8	51	9	0.678774
Instant	92
1	583	29	1	0.199601
2	21	13	0	0
3	11	76	16	10.4167
4	266	13	0	0
11	25	18	0	0
12	51	58	19	1.07688
13	3	13	0	0
14	8	51	10	0.584774
Instant	93
1	601	25	1	0.287356
2	21	13	0	0
3	7	77	14	6.84755
4	272	13	0	0
11	26	20	1	0
12	24	51	14	0.801402
13	3	13	0	0
14	8	56	10	0.557996
Instant	94
1	611	27	1	0.287356
2	17	13	0	0
3	14	77	12	5.15092
4	259	13	0	0
11	26	17	0	0
12	43	64	17	1.83158
13	4	13	0	0
14	7	53	10	0.680347
Instant	95
1	502	26	1	0.735294
2	32	13	0	0
3	13	76	11	8.36667
4	288	13	0	0
11	22	19	1	0
12	37	62	15	1.16675
13	3	13	0	0
14	9	51	9	0.495381
Instant	96
1	615	27	1	0
2	28	13	0	0
3	12	72	18	7.90173
4	259	13	0	0
11	26	19	0	0
12	52	69	17	0.923675
13	3	13	0	0
14	7	50	9	0.664336
Instant	97
1	614	28	1	0
2	29	13	0	0
3	9	66	22	6.51751
4	261	13	0	0
11	26	18	0	0
12	36	60	15	1.06833
13	3	13	0	0
14	8	52	10	0.428782
Instant	98
1	572	28	2	0
2	26	13	0	0
3	13	78	11	6.85696
4	252	13	0	0
11	25	18	1	0
12	29	67	24	1.65289
13	3	13	0	0
14	7	53	9	0.722796
Instant	99
1	637	27	1	0.272727
2	25	13	0	0
3	7	58	26	7.6
4	248	13	0	0
11	27	18	0	0
12	44	68	16	1.40982
13	3	13	0	0
14	7	55	10	0.729969
Instant	100
1	747	27	1	0
2	25	13	0	0
3	11	71	27	8.00395
4	248	13	0	0
11	32	18	1	0
12	43	58	16	1.07215
13	3	13	0	0
14	6	53	9	0.703463
Instant	101
1	552	29	2	1.2024
2	20	13	0	0
3	13	70	21	7.20721
4	251	13	0	0
11	26	18	1	0
12	37	69	18	1.38551
13	4	13	0	0
14	7	58	9	0.607712
Instant	102
1	600	28	2	0
2	22	13	0	0
3	13	81	19	5.84677
4	249	13	0	0
11	25	18	0	0
12	36	67	18	1.36121
13	3	13	0	0
14	7	55	11	0.736317
Instant	103
1	627	26	1	0
2	19	13	0	0
3	13	77	20	6.45674
4	248	13	0	0
11	28	18	0	0
12	33	63	17	1.27317
13	4	13	0	0
14	7	55	9	0.736317
Instant	104
1	574	26	2	0.598802
2	22	13	0	0
3	8	67	24	5.41505
4	261	13	0	0
11	25	19	1	0
12	37	64	26	1.65289
13	3	13	0	0
14	8	52	9	0.62367
Instant	105
1	624	28	2	0
2	20	13	0	0
3	9	75	33	13.2928
4	254	13	0	0
11	26	17	0	0
12	53	65	12	0.923675
13	3	13	0	0
14	7	54	10	0.633723
Instant	106
1	615	28	1	0
2	26	13	0	0
3	8	81	23	5.59846
4	263	13	0	0
11	26	18	1	0
12	42	78	19	0.826446
13	4	13	0	0
14	7	47	9	0.66341
Instant	107
1	606	28	1	0
2	36	13	0	0
3	10	72	21	6.34921
4	237	13	0	0
11	26	18	1	0
12	46	60	18	1.45843
13	3	13	0	0
14	6	53	11	0.698369
Instant	108
1	557	28	2	0.317125
2	28	13	0	0
3	13	70	26	8.43254
4	241	13	0	0
11	24	19	1	0
12	38	68	17	1.21536
13	3	13	0	0
14	6	50	11	0.704921
Instant	109
1	455	29	1	1.42857
2	33	13	0	0
3	11	74	18	9.19312
4	264	13	0	0
11	21	18	0	0
12	42	53	16	1.00354
13	3	13	0	0
14	7	57	9	0.572283
Instant	110
1	523	26	1	0.71116
2	28	13	0	0
3	7	72	22	5.87855
4	278	13	0	0
11	23	18	1	0
12	50	59	20	1.31715
13	3	13	0	0
14	8	56	11	0.606754
Instant	111
1	501	25	2	1.10865
2	21	13	0	0
3	14	76	21	8.33333
4	264	13	0	0
11	23	18	0	0
12	47	68	20	0.753525
13	4	13	0	0
14	7	54	10	0.767226
Instant	112
1	558	27	1	0.308008
2	26	13	0	0
3	16	83	20	6.42857
4	246	13	0	0
11	25	18	0	0
12	53	63	18	1.09448
13	3	13	0	0
14	7	57	10	0.736043
Instant	113
1	581	27	1	0.248509
2	22	13	0	0
3	8	74	18	4.67949
4	250	13	0	0
11	25	17	0	0
12	40	57	14	0.996597
13	3	13	0	0
14	7	54	11	0.54607
Instant	114
1	607	26	1	0.338491
2	16	13	0	0
3	9	79	17	6.55468
4	262	13	0	0
11	26	19	1	0
12	42	65	18	1.09383
13	3	13	0	0
14	7	56	11	0.668664
Instant	115
1	528	26	1	0.659341
2	20	13	0	0
3	12	71	19	7.5641
4	275	13	0	0
11	23	17	0	0
12	51	62	14	1.07215
13	4	13	0	0
14	8	53	8	0.613636
Instant	116
1	607	28	1	0.28626
2	16	13	0	0
3	10	79	11	9.63333
4	241	13	0	0
11	26	18	0	0
12	39	60	18	1.19105
13	3	13	0	0
14	6	52	11	0.754934
Instant	117
1	613	27	1	0
2	27	13	0	0
3	15	78	19	8.72396
4	259	13	0	0
11	26	18	1	0
12	48	61	17	1.06952
13	4	13	0	0
14	7	50	9	0.640127
Instant	118
1	606	28	1	0
2	32	13	0	0
3	14	69	21	3.88669
4	275	14	0	0
11	26	18	1	0
12	44	59	16	1.07215
13	3	13	0	0
14	9	48	9	0.508534
Instant	119
1	585	28	1	0
2	40	13	0	0
3	13	81	20	6.96615
4	266	14	0	0
11	26	18	1	0
12	42	58	14	1.19105
13	3	13	0	0
14	8	54	10	0.635133
