	T	D	J	LP
Instant	0
1	0	0	0	0
2	0	0	0	0
3	0	0	0	0
4	0	0	0	0
11	0	0	0	0
12	0	0	0	0
13	0	0	0	0
14	0	0	0	0
Instant	1
1	347	29	3	0
2	14	13	0	0
3	24	53	11	1.67683
4	97	14	0	0
11	14	17	0	0
12	24	67	4	4.95652
13	1	13	0	0
14	3	55	7	0.200401
Instant	2
1	1193	32	3	0.12364
2	32	13	0	0
3	35	66	20	5.2589
4	462	14	0	0
11	52	18	0	0
12	31	66	24	1.08824
13	4	13	0	0
14	13	52	11	0.629179
Instant	3
1	1047	28	2	0.273224
2	33	13	0	0
3	34	61	20	4.9308
4	443	13	0	0
11	47	17	0	0
12	31	57	11	0.117647
13	4	13	0	0
14	12	49	11	0.548852
Instant	4
1	820	28	3	0.287356
2	29	13	0	0
3	28	63	20	7.10383
4	403	14	0	0
11	36	18	0	0
12	28	63	6	0
13	4	13	0	0
14	11	57	10	0.822076
Instant	5
1	717	28	2	0.241158
2	29	13	0	0
3	27	71	25	4.91667
4	365	13	0	0
11	32	17	1	0
12	21	53	11	0.176471
13	4	13	0	0
14	11	55	10	0.561249
Instant	6
1	777	30	3	0
2	18	13	0	0
3	21	72	20	6.03949
4	326	13	0	0
11	33	17	1	0
12	13	62	18	0.5
13	4	13	0	0
14	8	54	8	0.946233
Instant	7
1	637	30	2	0.663717
2	19	13	0	0
3	24	71	26	4.26421
4	336	13	0	0
11	29	18	1	0
12	18	50	9	0.459459
13	4	13	0	0
14	9	53	10	0.751847
Instant	8
1	742	28	1	0
2	23	13	0	0
3	28	63	15	8.96382
4	327	13	0	0
11	32	17	1	0
12	19	53	7	0.352941
13	4	13	0	0
14	9	54	9	0.70609
Instant	9
1	718	28	1	0.239234
2	22	13	0	0
3	25	71	15	5.82192
4	352	13	0	0
11	31	17	0	0
12	18	54	13	0.382353
13	4	13	0	0
14	10	54	9	0.613732
Instant	10
1	680	28	2	0.259965
2	29	13	0	0
3	23	79	14	6.58648
4	355	13	0	0
11	29	18	0	0
12	18	77	12	0.27027
13	4	13	0	0
14	10	49	11	0.605879
Instant	11
1	695	30	2	0.169205
2	27	13	0	0
3	21	79	14	7.28814
4	335	13	0	0
11	30	17	1	0
12	25	51	9	0.205882
13	4	13	0	0
14	10	52	11	0.590709
Instant	12
1	661	30	3	0.30648
2	27	13	0	0
3	30	75	20	6.85123
4	343	13	0	0
11	29	17	0	0
12	26	59	10	0.0294118
13	4	13	0	0
14	11	52	10	0.474126
Instant	13
1	666	25	2	0.265487
2	26	13	0	0
3	32	71	22	5.14368
4	328	13	0	0
11	28	18	0	0
12	21	61	13	0.238095
13	4	13	0	0
14	11	51	11	0.79896
Instant	14
1	514	28	3	0.923913
2	31	13	0	0
3	22	80	19	5.99662
4	292	13	0	0
11	23	18	0	0
12	24	64	7	0.117647
13	4	13	0	0
14	8	55	11	0.681324
Instant	15
1	526	28	3	1.12903
2	43	13	0	0
3	19	73	12	3.32188
4	295	14	0	0
11	23	17	0	0.429185
12	30	62	11	0.176471
13	4	13	0	0
14	9	55	8	0.558414
Instant	16
1	569	28	1	0.101626
2	32	13	0	0
3	21	68	24	9.95526
4	305	13	0	0
11	25	17	0	0
12	18	52	9	0.216216
13	4	13	0	0
14	9	49	9	0.495581
Instant	17
1	552	28	2	0.311203
2	29	13	0	0
3	30	71	17	4.95713
4	304	14	0	0
11	23	19	1	0.638298
12	23	56	18	0.264706
13	4	13	0	0
14	9	46	8	0.575694
Instant	18
1	573	28	1	0
2	40	13	0	0
3	30	75	15	9.33668
4	282	13	0	0
11	25	18	0	0
12	20	60	15	0.235294
13	4	13	0	0
14	8	52	9	0.677562
Instant	19
1	520	28	2	0.818777
2	33	13	0	0
3	23	66	23	6.50407
4	300	14	0	0
11	23	17	0	0
12	24	62	10	0.108108
13	4	13	0	0
14	9	49	7	0.475762
Instant	20
1	542	29	1	0.382932
2	27	13	0	0
3	33	67	20	3.60934
4	286	14	0	0
11	23	17	0	0.425532
12	14	47	11	0.441176
13	4	13	0	0
14	8	50	8	0.517218
Instant	21
1	541	28	1	0.321199
2	17	13	0	0
3	19	74	24	8.04297
4	278	13	0	0
11	23	20	2	0.321888
12	17	56	13	0.441176
13	4	13	0	0
14	8	51	9	0.638232
Instant	22
1	527	28	3	0.865801
2	21	13	0	0
3	31	79	18	8.30574
4	290	13	0	0
11	23	18	0	0.320513
12	27	57	11	0
13	4	13	0	0
14	9	51	10	0.520902
Instant	23
1	546	28	1	0.358607
2	11	13	0	0
3	32	67	23	5.3203
4	294	13	0	0
11	25	17	0	0
12	26	61	12	0.0588235
13	4	13	0	0
14	9	53	10	0.584509
Instant	24
1	513	28	2	0.722222
2	31	13	0	0
3	20	82	12	7.26712
4	298	13	0	0
11	23	18	1	0
12	26	64	11	0.0588235
13	4	13	0	0
14	10	50	9	0.553654
Instant	25
1	520	27	2	1.0158
2	32	13	0	0
3	22	74	15	7.46644
4	281	13	0	0
11	22	18	1	0
12	22	57	15	0.142857
13	4	13	0	0
14	8	55	10	0.569034
Instant	26
1	467	28	2	1.03912
2	24	13	0	0
3	24	74	17	5.16949
4	271	13	0	0
11	20	17	0	0.35545
12	24	51	14	0.147059
13	4	13	0	0
14	8	53	10	0.565531
Instant	27
1	546	29	2	0.463918
2	20	13	0	0
3	23	74	19	6.51214
4	271	13	0	0
11	24	17	0	0.316456
12	29	63	10	0
13	4	13	0	0
14	8	52	9	0.540789
Instant	28
1	521	27	2	0.27115
2	26	13	0	0
3	18	70	15	7.22412
4	306	13	0	0
11	23	18	0	0.327511
12	13	46	15	0.555556
13	4	13	0	0
14	9	54	10	0.5292
Instant	29
1	581	28	1	0.357143
2	26	13	0	0
3	28	69	17	7.32662
4	288	13	0	0
11	24	19	1	0
12	23	65	13	0.235294
13	4	13	0	0
14	9	52	8	0.652203
Instant	30
1	575	28	1	0.60241
2	23	13	0	0
3	24	70	19	6.08108
4	283	13	0	0
11	25	18	0	0
12	29	54	12	0
13	4	13	0	0
14	8	54	9	0.544913
Instant	31
1	518	28	1	0.0553097
2	30	13	0	0
3	20	71	19	4.09791
4	294	13	0	0
11	23	18	1	0.666667
12	16	51	13	0.243243
13	4	13	0	0
14	9	51	8	0.525231
Instant	32
1	473	28	2	1.03406
2	32	13	0	0
3	20	78	14	6.92182
4	292	13	0	0
11	20	17	0	0.47619
12	29	57	10	0.176471
13	4	13	0	0
14	9	51	10	0.501216
Instant	33
1	539	30	2	0.21692
2	36	13	0	0
3	24	75	23	9.31538
4	277	13	0	0
11	23	18	1	0
12	24	51	8	0.147059
13	4	13	0	0
14	8	51	8	0.632955
Instant	34
1	591	28	2	0.291829
2	33	13	0	0
3	21	72	23	6.6609
4	271	13	0	0
11	26	18	0	0
12	26	53	11	0.027027
13	4	13	0	0
14	8	54	8	0.560254
Instant	35
1	551	29	1	0
2	29	13	0	0
3	19	71	19	6.20805
4	282	13	0	0
11	24	18	1	0.319149
12	19	68	17	0.264706
13	4	13	0	0
14	8	51	8	0.629135
Instant	36
1	533	28	2	0.443459
2	32	13	0	0
3	20	68	18	5.24055
4	314	13	0	0
11	23	18	1	0
12	17	57	13	0.441176
13	4	13	0	0
14	10	52	10	0.48228
Instant	37
1	523	30	2	0
2	27	13	0	0
3	22	66	19	8.74724
4	286	13	0	0
11	22	18	1	0.331858
12	18	55	13	0.285714
13	4	13	0	0
14	9	54	9	0.558977
Instant	38
1	536	29	2	0.647948
2	19	13	0	0
3	28	68	17	5
4	266	13	0	0
11	23	17	0	0
12	23	71	16	0.323529
13	4	13	0	0
14	8	51	8	0.61967
Instant	39
1	501	29	3	0.337079
2	14	13	0	0
3	19	80	27	7.8125
4	272	13	0	0
11	22	19	1	0.345622
12	23	64	10	0.0294118
13	4	13	0	0
14	8	54	8	0.50721
Instant	40
1	592	28	1	0
2	14	13	0	0
3	28	81	19	5.92105
4	291	13	0	0
11	25	19	1	0
12	14	64	19	0.513514
13	4	13	0	0
14	9	50	8	0.501191
Instant	41
1	580	28	2	0.353535
2	23	13	0	0
3	21	76	18	7.69231
4	286	13	0	0
11	25	17	0	0
12	21	60	13	0.352941
13	4	13	0	0
14	9	48	9	0.531808
Instant	42
1	533	28	1	0.678497
2	32	13	0	0
3	30	73	19	5.16552
4	285	13	0	0
11	24	18	0	0.320513
12	22	67	16	0.294118
13	4	13	0	0
14	8	55	9	0.5876
Instant	43
1	484	28	3	0.817757
2	34	13	0	0
3	31	67	16	7.31771
4	290	13	0	0
11	21	18	0	0
12	20	48	12	0.27027
13	4	13	0	0
14	9	53	8	0.545786
Instant	44
1	560	29	2	0.315789
2	43	13	0	0
3	26	77	19	5.08801
4	260	13	0	0
11	24	18	0	0
12	18	64	12	0.352941
13	4	13	0	0
14	7	50	9	0.569103
Instant	45
1	513	28	2	0.666667
2	33	13	0	0
3	19	71	17	7.96857
4	264	14	0	0
11	23	19	1	0
12	25	48	10	0.205882
13	4	13	0	0
14	8	51	8	0.6023
Instant	46
1	586	28	1	0.301205
2	26	13	0	0
3	20	72	26	3.61206
4	291	13	0	0
11	25	17	0	0
12	23	62	10	0.135135
13	4	13	0	0
14	9	54	9	0.592597
Instant	47
1	507	29	2	0.388027
2	14	13	0	0
3	14	74	20	5.99769
4	284	13	0	0
11	23	17	0	0
12	21	57	16	0.264706
13	4	13	0	0
14	8	51	8	0.504298
Instant	48
1	606	28	1	0
2	17	13	0	0
3	28	82	17	8.55856
4	284	13	0	0
11	26	17	0	0
12	19	61	15	0.411765
13	4	13	0	0
14	9	51	9	0.541528
Instant	49
1	563	29	2	0.308008
2	22	13	0	0
3	28	67	25	8.62159
4	266	13	0	0
11	24	17	0	0
12	23	59	13	0.119048
13	5	13	0	0
14	8	51	10	0.597803
Instant	50
1	557	30	3	0.3125
2	28	13	0	0
3	17	67	19	6.64924
4	272	14	0	0
11	24	17	0	0
12	22	63	15	0.294118
13	4	13	0	0
14	8	54	9	0.501725
Instant	51
1	598	28	2	0
2	25	13	0	0
3	18	75	17	7.17905
4	275	13	0	0
11	25	18	1	0
12	20	52	20	0.264706
13	4	13	0	0
14	8	52	9	0.501363
Instant	52
1	572	28	1	0
2	32	13	0	0
3	31	75	20	5.40984
4	270	13	0	0
11	25	17	0	0
12	13	79	12	0.611111
13	4	13	0	0
14	8	50	9	0.573046
Instant	53
1	565	28	1	0.606061
2	29	13	0	0
3	25	75	20	6.86441
4	277	13	0	0
11	25	18	1	0
12	20	55	14	0.0294118
13	4	13	0	0
14	8	54	10	0.554787
Instant	54
1	577	27	1	0.301811
2	40	13	0	0
3	21	78	17	5.17719
4	262	13	0	0
11	25	19	1	0
12	26	60	14	0.352941
13	4	13	0	0
14	8	53	11	0.674145
Instant	55
1	602	29	1	0
2	22	13	0	0
3	22	62	21	6.7286
4	266	13	0	0
11	25	18	1	0
12	23	58	10	0.189189
13	4	13	0	0
14	8	52	8	0.597516
Instant	56
1	591	27	1	0.294695
2	21	13	0	0
3	30	76	20	8.83167
4	283	13	0	0
11	26	18	0	0
12	27	50	11	0.117647
13	4	13	0	0
14	8	54	12	0.642809
Instant	57
1	562	28	1	0.305499
2	27	13	0	0
3	17	61	21	6.44707
4	280	14	0	0
11	25	17	0	0
12	25	68	8	0.0294118
13	4	13	0	0
14	8	49	9	0.589226
Instant	58
1	618	29	2	0
2	23	13	0	0
3	26	66	19	5.08658
4	280	13	0	0
11	26	16	0	0
12	19	54	19	0.324324
13	4	13	0	0
14	8	52	8	0.554828
Instant	59
1	575	28	2	0
2	40	13	0	0
3	22	76	17	7.10383
4	275	13	0	0
11	25	18	0	0
12	24	58	12	0.176471
13	4	13	0	0
14	8	48	9	0.676241
Instant	60
1	512	30	2	0.669643
2	14	13	0	0
3	26	74	28	6.90716
4	283	13	0	0
11	23	18	1	0
12	17	56	11	0.264706
13	4	13	0	0
14	9	47	10	0.443707
Instant	61
1	519	30	2	0.668151
2	25	13	0	0
3	28	68	21	5.51724
4	274	13	0	0
11	22	18	1	0
12	24	59	11	0.238095
13	4	13	0	0
14	8	53	9	0.552023
Instant	62
1	585	29	1	0
2	23	13	0	0
3	27	72	17	5.35897
4	281	13	0	0
11	25	19	1	0
12	22	56	8	0.205882
13	4	13	0	0
14	9	52	8	0.510553
Instant	63
1	592	28	2	0.297619
2	24	13	0	0
3	25	76	23	6.73077
4	286	13	0	0
11	25	18	1	0
12	10	65	18	0.617647
13	4	13	0	0
14	9	55	11	0.53367
Instant	64
1	562	29	1	0
2	24	13	0	0
3	18	67	25	4.18108
4	282	13	0	0
11	24	18	0	0.3125
12	23	50	7	0.405405
13	4	13	0	0
14	9	51	9	0.580487
Instant	65
1	547	31	2	0.421941
2	19	13	0	0
3	23	66	16	9.12309
4	290	13	0	0
11	24	17	0	0
12	19	66	12	0.264706
13	4	13	0	0
14	9	53	9	0.448214
Instant	66
1	463	30	2	1.26202
2	22	13	0	0
3	21	70	21	8.30509
4	293	13	0	0
11	21	17	0	0
12	21	52	11	0.294118
13	4	13	0	0
14	9	54	10	0.573921
Instant	67
1	528	29	2	0.281532
2	39	13	0	0
3	21	78	20	6.65567
4	279	13	0	0
11	22	19	1	0
12	24	57	7	0.216216
13	4	13	0	0
14	8	48	9	0.558334
Instant	68
1	553	28	2	0.104603
2	37	13	0	0
3	16	77	16	4.64245
4	264	13	0	0
11	24	20	1	0.317797
12	27	49	9	0
13	4	13	0	0
14	8	57	10	0.640052
Instant	69
1	600	28	1	0
2	28	13	0	0
3	16	80	12	9.8434
4	275	13	0	0
11	26	18	0	0
12	23	69	13	0.235294
13	4	13	0	0
14	8	54	11	0.520179
Instant	70
1	537	30	2	0.331126
2	23	13	0	0
3	21	72	16	5.66893
4	280	13	0	0
11	22	18	0	0.434783
12	17	60	11	0.351351
13	4	13	0	0
14	8	50	10	0.603318
Instant	71
1	555	27	2	0.299401
2	22	13	0	0
3	21	66	14	7.70762
4	270	13	0	0
11	25	18	0	0
12	21	62	16	0.235294
13	4	13	0	0
14	8	51	10	0.533087
Instant	72
1	578	29	2	0.31185
2	27	13	0	0
3	26	74	21	6.75526
4	285	13	0	0
11	24	18	1	0
12	16	61	19	0.454545
13	4	13	0	0
14	8	50	10	0.66568
Instant	73
1	599	28	1	0
2	34	13	0	0
3	23	76	21	6.64488
4	282	13	0	0
11	26	18	1	0
12	20	63	12	0.170732
13	4	13	0	0
14	8	52	9	0.564357
Instant	74
1	569	28	1	0.298805
2	28	13	0	0
3	26	70	17	6.41466
4	286	14	0	0
11	25	18	0	0
12	16	46	11	0.352941
13	4	13	0	0
14	8	51	9	0.587051
Instant	75
1	601	29	2	0.294118
2	22	13	0	0
3	21	72	16	7.58333
4	280	13	0	0
11	26	17	0	0
12	28	60	8	0.181818
13	4	13	0	0
14	8	54	9	0.556973
Instant	76
1	577	28	2	0.770713
2	34	13	0	0
3	24	66	30	4.51977
4	286	14	0	0
11	26	18	0	0.294118
12	25	56	12	0.0833333
13	4	13	0	0
14	9	50	9	0.633081
Instant	77
1	598	31	2	0.906489
2	27	13	0	0
3	29	79	10	6.87229
4	270	13	0	0
11	26	17	0	0
12	21	57	15	0.4375
13	4	13	0	0
14	8	54	11	0.574367
Instant	78
1	602	27	2	0.671785
2	20	13	0	0
3	30	58	18	6.70595
4	292	13	0	0
11	26	17	0	0
12	21	48	12	0.25
13	4	13	0	0
14	9	53	10	0.502133
Instant	79
1	568	28	2	0.309917
2	22	13	0	0
3	26	66	19	6.09081
4	293	13	0	0
11	24	19	1	0
12	26	55	6	0.027027
13	4	13	0	0
14	9	48	8	0.491223
Instant	80
1	549	28	1	0.3125
2	27	13	0	0
3	20	70	18	5.45699
4	293	13	0	0
11	24	19	1	0
12	16	64	11	0.363636
13	4	13	0	0
14	9	49	9	0.558357
Instant	81
1	614	27	1	0
2	26	13	0	0
3	25	73	19	8.30389
4	266	13	0	0
11	26	19	1	0
12	26	59	10	0.121212
13	4	13	0	0
14	8	52	10	0.599598
Instant	82
1	501	30	2	0.702576
2	29	13	0	0
3	21	82	15	6.95876
4	278	13	0	0
11	21	17	0	0
12	23	42	5	0.114286
13	4	13	0	0
14	8	53	10	0.565166
Instant	83
1	540	30	2	0.677083
2	33	13	0	0
3	27	67	29	6.54762
4	272	13	0	0
11	24	17	0	0
12	20	66	12	0.272727
13	4	13	0	0
14	8	52	9	0.557562
Instant	84
1	552	29	1	0.37234
2	18	13	0	0
3	18	75	19	5.78176
4	276	13	0	0
11	24	18	0	0
12	20	62	12	0.30303
13	4	13	0	0
14	8	50	9	0.600637
Instant	85
1	472	32	3	0.352941
2	34	13	0	0
3	23	68	20	7.61986
4	264	14	0	0
11	21	18	0	0
12	27	61	9	0.025641
13	4	13	0	0
14	8	52	10	0.510093
Instant	86
1	586	28	1	0.311203
2	23	13	0	0
3	29	76	14	6.41026
4	285	13	0	0
11	24	17	0	0.301205
12	26	49	9	0.117647
13	4	13	0	0
14	9	52	9	0.574518
Instant	87
1	606	28	2	0.0478011
2	15	13	0	0
3	16	76	15	4.28082
4	275	13	0	0
11	26	17	0	0.290698
12	24	68	16	0.117647
13	4	13	0	0
14	8	52	9	0.605944
Instant	88
1	611	27	2	0.0474383
2	26	13	0	0
3	28	74	21	6.44189
4	274	13	0	0
11	26	18	1	0
12	21	50	13	0.405405
13	4	13	0	0
14	8	50	8	0.59387
Instant	89
1	607	28	1	0
2	23	13	0	0
3	27	64	24	7.69676
4	286	13	0	0
11	26	18	0	0
12	17	51	16	0.294118
13	4	13	0	0
14	9	50	9	0.507096
Instant	90
1	565	29	2	0.315789
2	23	13	0	0
3	22	65	24	4.75427
4	277	13	0	0
11	24	17	0	0
12	26	61	11	0.15625
13	4	13	0	0
14	8	55	9	0.622356
Instant	91
1	560	29	3	0.306748
2	27	13	0	0
3	24	78	13	8.06189
4	273	13	0	0
11	25	17	0	0
12	20	66	15	0.189189
13	4	13	0	0
14	9	53	9	0.523533
Instant	92
1	522	28	1	0.647948
2	31	13	0	0
3	25	74	16	7.67622
4	271	13	0	0
11	23	18	0	0
12	24	53	9	0.272727
13	4	13	0	0
14	8	52	9	0.524339
Instant	93
1	593	28	2	0
2	23	13	0	0
3	25	74	18	5.84164
4	316	14	0	0
11	25	18	0	0
12	21	61	18	0.151515
13	4	13	0	0
14	10	49	9	0.420424
Instant	94
1	578	29	1	0.304878
2	21	13	0	0
3	22	75	12	4.11036
4	295	13	0	0
11	25	18	0	0
12	26	57	9	0.0810811
13	4	13	0	0
14	9	52	8	0.554363
Instant	95
1	502	29	2	1.02273
2	37	13	0	0
3	26	74	17	4.5977
4	268	13	0	0
11	22	17	0	0
12	26	60	10	0.0882353
13	4	13	0	0
14	7	50	11	0.597148
Instant	96
1	527	27	2	0.321199
2	21	13	0	0
3	25	75	19	12.1064
4	277	13	0	0
11	23	18	1	0
12	26	58	8	0.0294118
13	4	13	0	0
14	8	53	9	0.646372
Instant	97
1	589	30	2	0
2	30	13	0	0
3	28	79	18	4.98339
4	274	13	0	0
11	25	18	0	0
12	14	56	22	0.414634
13	4	13	0	0
14	9	52	8	0.47939
Instant	98
1	527	27	3	0.995575
2	26	13	0	0
3	19	71	17	7.9698
4	273	13	0	0
11	23	18	1	0
12	18	49	12	0.352941
13	4	13	0	0
14	8	53	9	0.46931
Instant	99
1	551	28	1	0
2	24	13	0	0
3	21	74	13	6.81325
4	274	13	0	0
11	24	18	0	0
12	26	50	13	0.323529
13	4	13	0	0
14	8	53	9	0.600936
Instant	100
1	518	30	2	0.569476
2	21	13	0	0
3	18	75	22	6.13426
4	283	13	0	0
11	22	17	0	0
12	24	61	13	0
13	4	13	0	0
14	9	47	9	0.518609
Instant	101
1	493	26	2	1.36761
2	28	13	0	0
3	21	71	20	8.9306
4	256	13	0	0
11	23	17	0	0
12	23	61	12	0.294118
13	4	13	0	0
14	7	53	10	0.707899
Instant	102
1	514	28	2	0.613839
2	30	13	0	0
3	30	63	16	4.85893
4	275	13	0	0
11	23	17	0	0
12	18	68	11	0.411765
13	4	13	0	0
14	9	51	10	0.51953
Instant	103
1	589	30	3	0.0502008
2	20	13	0	0
3	21	69	19	6.98653
4	264	13	0	0
11	25	18	0	0
12	9	69	11	0.567568
13	4	13	0	0
14	8	52	11	0.552285
Instant	104
1	550	30	2	0.470711
2	27	13	0	0
3	23	74	20	5.57377
4	276	13	0	0
11	24	18	1	0
12	16	51	16	0.617647
13	4	13	0	0
14	8	51	10	0.63915
Instant	105
1	564	31	1	0
2	24	13	0	0
3	26	78	15	7.55876
4	290	13	0	0
11	24	18	0	0
12	21	48	10	0.235294
13	4	13	0	0
14	9	51	9	0.464499
Instant	106
1	574	28	1	0.30303
2	34	13	0	0
3	23	73	17	5.78859
4	286	14	0	0
11	25	18	0	0
12	24	59	10	0.135135
13	4	13	0	0
14	9	54	8	0.504864
Instant	107
1	555	30	2	0.313152
2	28	13	0	0
3	11	74	22	7.18492
4	290	13	0	0
11	24	17	0	0
12	21	59	15	0.323529
13	4	13	0	0
14	9	50	10	0.536224
Instant	108
1	616	28	2	0
2	19	13	0	0
3	35	71	16	6.36792
4	271	13	0	0
11	26	18	0	0
12	13	51	24	0.5
13	4	13	0	0
14	8	51	9	0.608893
Instant	109
1	535	28	2	0.378788
2	25	13	0	0
3	26	74	15	7.5
4	272	13	0	0
11	23	18	0	0
12	26	61	13	0.0238095
13	4	13	0	0
14	9	52	10	0.50092
Instant	110
1	537	31	1	0.959488
2	29	13	0	0
3	23	64	19	4.69645
4	263	13	0	0
11	23	17	0	0
12	32	54	8	0.09375
13	4	13	0	0
14	8	53	9	0.578578
Instant	111
1	529	30	2	0.656455
2	31	13	0	0
3	18	67	29	5.73818
4	276	13	0	0
11	23	17	0	0
12	11	56	6	0.235294
13	4	13	0	0
14	8	50	9	0.521924
Instant	112
1	488	30	3	0.913242
2	27	13	0	0
3	29	69	17	4.22222
4	293	13	0	0
11	22	17	0	0
12	24	66	12	0.378378
13	4	13	0	0
14	9	50	10	0.511241
Instant	113
1	571	30	2	0.15528
2	22	13	0	0
3	21	71	16	8.94649
4	275	13	0	0
11	24	18	0	0
12	24	56	10	0.0882353
13	4	13	0	0
14	8	54	9	0.494601
Instant	114
1	522	27	2	0.694444
2	31	13	0	0
3	16	72	17	7.04114
4	254	13	0	0
11	24	18	1	0
12	20	58	15	0.147059
13	5	13	0	0
14	7	51	9	0.556856
Instant	115
1	602	29	1	0
2	49	13	0	0
3	25	73	23	9.84848
4	277	13	0	0
11	26	17	0	0
12	15	51	12	0.432432
13	4	13	0	0
14	8	53	9	0.627259
Instant	116
1	572	29	1	0.304878
2	36	13	0	0
3	19	79	17	5.55556
4	274	14	0	0
11	25	18	0	0
12	18	56	10	0.676471
13	4	13	0	0
14	8	51	11	0.55377
Instant	117
1	576	31	4	0
2	28	13	0	0
3	21	76	20	5.8277
4	279	13	0	0
11	25	18	1	0
12	21	56	11	0.235294
13	4	13	0	0
14	9	54	7	0.503908
Instant	118
1	585	28	1	0.441176
2	26	13	0	0
3	22	72	24	9.30699
4	265	13	0	0
11	25	17	0	0
12	22	52	11	0.216216
13	4	13	0	0
14	8	54	8	0.521698
Instant	119
1	509	29	2	0.390625
2	32	13	0	0
3	25	75	21	4.84048
4	281	14	0	0
11	23	17	0	0
12	27	46	6	0.117647
13	4	13	0	0
14	9	54	9	0.551068
