	T	D	J	LP
Instant	0
1	0	0	0	0
2	0	0	0	0
3	0	0	0	0
4	0	0	0	0
11	0	0	0	0
12	0	0	0	0
13	0	0	0	0
14	0	0	0	0
Instant	1
1	347	29	3	0
2	7	13	0	0
3	15	48	11	2.17662
4	69	13	0	0
11	14	17	0	0
12	29	66	4	5.20666
13	1	13	0	0
14	1	53	10	0.342346
Instant	2
1	1202	31	2	0.121951
2	27	13	0	0
3	19	61	20	6.84634
4	474	13	0	0
11	53	18	0	0
12	20	69	37	1.81554
13	4	13	0	0
14	12	52	10	0.677671
Instant	3
1	1272	31	3	0.183993
2	23	13	0	0
3	23	56	21	3.19684
4	415	14	0	0
11	56	17	0	0
12	25	53	7	0.580973
13	3	13	0	0
14	11	56	12	0.669134
Instant	4
1	1173	28	2	0.3122
2	26	13	0	0
3	19	73	16	6.43219
4	387	13	0	0
11	53	18	0	0
12	21	51	13	0.333667
13	4	13	0	0
14	10	54	12	0.898346
Instant	5
1	1410	29	2	0.14881
2	25	13	0	0
3	6	82	17	7.84314
4	353	13	0	0
11	60	17	0	0
12	10	43	10	0.653595
13	3	13	0	0
14	10	54	9	0.684819
Instant	6
1	1188	30	2	0.146628
2	15	13	0	0
3	8	82	15	7.10491
4	344	13	0	0
11	53	18	0	0
12	22	68	9	0.762527
13	3	13	0	0
14	9	50	11	0.835994
Instant	7
1	1124	26	2	0
2	24	13	0	0
3	4	76	16	7.71964
4	334	13	0	0
11	49	17	0	0
12	22	49	13	0.3003
13	4	13	0	0
14	10	50	9	0.773329
Instant	8
1	1074	28	2	0
2	27	13	0	0
3	11	77	23	5.80709
4	314	14	0	0
11	47	18	0	0.492341
12	16	47	8	0.653595
13	4	13	0	0
14	9	52	9	0.705911
Instant	9
1	769	28	2	0.22831
2	13	13	0	0
3	11	74	22	7.7621
4	283	13	0	0
11	33	18	0	0
12	26	52	7	0.181554
13	3	13	0	0
14	8	54	8	0.738933
Instant	10
1	780	29	2	0
2	26	14	0	0
3	16	70	20	8.07087
4	306	13	0	0
11	34	17	0	0
12	22	61	14	0.3003
13	3	13	0	0
14	9	52	11	0.53402
Instant	11
1	739	29	2	0.0814332
2	15	13	0	0
3	7	79	8	4.2153
4	309	13	0	0
11	31	18	0	0
12	11	53	7	0.726216
13	3	13	0	0
14	9	52	9	0.751379
Instant	12
1	739	29	3	0
2	31	13	0	0
3	9	77	21	12.0701
4	328	14	0	0
11	33	19	0	0
12	22	61	11	0.326797
13	4	13	0	0
14	10	53	10	0.493498
Instant	13
1	662	28	3	0.817556
2	27	13	0	0
3	12	81	9	7.00531
4	297	13	0	0
11	29	19	0	0
12	24	51	10	0.352734
13	3	13	0	0
14	8	58	9	0.640984
Instant	14
1	745	28	3	0.195618
2	28	13	0	0
3	7	72	20	7.17593
4	286	13	0	0
11	32	18	0	0
12	30	46	5	0
13	3	13	0	0
14	8	53	9	0.749748
Instant	15
1	593	32	3	0.843254
2	23	13	0	0
3	20	77	19	7.48698
4	301	13	0	0
11	26	18	0	0
12	25	59	9	0.508352
13	4	13	0	0
14	9	53	10	0.553737
Instant	16
1	668	27	2	0.255102
2	26	13	0	0
3	14	77	17	6.2164
4	280	13	0	0
11	30	17	0	0
12	12	58	15	0.4004
13	3	13	0	0
14	8	53	8	0.698247
Instant	17
1	628	28	1	0.284091
2	31	13	0	0
3	8	71	20	6.76471
4	275	13	0	0
11	27	18	0	0
12	25	53	15	0.472041
13	3	13	0	0
14	7	53	9	0.594946
Instant	18
1	554	29	2	0.355691
2	17	13	0	0
3	9	68	15	4.57839
4	277	13	0	0
11	25	19	1	0
12	27	56	7	0
13	4	13	0	0
14	8	52	9	0.619521
Instant	19
1	586	27	2	0
2	23	13	0	0
3	12	75	22	6.69935
4	292	13	0	0
11	25	19	1	0
12	16	42	15	0.700701
13	3	13	0	0
14	9	56	8	0.597826
Instant	20
1	540	31	3	0.531915
2	30	13	0	0
3	8	75	21	7.29167
4	291	14	0	0
11	24	17	0	0
12	11	62	8	0.798838
13	4	13	0	0
14	9	53	8	0.552915
Instant	21
1	608	28	1	0
2	15	13	0	0
3	11	76	22	10.6906
4	275	13	0	0
11	26	18	1	0
12	18	55	18	0.508352
13	3	13	0	0
14	8	50	9	0.606525
Instant	22
1	511	28	2	0.662252
2	17	13	0	0
3	12	71	26	9.04669
4	262	13	0	0
11	23	18	1	0
12	22	63	10	0.3003
13	3	13	0	0
14	8	51	9	0.648047
Instant	23
1	597	27	2	0.287908
2	18	13	0	0
3	5	78	29	4.94688
4	271	13	0	0
11	26	17	0	0
12	23	65	14	0.254176
13	4	13	0	0
14	8	52	8	0.615493
Instant	24
1	529	28	1	0.700431
2	28	13	0	0
3	11	69	21	11.7667
4	261	14	0	0
11	23	19	1	0
12	8	46	11	1.0167
13	3	13	0	0
14	7	51	10	0.639663
Instant	25
1	568	31	2	0.104167
2	24	13	0	0
3	14	73	13	4.7619
4	282	13	0	0
11	24	18	1	0
12	24	53	10	0.235156
13	3	13	0	0
14	8	53	8	0.539581
Instant	26
1	592	30	2	0
2	27	13	0	0
3	7	80	12	2.69328
4	258	13	0	0
11	26	17	0	0
12	19	56	10	0.363108
13	4	13	0	0
14	7	52	11	0.664963
Instant	27
1	594	29	2	0
2	25	13	0	0
3	4	73	25	7.44401
4	245	13	0	0
11	25	19	1	0
12	17	57	8	0.580973
13	3	13	0	0
14	7	50	8	0.694499
Instant	28
1	554	30	2	0.309917
2	30	13	0	0
3	11	64	23	11.8858
4	263	13	0	0
11	24	17	0	0
12	18	62	7	0.685871
13	3	13	0	0
14	7	52	9	0.710571
Instant	29
1	506	28	3	0.806452
2	23	13	0	0
3	17	76	12	9.33852
4	281	13	0	0
11	22	19	1	0
12	33	52	6	0.0363108
13	3	13	0	0
14	8	50	8	0.594668
Instant	30
1	600	29	2	0.0494071
2	35	13	0	0
3	6	78	15	4.41176
4	276	13	0	0
11	25	17	0	0
12	22	60	12	0.254176
13	3	13	0	0
14	8	52	9	0.535168
Instant	31
1	522	29	3	0.535332
2	28	13	0	0
3	14	68	20	8.72703
4	269	13	0	0
11	23	17	0	0
12	26	63	6	0.266934
13	4	13	0	0
14	8	57	9	0.710451
Instant	32
1	541	30	3	0.421941
2	11	13	0	0
3	15	70	22	10.1215
4	267	13	0	0
11	24	18	0	0
12	29	50	6	0.0726216
13	3	13	0	0
14	7	54	9	0.561879
Instant	33
1	581	27	1	0.306122
2	26	13	0	0
3	11	74	23	5.25641
4	290	14	0	0
11	24	18	0	0
12	20	66	8	0.472041
13	3	13	0	0
14	9	55	9	0.630488
Instant	34
1	544	28	2	0.368421
2	32	13	0	0
3	9	72	21	6.3151
4	264	14	0	0
11	24	18	0	0
12	23	49	11	0.3003
13	4	13	0	0
14	7	50	8	0.636364
Instant	35
1	557	29	2	0.564682
2	32	13	0	0
3	8	70	28	8.36667
4	262	13	0	0
11	25	18	0	0
12	10	81	15	0.726216
13	3	13	0	0
14	7	53	8	0.644368
Instant	36
1	574	30	2	0
2	33	13	0	0
3	9	75	15	8.62745
4	280	13	0	0
11	24	19	1	0
12	19	46	9	0.653595
13	3	13	0	0
14	9	54	10	0.536972
Instant	37
1	540	29	2	0.370763
2	26	13	0	0
3	3	84	11	5.75163
4	272	13	0	0
11	24	18	0	0
12	16	63	10	0.440917
13	4	13	0	0
14	8	56	9	0.619835
Instant	38
1	573	28	1	0.256148
2	32	13	0	0
3	7	68	19	7.48031
4	248	13	0	0
11	25	17	0	0
12	26	59	14	0.254176
13	3	13	0	0
14	7	54	9	0.63142
Instant	39
1	578	29	1	0
2	27	13	0	0
3	8	65	22	4.28016
4	272	13	0	0
11	25	18	1	0
12	15	66	11	0.798838
13	4	13	0	0
14	8	49	9	0.653629
Instant	40
1	532	30	3	0.545852
2	30	13	0	0
3	12	85	16	12.0482
4	277	13	0	0
11	23	19	1	0
12	22	50	7	0.367034
13	3	13	0	0
14	8	52	10	0.638718
Instant	41
1	612	28	2	0.139147
2	17	13	0	0
3	6	84	19	4.85026
4	267	13	0	0
11	27	18	0	0
12	20	59	13	0.399419
13	4	13	0	0
14	8	51	9	0.646784
Instant	42
1	621	27	2	0.775547
2	22	13	0	0
3	9	80	18	7.42894
4	249	13	0	0
11	28	18	0	0
12	27	61	14	0.181554
13	3	13	0	0
14	7	55	8	0.65372
Instant	43
1	693	30	2	0
2	30	13	0	0
3	8	83	14	9.97323
4	273	13	0	0
11	30	18	0	0
12	25	62	8	0.2002
13	4	13	0	0
14	8	53	9	0.599845
Instant	44
1	656	29	2	0.78534
2	18	13	0	0
3	10	67	24	5.82061
4	279	13	0	0
11	29	17	0	0
12	4	37	21	0.90777
13	4	13	0	0
14	8	53	11	0.649351
Instant	45
1	686	27	3	0.789037
2	40	13	0	0
3	14	68	21	8.43373
4	270	14	0	0
11	30	18	1	0
12	12	69	11	0.980392
13	3	13	0	0
14	8	52	8	0.632396
Instant	46
1	664	30	2	0.840708
2	23	13	0	0
3	10	79	15	7.00904
4	279	13	0	0
11	28	19	1	0
12	22	56	12	0.367034
13	3	13	0	0
14	8	50	9	0.488482
Instant	47
1	720	27	2	0
2	32	13	0	0
3	15	79	17	8.36653
4	273	13	0	0
11	31	18	1	0
12	30	67	8	0.108932
13	3	13	0	0
14	8	58	10	0.536934
Instant	48
1	681	29	3	0.296108
2	22	13	0	0
3	5	78	30	6.4741
4	266	13	0	0
11	30	19	1	0
12	15	53	13	0.508352
13	3	13	0	0
14	8	53	9	0.639824
Instant	49
1	602	29	2	0.0483559
2	35	13	0	0
3	10	80	14	8.76494
4	268	13	0	0
11	26	18	1	0
12	22	61	16	0.352734
13	3	13	0	0
14	8	51	8	0.540107
Instant	50
1	559	30	2	0
2	17	13	0	0
3	12	67	22	7.10491
4	261	13	0	0
11	24	18	0	0
12	19	58	11	0.508352
13	4	13	0	0
14	8	55	9	0.630903
Instant	51
1	525	28	1	1.16525
2	28	13	0	0
3	15	74	25	7.81654
4	271	13	0	0
11	24	18	1	0
12	16	43	5	0.399419
13	3	13	0	0
14	8	51	9	0.697254
Instant	52
1	596	29	1	0
2	19	13	0	0
3	9	79	12	7.68983
4	258	13	0	0
11	25	18	0	0
12	26	58	6	0.411523
13	3	13	0	0
14	7	48	9	0.725574
Instant	53
1	528	29	2	0.37797
2	36	13	0	0
3	11	80	24	7.48031
4	261	13	0	0
11	23	18	0	0
12	21	49	12	0.217865
13	4	13	0	0
14	8	52	10	0.644615
Instant	54
1	528	31	2	0.657895
2	21	13	0	0
3	6	86	11	6.37255
4	259	13	0	0
11	23	18	0	0
12	16	50	10	0.835149
13	3	13	0	0
14	7	55	9	0.693062
Instant	55
1	534	29	2	0.694444
2	29	13	0	0
3	7	81	15	6.19143
4	284	13	0	0
11	24	18	1	0
12	22	63	14	0.367034
13	3	13	0	0
14	8	51	7	0.55333
Instant	56
1	549	28	1	0.678497
2	28	13	0	0
3	8	81	8	9.16335
4	292	13	0	0
11	24	18	0	0
12	20	46	6	0.254176
13	3	13	0	0
14	9	53	9	0.571869
Instant	57
1	518	27	2	0.657895
2	31	13	0	0
3	12	79	22	6.71736
4	271	13	0	0
11	23	18	0	0
12	17	61	8	0.798838
13	4	13	0	0
14	8	53	10	0.692237
Instant	58
1	569	28	1	0
2	31	13	0	0
3	7	89	16	5.78165
4	264	13	0	0
11	24	18	1	0
12	13	56	16	0.567234
13	3	13	0	0
14	8	57	11	0.570909
Instant	59
1	549	27	1	0.675676
2	29	13	0	0
3	7	81	13	9.41734
4	259	13	0	0
11	24	17	0	0
12	22	67	10	0.508352
13	3	13	0	0
14	8	53	9	0.567255
Instant	60
1	603	28	2	0
2	38	13	0	0
3	16	71	21	8.66271
4	263	14	0	0
11	26	18	1	0
12	18	65	8	0.508352
13	3	13	0	0
14	8	52	9	0.598661
Instant	61
1	467	28	3	1.04423
2	13	13	0	0
3	8	71	15	8.20312
4	268	13	0	0
11	20	19	1	0
12	28	60	9	0.0881834
13	3	13	0	0
14	7	50	9	0.654216
Instant	62
1	512	28	2	0.560538
2	22	13	0	0
3	10	70	18	3.16993
4	247	13	0	0
11	22	18	1	0
12	12	55	14	0.726216
13	3	13	0	0
14	7	50	11	0.59533
Instant	63
1	608	28	2	0
2	30	13	0	0
3	9	63	15	8.91927
4	261	13	0	0
11	26	18	1	0
12	26	45	10	0.363108
13	3	13	0	0
14	7	56	10	0.63651
Instant	64
1	518	30	2	0.717439
2	29	13	0	0
3	7	75	23	8.43293
4	281	14	0	0
11	23	18	0	0
12	18	66	14	0.667334
13	4	13	0	0
14	8	50	10	0.552779
Instant	65
1	545	27	2	0.430108
2	29	13	0	0
3	13	70	36	6.43791
4	268	13	0	0
11	24	18	1	0
12	7	86	7	0.87146
13	3	13	0	0
14	8	56	10	0.612369
Instant	66
1	520	29	2	0.668151
2	25	13	0	0
3	4	61	35	4.99352
4	257	13	0	0
11	22	19	1	0
12	26	57	9	0.108932
13	3	13	0	0
14	7	52	10	0.59475
Instant	67
1	554	29	3	0.304878
2	25	13	0	0
3	10	79	20	10.958
4	268	13	0	0
11	25	18	1	0
12	24	51	6	0.266934
13	3	13	0	0
14	8	51	9	0.649606
Instant	68
1	562	28	2	0.309278
2	28	13	0	0
3	9	80	20	6.4409
4	268	13	0	0
11	25	18	0	0
12	27	55	8	0.270062
13	3	13	0	0
14	8	49	9	0.506442
Instant	69
1	578	29	3	0.351406
2	23	13	0	0
3	15	76	17	10.6499
4	278	13	0	0
11	25	18	0	0
12	14	49	13	0.689906
13	4	13	0	0
14	9	52	9	0.581556
Instant	70
1	618	29	2	0.287908
2	13	13	0	0
3	11	70	26	7.29585
4	263	13	0	0
11	26	17	0	0
12	16	46	8	0.567234
13	4	13	0	0
14	8	55	10	0.540953
Instant	71
1	567	27	2	0.302419
2	17	13	0	0
3	12	72	19	7.18504
4	260	13	0	0
11	25	17	0	0
12	28	57	16	0.217865
13	4	13	0	0
14	7	56	11	0.617489
Instant	72
1	548	28	1	0.315126
2	22	13	0	0
3	14	74	21	5.31209
4	276	13	0	0
11	24	18	0	0
12	9	65	10	0.748223
13	4	13	0	0
14	8	53	9	0.630634
Instant	73
1	540	29	2	0.632911
2	38	13	0	0
3	10	73	21	7.00389
4	293	14	0	0
11	24	18	1	0
12	16	60	9	0.542005
13	3	13	0	0
14	9	51	9	0.45422
Instant	74
1	598	29	2	0
2	29	13	0	0
3	12	67	17	5.94784
4	263	14	0	0
11	25	18	0	0
12	30	45	11	0.145243
13	4	13	0	0
14	7	53	11	0.696775
Instant	75
1	579	29	2	0
2	29	13	0	0
3	12	75	22	8.83941
4	265	13	0	0
11	25	18	0	0
12	18	53	11	0.673401
13	3	13	0	0
14	8	49	9	0.607864
Instant	76
1	534	30	3	0.649351
2	36	13	0	0
3	8	75	22	8.63214
4	252	13	0	0
11	23	18	1	0
12	22	49	5	0.205761
13	3	13	0	0
14	6	57	9	0.718905
Instant	77
1	506	29	3	0.714286
2	34	13	0	0
3	13	80	15	6.90104
4	258	13	0	0
11	23	18	1	0
12	24	56	8	0.347222
13	4	13	0	0
14	7	53	10	0.640361
Instant	78
1	593	29	1	0
2	30	13	0	0
3	5	73	29	4.44664
4	279	13	0	0
11	24	18	1	0
12	24	64	12	0.385802
13	3	13	0	0
14	8	51	9	0.608705
Instant	79
1	487	28	3	0.983796
2	28	13	0	0
3	9	82	23	8.85013
4	254	13	0	0
11	22	19	1	0
12	24	60	9	0.266934
13	3	13	0	0
14	7	55	9	0.682761
Instant	80
1	512	29	2	0.331858
2	18	13	0	0
3	11	65	18	7.34519
4	279	13	0	0
11	23	17	0	0
12	19	57	10	0.411523
13	3	13	0	0
14	8	52	9	0.540139
Instant	81
1	498	28	2	0.977012
2	28	13	0	0
3	4	69	25	4.08497
4	269	13	0	0
11	21	18	1	0
12	25	58	10	0.3367
13	3	13	0	0
14	8	56	10	0.651646
Instant	82
1	571	30	2	0
2	24	13	0	0
3	12	77	19	12.3667
4	253	13	0	0
11	25	18	0	0
12	18	63	18	0.458554
13	3	13	0	0
14	8	51	10	0.618122
Instant	83
1	563	27	2	0.3125
2	25	13	0	0
3	11	68	23	7.71964
4	265	13	0	0
11	24	18	0	0
12	23	56	8	0.374112
13	4	13	0	0
14	8	53	9	0.601975
Instant	84
1	496	28	2	0.0565611
2	30	13	0	0
3	11	55	23	6.65349
4	247	13	0	0
11	22	18	0	0
12	27	55	8	0.112233
13	3	13	0	0
14	7	51	9	0.636906
Instant	85
1	559	29	2	0.681342
2	36	13	0	0
3	9	86	21	9.17001
4	261	13	0	0
11	24	18	1	0
12	27	63	11	0.126622
13	3	13	0	0
14	7	53	9	0.535517
Instant	86
1	517	31	2	0.790068
2	17	13	0	0
3	11	87	12	6.91763
4	267	13	0	0
11	22	19	1	0
12	18	56	14	0.544662
13	3	13	0	0
14	8	57	9	0.675335
Instant	87
1	494	27	2	0.620767
2	31	13	0	0
3	6	79	12	8.1
4	269	14	0	0
11	22	20	1	0
12	22	64	17	0.363108
13	4	13	0	0
14	8	52	9	0.545099
Instant	88
1	515	28	2	0.722222
2	30	13	0	0
3	13	77	20	7.26744
4	262	14	0	0
11	23	18	0	0
12	12	41	7	0.834167
13	4	13	0	0
14	8	55	9	0.56956
Instant	89
1	566	29	1	0.315126
2	24	13	0	0
3	14	76	11	7.31225
4	285	13	0	0
11	24	18	1	0
12	19	47	11	0.580973
13	3	13	0	0
14	9	53	9	0.520588
Instant	90
1	536	28	2	0.37155
2	23	13	0	0
3	12	79	18	6.92257
4	250	13	0	0
11	24	17	0	0
12	10	47	14	0.655864
13	3	13	0	0
14	7	51	10	0.65126
Instant	91
1	519	29	2	0.331126
2	36	13	0	0
3	6	79	14	5.03268
4	260	13	0	0
11	23	18	0	0
12	22	64	7	0.4004
13	3	13	0	0
14	7	53	9	0.687921
Instant	92
1	580	29	2	0.298805
2	20	13	0	0
3	11	78	19	8.46354
4	247	13	0	0
11	25	18	1	0
12	27	64	15	0.149645
13	3	13	0	0
14	7	55	9	0.675259
Instant	93
1	544	29	2	0.377155
2	24	13	0	0
3	8	72	16	6.83007
4	254	13	0	0
11	23	17	0	0
12	23	52	14	0.411523
13	4	13	0	0
14	7	53	10	0.608699
Instant	94
1	587	27	1	0.296443
2	23	13	0	0
3	12	77	22	10.6536
4	255	13	0	0
11	25	18	1	0
12	23	51	13	0.266934
13	3	13	0	0
14	7	52	9	0.765708
Instant	95
1	498	28	1	0.686499
2	29	13	0	0
3	4	76	14	5.36891
4	270	13	0	0
11	22	18	0	0
12	18	66	16	0.472041
13	3	13	0	0
14	8	53	12	0.576609
Instant	96
1	521	26	1	0.662252
2	37	13	0	0
3	6	82	18	5.0193
4	267	13	0	0
11	23	18	0	0
12	23	69	13	0.254176
13	3	13	0	0
14	8	57	10	0.569969
Instant	97
1	561	29	1	0.308642
2	22	13	0	0
3	9	67	24	8.93094
4	264	14	0	0
11	24	18	1	0
12	25	45	7	0.331226
13	4	13	0	0
14	7	49	10	0.729091
Instant	98
1	554	30	1	0.369198
2	19	13	0	0
3	9	67	26	10.4828
4	265	13	0	0
11	24	17	0	0
12	18	58	12	0.617284
13	3	13	0	0
14	8	52	8	0.538801
Instant	99
1	573	29	2	0
2	24	13	0	0
3	8	76	19	6.01307
4	250	13	0	0
11	25	18	1	0
12	17	61	8	0.399419
13	4	13	0	0
14	7	53	10	0.543687
Instant	100
1	589	28	2	0
2	33	13	0	0
3	11	73	20	5.99359
4	263	13	0	0
11	25	19	1	0
12	12	47	8	0.867534
13	4	13	0	0
14	8	50	11	0.619173
Instant	101
1	603	29	2	0
2	27	13	0	0
3	12	75	21	9.16335
4	285	13	0	0
11	25	18	1	0
12	17	40	7	0.544662
13	3	13	0	0
14	9	55	10	0.491809
Instant	102
1	559	29	3	0.309278
2	25	13	0	0
3	6	59	22	3.32675
4	250	13	0	0
11	25	17	0	0
12	21	74	11	0.472041
13	3	13	0	0
14	7	51	9	0.684671
Instant	103
1	589	26	1	0
2	19	13	0	0
3	9	71	30	8.06878
4	286	13	0	0
11	26	18	1	0
12	15	63	9	0.533867
13	4	13	0	0
14	8	55	10	0.586728
Instant	104
1	565	28	2	0.616016
2	24	13	0	0
3	6	71	17	9.60509
4	268	13	0	0
11	24	17	0	0
12	20	65	13	0.617284
13	3	13	0	0
14	8	50	8	0.58995
Instant	105
1	549	27	1	0.365344
2	25	13	0	0
3	12	73	28	8.81043
4	266	14	0	0
11	24	18	0	0
12	23	54	9	0.472041
13	3	13	0	0
14	8	56	8	0.587618
Instant	106
1	526	30	2	0.652174
2	25	13	0	0
3	10	79	17	11.2418
4	257	13	0	0
11	23	18	1	0
12	24	47	14	0.266934
13	3	13	0	0
14	7	53	8	0.582176
Instant	107
1	632	26	2	0
2	30	13	0	0
3	10	77	21	6.02767
4	288	13	0	0
11	27	18	0	0
12	19	64	14	0.580973
13	4	13	0	0
14	9	53	10	0.572366
Instant	108
1	606	29	2	0
2	20	13	0	0
3	9	74	21	5.81699
4	253	13	0	0
11	26	17	0	0
12	20	61	9	0.326797
13	4	13	0	0
14	7	52	9	0.570069
Instant	109
1	601	27	2	0.289575
2	22	13	0	0
3	9	85	20	6.52174
4	240	13	0	0
11	26	18	0	0
12	13	51	21	0.646678
13	3	13	0	0
14	6	53	8	0.735119
Instant	110
1	596	27	1	0.295276
2	31	13	0	0
3	10	72	17	11.0558
4	255	13	0	0
11	25	18	1	0
12	29	51	7	0.231481
13	3	13	0	0
14	7	53	10	0.631417
Instant	111
1	592	29	2	0
2	32	13	0	0
3	12	64	24	6.86667
4	258	13	0	0
11	26	18	0	0
12	14	70	17	0.508352
13	3	13	0	0
14	7	55	10	0.546723
Instant	112
1	603	28	1	0
2	29	13	0	0
3	9	78	27	6.00775
4	285	13	0	0
11	25	18	0	0
12	8	78	19	1.001
13	3	13	0	0
14	9	53	9	0.547138
Instant	113
1	568	29	2	0.442913
2	22	13	0	0
3	9	65	19	8.0415
4	259	13	0	0
11	25	17	0	0
12	19	52	9	0.544662
13	3	13	0	0
14	7	53	9	0.75634
Instant	114
1	536	29	2	0.326797
2	28	13	0	0
3	9	63	25	6.61479
4	274	13	0	0
11	23	18	0	0
12	30	59	9	0
13	3	13	0	0
14	8	50	9	0.538462
Instant	115
1	595	28	1	0
2	21	13	0	0
3	12	77	10	10.0266
4	260	13	0	0
11	25	18	1	0
12	22	68	9	0.3003
13	3	13	0	0
14	7	53	8	0.66388
Instant	116
1	491	29	1	0.681818
2	36	13	0	0
3	15	70	19	5.80709
4	259	14	0	0
11	22	17	0	0
12	19	49	12	0.580973
13	3	13	0	0
14	7	53	11	0.679418
Instant	117
1	523	30	2	0.927948
2	28	13	0	0
3	6	77	16	3.27497
4	264	13	0	0
11	23	17	0	0
12	18	59	16	0.508352
13	4	13	0	0
14	7	55	9	0.623994
Instant	118
1	542	29	2	0.425532
2	40	13	0	0
3	9	68	18	10.4582
4	271	13	0	0
11	23	18	1	0
12	21	65	8	0.367034
13	3	13	0	0
14	8	53	8	0.587195
Instant	119
1	707	26	1	0.083612
2	24	13	0	0
3	11	71	19	8.36589
4	256	13	0	0
11	30	18	1	0
12	14	57	8	0.653595
13	3	13	0	0
14	8	51	11	0.489828
