	T	D	J	LP
Instant	0
1	0	0	0	0
2	0	0	0	0
3	0	0	0	0
4	0	0	0	0
11	0	0	0	0
12	0	0	0	0
13	0	0	0	0
14	0	0	0	0
Instant	1
1	347	29	3	0
2	16	13	0	0
3	24	51	11	1.73824
4	87	13	0	0
11	14	17	0	0
12	33	69	5	4.34783
13	1	13	0	0
14	3	52	8	0.30092
Instant	2
1	1186	31	2	0.12207
2	31	14	0	0
3	37	64	24	5.60516
4	514	14	0	0
11	53	18	0	0
12	24	60	12	0.264706
13	5	13	0	0
14	17	52	9	0.47322
Instant	3
1	939	30	3	0
2	23	13	0	0
3	38	63	23	4.53125
4	415	14	0	0
11	40	18	0	0
12	32	62	10	0
13	5	13	0	0
14	11	54	10	0.688913
Instant	4
1	926	29	3	0.217933
2	19	13	0	0
3	40	77	18	5.12626
4	420	13	0	0
11	41	17	1	0
12	20	65	5	0.297297
13	5	13	0	0
14	11	51	10	0.677448
Instant	5
1	907	30	2	0
2	34	14	0	0
3	23	72	20	5.07479
4	409	14	0	0
11	39	17	0	0
12	22	71	17	0.294118
13	4	13	0	0
14	12	53	9	0.81564
Instant	6
1	713	29	2	0.791139
2	28	13	0	0
3	20	70	14	6.3388
4	369	13	0	0
11	32	19	1	0
12	21	57	13	0.264706
13	4	13	0	0
14	11	53	9	0.691359
Instant	7
1	689	29	2	0.0860585
2	23	13	0	0
3	32	70	14	9.34718
4	383	14	0	0
11	30	18	0	0
12	19	64	7	0.27027
13	5	13	0	0
14	12	49	11	0.717703
Instant	8
1	706	27	2	0.243902
2	28	13	0	0
3	26	81	18	5.56426
4	375	14	0	0
11	31	17	1	0
12	16	58	14	0.411765
13	5	13	0	0
14	12	52	9	0.539118
Instant	9
1	655	30	2	0.533808
2	29	13	0	0
3	40	74	14	5.99112
4	381	14	0	0
11	28	18	0	0.263158
12	21	57	12	0.352941
13	5	13	0	0
14	12	48	9	0.548852
Instant	10
1	753	30	2	0
2	25	13	0	0
3	34	70	18	7.17593
4	344	14	0	0
11	33	18	0	0
12	16	57	14	0.351351
13	5	13	0	0
14	11	49	9	0.586736
Instant	11
1	723	27	2	0.360577
2	26	13	0	0
3	33	77	19	5.79937
4	341	14	0	0
11	32	19	1	0
12	20	50	11	0.323529
13	5	13	0	0
14	10	48	9	0.43028
Instant	12
1	748	28	2	0
2	28	13	0	0
3	33	68	21	3.8215
4	348	13	0	0
11	32	17	0	0
12	21	65	10	0.294118
13	5	13	0	0
14	11	50	9	0.599613
Instant	13
1	613	28	3	0.92081
2	27	13	0	0
3	27	76	21	7.91405
4	344	14	0	0
11	28	18	1	0
12	24	70	8	0.119048
13	4	13	0	0
14	11	51	7	0.396048
Instant	14
1	494	30	2	0
2	30	13	0	0
3	38	74	18	4.36627
4	299	13	0	0
11	20	17	1	0.943396
12	20	71	9	0.323529
13	5	13	0	0
14	9	52	9	0.788071
Instant	15
1	541	30	3	0
2	16	13	0	0
3	31	72	23	8.84933
4	325	13	0	0
11	23	19	1	0.326087
12	8	47	19	0.647059
13	5	13	0	0
14	10	53	10	0.48057
Instant	16
1	544	27	1	0.366109
2	17	13	0	0
3	35	77	18	5.98291
4	302	13	0	0
11	24	17	0	0
12	11	69	21	0.675676
13	5	13	0	0
14	9	53	11	0.603196
Instant	17
1	577	30	2	0.313152
2	14	13	0	0
3	32	65	24	5.90387
4	325	13	0	0
11	24	17	0	0
12	18	55	17	0.382353
13	5	13	0	0
14	10	51	9	0.497344
Instant	18
1	559	29	2	0.352823
2	27	13	0	0
3	23	75	23	4.75806
4	318	13	0	0
11	25	17	0	0
12	23	53	11	0.323529
13	4	13	0	0
14	10	49	10	0.519954
Instant	19
1	592	29	2	0.351406
2	33	13	0	0
3	28	78	15	6.0775
4	305	13	0	0
11	25	18	1	0
12	11	58	7	0.243243
13	4	13	0	0
14	10	52	8	0.375371
Instant	20
1	563	28	2	0.301811
2	40	13	0	0
3	31	77	16	9.42708
4	318	13	0	0
11	25	19	1	0
12	15	46	4	0.823529
13	5	13	0	0
14	10	54	9	0.551926
Instant	21
1	565	29	1	0.362319
2	21	13	0	0
3	18	77	22	4.62963
4	297	13	0	0
11	24	18	0	0
12	13	77	10	0.176471
13	5	13	0	0
14	9	51	7	0.5952
Instant	22
1	546	29	2	0.636943
2	19	13	0	0
3	34	72	17	3.77307
4	317	13	0	0
11	23	18	0	0.319149
12	24	48	9	0.405405
13	4	13	0	0
14	10	52	9	0.493411
Instant	23
1	466	30	2	0.707547
2	28	13	0	0
3	26	77	17	8.35954
4	301	13	0	0
11	21	17	0	0
12	19	53	15	0.323529
13	5	13	0	0
14	10	55	9	0.511962
Instant	24
1	485	31	3	0.952381
2	28	13	0	0
3	24	78	13	6.31808
4	310	13	0	0
11	21	18	0	0
12	15	49	18	0.5
13	4	13	0	0
14	10	51	9	0.517876
Instant	25
1	513	27	2	0.770925
2	34	13	0	0
3	35	74	17	7.34065
4	318	13	0	0
11	23	17	0	0
12	17	53	5	0.261905
13	5	13	0	0
14	11	49	8	0.391381
Instant	26
1	565	29	2	0.306748
2	25	13	0	0
3	33	65	22	5.30303
4	333	13	0	0
11	24	17	0	0
12	21	60	10	0.470588
13	4	13	0	0
14	11	52	8	0.428216
Instant	27
1	613	28	1	0
2	22	13	0	0
3	33	71	13	7.81734
4	306	13	0	0
11	26	17	0	0
12	12	71	16	0.411765
13	5	13	0	0
14	10	50	9	0.517241
Instant	28
1	588	29	2	0.0498008
2	23	13	0	0
3	28	77	17	5.79053
4	318	13	0	0
11	25	18	0	0
12	16	46	12	0.361111
13	5	13	0	0
14	10	50	8	0.488629
Instant	29
1	561	31	1	0
2	20	13	0	0
3	36	79	17	4.90033
4	298	13	0	0
11	24	18	0	0
12	19	67	11	0.323529
13	4	13	0	0
14	9	48	9	0.531434
Instant	30
1	569	28	1	0.306748
2	36	13	0	0
3	31	72	22	6.40212
4	333	14	0	0
11	25	18	0	0
12	15	62	12	0.647059
13	4	13	0	0
14	11	47	10	0.48784
Instant	31
1	560	29	2	0.20284
2	24	13	0	0
3	31	75	16	5.90062
4	334	14	0	0
11	25	18	1	0
12	17	67	8	0.351351
13	5	13	0	0
14	11	51	8	0.497699
Instant	32
1	605	28	2	0
2	20	13	0	0
3	31	76	11	6.03448
4	327	13	0	0
11	26	19	1	0
12	18	48	15	0.411765
13	5	13	0	0
14	10	50	8	0.468391
Instant	33
1	464	28	3	1.11111
2	33	13	0	0
3	34	73	17	4.49102
4	313	13	0	0
11	20	18	0	0
12	19	42	5	0.323529
13	5	13	0	0
14	10	46	8	0.525654
Instant	34
1	523	27	2	0.378788
2	22	13	0	0
3	22	69	18	3.53774
4	306	13	0	0
11	23	18	0	0
12	18	73	14	0.297297
13	4	13	0	0
14	10	52	9	0.470544
Instant	35
1	468	30	2	1.0241
2	16	13	0	0
3	36	69	19	9.52004
4	301	13	0	0
11	21	18	0	0
12	24	48	10	0.205882
13	5	13	0	0
14	9	52	8	0.510204
Instant	36
1	485	28	3	1.21247
2	9	13	0	0
3	28	69	16	8.90093
4	278	13	0	0
11	22	18	0	0
12	16	50	14	0.411765
13	4	13	0	0
14	9	50	9	0.493772
Instant	37
1	587	29	1	0.0996016
2	21	13	0	0
3	33	74	20	5.37149
4	296	13	0	0
11	25	17	0	0
12	26	62	12	0.0238095
13	5	13	0	0
14	9	48	9	0.529332
Instant	38
1	613	27	2	0
2	27	13	0	0
3	22	71	20	4.44631
4	296	13	0	0
11	27	18	1	0
12	15	60	8	0.411765
13	4	13	0	0
14	9	52	8	0.550718
Instant	39
1	634	27	1	0
2	28	13	0	0
3	28	66	24	8.38591
4	295	13	0	0
11	26	18	1	0
12	18	65	12	0.382353
13	5	13	0	0
14	9	53	7	0.434684
Instant	40
1	547	29	2	0.317797
2	22	13	0	0
3	26	75	19	4.81651
4	290	13	0	0
11	24	19	1	0
12	20	57	10	0.324324
13	5	13	0	0
14	9	52	9	0.485003
Instant	41
1	627	27	1	0
2	16	13	0	0
3	24	72	16	5.6891
4	293	13	0	0
11	27	18	0	0
12	9	48	14	0.735294
13	5	13	0	0
14	9	52	8	0.475535
Instant	42
1	577	26	1	0.297619
2	27	13	0	0
3	26	65	20	9.07104
4	294	13	0	0
11	25	18	0	0
12	22	57	10	0.323529
13	4	13	0	0
14	9	49	9	0.586142
Instant	43
1	607	26	1	0.581395
2	27	13	0	0
3	33	77	17	6.45833
4	324	13	0	0
11	26	19	1	0
12	12	63	16	0.540541
13	5	13	0	0
14	11	51	9	0.441754
Instant	44
1	511	28	1	0.715859
2	21	13	0	0
3	32	68	16	4.65838
4	295	13	0	0
11	23	18	1	0
12	20	66	8	0.294118
13	4	13	0	0
14	9	51	9	0.538877
Instant	45
1	554	28	2	0.311203
2	24	13	0	0
3	29	74	13	4.59957
4	287	14	0	0
11	25	18	0	0
12	22	59	10	0.264706
13	5	13	0	0
14	9	52	8	0.534267
Instant	46
1	514	29	2	1.13883
2	30	13	0	0
3	27	71	14	7.61677
4	288	13	0	0
11	23	17	0	0
12	13	71	11	0.486486
13	4	13	0	0
14	9	50	8	0.420937
Instant	47
1	547	28	2	0.37961
2	32	13	0	0
3	39	75	14	5.58853
4	297	13	0	0
11	23	18	0	0
12	25	66	10	0.117647
13	5	13	0	0
14	9	53	9	0.468104
Instant	48
1	518	28	1	0.725446
2	20	13	0	0
3	30	68	17	7.45474
4	282	13	0	0
11	23	18	1	0
12	18	55	6	0.411765
13	4	13	0	0
14	9	50	10	0.510169
Instant	49
1	482	29	2	0.572082
2	31	13	0	0
3	29	72	21	7.65562
4	300	13	0	0
11	22	17	1	0
12	25	58	6	0.0238095
13	5	13	0	0
14	9	50	9	0.594135
Instant	50
1	586	28	1	0.19802
2	33	13	0	0
3	26	78	12	4.17973
4	293	14	0	0
11	25	18	1	0
12	21	58	9	0.205882
13	5	13	0	0
14	9	52	9	0.494142
Instant	51
1	606	28	1	0
2	33	13	0	0
3	35	76	23	7.41902
4	325	13	0	0
11	25	19	1	0
12	16	62	12	0.529412
13	5	13	0	0
14	10	51	8	0.458104
Instant	52
1	561	29	2	0
2	19	13	0	0
3	38	78	14	6.76931
4	310	13	0	0
11	24	20	1	0
12	12	70	4	0.416667
13	5	13	0	0
14	10	54	8	0.418701
Instant	53
1	587	26	2	0.296443
2	25	13	0	0
3	24	75	18	3.99137
4	300	13	0	0
11	25	17	0	0.295276
12	12	44	10	0.588235
13	4	13	0	0
14	9	51	8	0.533346
Instant	54
1	601	26	1	0.285171
2	19	13	0	0
3	27	81	15	7.03704
4	293	13	0	0
11	26	18	0	0
12	18	64	10	0.5
13	5	13	0	0
14	9	48	8	0.563676
Instant	55
1	506	27	2	1.10865
2	38	13	0	0
3	31	74	20	5.56469
4	294	13	0	0
11	23	19	0	0
12	10	42	7	0.567568
13	4	13	0	0
14	10	52	9	0.423784
Instant	56
1	607	29	2	0.339147
2	28	13	0	0
3	26	70	16	7.46187
4	292	13	0	0
11	26	18	1	0
12	20	65	13	0.441176
13	4	13	0	0
14	9	51	9	0.516529
Instant	57
1	597	27	2	0.290698
2	27	13	0	0
3	23	63	22	8.25496
4	301	13	0	0
11	26	18	0	0
12	13	52	20	0.529412
13	5	13	0	0
14	9	50	9	0.511283
Instant	58
1	599	29	1	0
2	21	13	0	0
3	28	77	14	6.81576
4	299	13	0	0
11	26	17	0	0
12	16	59	20	0.459459
13	5	13	0	0
14	10	49	9	0.509876
Instant	59
1	593	27	2	0.30426
2	27	13	0	0
3	35	79	21	5.81516
4	271	13	0	0
11	25	18	1	0
12	27	56	5	0.0882353
13	4	13	0	0
14	8	52	9	0.46021
Instant	60
1	599	28	1	0
2	29	13	0	0
3	22	74	21	6.38629
4	290	14	0	0
11	26	18	1	0
12	11	50	9	0.470588
13	5	13	0	0
14	9	49	9	0.565693
Instant	61
1	543	29	2	0.31185
2	17	13	0	0
3	29	68	14	6.41667
4	314	13	0	0
11	24	18	0	0
12	25	58	11	0.166667
13	4	13	0	0
14	10	53	9	0.462198
Instant	62
1	662	27	2	0
2	32	13	0	0
3	31	71	17	6.59509
4	300	13	0	0
11	28	18	1	0
12	21	52	10	0.352941
13	5	13	0	0
14	9	51	8	0.564573
Instant	63
1	641	27	2	0.982906
2	24	14	0	0
3	32	77	17	6.63265
4	291	13	0	0
11	29	17	0	0
12	11	78	6	0.647059
13	4	13	0	0
14	9	52	7	0.486895
Instant	64
1	699	28	3	0
2	24	13	0	0
3	35	73	15	5.00516
4	280	13	0	0
11	30	18	0	0
12	13	44	12	0.459459
13	4	13	0	0
14	9	52	8	0.551483
Instant	65
1	531	31	2	0.42735
2	19	13	0	0
3	20	76	22	6.59832
4	309	14	0	0
11	24	19	1	0
12	29	51	8	0.176471
13	4	13	0	0
14	10	51	8	0.490897
Instant	66
1	603	28	2	0
2	28	13	0	0
3	34	69	20	6.81373
4	317	13	0	0
11	26	17	1	0
12	17	49	13	0.294118
13	5	13	0	0
14	10	51	10	0.393939
Instant	67
1	550	29	3	0.847458
2	26	13	0	0
3	29	73	18	6.60828
4	312	13	0	0
11	24	17	0	0
12	16	62	12	0.486486
13	5	13	0	0
14	10	47	8	0.455163
Instant	68
1	591	30	2	0.0496032
2	21	13	0	0
3	26	72	21	3.81944
4	308	13	0	0
11	25	17	0	0
12	15	69	13	0.4375
13	4	13	0	0
14	10	51	9	0.504183
Instant	69
1	555	28	2	0.309278
2	35	13	0	0
3	35	68	19	7.34248
4	288	14	0	0
11	24	19	1	0
12	26	68	5	0.147059
13	5	13	0	0
14	9	50	10	0.599933
Instant	70
1	565	28	2	0.363071
2	26	13	0	0
3	35	70	17	4.33031
4	305	13	0	0
11	24	19	1	0
12	20	54	12	0.27027
13	5	13	0	0
14	10	49	9	0.463693
Instant	71
1	592	29	1	0
2	32	13	0	0
3	31	73	15	5.6677
4	295	13	0	0
11	25	18	1	0
12	23	55	12	0.264706
13	5	13	0	0
14	9	52	10	0.524225
Instant	72
1	597	29	2	0
2	26	13	0	0
3	31	76	16	7.23825
4	312	13	0	0
11	26	18	0	0
12	17	63	6	0.333333
13	5	13	0	0
14	10	50	8	0.448686
Instant	73
1	591	30	1	0
2	24	13	0	0
3	38	73	13	8.93214
4	306	13	0	0
11	25	17	0	0
12	11	64	23	0.414634
13	5	13	0	0
14	10	49	9	0.502096
Instant	74
1	586	29	2	0
2	15	13	0	0
3	29	67	19	4.90196
4	292	13	0	0
11	25	18	0	0
12	16	65	13	0.411765
13	5	13	0	0
14	9	52	8	0.467721
Instant	75
1	552	28	2	0
2	28	13	0	0
3	27	77	13	4.77674
4	293	13	0	0
11	24	18	1	0
12	22	63	5	0.484848
13	5	13	0	0
14	9	49	8	0.551014
Instant	76
1	470	29	2	1.25
2	22	13	0	0
3	31	69	17	5.83067
4	288	14	0	0
11	21	18	1	0
12	19	54	11	0.25
13	4	13	0	0
14	9	51	9	0.52191
Instant	77
1	579	28	2	0.0512295
2	16	13	0	0
3	31	78	14	7.86749
4	304	13	0	0
11	24	19	1	0
12	26	61	8	0.09375
13	4	13	0	0
14	9	53	9	0.523013
Instant	78
1	619	27	1	0
2	19	13	0	0
3	36	69	15	7.45342
4	306	13	0	0
11	27	17	0	0
12	14	74	16	0.40625
13	5	13	0	0
14	10	50	10	0.436702
Instant	79
1	508	26	1	1.33333
2	15	13	0	0
3	32	76	13	6.09265
4	286	13	0	0
11	23	18	0	0
12	25	68	9	0.189189
13	5	13	0	0
14	9	49	8	0.551372
Instant	80
1	544	26	1	0.323974
2	30	13	0	0
3	20	68	19	5.91398
4	294	13	0	0
11	23	18	0	0
12	15	57	14	0.30303
13	4	13	0	0
14	9	45	7	0.536775
Instant	81
1	599	28	1	0
2	34	13	0	0
3	34	63	18	4.62098
4	294	13	0	0
11	26	18	1	0
12	20	53	15	0.484848
13	5	13	0	0
14	9	51	9	0.526109
Instant	82
1	592	29	2	0.0490196
2	36	13	0	0
3	32	69	22	6.8612
4	315	13	0	0
11	26	18	0	0
12	21	51	11	0.2
13	5	13	0	0
14	10	48	10	0.399902
Instant	83
1	578	30	2	0.301205
2	16	13	0	0
3	25	70	17	6.93096
4	275	13	0	0
11	25	17	0	0
12	21	48	14	0.333333
13	4	13	0	0
14	8	52	7	0.525415
Instant	84
1	612	28	2	0.0473485
2	19	13	0	0
3	33	67	21	6.90261
4	292	13	0	0
11	27	17	0	0
12	20	58	5	0.242424
13	5	13	0	0
14	9	52	8	0.527891
Instant	85
1	512	30	2	0.730337
2	35	13	0	0
3	29	72	21	5.84656
4	291	14	0	0
11	22	18	0	0
12	24	51	9	0.128205
13	4	13	0	0
14	9	53	10	0.539711
Instant	86
1	552	27	2	0.617284
2	31	13	0	0
3	32	74	15	6.16053
4	279	13	0	0
11	25	17	0	0
12	26	57	11	0.264706
13	5	13	0	0
14	9	52	10	0.556129
Instant	87
1	597	29	1	0.3
2	18	13	0	0
3	33	76	12	6.60377
4	294	13	0	0
11	25	17	0	0
12	13	52	9	0.5
13	4	13	0	0
14	9	49	11	0.511037
Instant	88
1	579	29	2	0.20284
2	19	13	0	0
3	31	77	16	6.76292
4	290	13	0	0
11	25	18	1	0
12	21	49	7	0
13	5	13	0	0
14	9	50	10	0.530856
Instant	89
1	593	27	1	0.290135
2	28	13	0	0
3	21	71	16	7.0765
4	294	13	0	0
11	26	18	1	0
12	23	48	10	0.264706
13	4	13	0	0
14	9	50	8	0.484083
Instant	90
1	540	28	2	0.32538
2	22	13	0	0
3	36	68	21	5.46793
4	284	14	0	0
11	23	18	1	0
12	18	63	9	0.4375
13	4	13	0	0
14	9	53	8	0.550557
Instant	91
1	577	28	1	0.5
2	26	13	0	0
3	25	79	16	4.46623
4	287	13	0	0
11	25	18	0	0
12	15	57	8	0.486486
13	4	13	0	0
14	9	51	9	0.505607
Instant	92
1	606	28	2	0
2	28	13	0	0
3	43	63	17	5.11006
4	291	13	0	0
11	27	18	0	0
12	20	65	18	0.272727
13	5	13	0	0
14	10	52	8	0.442975
Instant	93
1	534	28	1	0.373932
2	27	13	0	0
3	39	77	23	5.59629
4	300	13	0	0
11	24	18	1	0
12	18	51	14	0.454545
13	5	13	0	0
14	9	48	9	0.497759
Instant	94
1	563	31	2	0.368421
2	24	13	0	0
3	34	71	21	7.33233
4	287	13	0	0
11	24	18	1	0
12	17	61	7	0.216216
13	5	13	0	0
14	9	50	10	0.598262
Instant	95
1	582	30	2	0
2	30	13	0	0
3	29	76	19	7.13525
4	298	13	0	0
11	25	17	0	0
12	17	53	7	0.5
13	5	13	0	0
14	9	50	8	0.527828
Instant	96
1	556	27	2	0.617284
2	24	13	0	0
3	31	69	20	7.68634
4	287	13	0	0
11	25	18	0	0
12	24	64	10	0.0882353
13	5	13	0	0
14	9	51	8	0.497629
Instant	97
1	563	31	2	0.0518672
2	18	13	0	0
3	27	67	20	5.39216
4	304	13	0	0
11	24	18	0	0
12	26	63	7	0
13	5	13	0	0
14	10	49	9	0.45423
Instant	98
1	520	27	1	1.28755
2	18	13	0	0
3	30	75	20	7.30134
4	284	13	0	0
11	23	18	0	0
12	29	60	9	0
13	5	13	0	0
14	8	49	9	0.561817
Instant	99
1	613	29	1	0
2	24	13	0	0
3	39	74	25	5.68983
4	298	13	0	0
11	26	18	1	0
12	20	59	12	0.264706
13	5	13	0	0
14	9	50	7	0.43905
Instant	100
1	562	28	1	0.298211
2	20	13	0	0
3	29	77	24	5.3433
4	304	13	0	0
11	25	18	0	0
12	17	58	17	0.459459
13	4	13	0	0
14	10	50	8	0.512586
Instant	101
1	620	28	1	0.0478011
2	23	13	0	0
3	26	78	16	5.24194
4	293	13	0	0
11	26	17	0	0
12	4	81	25	0.764706
13	4	13	0	0
14	9	51	8	0.515261
Instant	102
1	606	28	2	0
2	22	13	0	0
3	23	73	16	7.26425
4	307	13	0	0
11	26	18	1	0
12	18	68	14	0.5
13	4	13	0	0
14	10	52	8	0.400515
Instant	103
1	571	30	2	0
2	21	13	0	0
3	27	71	19	6.68264
4	293	13	0	0
11	24	19	1	0
12	21	63	16	0.324324
13	5	13	0	0
14	9	53	10	0.591106
Instant	104
1	576	28	1	0.298211
2	12	13	0	0
3	35	63	19	5.00524
4	302	13	0	0
11	25	18	0	0
12	17	55	11	0.441176
13	5	13	0	0
14	10	53	9	0.442718
Instant	105
1	607	28	1	0.293542
2	12	13	0	0
3	29	81	19	6.28834
4	299	13	0	0
11	26	18	0	0
12	20	53	12	0.264706
13	5	13	0	0
14	10	53	9	0.4783
Instant	106
1	545	28	2	0.311203
2	21	13	0	0
3	27	79	20	6.58037
4	302	13	0	0
11	24	18	0	0
12	19	46	6	0.297297
13	5	13	0	0
14	10	51	9	0.492556
Instant	107
1	483	27	2	1.10465
2	24	13	0	0
3	29	73	16	8.09822
4	284	13	0	0
11	21	19	1	0
12	24	57	8	0.176471
13	5	13	0	0
14	9	51	10	0.516914
Instant	108
1	551	29	2	0.315126
2	37	13	0	0
3	25	77	15	5.81395
4	290	13	0	0
11	24	18	0	0
12	13	43	6	0.5
13	4	13	0	0
14	9	51	10	0.478643
Instant	109
1	531	29	2	0.752688
2	25	13	0	0
3	29	78	15	4.43925
4	288	13	0	0
11	23	17	0	0
12	13	73	4	0.404762
13	5	13	0	0
14	9	53	7	0.51153
Instant	110
1	579	30	2	0.0517598
2	27	13	0	0
3	26	72	15	5.63201
4	271	13	0	0
11	24	18	1	0
12	22	49	8	0.25
13	5	13	0	0
14	8	50	10	0.535588
Instant	111
1	548	29	1	0.3125
2	25	13	0	0
3	31	74	19	5.05676
4	291	13	0	0
11	24	17	0	0
12	22	63	13	0.294118
13	5	13	0	0
14	9	51	9	0.4837
Instant	112
1	562	30	2	0.311203
2	30	13	0	0
3	25	75	16	8.57067
4	283	13	0	0
11	24	18	1	0
12	15	70	12	0.432432
13	4	13	0	0
14	9	51	10	0.499966
Instant	113
1	575	29	2	0.297619
2	18	13	0	0
3	36	76	16	6.82276
4	291	13	0	0
11	25	17	1	0
12	18	58	13	0.294118
13	5	13	0	0
14	9	52	9	0.513143
Instant	114
1	586	26	1	0.30426
2	19	13	0	0
3	25	68	16	5.33009
4	299	13	0	0
11	25	18	0	0
12	19	52	7	0.205882
13	4	13	0	0
14	9	48	7	0.575415
Instant	115
1	578	28	1	0
2	18	13	0	0
3	24	68	13	6.97492
4	287	13	0	0
11	25	19	1	0
12	12	59	21	0.675676
13	4	13	0	0
14	9	47	7	0.547605
Instant	116
1	595	27	2	0.295276
2	30	13	0	0
3	34	69	17	6.59509
4	286	14	0	0
11	26	18	0	0
12	19	62	11	0.205882
13	5	13	0	0
14	9	52	9	0.51363
Instant	117
1	545	30	2	0.259875
2	17	13	0	0
3	32	72	15	6.55315
4	289	13	0	0
11	24	18	0	0
12	17	63	9	0.5
13	5	13	0	0
14	9	49	8	0.458198
Instant	118
1	545	30	2	0.436681
2	16	13	0	0
3	26	65	18	6.95742
4	297	13	0	0
11	23	17	0	0
12	17	49	9	0.297297
13	5	13	0	0
14	9	51	8	0.496454
Instant	119
1	553	31	2	0
2	15	13	0	0
3	29	69	17	5.94111
4	301	13	0	0
11	24	18	1	0
12	15	57	17	0.411765
13	5	13	0	0
14	10	53	9	0.481077
