	T	D	J	LP
Instant	0
1	0	0	0	0
2	0	0	0	0
3	0	0	0	0
4	0	0	0	0
11	0	0	0	0
12	0	0	0	0
13	0	0	0	0
14	0	0	0	0
Instant	1
1	248	34	3	0
2	21	17	0	0
3	217	37	5	0
4	308	18	0	0
11	10	18	0	0
12	134	49	7	0.543478
13	9	15	0	0
14	10	35	5	0.0408497
Instant	2
1	1027	30	2	0
2	29	18	0	0
3	650	38	6	1.02389
4	1375	24	1	0.720686
11	44	19	0	0
12	299	54	12	2.57353
13	30	15	0	0
14	65	35	2	0.216788
Instant	3
1	1209	30	3	0.333016
2	45	16	0	0
3	720	37	5	0.978091
4	1372	22	1	0.706621
11	53	19	0	0
12	281	55	7	3.67647
13	32	15	0	0
14	65	37	3	0.147955
Instant	4
1	1153	31	3	0.30303
2	17	16	0	0
3	794	38	6	0.729927
4	1413	18	0	0
11	51	19	1	0
12	253	51	9	2.19595
13	34	15	0	0
14	59	36	3	0.267775
Instant	5
1	1131	28	2	0.157563
2	19	16	0	0
3	907	38	6	0.439147
4	1363	17	0	0
11	49	19	0	0
12	283	49	9	2.38971
13	40	15	0	0
14	58	36	4	0.181992
Instant	6
1	993	30	3	0
2	16	15	0	0
3	695	39	5	1.79712
4	1101	16	0	0
11	44	18	0	0
12	273	58	11	2.02206
13	32	15	0	0
14	48	38	4	0.142045
Instant	7
1	979	29	2	0
2	31	18	0	0
3	756	37	5	0.116099
4	899	16	0	0
11	41	20	1	0
12	255	54	11	1.68919
13	33	15	0	0
14	37	39	5	0.21815
Instant	8
1	815	30	2	0.421348
2	13	14	0	0
3	632	36	6	0.954545
4	789	16	0	0
11	36	19	0	0
12	283	56	11	0
13	28	15	0	0
14	33	38	5	0.306494
Instant	9
1	854	29	2	0
2	19	14	0	0
3	656	35	5	0.689655
4	816	16	0	0
11	37	18	1	0
12	267	57	9	0.735294
13	29	15	0	0
14	35	36	4	0.0639182
Instant	10
1	830	28	2	0
2	37	15	0	0
3	627	36	5	0.589837
4	704	16	0	0
11	35	19	0	0
12	237	53	11	2.87162
13	28	15	0	0
14	30	39	5	0.138889
Instant	11
1	846	27	2	0
2	38	16	0	0
3	656	37	6	0.396825
4	677	16	0	0
11	36	19	1	0
12	269	50	9	1.47059
13	28	15	0	0
14	29	36	4	0.0579374
Instant	12
1	766	29	3	0
2	31	14	0	0
3	628	36	5	0.506446
4	643	15	0	0
11	34	20	1	0
12	253	57	11	1.65441
13	28	15	0	0
14	26	37	5	0.182482
Instant	13
1	760	27	2	0.390016
2	16	16	1	0
3	621	42	6	0.27933
4	637	16	0	0
11	32	18	0	0
12	246	57	11	2.52976
13	27	15	0	0
14	27	37	4	0.184275
Instant	14
1	771	27	2	0
2	7	16	0	0
3	601	38	5	0.94518
4	580	15	0	0
11	33	19	1	0
12	279	50	9	2.75735
13	27	15	0	0
14	24	39	5	0.224618
Instant	15
1	826	29	2	0
2	39	16	0	0
3	654	34	3	0.088968
4	591	15	0	0
11	36	18	0	0
12	263	55	9	3.125
13	28	15	0	0
14	24	36	4	0.298013
Instant	16
1	779	28	2	0.111773
2	9	16	0	0
3	627	36	6	0.713012
4	566	15	0	0
11	34	18	0	0
12	267	55	9	1.68919
13	28	15	0	0
14	23	38	5	0.276243
Instant	17
1	806	27	3	0.110619
2	39	17	0	0
3	631	38	4	0.280899
4	576	15	0	0
11	34	19	0	0
12	262	54	11	2.02206
13	27	15	0	0
14	24	36	4	0.271739
Instant	18
1	758	29	2	0
2	20	17	0	0
3	594	34	4	0.814176
4	560	15	0	0
11	34	20	1	0
12	240	54	9	3.49265
13	26	15	0	0
14	23	38	5	0.174581
Instant	19
1	684	27	2	1.09983
2	28	17	0	0
3	558	38	6	0.259875
4	540	15	0	0
11	30	20	1	0
12	247	55	13	2.02703
13	24	15	0	0
14	22	36	5	0.25289
Instant	20
1	634	29	2	0
2	46	15	0	0
3	560	38	6	0.714286
4	531	15	0	0
11	27	20	0	0
12	267	55	10	2.20588
13	25	15	0	0
14	22	36	5	0.381585
Instant	21
1	672	27	2	0
2	20	16	0	0
3	508	39	6	1.49007
4	541	15	0	0
11	29	19	0	0
12	246	54	9	2.57353
13	23	15	0	0
14	22	37	5	0.289855
Instant	22
1	700	29	2	0
2	24	18	0	0
3	498	36	4	0.85034
4	554	15	0	0
11	30	18	0	0
12	251	54	9	2.19595
13	22	15	0	0
14	23	37	5	0.105783
Instant	23
1	712	29	2	0
2	13	17	0	0
3	522	38	4	0.388889
4	558	15	0	0
11	31	17	0	0
12	249	52	10	4.04412
13	22	15	0	0
14	22	36	5	0.233427
Instant	24
1	692	27	1	0.261324
2	24	17	0	0
3	568	37	4	0.651303
4	560	15	0	0
11	29	18	0	0
12	249	55	10	1.47059
13	25	15	0	0
14	23	36	5	0.407925
Instant	25
1	673	27	2	0.127334
2	26	16	0	0
3	588	35	4	0.345168
4	547	15	0	0
11	30	19	1	0
12	242	53	11	1.78571
13	26	15	0	0
14	22	36	5	0.321888
Instant	26
1	625	31	3	0
2	24	15	0	0
3	598	36	5	0.710227
4	575	16	0	0
11	26	19	0	0
12	266	57	10	3.86029
13	27	15	0	0
14	24	38	5	0.272109
Instant	27
1	686	28	2	0
2	20	16	0	0
3	547	38	5	0.887265
4	558	15	0	0
11	29	19	0	0
12	288	58	8	1.47059
13	24	15	0	0
14	24	37	5	0.221755
Instant	28
1	685	29	2	0.252101
2	34	18	0	0
3	593	35	4	0.437743
4	564	15	0	0
11	30	19	0	0
12	238	52	10	2.77778
13	26	15	0	0
14	23	37	4	0.161812
Instant	29
1	640	28	2	0.136861
2	27	17	0	0
3	620	32	3	0.509259
4	508	16	0	0
11	28	19	0	0
12	256	52	12	5.33088
13	27	15	0	0
14	21	38	5	0.410256
Instant	30
1	619	27	1	0
2	31	16	0	0
3	515	36	5	0.818777
4	554	15	0	0
11	27	20	1	0
12	262	55	9	1.83824
13	23	15	0	0
14	22	34	4	0.49505
Instant	31
1	562	29	1	0.316456
2	33	13	0	0
3	568	37	5	0.360082
4	531	15	0	0
11	24	19	1	0
12	230	52	11	4.22297
13	25	15	0	0
14	22	37	5	0.135202
Instant	32
1	568	28	2	0.357143
2	26	17	0	0
3	604	34	5	0.0477099
4	558	15	0	0
11	25	19	0	0
12	245	52	10	4.59559
13	26	15	0	0
14	22	35	4	0.315568
Instant	33
1	606	27	1	0
2	40	16	0	0
3	559	35	4	1
4	561	15	0	0
11	26	19	1	0
12	255	55	10	2.75735
13	25	15	0	0
14	23	35	4	0.27972
Instant	34
1	571	29	1	0
2	28	15	0	0
3	506	36	5	1.63755
4	532	15	0	0
11	24	19	1	0.308642
12	251	57	10	2.02703
13	23	15	0	0
14	23	37	4	0.147059
Instant	35
1	591	27	1	0
2	19	14	0	0
3	639	36	5	0.369686
4	537	15	0	0
11	26	20	1	0
12	240	52	11	3.125
13	27	15	0	0
14	22	39	5	0.182216
Instant	36
1	607	27	1	0
2	14	18	0	0
3	644	36	4	0.31362
4	522	15	0	0
11	25	19	1	0
12	242	52	9	4.22794
13	28	15	0	0
14	21	38	4	0.336826
Instant	37
1	620	25	1	0
2	33	16	0	0
3	494	39	6	1.20137
4	530	15	0	0
11	27	20	1	0
12	236	56	13	2.38095
13	22	15	0	0
14	21	38	5	0.406204
Instant	38
1	599	28	2	0
2	16	16	0	0
3	566	36	4	0.65
4	504	15	0	0
11	26	18	0	0
12	268	56	10	2.94118
13	25	15	0	0
14	21	39	6	0.232198
Instant	39
1	606	26	1	0
2	32	15	0	0
3	606	32	4	0.979478
4	547	15	0	0
11	26	19	1	0
12	238	51	9	7.53676
13	27	15	0	0
14	22	35	4	0.394548
Instant	40
1	578	29	1	0
2	36	15	0	0
3	551	39	5	1.85743
4	534	15	0	0
11	25	19	1	0
12	249	57	11	2.36486
13	25	15	0	0
14	22	36	5	0.328947
Instant	41
1	620	26	1	0
2	26	16	0	0
3	484	36	5	1.4574
4	531	15	0	0
11	26	18	0	0
12	226	51	12	4.77941
13	23	15	0	0
14	22	36	5	0.245821
Instant	42
1	624	26	1	0.0469925
2	33	15	0	0
3	565	38	5	0.153689
4	521	15	0	0
11	27	18	0	0
12	258	55	9	4.59559
13	24	15	0	0
14	21	38	4	0.324838
Instant	43
1	555	28	1	0.355691
2	30	16	0	0
3	424	35	4	1.94724
4	534	15	0	0
11	25	19	1	0
12	234	55	12	3.37838
13	20	15	0	0
14	22	36	4	0.366032
Instant	44
1	585	29	1	0
2	18	19	0	0
3	572	34	4	0.571726
4	538	15	0	0
11	25	18	0	0
12	243	56	12	4.96324
13	24	15	0	0
14	22	38	5	0.181686
Instant	45
1	592	28	2	0
2	20	17	0	0
3	535	33	3	0.847458
4	536	16	0	0
11	25	19	0	0.297619
12	222	54	12	5.33088
13	23	15	0	0
14	22	36	5	0.292398
Instant	46
1	604	27	1	0
2	19	13	0	0
3	578	33	4	0.148221
4	551	15	0	0
11	25	19	1	0
12	272	57	10	0.168919
13	25	15	0	0
14	23	36	4	0.212766
Instant	47
1	600	27	2	0.141509
2	22	16	0	0
3	507	35	5	1.00897
4	530	15	0	0
11	27	18	0	0
12	263	54	11	2.57353
13	23	15	0	0
14	21	37	5	0.369276
Instant	48
1	579	28	2	0.153061
2	36	18	0	0
3	526	34	4	1.08696
4	534	15	0	0
11	25	20	1	0
12	211	57	13	6.06618
13	23	15	0	0
14	22	37	5	0.304136
Instant	49
1	606	27	1	0
2	25	15	0	0
3	505	37	5	0.389755
4	537	15	0	0
11	26	19	1	0
12	223	54	10	3.125
13	23	15	0	0
14	22	39	6	0.26725
Instant	50
1	613	27	1	0
2	29	15	0	0
3	569	33	4	0.307377
4	549	15	0	0
11	26	19	1	0
12	268	53	10	2.75735
13	25	15	0	0
14	23	37	5	0.178571
Instant	51
1	598	27	1	0.0496032
2	33	19	0	0
3	547	35	4	0.527426
4	537	15	0	0
11	25	18	0	0
12	297	60	11	2.02206
13	24	15	0	0
14	22	35	5	0.327035
Instant	52
1	585	29	2	0.297619
2	17	17	0	0
3	581	33	4	0.0498008
4	537	15	0	0
11	25	19	1	0
12	263	56	10	0.520833
13	25	15	0	0
14	22	39	4	0.230807
Instant	53
1	596	28	2	0
2	27	16	0	0
3	531	34	4	0.327511
4	539	15	0	0
11	26	19	1	0
12	265	52	9	0.551471
13	23	15	0	0
14	22	38	5	0.217707
Instant	54
1	613	26	1	0
2	9	18	0	0
3	484	37	6	0.923788
4	547	15	0	0
11	26	19	1	0
12	241	54	10	3.86029
13	22	15	0	0
14	23	38	5	0.10745
Instant	55
1	598	28	2	0.0490196
2	16	15	0	0
3	560	32	3	0.671488
4	527	15	0	0
11	26	19	1	0
12	246	56	10	4.39189
13	24	15	0	0
14	22	35	4	0.346192
Instant	56
1	606	26	1	0
2	16	18	0	0
3	540	35	3	0.741525
4	560	15	0	0
11	26	20	1	0
12	276	53	9	1.47059
13	24	15	0	0
14	23	36	4	0.431839
Instant	57
1	564	28	1	0
2	44	18	0	0
3	538	34	5	0.267094
4	541	15	0	0
11	25	19	1	0
12	255	55	10	2.75735
13	24	15	0	0
14	22	37	4	0.156551
Instant	58
1	592	27	1	0.293542
2	33	16	0	0
3	529	40	5	0.444444
4	526	15	0	0
11	26	19	1	0
12	222	54	11	4.05405
13	23	15	0	0
14	22	35	4	0.333828
Instant	59
1	606	27	1	0
2	21	17	0	0
3	546	34	4	0.366109
4	500	15	0	0
11	25	19	1	0
12	261	47	9	4.59559
13	24	15	0	0
14	20	39	5	0.15674
Instant	60
1	613	26	1	0
2	17	18	0	0
3	577	35	4	0.0520833
4	538	16	0	0
11	26	19	1	0
12	281	55	11	0.183824
13	24	15	0	0
14	22	36	5	0.254731
Instant	61
1	571	30	1	0
2	10	17	0	0
3	545	34	3	0.366109
4	530	15	0	0
11	25	19	1	0
12	229	53	11	3.125
13	24	15	0	0
14	22	37	5	0.110457
Instant	62
1	596	27	1	0
2	36	16	0	0
3	562	33	4	0.409836
4	571	16	0	0
11	25	20	0	0
12	273	54	10	4.59559
13	24	15	0	0
14	24	33	4	0.239726
Instant	63
1	591	28	1	0
2	25	15	0	0
3	557	34	5	0.36157
4	525	16	0	0
11	25	19	0	0
12	281	56	9	1.83824
13	25	15	0	0
14	21	37	5	0.386148
Instant	64
1	733	25	2	0
2	32	16	0	0
3	578	35	4	0.6917
4	511	15	0	0
11	31	18	1	0
12	261	57	11	2.53378
13	25	15	0	0
14	20	33	4	0.496183
Instant	65
1	641	27	2	0.579323
2	37	15	0	0
3	581	36	5	0.543478
4	550	15	0	0
11	29	18	0	0
12	245	53	11	4.22794
13	25	15	0	0
14	23	35	4	0.142248
Instant	66
1	571	29	2	0.561224
2	35	14	0	0
3	633	33	3	0.184162
4	511	15	0	0
11	25	19	1	0
12	244	56	13	3.86029
13	27	15	0	0
14	21	39	6	0.229358
Instant	67
1	564	28	1	0.298211
2	39	18	0	0
3	607	36	4	0.568182
4	548	15	0	0
11	25	18	0	0
12	251	54	10	2.7027
13	26	15	0	0
14	22	35	5	0.143266
Instant	68
1	505	29	2	1.16927
2	39	17	0	0
3	588	34	4	1.05364
4	524	15	0	0
11	23	18	0	0
12	267	49	9	1.95312
13	27	15	0	0
14	22	37	4	0.186567
Instant	69
1	602	28	2	0
2	38	17	0	0
3	625	37	4	0.369686
4	503	15	0	0
11	25	19	1	0
12	260	53	10	2.57353
13	27	15	0	0
14	20	38	5	0.297619
Instant	70
1	564	29	1	0
2	13	16	0	0
3	641	36	5	0.0456204
4	511	15	0	0
11	24	20	1	0
12	220	52	13	5.57432
13	28	15	0	0
14	21	38	5	0.229709
Instant	71
1	606	27	1	0
2	31	16	0	0
3	540	36	5	1.08696
4	501	15	0	0
11	25	19	1	0
12	278	53	9	1.10294
13	25	15	0	0
14	21	40	5	0.3125
Instant	72
1	578	29	1	0.304878
2	27	15	0	0
3	540	35	4	0.778008
4	522	15	0	0
11	24	18	0	0
12	199	49	13	7.00758
13	24	15	0	0
14	21	37	4	0.187406
Instant	73
1	611	26	1	0.0478927
2	22	16	0	0
3	539	34	5	1.12179
4	524	16	0	0
11	26	19	1	0
12	234	53	10	2.7439
13	23	15	0	0
14	22	36	5	0.186567
Instant	74
1	580	29	2	0.0510204
2	15	15	0	0
3	567	35	3	0.408998
4	500	15	0	0
11	25	20	1	0
12	266	52	10	2.57353
13	24	15	0	0
14	20	39	6	0.390625
Instant	75
1	525	29	2	0.577731
2	22	14	0	0
3	566	34	5	0.408163
4	512	15	0	0
11	24	18	1	0
12	249	53	9	3.78788
13	24	15	0	0
14	21	38	5	0.306279
Instant	76
1	552	26	1	0.420168
2	9	16	0	0
3	556	33	3	0.408163
4	506	16	0	0
11	24	18	0	0
12	255	56	9	3.47222
13	24	15	0	0
14	20	37	5	0.308642
Instant	77
1	618	27	1	0
2	31	17	0	0
3	551	35	4	0.317797
4	527	15	0	0
11	26	18	0	0
12	256	52	11	2.34375
13	24	15	0	0
14	21	35	4	0.47053
Instant	78
1	554	29	2	0.317125
2	19	15	0	0
3	460	36	7	1.90418
4	534	15	0	0
11	24	18	1	0
12	240	50	11	4.29688
13	21	15	0	0
14	22	36	4	0.415445
Instant	79
1	561	27	1	0.0516529
2	28	14	0	0
3	519	38	4	0
4	503	15	0	0
11	25	19	1	0
12	247	52	10	2.87162
13	23	15	0	0
14	21	37	5	0.258799
Instant	80
1	547	29	2	0.373932
2	33	15	0	0
3	530	35	4	0.536481
4	482	15	0	0
11	23	20	1	0
12	259	51	8	2.84091
13	23	15	0	0
14	19	37	5	0.512406
Instant	81
1	575	28	2	0.0516529
2	37	14	0	0
3	561	34	4	0.360082
4	533	16	0	0
11	24	19	0	0
12	229	57	10	3.40909
13	24	15	0	0
14	22	36	5	0.220913
Instant	82
1	539	29	3	0.577731
2	19	15	0	0
3	580	33	3	0.305499
4	520	15	0	0
11	23	19	1	0.319149
12	261	55	10	1.78571
13	24	15	0	0
14	21	36	5	0.300752
Instant	83
1	578	28	1	0
2	42	17	0	0
3	560	36	5	0.608519
4	538	15	0	0
11	25	20	1	0
12	265	50	9	2.46212
13	25	15	0	0
14	22	36	5	0.181686
Instant	84
1	620	26	1	0
2	8	15	0	0
3	622	33	5	0.27881
4	526	15	0	0
11	27	19	0	0
12	260	56	12	1.51515
13	27	15	0	0
14	22	36	5	0.260417
Instant	85
1	606	27	1	0
2	43	14	0	0
3	607	36	5	0.0968992
4	520	15	0	0
11	26	19	0	0
12	244	50	12	2.08333
13	26	15	0	0
14	21	36	5	0.162907
Instant	86
1	582	28	1	0
2	27	14	0	0
3	462	39	5	1.55875
4	490	15	0	0
11	25	19	1	0
12	272	56	12	3.67647
13	21	15	0	0
14	20	39	5	0.319489
Instant	87
1	578	29	2	0
2	11	13	1	0
3	475	37	4	0.943396
4	522	15	0	0
11	25	19	1	0
12	243	55	9	3.67647
13	21	15	0	0
14	20	36	5	0.374813
Instant	88
1	609	27	1	0.0486381
2	5	18	1	0
3	555	34	3	0.313808
4	523	15	0	0
11	26	20	1	0
12	246	56	12	4.72973
13	24	15	0	0
14	22	35	5	0.223547
Instant	89
1	611	27	1	0
2	20	17	0	0
3	538	35	5	0.374732
4	508	15	0	0
11	25	19	0	0
12	247	51	10	1.47059
13	23	15	0	0
14	21	38	5	0.282486
Instant	90
1	608	27	2	0
2	13	17	0	0
3	585	33	3	0.342466
4	531	15	0	0
11	26	19	1	0
12	226	56	14	5.85938
13	25	15	0	0
14	21	37	5	0.258112
Instant	91
1	606	26	1	0
2	22	16	0	0
3	598	35	5	0.52381
4	517	15	0	0
11	27	19	1	0
12	237	52	10	4.05405
13	26	15	0	0
14	21	36	5	0.302572
Instant	92
1	620	26	1	0
2	22	16	1	0
3	518	36	5	1.50862
4	501	15	0	0
11	26	19	1	0
12	263	53	9	2.46212
13	24	15	0	0
14	20	39	5	0.312012
Instant	93
1	582	27	1	0
2	38	15	0	0
3	526	38	5	0.762527
4	506	15	0	0
11	25	21	1	0
12	266	58	9	1.32576
13	23	15	0	0
14	20	38	5	0.297158
Instant	94
1	606	27	1	0
2	28	16	0	0
3	500	36	6	0.896861
4	527	16	0	0
11	26	19	1	0
12	231	54	10	3.20946
13	22	15	0	0
14	22	35	4	0.148148
Instant	95
1	606	27	1	0
2	28	20	0	0
3	501	39	6	1.0181
4	554	15	0	0
11	26	18	1	0
12	247	53	9	3.49265
13	22	15	0	0
14	22	36	5	0.188058
Instant	96
1	571	30	2	0
2	25	16	0	0
3	512	37	4	0.788288
4	518	15	0	0
11	25	19	0	0
12	248	55	7	2.02206
13	22	15	0	0
14	22	39	5	0.302572
Instant	97
1	582	30	3	0
2	40	15	0	0
3	495	33	4	1.1851
4	526	15	0	0
11	25	18	0	0
12	245	55	8	2.7439
13	22	15	0	0
14	21	35	5	0.272008
Instant	98
1	632	26	2	0
2	42	16	0	0
3	545	35	4	0.417537
4	549	15	0	0
11	27	19	0	0
12	290	50	8	1.65441
13	24	15	0	0
14	22	36	5	0.404184
Instant	99
1	613	26	1	0
2	11	17	0	0
3	600	36	4	0.52381
4	533	15	0	0
11	27	18	0	0
12	271	60	8	3.30882
13	27	15	0	0
14	22	38	5	0.219941
Instant	100
1	598	28	1	0.0496032
2	25	15	0	0
3	618	38	5	0.0954198
4	564	15	0	0
11	25	19	1	0
12	249	57	10	1.85811
13	27	15	0	0
14	23	35	4	0.17337
Instant	101
1	576	28	1	0.0502008
2	9	15	0	0
3	600	36	6	0.287908
4	537	15	0	0
11	25	19	1	0
12	271	55	12	1.65441
13	26	15	0	0
14	22	36	5	0.303693
Instant	102
1	611	29	2	0
2	22	16	0	0
3	579	37	6	1.13636
4	518	15	0	0
11	26	18	0	0
12	252	53	9	2.75735
13	26	15	0	0
14	21	38	5	0.288655
Instant	103
1	585	29	2	0
2	14	15	0	0
3	546	38	4	0.107066
4	546	15	0	0
11	25	19	0	0
12	207	49	11	6.75676
13	23	15	0	0
14	22	36	4	0.251076
Instant	104
1	583	26	1	0
2	30	16	0	0
3	525	36	4	0.493421
4	551	15	0	0
11	25	19	1	0.301205
12	247	54	10	4.59559
13	23	15	0	0
14	23	38	4	0.213068
Instant	105
1	607	27	1	0
2	13	13	0	0
3	491	38	5	0.795455
4	555	15	0	0
11	26	18	0	0
12	254	55	9	2.38971
13	22	15	0	0
14	22	36	4	0.211566
Instant	106
1	578	29	2	0
2	21	16	0	0
3	481	40	5	0.71599
4	514	15	0	0
11	25	19	1	0
12	239	53	12	3.5473
13	21	15	0	0
14	20	35	4	0.695498
Instant	107
1	627	27	1	0
2	25	17	0	0
3	540	31	3	0.682773
4	552	15	0	0
11	26	18	0	0
12	272	55	9	1.65441
13	24	15	0	0
14	22	35	4	0.318697
Instant	108
1	606	26	1	0
2	27	15	0	0
3	501	36	4	0.468384
4	533	15	0	0
11	26	19	1	0
12	222	55	11	5.33088
13	22	15	0	0
14	21	38	5	0.329429
Instant	109
1	575	28	1	0.302419
2	25	15	0	0
3	506	36	6	0.944444
4	545	15	0	0
11	25	19	1	0
12	245	56	10	2.23214
13	23	15	0	0
14	23	36	6	0.431034
Instant	110
1	606	28	2	0
2	35	15	0	0
3	542	35	4	0.531915
4	557	15	0	0
11	26	19	0	0
12	250	50	11	4.88281
13	23	15	0	0
14	23	37	5	0.210379
Instant	111
1	578	29	2	0
2	35	15	0	0
3	592	32	4	0
4	566	16	0	0
11	25	20	1	0
12	237	56	11	3.86029
13	26	15	0	0
14	23	36	4	0.172891
Instant	112
1	589	27	1	0
2	24	15	0	0
3	519	38	5	0.277778
4	556	15	0	0
11	26	19	1	0
12	246	56	10	3.20946
13	23	15	0	0
14	23	39	5	0.164088
Instant	113
1	616	28	2	0
2	34	16	0	0
3	509	37	5	0.854214
4	556	15	0	0
11	26	18	1	0
12	283	56	11	2.02206
13	22	15	0	0
14	23	36	5	0.0352113
Instant	114
1	612	26	1	0
2	35	15	0	0
3	423	37	4	1.03896
4	553	15	0	0
11	25	20	1	0
12	249	56	12	3.125
13	19	15	0	0
14	23	36	4	0.354108
Instant	115
1	579	27	2	0.292969
2	33	16	0	0
3	498	39	5	1.09447
4	556	15	0	0
11	26	19	1	0
12	250	55	13	2.19595
13	22	15	0	0
14	23	37	4	0.175809
Instant	116
1	608	28	1	0
2	19	14	0	0
3	548	33	2	0.469729
4	573	15	0	0
11	26	19	0	0
12	263	54	12	3.30882
13	24	15	0	0
14	24	37	4	0.19327
Instant	117
1	599	26	1	0
2	22	16	0	0
3	539	37	3	0.21645
4	519	15	0	0
11	26	20	1	0
12	248	56	10	2.02206
13	23	15	0	0
14	22	40	4	0.339367
Instant	118
1	598	27	2	0
2	18	16	0	0
3	462	40	6	0.788835
4	535	15	0	0
11	26	20	1	0
12	244	55	12	3.37838
13	21	15	0	0
14	21	37	4	0.292826
Instant	119
1	621	27	1	0
2	31	15	0	0
3	518	38	6	0.788288
4	516	15	0	0
11	26	18	0	0
12	230	51	10	6.25
13	22	15	0	0
14	20	36	5	0.416036
