	T	D	J	LP
Instant	0
1	0	0	0	0
2	0	0	0	0
3	0	0	0	0
4	0	0	0	0
11	0	0	0	0
12	0	0	0	0
13	0	0	0	0
14	0	0	0	0
Instant	1
1	252	32	3	0
2	7	13	0	0
3	216	38	5	0
4	284	16	0	0
11	9	18	0	0
12	138	49	9	0
13	9	15	0	0
14	11	39	7	0.0221631
Instant	2
1	1075	32	3	0.161812
2	30	17	0	0
3	705	40	6	1.43084
4	1363	19	1	0
11	47	19	1	0
12	294	49	7	2.02206
13	32	15	0	0
14	54	39	3	0.449417
Instant	3
1	1220	29	2	0
2	17	16	0	0
3	774	39	6	0.0378788
4	1187	17	0	0
11	53	18	0	0
12	300	57	9	1.83824
13	34	15	0	0
14	49	39	3	0.588948
Instant	4
1	1107	29	2	0
2	16	14	0	0
3	740	40	6	0.0782473
4	980	17	0	0
11	48	19	0	0
12	266	53	11	2.02703
13	32	15	0	0
14	41	42	5	0.459632
Instant	5
1	1096	30	3	0
2	29	17	1	0
3	801	37	6	0.569801
4	877	16	0	0
11	49	19	1	0
12	285	51	10	0.919118
13	36	15	0	0
14	36	42	5	0.372689
Instant	6
1	1110	29	3	0.133547
2	14	17	0	0
3	747	38	5	0.393701
4	751	16	0	0
11	47	18	0	0
12	261	52	10	2.57353
13	32	15	0	0
14	32	40	5	0.234375
Instant	7
1	1071	28	2	0
2	16	17	0	0
3	714	38	6	0.0809061
4	738	16	0	0
11	47	19	0	0
12	270	53	8	1.35135
13	31	15	0	0
14	30	38	5	0.318471
Instant	8
1	1036	27	2	0.308989
2	39	18	0	0
3	713	39	5	0.648298
4	696	15	0	0
11	45	18	0	0
12	275	52	7	0.551471
13	31	15	0	0
14	29	38	5	0.224719
Instant	9
1	1003	30	3	0.0877193
2	35	16	0	0
3	692	41	6	0.127551
4	718	15	0	0
11	44	19	0	0
12	260	53	8	1.65441
13	30	15	0	0
14	29	38	5	0.382096
Instant	10
1	807	27	2	0.316456
2	8	17	0	0
3	799	36	5	0.538793
4	616	15	0	0
11	37	19	0	0
12	262	52	9	0.168919
13	35	15	0	0
14	25	39	5	0.453586
Instant	11
1	781	28	3	0.037594
2	14	19	0	0
3	700	39	6	0.531915
4	624	15	0	0
11	34	20	1	0
12	276	51	8	0.919118
13	31	15	0	0
14	25	38	5	0.345477
Instant	12
1	824	29	3	0.108853
2	44	15	0	0
3	681	38	6	0.42735
4	648	15	0	0
11	35	20	1	0
12	255	54	10	1.47059
13	30	15	0	0
14	26	39	5	0.332126
Instant	13
1	925	29	3	0
2	13	17	1	0
3	631	41	6	0.182482
4	601	15	0	0
11	41	18	0	0
12	253	50	7	1.6369
13	28	15	0	0
14	24	40	5	0.444878
Instant	14
1	894	29	2	0.292969
2	31	17	0	0
3	683	37	6	0.299145
4	555	15	0	0
11	39	18	0	0
12	285	50	7	2.38971
13	29	15	0	0
14	22	39	6	0.399624
Instant	15
1	923	29	3	0.064433
2	40	17	0	0
3	676	38	6	0.25729
4	563	15	0	0
11	40	19	1	0
12	270	53	7	1.65441
13	29	15	0	0
14	23	40	5	0.277008
Instant	16
1	869	28	2	0.131406
2	15	18	0	0
3	655	42	7	0.308099
4	559	15	0	0
11	39	18	0	0
12	241	47	11	3.37838
13	29	15	0	0
14	23	41	6	0.280112
Instant	17
1	880	28	3	0.402685
2	31	14	0	0
3	621	37	6	1.14679
4	545	15	0	0
11	38	19	0	0
12	276	51	10	1.28676
13	28	15	0	0
14	22	39	6	0.395115
Instant	18
1	725	30	2	0.237718
2	32	17	0	0
3	565	36	6	0.607287
4	523	15	0	0
11	32	19	0	0
12	255	54	9	1.28676
13	25	15	0	0
14	21	40	5	0.572139
Instant	19
1	743	26	2	0
2	19	16	0	0
3	528	34	3	0.802998
4	511	15	0	0
11	32	19	0	0
12	260	49	7	1.85811
13	23	15	0	0
14	20	40	5	0.535988
Instant	20
1	718	28	2	0.0840336
2	51	15	0	0
3	528	38	6	0.223214
4	525	15	0	0
11	30	18	0	0
12	262	51	9	1.47059
13	23	15	0	0
14	21	39	4	0.520833
Instant	21
1	692	27	1	0.0408497
2	36	19	0	0
3	554	36	5	0.0519751
4	557	15	0	0
11	31	18	0	0
12	264	52	8	2.02206
13	24	15	0	0
14	23	38	5	0.409644
Instant	22
1	691	28	2	0
2	2	18	1	0
3	565	34	5	0.311203
4	562	15	0	0
11	29	19	0	0
12	269	54	10	0.337838
13	24	15	0	0
14	23	40	6	0.31337
Instant	23
1	704	28	2	0
2	28	16	0	0
3	539	34	5	0.638298
4	528	15	0	0
11	30	19	0	0
12	272	50	10	1.83824
13	24	15	0	0
14	21	38	5	0.555556
Instant	24
1	714	28	2	0.411184
2	27	17	0	0
3	547	37	4	0.107296
4	494	15	0	0
11	31	18	0	0
12	253	50	8	1.47059
13	23	15	0	0
14	21	41	6	0.38299
Instant	25
1	636	29	2	0.458716
2	31	16	1	0
3	534	35	4	0.214592
4	517	15	0	0
11	28	18	1	0
12	255	53	10	1.4881
13	23	15	0	0
14	20	38	5	0.338855
Instant	26
1	618	30	2	0.046729
2	39	15	0	0
3	545	34	4	0.635593
4	489	15	0	0
11	27	19	1	0
12	271	49	10	3.49265
13	24	15	0	0
14	20	42	5	0.440705
Instant	27
1	648	27	1	0
2	51	15	0	0
3	544	37	4	0.0534188
4	492	15	0	0
11	28	19	1	0
12	262	55	9	4.59559
13	23	15	0	0
14	19	40	6	0.437202
Instant	28
1	588	29	3	0.584795
2	29	17	0	0
3	546	37	4	0.108225
4	503	15	0	0
11	26	19	0	0
12	269	54	8	0.520833
13	23	15	0	0
14	20	38	5	0.621118
Instant	29
1	658	27	1	0
2	40	16	0	0
3	574	34	6	0.200803
4	506	15	0	0
11	28	19	0	0
12	281	54	11	1.10294
13	25	15	0	0
14	21	40	6	0.309119
Instant	30
1	666	27	2	0
2	48	17	0	0
3	525	37	5	0.663717
4	484	15	0	0
11	28	19	0	0
12	266	52	10	1.83824
13	23	15	0	0
14	19	41	5	0.442834
Instant	31
1	632	27	1	0
2	42	16	0	0
3	627	34	4	0.0462963
4	561	15	0	0
11	27	20	1	0
12	261	50	9	1.35135
13	27	15	0	0
14	22	37	5	0.27933
Instant	32
1	613	30	1	0
2	20	15	0	0
3	600	34	4	0.619048
4	538	15	0	0
11	26	19	1	0
12	248	50	11	3.30882
13	27	15	0	0
14	23	37	5	0.362845
Instant	33
1	615	29	1	0
2	40	14	0	0
3	550	38	5	0.413223
4	526	15	0	0
11	26	20	1	0
12	234	51	8	5.14706
13	24	15	0	0
14	21	40	5	0.520059
Instant	34
1	641	28	1	0
2	23	16	0	0
3	573	37	6	1.13861
4	536	15	0	0
11	27	19	0	0
12	248	47	8	1.52027
13	25	15	0	0
14	22	39	5	0.182482
Instant	35
1	659	27	1	0
2	35	18	0	0
3	554	37	7	1.55936
4	558	15	0	0
11	28	18	0	0
12	268	48	7	2.57353
13	25	15	0	0
14	23	41	6	0.245442
Instant	36
1	665	26	1	0
2	30	15	0	0
3	546	36	5	0.472689
4	529	15	0	0
11	28	20	1	0
12	231	52	11	5.14706
13	24	15	0	0
14	21	38	6	0.639135
Instant	37
1	633	27	1	0
2	21	13	0	0
3	581	34	4	0
4	564	15	0	0
11	28	19	0	0
12	253	51	10	1.33929
13	24	15	0	0
14	23	39	5	0.439815
Instant	38
1	686	25	1	0
2	31	15	0	0
3	557	35	5	0
4	551	15	0	0
11	29	19	0	0
12	261	51	9	3.49265
13	24	15	0	0
14	22	40	6	0.389518
Instant	39
1	639	27	1	0
2	31	15	0	0
3	544	34	3	0.477707
4	534	15	0	0
11	28	19	0	0
12	258	56	9	4.59559
13	24	15	0	0
14	21	41	5	0.391007
Instant	40
1	655	27	2	0.268336
2	1	14	0	0
3	545	34	4	0.623701
4	513	15	0	0
11	28	19	0	0
12	255	51	7	2.53378
13	24	15	0	0
14	21	42	6	0.418569
Instant	41
1	657	28	1	0
2	17	17	0	0
3	525	36	6	0.605727
4	549	15	0	0
11	28	18	0	0
12	284	49	9	0.919118
13	23	15	0	0
14	22	39	5	0.332384
Instant	42
1	608	26	1	0
2	22	14	0	0
3	566	35	5	0.153061
4	567	15	0	0
11	27	19	1	0.387597
12	263	53	9	1.47059
13	25	15	0	0
14	23	40	5	0.264733
Instant	43
1	546	29	2	0.317797
2	37	15	0	0
3	502	38	6	0.636574
4	510	15	0	0
11	24	19	1	0
12	220	49	8	4.22297
13	22	15	0	0
14	20	38	6	0.561511
Instant	44
1	589	28	2	0.0514403
2	44	15	0	0
3	536	32	4	0.935551
4	502	15	0	0
11	24	20	1	0
12	289	55	10	0
13	24	15	0	0
14	20	41	5	0.377015
Instant	45
1	604	27	2	0
2	16	16	0	0
3	559	37	6	0.0530786
4	534	15	0	0
11	25	20	0	0
12	274	54	8	0.735294
13	24	15	0	0
14	22	38	5	0.426413
Instant	46
1	571	28	2	0
2	1	15	0	0
3	522	38	5	0.110132
4	532	15	0	0
11	25	20	1	0
12	259	51	9	1.35135
13	22	15	0	0
14	21	38	5	0.306373
Instant	47
1	578	27	1	0.301205
2	37	18	0	0
3	545	36	5	0.587607
4	513	15	0	0
11	25	20	1	0
12	267	51	9	2.02206
13	23	15	0	0
14	21	41	4	0.393801
Instant	48
1	586	28	2	0.1
2	29	18	0	0
3	545	35	5	0.366876
4	509	15	0	0
11	25	20	1	0
12	236	50	8	4.22794
13	24	15	0	0
14	20	41	5	0.5
Instant	49
1	599	27	1	0.0494071
2	38	18	0	0
3	545	36	5	0.481799
4	512	15	0	0
11	25	19	1	0
12	238	50	9	1.78571
13	23	15	0	0
14	21	41	6	0.267176
Instant	50
1	582	30	2	0
2	50	16	0	0
3	544	35	4	0.159574
4	573	15	0	0
11	25	18	1	0
12	256	53	7	3.86029
13	24	15	0	0
14	24	39	4	0.307798
Instant	51
1	606	27	1	0
2	9	14	0	0
3	557	35	4	0.21097
4	552	15	0	0
11	25	19	1	0
12	286	55	10	2.38971
13	24	15	0	0
14	22	39	6	0.35461
Instant	52
1	565	26	1	0.351406
2	18	16	0	0
3	532	37	5	0.328947
4	499	15	0	0
11	25	19	1	0
12	256	51	7	0.694444
13	23	15	0	0
14	20	40	5	0.612937
Instant	53
1	592	28	1	0
2	16	16	0	0
3	535	37	6	0.370763
4	540	15	0	0
11	25	19	0	0
12	262	52	9	3.30882
13	24	15	0	0
14	22	39	5	0.411224
Instant	54
1	603	26	1	0.288462
2	38	16	0	0
3	498	37	5	0.523256
4	532	15	0	0
11	26	19	1	0
12	247	55	10	2.02206
13	22	15	0	0
14	21	40	5	0.490196
Instant	55
1	592	28	1	0
2	22	15	0	0
3	560	39	6	0.313152
4	544	15	0	0
11	25	19	0	0
12	221	47	9	5.91216
13	24	15	0	0
14	21	37	5	0.538793
Instant	56
1	613	26	1	0
2	43	18	0	0
3	531	34	5	1.04822
4	530	15	0	0
11	26	20	1	0
12	266	52	10	2.02206
13	24	15	0	0
14	21	39	5	0.468442
Instant	57
1	606	28	2	0
2	24	17	0	0
3	570	36	5	0.052521
4	491	15	0	0
11	26	19	1	0
12	236	55	10	4.59559
13	24	15	0	0
14	19	41	5	0.398089
Instant	58
1	581	29	2	0.0492126
2	22	17	0	0
3	537	36	4	0.0536481
4	495	15	0	0
11	25	18	0	0
12	244	51	10	3.37838
13	23	15	0	0
14	20	40	5	0.512618
Instant	59
1	612	26	1	0
2	9	16	0	0
3	586	33	4	0.100806
4	526	15	0	0
11	26	20	0	0
12	246	47	8	1.65441
13	25	15	0	0
14	21	37	5	0.595238
Instant	60
1	586	27	1	0
2	25	16	0	0
3	505	35	5	1.1413
4	538	15	0	0
11	25	20	1	0
12	266	53	9	4.96324
13	23	15	0	0
14	21	36	5	0.510204
Instant	61
1	588	29	1	0
2	19	18	0	0
3	581	33	5	0.151822
4	535	15	0	0
11	25	19	1	0
12	276	52	9	0
13	25	15	0	0
14	22	39	5	0.255848
Instant	62
1	609	27	1	0
2	27	15	0	0
3	536	37	4	0.162338
4	493	15	0	0
11	26	19	0	0
12	298	53	11	1.47059
13	23	15	0	0
14	19	41	5	0.554675
Instant	63
1	593	27	2	0
2	29	14	0	0
3	547	33	4	0.421941
4	496	15	0	0
11	26	19	1	0
12	279	56	8	1.65441
13	24	15	0	0
14	20	40	6	0.485564
Instant	64
1	612	28	2	0
2	13	16	0	0
3	526	37	6	0.543478
4	542	15	0	0
11	25	18	0	0
12	243	50	8	3.04054
13	23	15	0	0
14	22	38	5	0.433526
Instant	65
1	567	27	2	0.448207
2	17	14	0	0
3	561	35	4	0.052521
4	522	15	0	0
11	25	19	0	0
12	280	52	8	1.47059
13	24	15	0	0
14	21	38	5	0.435974
Instant	66
1	617	27	2	0
2	11	17	0	0
3	558	37	5	0.462963
4	500	15	0	0
11	26	19	0	0
12	276	52	9	1.65441
13	25	15	0	0
14	20	38	5	0.545171
Instant	67
1	610	27	2	0
2	15	15	0	0
3	479	39	7	0.884434
4	515	15	0	0
11	27	19	0	0
12	229	49	7	3.5473
13	21	15	0	0
14	21	41	5	0.482724
Instant	68
1	585	29	1	0
2	53	17	0	0
3	544	37	5	0.431034
4	500	15	0	0
11	25	19	0	0
12	283	51	8	0
13	23	15	0	0
14	20	41	6	0.221354
Instant	69
1	585	27	1	0
2	39	16	0	0
3	539	37	5	0.0545852
4	482	15	0	0
11	25	20	1	0
12	252	48	8	2.94118
13	23	15	0	0
14	19	40	6	0.569106
Instant	70
1	596	28	1	0
2	20	13	0	0
3	555	36	5	0
4	505	15	0	0
11	26	18	1	0
12	276	55	9	0.168919
13	24	15	0	0
14	21	40	6	0.309119
Instant	71
1	604	29	2	0
2	40	15	0	0
3	586	33	4	0.34585
4	498	15	0	0
11	26	18	0	0
12	255	48	8	3.30882
13	25	15	0	0
14	19	39	6	0.66719
Instant	72
1	620	26	1	0
2	19	15	0	0
3	546	36	5	0.0534188
4	490	15	0	0
11	27	18	0	0
12	252	49	10	1.89394
13	24	15	0	0
14	20	39	5	0.438596
Instant	73
1	598	28	2	0
2	40	16	0	0
3	532	38	6	0.326087
4	511	15	0	0
11	25	19	1	0
12	235	49	7	1.98171
13	23	15	0	0
14	21	38	6	0.344037
Instant	74
1	552	27	2	0
2	38	14	0	0
3	522	37	5	0.280269
4	493	15	0	0
11	25	19	1	0
12	280	49	7	1.83824
13	22	15	0	0
14	19	37	5	0.568783
Instant	75
1	562	29	2	0.575314
2	53	16	0	0
3	563	35	4	0.3125
4	510	15	0	0
11	24	18	0	0
12	290	57	7	1.13636
13	24	15	0	0
14	20	36	5	0.433895
Instant	76
1	606	27	1	0
2	25	15	0	0
3	559	34	3	0.153689
4	489	15	0	0
11	27	18	1	0
12	272	55	9	0
13	24	15	0	0
14	19	41	6	0.520833
Instant	77
1	608	27	1	0.0976562
2	9	14	0	0
3	520	36	5	0.444444
4	498	15	0	0
11	26	18	0	0
12	276	48	9	1.75781
13	23	15	0	0
14	20	38	6	0.549451
Instant	78
1	606	28	2	0
2	24	17	0	0
3	546	36	5	0.531915
4	478	15	0	0
11	26	19	1	0
12	250	49	10	2.34375
13	24	15	0	0
14	19	40	5	0.531046
Instant	79
1	613	27	1	0
2	25	18	0	0
3	538	36	4	0.213675
4	497	15	0	0
11	26	19	1	0
12	272	51	8	1.01351
13	24	15	0	0
14	20	37	5	0.563417
Instant	80
1	589	27	2	0
2	10	15	0	0
3	538	38	6	0.221239
4	518	15	0	0
11	25	20	1	0
12	230	44	7	5.11364
13	22	15	0	0
14	21	38	5	0.365055
Instant	81
1	592	28	1	0
2	24	14	0	0
3	533	37	5	0.215054
4	506	15	0	0
11	26	18	0	0
12	245	53	11	2.84091
13	23	15	0	0
14	20	37	5	0.475823
Instant	82
1	598	27	1	0.0496032
2	29	15	0	0
3	543	36	6	0.479744
4	487	15	0	0
11	25	19	1	0
12	251	49	10	1.96429
13	23	15	0	0
14	19	40	4	0.644122
Instant	83
1	613	27	1	0
2	39	15	0	0
3	565	35	4	0
4	486	15	0	0
11	26	19	1	0
12	292	51	8	0
13	24	15	0	0
14	19	40	5	0.535045
Instant	84
1	591	28	1	0.0490196
2	33	14	0	0
3	548	35	5	0.529661
4	518	15	0	0
11	26	19	1	0
12	265	52	7	0.568182
13	24	15	0	0
14	21	37	5	0.568182
Instant	85
1	561	29	2	0.309917
2	21	15	0	0
3	515	37	7	0.665188
4	498	15	0	0
11	24	19	0	0
12	238	51	10	3.20513
13	23	15	0	0
14	20	40	5	0.405547
Instant	86
1	622	26	1	0
2	12	18	0	0
3	566	36	5	0
4	510	15	0	0
11	27	19	1	0
12	248	52	10	4.96324
13	24	15	0	0
14	21	40	6	0.32002
Instant	87
1	590	28	2	0
2	26	17	0	0
3	551	33	3	0.464876
4	500	15	0	0
11	26	19	0	0
12	282	55	7	2.38971
13	24	15	0	0
14	20	40	7	0.53469
Instant	88
1	599	29	2	0
2	30	18	0	0
3	520	37	6	0.616592
4	484	15	0	0
11	25	18	0	0
12	262	51	8	0
13	23	15	0	0
14	19	40	6	0.551966
Instant	89
1	599	27	1	0
2	32	16	0	0
3	547	35	4	0.210084
4	498	15	0	0
11	26	19	1	0
12	283	51	11	1.65441
13	24	15	0	0
14	20	40	6	0.31348
Instant	90
1	606	27	1	0
2	45	15	0	0
3	541	36	3	0.160944
4	511	15	0	0
11	26	19	0	0
12	250	50	9	0.585938
13	24	15	0	0
14	20	41	5	0.548749
Instant	91
1	615	27	2	0
2	35	15	0	0
3	540	36	4	0.373932
4	486	15	0	0
11	26	18	0	0
12	263	54	8	1.35135
13	23	15	0	0
14	19	40	6	0.520833
Instant	92
1	551	27	2	0.366876
2	27	15	0	0
3	534	37	6	0.32967
4	520	15	0	0
11	24	19	1	0
12	260	52	12	3.2197
13	23	15	0	0
14	21	39	5	0.351406
Instant	93
1	620	27	1	0
2	15	15	0	0
3	567	35	4	0.0511247
4	527	15	0	0
11	27	18	1	0
12	244	50	10	2.65152
13	24	15	0	0
14	21	41	6	0.408618
Instant	94
1	592	27	1	0
2	20	16	2	0
3	547	35	3	0.215517
4	528	15	0	0
11	25	20	1	0
12	224	50	9	4.22297
13	23	15	0	0
14	21	39	5	0.55638
Instant	95
1	588	29	2	0
2	25	18	0	0
3	560	36	5	0.249501
4	504	15	0	0
11	24	19	1	0
12	259	50	10	2.20588
13	25	15	0	0
14	20	41	5	0.425697
Instant	96
1	614	26	1	0
2	15	14	1	0
3	600	35	5	1.37833
4	521	15	0	0
11	27	19	1	0
12	257	53	9	1.83824
13	26	15	0	0
14	22	41	6	0.225564
Instant	97
1	627	26	1	0
2	36	16	0	0
3	671	38	6	0.216263
4	509	15	0	0
11	27	18	0	0
12	254	54	9	1.06707
13	29	15	0	0
14	20	39	6	0.588838
Instant	98
1	592	29	2	0
2	26	17	0	0
3	623	36	6	0.688073
4	488	15	0	0
11	26	18	0	0
12	268	54	9	3.125
13	28	15	0	0
14	20	41	6	0.32
Instant	99
1	613	27	1	0
2	15	14	0	0
3	593	38	6	0.392157
4	498	15	0	0
11	26	19	0	0
12	267	53	8	3.49265
13	26	15	0	0
14	20	39	6	0.444793
Instant	100
1	592	28	1	0
2	8	15	0	0
3	560	34	5	0.518672
4	505	15	0	0
11	25	19	1	0
12	230	53	10	4.39189
13	24	15	0	0
14	19	39	5	0.555556
Instant	101
1	591	27	1	0.294118
2	16	17	0	0
3	521	38	5	0.27533
4	501	15	0	0
11	26	18	0	0
12	258	52	10	2.57353
13	23	15	0	0
14	20	40	5	0.50702
Instant	102
1	530	28	2	0.0533049
2	13	14	0	0
3	530	34	4	0.801282
4	498	15	0	0
11	24	19	1	0
12	250	51	9	2.94118
13	23	15	0	0
14	19	40	6	0.433071
Instant	103
1	589	28	2	0.295276
2	14	15	0	0
3	538	35	4	0.323276
4	506	15	0	0
11	26	19	0	0
12	250	56	11	2.87162
13	23	15	0	0
14	21	41	7	0.309119
Instant	104
1	599	29	1	0
2	7	15	0	0
3	544	36	4	0.217865
4	486	15	0	0
11	25	18	0	0
12	292	51	7	0.183824
13	23	15	0	0
14	19	40	7	0.483092
Instant	105
1	571	28	1	0
2	18	16	0	0
3	565	35	5	0.0517598
4	497	15	0	0
11	24	20	1	0
12	270	51	7	0
13	24	15	0	0
14	20	37	5	0.551181
Instant	106
1	585	29	1	0
2	10	13	0	0
3	552	34	4	0.313152
4	485	15	0	0
11	25	19	0	0
12	251	58	9	2.19595
13	24	15	0	0
14	19	40	6	0.482315
Instant	107
1	606	26	1	0
2	26	16	0	0
3	532	34	5	0.538793
4	480	15	0	0
11	26	20	1	0
12	290	54	9	0
13	23	15	0	0
14	19	41	7	0.583605
Instant	108
1	613	27	1	0
2	32	18	0	0
3	500	38	6	1.02041
4	508	15	0	0
11	26	18	0	0
12	243	49	9	2.57353
13	22	15	0	0
14	20	40	6	0.269646
Instant	109
1	620	26	1	0
2	36	17	0	0
3	553	34	4	0.412371
4	485	15	0	0
11	27	19	1	0
12	217	51	9	4.01786
13	25	15	0	0
14	19	40	6	0.361736
Instant	110
1	599	26	1	0
2	21	16	0	0
3	540	36	5	0.161987
4	492	15	0	0
11	26	20	1	0
12	286	49	8	2.53906
13	23	15	0	0
14	20	38	5	0.503445
Instant	111
1	580	28	2	0
2	18	16	0	0
3	553	38	5	0.0526316
4	506	15	0	0
11	25	20	1	0
12	270	51	7	1.47059
13	24	15	0	0
14	20	39	5	0.348297
Instant	112
1	592	27	2	0
2	31	17	0	0
3	625	35	5	0.746269
4	511	15	0	0
11	25	18	0	0
12	253	50	9	2.19595
13	27	15	0	0
14	20	39	5	0.421133
Instant	113
1	592	27	1	0.298211
2	36	15	0	0
3	636	37	5	0.361664
4	475	15	0	0
11	25	19	1	0
12	262	53	9	2.38971
13	28	15	0	0
14	19	42	6	0.576606
Instant	114
1	586	28	2	0
2	30	16	0	0
3	493	35	5	1.55556
4	467	15	0	0
11	26	19	1	0
12	241	53	9	3.49265
13	23	15	0	0
14	18	42	6	0.598219
Instant	115
1	617	26	1	0
2	32	15	0	0
3	599	37	5	0.194932
4	492	15	0	0
11	26	18	0	0
12	264	53	7	0.675676
13	26	15	0	0
14	20	42	6	0.265393
Instant	116
1	606	28	1	0
2	24	16	0	0
3	554	39	6	0.156904
4	532	15	0	0
11	26	19	1	0
12	293	49	10	1.10294
13	24	15	0	0
14	22	38	5	0.147059
Instant	117
1	613	27	1	0
2	27	15	0	0
3	551	34	5	0.466805
4	502	15	0	0
11	26	18	0	0
12	232	51	9	2.20588
13	24	15	0	0
14	20	43	5	0.311042
Instant	118
1	592	27	1	0
2	37	16	0	0
3	572	36	5	0.155602
4	517	15	0	0
11	25	20	1	0
12	232	50	9	5.23649
13	24	15	0	0
14	20	38	5	0.619626
Instant	119
1	592	28	1	0
2	15	17	0	0
3	521	37	5	0.443459
4	483	15	0	0
11	25	19	0	0
12	276	50	8	1.47059
13	23	15	0	0
14	19	41	6	0.605816
