	T	D	J	LP
Instant	0
1	0	0	0	0
2	0	0	0	0
3	0	0	0	0
4	0	0	0	0
11	0	0	0	0
12	0	0	0	0
13	0	0	0	0
14	0	0	0	0
Instant	1
1	263	31	2	0
2	14	16	0	0
3	193	40	6	0
4	179	16	0	0
11	11	19	1	0
12	138	55	10	0
13	8	15	0	0
14	6	41	9	0.342936
Instant	2
1	996	30	3	0.853242
2	25	15	0	0
3	730	41	7	1.72546
4	1238	17	0	0
11	45	19	1	0
12	298	53	9	1.47059
13	33	15	0	0
14	51	43	4	0.458571
Instant	3
1	1170	27	2	0.684932
2	43	16	0	0
3	871	37	6	0.166223
4	1128	17	0	0
11	53	19	1	0
12	318	60	11	1.47059
13	38	15	0	0
14	44	42	4	0.550151
Instant	4
1	1033	26	2	0.546605
2	23	16	0	0
3	653	42	6	1.66099
4	840	16	0	0
11	44	19	1	0
12	273	53	10	1.01351
13	30	15	0	0
14	33	43	4	0.760397
Instant	5
1	854	28	2	0.594452
2	17	15	0	0
3	648	39	7	0.752212
4	702	15	0	0
11	39	19	1	0
12	278	48	10	2.94118
13	29	15	0	0
14	29	41	5	0.80825
Instant	6
1	769	28	3	0.777778
2	31	17	0	0
3	593	35	4	1.17261
4	575	15	0	0
11	34	19	1	0
12	266	57	12	1.65441
13	27	15	0	0
14	22	42	5	0.522253
Instant	7
1	746	28	2	0.0390625
2	32	17	0	0
3	687	36	5	1.09223
4	445	15	0	0
11	32	19	1	0
12	258	55	11	1.52027
13	31	15	0	0
14	17	47	7	0.804094
Instant	8
1	675	28	1	0
2	38	16	0	0
3	596	39	6	1.54784
4	430	15	0	0
11	29	19	0	0
12	267	53	9	2.02206
13	27	15	0	0
14	16	43	7	0.80303
Instant	9
1	622	27	2	0.409091
2	26	18	0	0
3	652	35	5	0.176991
4	448	15	0	0
11	28	19	1	0
12	255	54	10	2.02206
13	28	15	0	0
14	18	43	8	0.524476
Instant	10
1	683	26	1	0
2	20	16	0	0
3	539	38	6	1.34576
4	419	15	0	0
11	29	18	0	0
12	252	53	11	1.85811
13	25	15	0	0
14	16	43	7	0.79291
Instant	11
1	645	26	1	0.268336
2	23	18	0	0
3	532	35	4	1.07759
4	426	15	0	0
11	28	19	0	0
12	254	53	10	2.57353
13	23	15	0	0
14	17	44	7	0.638686
Instant	12
1	694	25	1	0
2	21	16	0	0
3	591	39	6	0.144509
4	404	15	0	0
11	31	20	1	0
12	251	55	10	2.38971
13	26	15	0	0
14	15	42	7	0.710594
Instant	13
1	685	26	1	0
2	27	18	0	0
3	619	36	4	0.381679
4	438	15	0	0
11	28	19	0	0
12	259	53	9	1.33929
13	27	15	0	0
14	16	43	6	0.787285
Instant	14
1	684	27	1	0
2	22	16	0	0
3	593	33	4	0.535019
4	419	15	0	0
11	30	18	0	0
12	287	52	8	1.83824
13	26	15	0	0
14	16	44	7	0.778816
Instant	15
1	671	27	1	0
2	15	16	0	0
3	513	37	4	0.44843
4	433	15	0	0
11	29	19	1	0
12	276	56	9	2.20588
13	22	15	0	0
14	17	42	6	0.720721
Instant	16
1	659	27	1	0
2	19	16	0	0
3	519	38	5	0.501114
4	442	15	0	0
11	28	19	1	0
12	240	54	10	3.04054
13	23	15	0	0
14	17	43	6	0.576241
Instant	17
1	713	26	1	0.0409836
2	20	17	0	0
3	565	34	3	0.152749
4	403	15	0	0
11	31	18	0	0
12	259	52	10	1.83824
13	24	15	0	0
14	15	44	7	0.936692
Instant	18
1	722	26	1	0
2	34	13	0	0
3	561	36	4	0.210084
4	458	15	0	0
11	31	18	0	0
12	257	54	10	2.75735
13	24	15	0	0
14	18	41	6	0.455063
Instant	19
1	581	26	1	0.55668
2	29	16	0	0
3	516	36	5	0.769231
4	446	15	0	0
11	25	19	1	0
12	228	50	9	3.71622
13	23	15	0	0
14	18	44	6	0.482456
Instant	20
1	627	25	1	0
2	22	15	0	0
3	517	37	5	0.445434
4	446	15	0	0
11	27	19	1	0
12	268	57	9	2.75735
13	22	15	0	0
14	17	42	6	0.656743
Instant	21
1	627	25	1	0
2	4	13	0	0
3	554	32	4	0.564682
4	416	15	0	0
11	27	19	0	0
12	260	55	10	2.02206
13	24	15	0	0
14	16	45	6	0.797373
Instant	22
1	612	27	1	0.0484496
2	20	15	0	0
3	559	36	4	0.2079
4	422	15	0	0
11	26	19	1	0
12	220	54	9	4.56081
13	24	15	0	0
14	16	43	7	0.648148
Instant	23
1	586	27	1	0.303644
2	18	15	0	0
3	559	33	3	0.367647
4	425	15	0	0
11	25	19	1	0
12	250	55	9	3.49265
13	24	15	0	0
14	16	41	6	0.827206
Instant	24
1	575	29	1	0.0510204
2	7	15	0	0
3	542	34	3	0.474684
4	449	15	0	0
11	25	19	1	0
12	224	54	10	4.59559
13	24	15	0	0
14	17	43	6	0.740418
Instant	25
1	595	27	2	0
2	24	16	0	0
3	508	38	5	0.511364
4	437	15	0	0
11	26	19	1	0
12	250	56	10	2.08333
13	22	15	0	0
14	17	43	7	0.742721
Instant	26
1	607	26	1	0
2	22	15	1	0
3	469	39	5	0.968523
4	457	15	0	0
11	26	20	1	0
12	290	58	13	1.10294
13	21	15	0	0
14	18	43	6	0.385274
Instant	27
1	595	28	2	0.0984252
2	23	17	0	0
3	511	36	3	0.712719
4	484	15	0	0
11	25	18	1	0
12	264	56	8	2.02206
13	23	15	0	0
14	19	41	6	0.323625
Instant	28
1	605	27	1	0
2	25	14	0	0
3	532	35	5	0.493421
4	429	15	0	0
11	26	19	1	0
12	238	52	8	5.03472
13	23	15	0	0
14	16	44	6	0.789314
Instant	29
1	628	26	1	0
2	18	16	0	0
3	557	34	3	0.563525
4	401	15	0	0
11	27	19	1	0
12	254	51	10	3.125
13	25	15	0	0
14	16	46	9	0.664721
Instant	30
1	600	25	1	0.288462
2	22	16	0	0
3	531	37	4	0.163043
4	442	15	0	0
11	26	20	1	0
12	237	55	12	5.69853
13	23	15	0	0
14	17	43	6	0.576241
Instant	31
1	620	27	2	0
2	38	16	0	0
3	541	35	5	0.80819
4	442	15	0	0
11	26	19	0	0
12	231	50	11	4.22297
13	23	15	0	0
14	17	42	6	0.575221
Instant	32
1	613	26	1	0
2	33	17	0	0
3	543	34	3	0.771605
4	421	15	0	0
11	26	19	1	0
12	279	53	9	1.83824
13	24	15	0	0
14	16	45	6	0.616143
Instant	33
1	592	28	2	0.0488281
2	20	14	1	0
3	620	33	4	0.549451
4	426	15	0	0
11	26	18	0	0
12	237	52	11	3.49265
13	27	15	0	0
14	17	43	8	0.672783
Instant	34
1	614	27	1	0
2	38	14	0	0
3	552	38	5	0.364583
4	412	15	0	0
11	26	19	1	0
12	246	55	11	2.87162
13	24	15	0	0
14	16	46	7	0.474383
Instant	35
1	620	25	1	0
2	32	15	0	0
3	631	34	4	0.3663
4	430	15	0	0
11	27	20	1	0
12	238	53	11	3.86029
13	28	15	0	0
14	17	41	7	0.679348
Instant	36
1	606	26	2	0.0976562
2	19	16	0	0
3	474	36	3	1.70588
4	421	15	0	0
11	26	20	1	0
12	216	56	10	4.59559
13	21	15	0	0
14	17	45	7	0.602968
Instant	37
1	606	26	1	0
2	29	17	0	0
3	527	35	4	0.650759
4	419	15	0	0
11	26	19	1	0
12	261	57	10	2.52976
13	23	15	0	0
14	16	44	7	0.623053
Instant	38
1	620	27	1	0
2	33	16	0	0
3	466	36	5	1.78147
4	431	15	0	0
11	26	18	0	0
12	257	53	10	4.59559
13	21	15	0	0
14	17	43	6	0.574713
Instant	39
1	606	26	1	0
2	18	14	0	0
3	580	33	4	0.298805
4	451	15	0	0
11	26	20	1	0
12	234	55	14	6.43382
13	25	15	0	0
14	18	43	6	0.433276
Instant	40
1	612	27	1	0.0490196
2	35	15	0	0
3	490	38	5	0.473934
4	428	15	0	0
11	26	19	1	0
12	245	54	10	2.87162
13	21	15	0	0
14	16	45	7	0.670323
Instant	41
1	612	26	1	0.0468165
2	15	15	0	0
3	555	35	5	0.369198
4	420	15	0	0
11	27	19	1	0
12	288	54	9	1.65441
13	24	15	0	0
14	16	44	6	0.929368
Instant	42
1	599	26	1	0
2	23	16	0	0
3	557	34	4	0.55332
4	435	15	0	0
11	26	20	1	0
12	209	59	11	4.41176
13	25	15	0	0
14	17	45	7	0.495495
Instant	43
1	598	29	2	0.0496032
2	34	14	0	0
3	499	36	4	1.082
4	405	15	0	0
11	25	18	0	0
12	255	56	12	4.22297
13	22	15	0	0
14	15	45	7	0.913462
Instant	44
1	613	26	1	0
2	13	15	0	0
3	456	36	4	1.41509
4	438	15	0	0
11	25	20	1	0
12	276	55	9	1.47059
13	21	15	0	0
14	17	42	6	0.760286
Instant	45
1	627	25	1	0
2	14	17	0	0
3	524	39	5	0.451467
4	449	15	0	0
11	27	19	0	0
12	264	57	9	1.83824
13	22	15	0	0
14	17	42	7	0.521739
Instant	46
1	602	27	1	0
2	26	15	0	0
3	567	35	4	0.0519751
4	424	15	0	0
11	25	19	1	0
12	263	55	10	1.18243
13	24	15	0	0
14	16	43	6	0.765931
Instant	47
1	621	25	1	0
2	18	13	0	0
3	520	35	3	0.656455
4	429	15	0	0
11	27	19	1	0
12	262	54	12	3.30882
13	23	15	0	0
14	16	43	7	0.652702
Instant	48
1	617	25	1	0.284091
2	4	16	1	0
3	540	37	6	0.488069
4	428	15	0	0
11	26	18	0	0
12	247	53	11	2.57353
13	23	15	0	0
14	17	45	7	0.625763
Instant	49
1	629	26	1	0
2	22	14	0	0
3	508	36	4	0.48913
4	437	15	0	0
11	27	19	1	0
12	219	52	11	3.125
13	23	15	0	0
14	17	42	6	0.773809
Instant	50
1	627	25	0	0
2	25	15	0	0
3	570	35	3	0.459184
4	435	15	0	0
11	27	19	0	0
12	238	47	10	7.16912
13	25	15	0	0
14	16	43	7	0.73178
Instant	51
1	627	26	1	0
2	19	14	0	0
3	618	34	4	0.560748
4	446	15	0	0
11	27	18	0	0
12	277	61	11	1.28676
13	27	15	0	0
14	17	43	6	0.745614
Instant	52
1	620	26	1	0
2	19	16	0	0
3	570	36	4	0.406504
4	454	15	0	0
11	26	19	1	0
12	229	55	9	4.86111
13	25	15	0	0
14	18	41	6	0.689655
Instant	53
1	615	26	1	0
2	22	16	0	0
3	561	36	6	1.00604
4	443	15	0	0
11	26	18	0	0
12	256	53	13	3.125
13	25	15	0	0
14	17	45	7	0.674883
Instant	54
1	514	27	2	0.71116
2	30	17	0	0
3	554	39	5	0.621118
4	475	15	0	0
11	23	20	0	0
12	225	55	11	4.41176
13	25	15	0	0
14	19	44	6	0.480505
Instant	55
1	625	27	1	0
2	20	15	0	0
3	609	33	3	0.505515
4	472	15	0	0
11	27	19	1	0
12	242	54	11	5.23649
13	27	15	0	0
14	18	44	6	0.621891
Instant	56
1	630	26	1	0.511152
2	24	14	0	0
3	645	35	4	0.588768
4	466	15	0	0
11	27	18	0	0
12	278	55	12	1.83824
13	28	15	0	0
14	19	43	7	0.446678
Instant	57
1	668	26	1	0.560345
2	13	14	0	0
3	580	36	4	0.40568
4	432	15	0	0
11	29	20	1	0
12	232	51	8	3.125
13	25	15	0	0
14	16	44	6	0.695705
Instant	58
1	781	25	1	0
2	25	16	0	0
3	525	36	3	0.106838
4	415	15	0	0
11	34	19	1	0
12	234	55	7	4.72973
13	23	15	0	0
14	16	45	7	0.690521
Instant	59
1	667	26	1	0.638842
2	47	17	0	0
3	541	35	5	1.01064
4	433	15	0	0
11	30	19	0	0
12	231	51	9	1.83824
13	23	15	0	0
14	17	46	7	0.630631
Instant	60
1	715	25	1	0.53542
2	46	17	0	0
3	393	32	4	2.05479
4	426	15	0	0
11	31	18	0	0
12	256	53	10	7.35294
13	18	15	0	0
14	16	44	7	0.597426
Instant	61
1	618	25	1	0.377358
2	23	14	0	0
3	618	36	4	0.18622
4	433	15	0	0
11	27	19	0	0
12	261	57	12	1.4881
13	27	15	0	0
14	17	42	6	0.750751
Instant	62
1	572	27	2	0.299401
2	18	17	0	0
3	648	36	5	0.539568
4	432	15	0	0
11	25	19	1	0
12	273	54	11	3.49265
13	28	15	0	0
14	17	44	8	0.406872
Instant	63
1	627	26	2	0
2	20	17	0	0
3	633	35	4	0.228938
4	445	15	0	0
11	26	19	1	0
12	290	58	10	1.65441
13	28	15	0	0
14	17	41	6	0.984715
Instant	64
1	613	26	1	0
2	22	16	0	0
3	567	36	6	0.60241
4	430	15	0	0
11	26	19	1	0
12	235	52	11	4.39189
13	25	15	0	0
14	17	43	7	0.635209
Instant	65
1	594	28	1	0.0972763
2	23	15	0	0
3	479	36	4	1.0119
4	437	15	0	0
11	26	19	0	0
12	278	56	11	2.75735
13	21	15	0	0
14	17	45	7	0.401786
Instant	66
1	606	27	1	0
2	17	17	0	0
3	551	33	4	0.720165
4	429	15	0	0
11	26	18	0	0
12	251	58	12	2.02206
13	24	15	0	0
14	16	46	6	0.774135
Instant	67
1	626	26	1	0.0468165
2	6	19	0	0
3	544	35	4	0.377155
4	440	15	0	0
11	27	18	0	0
12	262	56	10	1.52027
13	23	15	0	0
14	17	43	7	0.607948
Instant	68
1	599	27	1	0
2	24	16	0	0
3	541	35	5	0.685654
4	411	15	0	0
11	26	19	1	0
12	219	50	13	6.44531
13	24	15	0	0
14	15	42	8	0.887199
Instant	69
1	634	24	1	0
2	24	15	0	0
3	531	37	5	0.219298
4	442	15	0	0
11	27	19	1	0
12	239	57	13	4.41176
13	23	15	0	0
14	18	43	6	0.382803
Instant	70
1	548	26	2	0.634249
2	31	14	0	0
3	454	38	5	1.64634
4	446	15	0	0
11	24	20	0	0
12	261	56	12	1.52027
13	21	15	0	0
14	17	43	6	0.702988
Instant	71
1	621	25	1	0
2	28	17	0	0
3	508	36	4	0.504484
4	432	15	0	0
11	27	20	0	0
12	264	53	9	2.94118
13	22	15	0	0
14	17	44	7	0.617842
Instant	72
1	574	28	2	0
2	2	15	1	0
3	572	34	3	0.102459
4	414	15	0	0
11	24	20	1	0
12	230	51	10	4.92424
13	25	15	0	0
14	16	43	7	0.627746
Instant	73
1	641	25	1	0.0462963
2	24	15	0	0
3	554	35	5	0.154959
4	431	15	0	0
11	27	18	0	0
12	233	53	10	1.98171
13	24	15	0	0
14	16	43	7	0.542495
Instant	74
1	629	25	1	0
2	25	16	0	0
3	546	37	4	0.108696
4	409	15	0	0
11	27	19	1	0
12	255	54	11	4.04412
13	23	15	0	0
14	15	43	7	0.862069
Instant	75
1	625	25	1	0
2	19	17	0	0
3	491	38	6	0.904977
4	433	15	0	0
11	27	19	1	0
12	260	56	10	6.06061
13	22	15	0	0
14	17	45	7	0.632911
Instant	76
1	613	26	1	0
2	45	15	0	0
3	575	34	3	0.15625
4	420	15	0	0
11	26	19	1	0
12	249	50	11	1.90972
13	24	15	0	0
14	16	44	8	0.605214
Instant	77
1	586	25	1	0.290135
2	27	15	0	0
3	552	36	4	0.363071
4	411	15	0	0
11	26	18	0	0
12	267	49	12	2.73438
13	24	15	0	0
14	16	43	7	0.648324
Instant	78
1	627	26	1	0
2	23	17	0	0
3	528	33	4	0.691489
4	436	15	0	0
11	27	19	0	0
12	265	55	9	1.75781
13	24	15	0	0
14	17	45	7	0.55158
Instant	79
1	634	26	1	0
2	12	15	1	0
3	554	35	3	0.369198
4	399	15	0	0
11	26	18	0	0
12	235	51	8	3.37838
13	24	15	0	0
14	15	44	6	0.945858
Instant	80
1	594	25	2	0.525813
2	33	15	0	0
3	526	36	4	0.493421
4	435	15	0	0
11	26	18	0	0
12	267	55	12	1.32576
13	23	15	0	0
14	17	42	7	0.705706
Instant	81
1	605	26	1	0
2	45	17	0	0
3	543	34	3	0.527426
4	442	15	0	0
11	25	20	1	0
12	240	55	11	3.78788
13	24	15	0	0
14	17	45	7	0.39823
Instant	82
1	613	25	1	0
2	38	18	0	0
3	573	34	3	0
4	415	15	0	0
11	27	19	1	0
12	219	50	11	3.92857
13	24	15	0	0
14	16	43	7	0.68793
Instant	83
1	612	26	1	0
2	25	15	0	0
3	554	34	3	0.3125
4	399	15	0	0
11	26	20	1	0
12	242	54	11	4.54545
13	24	15	0	0
14	15	45	7	0.652316
Instant	84
1	642	25	1	0
2	38	15	0	0
3	580	35	4	0.103306
4	446	15	0	0
11	27	19	0	0
12	235	52	9	3.0303
13	24	15	0	0
14	17	44	7	0.524476
Instant	85
1	527	26	1	0.967742
2	23	16	0	0
3	576	32	3	0.302419
4	442	15	0	0
11	23	20	1	0
12	236	51	11	4.16667
13	25	15	0	0
14	17	42	6	0.721437
Instant	86
1	621	26	1	0
2	27	16	0	0
3	551	35	4	0.156904
4	427	15	0	0
11	26	18	1	0
12	288	53	8	1.28676
13	24	15	0	0
14	16	44	7	0.717338
Instant	87
1	620	25	1	0
2	30	18	0	0
3	528	38	4	0.386313
4	420	15	0	0
11	27	19	0	0
12	255	55	7	4.22794
13	23	15	0	0
14	16	46	7	0.620732
Instant	88
1	634	25	1	0
2	25	17	1	0
3	481	35	5	1.373
4	431	15	0	0
11	27	19	0	0
12	225	51	10	4.22297
13	22	15	0	0
14	16	43	6	0.724638
Instant	89
1	606	27	1	0
2	21	16	0	0
3	460	35	5	1.20192
4	442	15	0	0
11	26	18	0	0
12	255	54	11	3.30882
13	21	15	0	0
14	17	43	7	0.661376
Instant	90
1	634	25	1	0
2	0	13	2	0
3	541	37	5	0.272331
4	428	15	0	0
11	27	20	1	0
12	178	54	9	6.64062
13	23	15	0	0
14	16	41	6	0.881995
Instant	91
1	599	27	1	0
2	18	13	0	0
3	515	35	3	0.436681
4	425	15	0	0
11	26	19	0	0
12	226	57	11	6.25
13	23	15	0	0
14	16	41	6	0.966851
Instant	92
1	627	25	1	0
2	14	14	0	0
3	492	39	5	0.752315
4	425	15	0	0
11	26	20	1	0
12	276	54	11	1.13636
13	22	15	0	0
14	16	42	7	0.689338
Instant	93
1	606	27	1	0
2	31	15	0	0
3	514	35	4	0.936123
4	437	15	0	0
11	26	19	1	0
12	225	53	12	4.35606
13	23	15	0	0
14	17	44	7	0.5227
Instant	94
1	594	28	1	0
2	12	16	0	0
3	539	36	3	0.323974
4	424	15	0	0
11	25	19	1	0
12	237	54	9	2.7027
13	23	15	0	0
14	16	44	7	0.62922
Instant	95
1	606	25	1	0
2	23	14	0	0
3	574	34	4	0.40568
4	456	15	0	0
11	26	20	1	0
12	259	54	9	2.94118
13	25	15	0	0
14	18	41	6	0.71347
Instant	96
1	627	24	1	0.280899
2	22	15	0	0
3	536	37	4	0.214133
4	416	15	0	0
11	27	19	1	0
12	238	56	13	2.75735
13	24	15	0	0
14	16	44	7	0.625391
Instant	97
1	626	26	1	0.0462963
2	35	16	0	0
3	545	34	5	0.684211
4	423	15	0	0
11	27	18	0	0
12	226	53	13	3.96341
13	24	15	0	0
14	16	44	7	0.662354
Instant	98
1	627	26	1	0
2	8	14	0	0
3	651	35	4	0.134168
4	418	15	0	0
11	26	18	0	0
12	250	52	11	4.96324
13	28	15	0	0
14	17	46	7	0.514981
Instant	99
1	588	26	2	0.589391
2	18	16	0	0
3	596	34	5	0.959693
4	456	15	0	0
11	26	19	0	0
12	268	62	12	3.125
13	26	15	0	0
14	17	42	7	0.743282
Instant	100
1	602	27	2	0
2	33	15	0	0
3	568	34	5	0.153061
4	416	15	0	0
11	26	19	1	0
12	211	50	12	6.75676
13	25	15	0	0
14	15	45	7	0.875547
Instant	101
1	592	26	1	0.297619
2	24	15	0	0
3	548	35	4	0.319149
4	433	15	0	0
11	25	19	0	0
12	255	55	11	4.41176
13	24	15	0	0
14	17	44	8	0.556558
Instant	102
1	634	26	1	0
2	35	15	0	0
3	520	37	4	0.545852
4	452	15	0	0
11	27	18	0	0
12	229	54	10	4.96324
13	23	15	0	0
14	18	43	7	0.388601
Instant	103
1	620	25	1	0
2	19	17	0	0
3	580	33	3	0.201613
4	417	15	0	0
11	26	19	0	0.284091
12	239	51	11	4.22297
13	25	15	0	0
14	16	44	6	0.515947
Instant	104
1	606	25	1	0.293542
2	17	16	0	0
3	553	33	3	0.627615
4	405	15	0	0
11	26	19	1	0
12	239	52	11	3.125
13	24	15	0	0
14	15	42	7	0.961538
Instant	105
1	572	29	2	0
2	12	18	0	0
3	553	35	4	0.0527426
4	438	15	0	0
11	25	19	1	0
12	251	54	11	4.41176
13	24	15	0	0
14	17	45	7	0.447227
Instant	106
1	627	27	1	0
2	22	17	0	0
3	571	35	4	0.204082
4	430	15	0	0
11	27	18	0	0
12	246	53	13	2.87162
13	25	15	0	0
14	17	43	7	0.514217
Instant	107
1	613	26	1	0
2	16	14	0	0
3	516	35	4	0.665188
4	408	15	0	0
11	27	20	1	0
12	257	54	10	3.67647
13	23	15	0	0
14	16	43	7	0.876354
Instant	108
1	600	27	2	0.239464
2	40	15	0	0
3	565	34	4	0.518672
4	427	15	0	0
11	26	18	0	0
12	264	57	9	1.10294
13	24	15	0	0
14	17	44	7	0.611621
Instant	109
1	568	27	2	0.360825
2	7	17	0	0
3	578	33	4	0.0994036
4	413	15	0	0
11	24	20	1	0
12	247	56	11	2.23214
13	25	15	0	0
14	16	44	7	0.676101
Instant	110
1	642	25	1	0
2	30	16	0	0
3	563	35	3	0.0520833
4	437	15	0	0
11	27	18	0	0
12	297	56	12	0.976562
13	24	15	0	0
14	17	44	6	0.492832
Instant	111
1	560	27	2	0.314465
2	35	15	0	0
3	542	37	6	0
4	453	15	0	0
11	23	20	1	0.619835
12	259	56	9	2.57353
13	24	15	0	0
14	18	44	6	0.489349
Instant	112
1	598	27	2	0
2	36	15	0	0
3	520	36	5	0.719027
4	427	15	0	0
11	26	19	1	0
12	235	57	11	3.5473
13	23	15	0	0
14	16	43	6	0.824176
Instant	113
1	629	25	1	0.0468165
2	27	16	0	0
3	528	36	4	0.437637
4	422	15	0	0
11	27	19	0	0
12	248	53	12	4.22794
13	23	15	0	0
14	16	44	7	0.601852
Instant	114
1	623	27	1	0
2	12	16	0	0
3	561	35	5	0.105932
4	433	15	0	0
11	26	19	0	0
12	257	59	10	2.94118
13	24	15	0	0
14	17	42	7	0.765766
Instant	115
1	634	25	1	0
2	21	15	0	0
3	596	31	3	0.341797
4	423	15	0	0
11	27	19	0	0
12	226	53	10	2.19595
13	26	15	0	0
14	16	45	6	0.693161
Instant	116
1	599	27	1	0
2	19	16	0	0
3	487	38	6	0.0582751
4	431	15	0	0
11	26	19	1	0
12	287	53	8	3.30882
13	22	15	0	0
14	17	42	6	0.635209
Instant	117
1	626	27	1	0
2	18	14	0	0
3	505	36	4	0.896861
4	425	15	0	0
11	26	17	0	0
12	255	54	8	1.83824
13	22	15	0	0
14	16	41	6	0.658701
Instant	118
1	614	26	1	0
2	13	16	0	0
3	565	36	5	0
4	408	15	0	0
11	27	19	1	0
12	244	54	12	3.04054
13	24	15	0	0
14	16	44	7	0.763359
Instant	119
1	620	27	1	0
2	24	18	0	0
3	572	34	2	0
4	443	15	0	0
11	26	18	0	0
12	272	55	11	2.20588
13	24	15	0	0
14	17	44	7	0.693215
