	T	D	J	LP
Instant	0
1	0	0	0	0
2	0	0	0	0
3	0	0	0	0
4	0	0	0	0
11	0	0	0	0
12	0	0	0	0
13	0	0	0	0
14	0	0	0	0
Instant	1
1	325	29	2	0
2	4	15	0	0
3	233	32	5	0
4	244	16	0	0
11	12	17	0	0
12	138	49	7	0
13	10	15	0	0
14	10	40	8	0.0509684
Instant	2
1	1229	30	3	0.206612
2	32	16	0	0
3	674	37	6	1.1402
4	1230	18	0	0
11	55	18	0	0
12	321	51	7	0
13	30	15	0	0
14	50	39	4	0.254939
Instant	3
1	1302	30	3	0.478142
2	34	15	0	0
3	657	34	5	0.307018
4	1140	17	0	0
11	57	18	0	0
12	310	49	8	0
13	29	15	0	0
14	47	38	4	0.429553
Instant	4
1	1093	31	3	0
2	14	16	0	0
3	646	36	5	0.135135
4	1073	17	0	0
11	48	19	0	0
12	280	51	7	0.844595
13	28	15	0	0
14	45	38	4	0.309993
Instant	5
1	1075	28	3	0
2	4	15	0	0
3	641	35	5	0.136364
4	942	16	0	0
11	47	19	0	0
12	306	47	8	0.919118
13	28	15	0	0
14	40	38	5	0.366833
Instant	6
1	1023	28	2	0
2	16	16	0	0
3	627	34	4	0
4	821	16	0	0
11	45	19	1	0
12	268	50	7	0.735294
13	27	15	0	0
14	34	40	6	0.302451
Instant	7
1	885	29	2	0.0338753
2	40	16	0	0
3	594	37	6	0.147638
4	777	16	0	0
11	38	19	1	0
12	250	49	8	2.19595
13	25	15	0	0
14	32	38	5	0.251256
Instant	8
1	867	28	2	0.303234
2	43	16	0	0
3	623	34	5	0.41744
4	819	16	0	0
11	38	18	0	0
12	288	48	9	0
13	27	15	0	0
14	35	37	5	0.310707
Instant	9
1	929	28	2	0
2	37	15	0	0
3	572	35	4	0.458248
4	824	16	0	0
11	41	20	1	0
12	268	53	10	0
13	25	15	0	0
14	33	40	5	0.451092
Instant	10
1	949	27	2	0.305623
2	6	15	0	0
3	572	34	5	0
4	744	16	0	0
11	42	20	1	0
12	258	53	8	0.675676
13	25	15	0	0
14	31	41	6	0.324561
Instant	11
1	982	27	2	0
2	21	16	0	0
3	571	33	4	0
4	665	15	0	0
11	42	18	0	0
12	282	48	8	0
13	25	15	0	0
14	27	40	5	0.440658
Instant	12
1	881	30	2	0
2	30	16	0	0
3	591	32	3	0.637255
4	707	16	0	0
11	38	18	0	0
12	252	50	8	1.47059
13	26	15	0	0
14	29	38	4	0.22173
Instant	13
1	820	31	3	0.28169
2	42	16	0	0
3	561	36	6	0.052521
4	684	16	0	0
11	36	19	0	0
12	273	56	10	0
13	24	15	0	0
14	28	38	5	0.438596
Instant	14
1	662	29	2	1.2226
2	38	15	0	0
3	547	35	5	0.534188
4	678	16	0	0
11	30	19	0	0
12	281	50	8	2.20588
13	23	15	0	0
14	28	40	5	0.230415
Instant	15
1	647	29	2	0.36036
2	28	15	0	0
3	544	33	4	0.685654
4	706	15	0	0
11	28	19	0	0.358423
12	298	54	8	0
13	24	15	0	0
14	30	40	6	0.249723
Instant	16
1	538	29	2	0.684211
2	24	15	0	0
3	562	34	5	0.306122
4	736	16	0	0
11	24	19	0	0
12	249	53	7	2.53378
13	24	15	0	0
14	31	39	5	0.31881
Instant	17
1	573	30	2	0.366109
2	14	17	0	0
3	558	34	4	0.208333
4	739	16	0	0
11	24	20	1	0
12	262	48	7	2.38971
13	24	15	0	0
14	30	38	4	0.361552
Instant	18
1	626	26	1	0
2	18	15	0	0
3	571	35	5	0.102459
4	708	15	0	0
11	27	20	1	0
12	267	52	8	0.183824
13	25	15	0	0
14	29	41	6	0.249169
Instant	19
1	627	29	2	0.280899
2	26	15	0	0
3	531	35	4	0.534188
4	697	16	0	0
11	27	19	0	0
12	270	48	7	0
13	24	15	0	0
14	29	38	4	0.252809
Instant	20
1	623	26	1	0.279851
2	28	15	0	0
3	554	35	4	0.265957
4	633	15	0	0
11	27	20	0	0
12	252	48	7	1.47059
13	23	15	0	0
14	26	43	5	0.246609
Instant	21
1	641	29	2	0
2	18	16	0	0
3	596	33	4	0
4	630	15	0	0
11	27	19	0	0
12	247	48	6	4.22794
13	26	15	0	0
14	25	39	4	0.382548
Instant	22
1	669	26	1	0
2	38	14	0	0
3	510	37	4	0.5
4	656	16	0	0
11	29	19	0	0
12	253	51	9	1.68919
13	22	15	0	0
14	26	40	5	0.446429
Instant	23
1	592	28	2	0.588235
2	45	15	0	0
3	545	36	5	0.321888
4	635	15	0	0
11	26	20	0	0
12	268	47	6	2.02206
13	23	15	0	0
14	25	37	5	0.524691
Instant	24
1	614	27	1	0.545455
2	37	17	0	0
3	548	36	4	0.0534188
4	656	16	0	0
11	28	18	0	0
12	265	55	8	0.183824
13	23	15	0	0
14	28	38	5	0.179211
Instant	25
1	656	27	1	0
2	26	16	0	0
3	586	34	3	0.05
4	620	15	0	0
11	28	19	1	0
12	246	49	7	1.93452
13	25	15	0	0
14	26	39	5	0.220126
Instant	26
1	609	29	2	0.139925
2	21	16	0	0
3	524	36	5	0.655022
4	604	15	0	0
11	27	19	1	0
12	286	52	8	2.57353
13	23	15	0	0
14	24	35	5	0.47373
Instant	27
1	643	28	1	0
2	11	14	0	0
3	529	36	6	0.0538793
4	638	16	0	0
11	27	19	0	0
12	276	51	9	1.83824
13	23	15	0	0
14	26	39	5	0.3276
Instant	28
1	575	28	2	0.347913
2	18	16	0	0
3	554	36	5	0.738397
4	605	15	0	0
11	25	19	0	0
12	243	50	8	2.43056
13	24	15	0	0
14	25	41	5	0.161708
Instant	29
1	581	29	2	0.64741
2	23	19	0	0
3	481	35	5	1.15741
4	604	15	0	0
11	25	19	1	0
12	244	44	9	4.22794
13	22	15	0	0
14	25	37	4	0.270212
Instant	30
1	729	27	2	0
2	41	15	0	0
3	679	34	4	0
4	576	15	0	0
11	31	20	0	0
12	263	54	10	2.57353
13	29	15	0	0
14	23	38	5	0.407056
Instant	31
1	676	29	3	0.385935
2	31	17	0	0
3	612	37	5	0.241779
4	588	15	0	0
11	29	19	1	0
12	243	46	6	2.53378
13	26	15	0	0
14	24	38	5	0.443262
Instant	32
1	735	28	2	0.661994
2	48	17	0	0
3	581	35	5	0.490196
4	621	15	0	0
11	33	20	1	0
12	280	47	7	0.919118
13	25	15	0	0
14	25	39	5	0.188917
Instant	33
1	748	27	2	0
2	39	14	0	0
3	699	34	5	0.20903
4	664	15	0	0
11	32	20	1	0
12	264	54	8	2.02206
13	30	15	0	0
14	28	40	6	0.361894
Instant	34
1	741	28	2	0
2	25	14	0	0
3	614	37	5	0.330189
4	658	15	0	0
11	31	19	0	0
12	261	50	7	0.844595
13	27	15	0	0
14	27	41	6	0.188942
Instant	35
1	698	27	1	0
2	31	15	0	0
3	624	35	6	0.688073
4	647	15	0	0
11	30	19	0	0
12	266	52	8	1.83824
13	28	15	0	0
14	26	43	6	0.38291
Instant	36
1	713	27	2	0
2	16	15	0	0
3	601	36	5	0.193798
4	604	15	0	0
11	31	20	0	0
12	266	53	9	1.10294
13	26	15	0	0
14	24	40	5	0.475573
Instant	37
1	767	25	1	0.220264
2	14	15	0	0
3	619	35	6	0
4	613	16	0	0
11	34	18	0	0
12	262	51	6	0.446429
13	26	15	0	0
14	25	40	5	0.275657
Instant	38
1	805	26	1	0
2	36	17	0	0
3	643	35	5	0.353357
4	660	15	0	0
11	34	19	0	0
12	297	50	6	0.367647
13	28	15	0	0
14	27	38	4	0.217477
Instant	39
1	771	29	2	0
2	32	16	0	0
3	602	36	4	0.389105
4	668	15	0	0
11	33	18	0	0
12	287	50	8	2.02206
13	26	15	0	0
14	28	38	4	0.351288
Instant	40
1	645	27	1	0.814751
2	47	15	0	0
3	566	37	6	0.613497
4	625	15	0	0
11	30	19	0	0
12	235	46	7	4.05405
13	25	15	0	0
14	26	39	5	0.438048
Instant	41
1	565	28	2	0.826446
2	27	14	0	0
3	650	35	5	0.134409
4	622	15	0	0
11	24	18	0	0
12	285	50	8	1.10294
13	28	15	0	0
14	24	38	5	0.461216
Instant	42
1	598	28	2	0.284091
2	11	15	0	0
3	708	35	5	0
4	637	15	0	0
11	26	20	1	0
12	270	50	6	0.183824
13	31	15	0	0
14	26	38	5	0.439134
Instant	43
1	644	28	2	0.276753
2	21	15	0	0
3	606	38	5	0.432692
4	640	16	0	0
11	27	19	0	0
12	256	51	8	1.52027
13	26	15	0	0
14	25	38	5	0.458996
Instant	44
1	627	27	1	0
2	13	14	0	0
3	563	37	4	0.461066
4	643	16	0	0
11	28	20	1	0
12	246	51	9	4.22794
13	25	15	0	0
14	27	40	5	0.243013
Instant	45
1	622	28	2	0.279851
2	28	14	0	0
3	595	36	5	0.0986193
4	610	15	0	0
11	27	19	0	0
12	258	56	8	2.02206
13	25	15	0	0
14	25	39	5	0.321337
Instant	46
1	643	29	2	0
2	25	14	0	0
3	537	35	5	0.876289
4	613	15	0	0
11	27	18	0	0.364964
12	252	52	8	2.02703
13	24	15	0	0
14	25	40	5	0.402884
Instant	47
1	665	27	1	0
2	32	16	0	0
3	580	33	5	1.07004
4	607	15	0	0
11	29	18	0	0
12	263	49	8	2.38971
13	26	15	0	0
14	25	40	5	0.183032
Instant	48
1	631	27	2	0.275229
2	22	15	0	0
3	591	35	6	0.396825
4	569	15	0	0
11	27	19	0	0
12	251	49	8	2.75735
13	25	15	0	0
14	23	41	6	0.424117
Instant	49
1	680	26	1	0
2	15	15	0	0
3	547	35	4	0.21097
4	556	15	0	0
11	29	18	0	0
12	220	49	11	3.57143
13	24	15	0	0
14	23	42	5	0.281294
Instant	50
1	655	28	2	0
2	25	18	0	0
3	594	32	4	0.198413
4	569	15	0	0
11	28	18	0	0
12	290	52	8	1.28676
13	25	15	0	0
14	23	38	5	0.343407
Instant	51
1	611	29	2	0.282486
2	37	19	0	0
3	524	36	4	0.652174
4	565	15	0	0
11	27	18	0	0
12	278	51	8	1.47059
13	23	15	0	0
14	23	38	5	0.369344
Instant	52
1	649	28	1	0.0447227
2	8	17	0	0
3	593	33	4	0.0984252
4	551	15	0	0
11	28	18	0	0
12	282	50	7	0
13	26	15	0	0
14	22	39	5	0.472813
Instant	53
1	679	27	1	0
2	18	17	0	0
3	576	32	4	0.298805
4	542	15	0	0
11	28	19	0	0
12	278	51	10	1.47059
13	25	15	0	0
14	22	39	5	0.446213
Instant	54
1	602	30	2	0.0954198
2	13	19	2	0
3	562	35	5	0.103734
4	535	15	0	0
11	26	19	0	0
12	265	48	8	0.551471
13	24	15	0	0
14	22	39	5	0.327988
Instant	55
1	652	27	1	0
2	19	16	0	0
3	566	35	5	0.0520833
4	491	15	0	0
11	28	19	0	0
12	250	48	7	2.02703
13	24	15	0	0
14	20	40	6	0.436508
Instant	56
1	658	27	1	0
2	14	16	0	0
3	473	37	7	1.12559
4	527	15	0	0
11	28	19	0	0
12	295	52	9	0.183824
13	21	15	0	0
14	21	40	5	0.371471
Instant	57
1	653	28	2	0
2	22	17	0	0
3	553	35	7	0.665984
4	496	15	0	0
11	28	18	0	0
12	254	50	8	1.83824
13	24	15	0	0
14	20	40	6	0.629921
Instant	58
1	663	27	1	0
2	33	17	0	0
3	557	34	4	0.313808
4	540	15	0	0
11	28	19	0	0
12	254	48	9	2.02703
13	24	15	0	0
14	22	40	5	0.217391
Instant	59
1	627	29	2	0
2	28	16	0	0
3	492	38	6	1.03926
4	516	15	0	0
11	27	19	1	0
12	298	50	7	0
13	22	15	0	0
14	20	40	5	0.453858
Instant	60
1	619	28	2	0
2	34	14	0	0
3	514	36	6	0.883002
4	520	15	0	0
11	27	20	1	0
12	271	54	10	0.919118
13	23	15	0	0
14	21	42	6	0.588088
Instant	61
1	658	28	1	0
2	46	16	0	0
3	537	36	5	0.484914
4	514	15	0	0
11	28	19	0	0
12	268	54	8	0.595238
13	23	15	0	0
14	20	45	6	0.279898
Instant	62
1	640	27	1	0
2	25	17	0	0
3	585	33	4	0.1
4	529	15	0	0
11	28	19	0	0
12	308	53	9	0
13	25	15	0	0
14	21	39	5	0.443787
Instant	63
1	661	26	1	0
2	10	17	0	0
3	580	34	4	0
4	560	15	0	0
11	28	19	1	0
12	288	49	7	1.83824
13	25	15	0	0
14	23	38	5	0.41958
Instant	64
1	655	27	1	0
2	20	14	0	0
3	571	33	5	0.100402
4	512	15	0	0
11	28	19	0	0
12	264	50	8	1.01351
13	25	15	0	0
14	21	40	5	0.482724
Instant	65
1	597	27	2	0.341131
2	1	17	0	0
3	585	33	4	0.100806
4	528	15	0	0
11	26	19	0	0
12	301	53	9	0.919118
13	25	15	0	0
14	22	41	6	0.321464
Instant	66
1	639	27	2	0
2	14	14	0	0
3	535	33	4	0.782881
4	535	15	0	0
11	28	19	0	0
12	249	47	8	1.47059
13	24	15	0	0
14	22	41	6	0.256223
Instant	67
1	582	28	2	0.298805
2	23	15	1	0
3	553	37	4	0.215054
4	557	15	0	0
11	25	19	0	0
12	238	44	6	2.7027
13	23	15	0	0
14	22	40	5	0.350631
Instant	68
1	652	28	2	0
2	10	17	0	0
3	594	32	4	0
4	580	15	0	0
11	28	19	0	0
12	256	47	9	3.71094
13	26	15	0	0
14	24	40	4	0.236486
Instant	69
1	641	28	1	0
2	20	17	0	0
3	545	36	5	0.215517
4	556	15	0	0
11	27	20	1	0
12	267	51	8	2.02206
13	23	15	0	0
14	23	38	5	0.550094
Instant	70
1	650	28	1	0
2	61	16	0	0
3	557	33	3	0.411523
4	545	15	0	0
11	28	18	0	0
12	272	49	8	0.337838
13	24	15	0	0
14	21	39	5	0.431034
Instant	71
1	628	28	2	0.322878
2	42	17	0	0
3	562	36	5	0.0534188
4	598	15	0	0
11	27	18	0	0
12	272	44	6	1.83824
13	23	15	0	0
14	23	35	4	0.620104
Instant	72
1	640	28	1	0
2	39	18	0	0
3	544	36	4	0.156904
4	591	15	0	0
11	28	19	0	0
12	242	45	7	3.0303
13	24	15	0	0
14	24	40	5	0.331126
Instant	73
1	654	26	2	0
2	12	16	0	0
3	552	36	5	0.323276
4	573	15	0	0
11	28	20	1	0
12	248	45	6	1.21951
13	23	15	0	0
14	23	41	5	0.34153
Instant	74
1	641	28	1	0
2	26	17	0	0
3	563	35	4	0.151822
4	551	16	0	0
11	27	19	0	0
12	261	46	8	3.125
13	25	15	0	0
14	23	39	5	0.461648
Instant	75
1	636	29	1	0
2	44	15	0	0
3	519	37	6	0.560538
4	514	15	0	0
11	27	18	0	0
12	301	52	7	0.94697
13	22	15	0	0
14	21	38	5	0.342466
Instant	76
1	641	28	1	0
2	37	16	0	0
3	561	36	5	0.104167
4	521	15	0	0
11	28	19	0	0
12	273	54	8	0
13	24	15	0	0
14	21	40	6	0.412294
Instant	77
1	600	28	1	0
2	39	14	0	0
3	540	36	4	0.159915
4	527	15	0	0
11	25	18	1	0.392157
12	286	50	8	1.17188
13	23	15	0	0
14	22	39	5	0.260417
Instant	78
1	571	29	1	0
2	51	15	0	0
3	507	35	5	1.12108
4	543	15	0	0
11	24	20	1	0
12	268	50	9	0.78125
13	23	15	0	0
14	22	38	5	0.383142
Instant	79
1	618	26	1	0
2	47	15	0	0
3	541	35	4	0.0535332
4	530	15	0	0
11	27	19	1	0
12	238	49	8	2.87162
13	23	15	0	0
14	21	40	5	0.529296
Instant	80
1	613	26	1	0
2	10	15	0	0
3	546	33	4	0.771605
4	580	15	0	0
11	26	19	1	0
12	269	48	6	1.89394
13	24	15	0	0
14	24	39	5	0.326136
Instant	81
1	550	27	2	0.367647
2	18	15	0	0
3	569	35	5	0.308642
4	560	15	0	0
11	24	20	1	0
12	255	49	7	1.32576
13	24	15	0	0
14	23	38	5	0.34965
Instant	82
1	620	27	2	0.0478927
2	23	17	0	0
3	588	34	4	0
4	540	15	0	0
11	26	18	0	0
12	271	51	9	0
13	25	15	0	0
14	22	41	6	0.434783
Instant	83
1	563	24	1	0.54672
2	17	17	0	0
3	544	34	4	0.425532
4	582	15	0	0
11	25	19	1	0.304878
12	286	49	8	0.757576
13	24	15	0	0
14	24	36	4	0.390974
Instant	84
1	614	27	1	0.0478011
2	28	16	0	0
3	560	35	4	0.258264
4	556	15	0	0
11	26	19	0	0
12	239	46	7	3.0303
13	24	15	0	0
14	22	39	6	0.539906
Instant	85
1	592	28	1	0
2	20	15	0	0
3	560	36	5	0.105932
4	513	15	0	0
11	25	19	0	0
12	268	49	8	0.961538
13	23	15	0	0
14	21	40	6	0.367834
Instant	86
1	599	28	2	0
2	37	17	0	0
3	566	36	5	0.0510204
4	542	15	0	0
11	26	19	1	0
12	287	49	8	1.65441
13	25	15	0	0
14	21	38	6	0.433526
Instant	87
1	569	30	2	0.0520833
2	33	15	0	0
3	567	35	5	0
4	495	15	0	0
11	24	19	1	0
12	280	52	8	2.94118
13	24	15	0	0
14	21	44	6	0.236593
Instant	88
1	606	27	2	0
2	10	16	1	0
3	580	32	4	0.451807
4	601	15	0	0
11	26	19	1	0
12	269	51	6	0
13	25	15	0	0
14	24	38	6	0.261097
Instant	89
1	590	27	2	0.295276
2	20	16	0	0
3	527	37	5	0.164474
4	599	15	0	0
11	25	18	0	0.295276
12	271	47	7	1.28676
13	23	15	0	0
14	24	39	5	0.369887
Instant	90
1	604	28	1	0
2	16	17	1	0
3	575	32	3	0.59761
4	580	15	0	0
11	26	18	0	0
12	236	53	11	2.92969
13	26	15	0	0
14	24	37	5	0.437416
Instant	91
1	579	30	2	0.0520833
2	39	15	0	0
3	545	36	5	0.320513
4	592	16	0	0
11	24	19	1	0
12	247	46	8	3.04054
13	24	15	0	0
14	23	36	5	0.483729
Instant	92
1	599	27	1	0
2	23	14	0	0
3	539	35	4	0.26824
4	573	15	0	0
11	26	19	1	0
12	279	52	10	1.70455
13	23	15	0	0
14	23	38	5	0.547196
Instant	93
1	596	28	1	0
2	11	15	0	0
3	545	37	6	0.324675
4	538	15	0	0
11	26	19	0	0
12	268	54	8	0.189394
13	23	15	0	0
14	22	40	5	0.375484
Instant	94
1	603	27	2	0
2	23	15	0	0
3	548	36	5	0.0529661
4	579	15	0	0
11	26	19	1	0
12	262	54	8	0.337838
13	24	15	0	0
14	23	37	5	0.304054
Instant	95
1	562	29	1	0.313152
2	30	14	0	0
3	585	34	6	0.3
4	499	15	0	0
11	24	20	1	0
12	269	47	8	1.83824
13	25	15	0	0
14	20	40	6	0.494792
Instant	96
1	600	28	2	0
2	36	15	0	0
3	575	35	5	0
4	550	15	0	0
11	25	19	0	0
12	262	53	8	0.735294
13	25	15	0	0
14	22	39	5	0.497866
Instant	97
1	606	28	2	0
2	20	15	0	0
3	586	32	4	0.147638
4	519	15	0	0
11	26	18	1	0
12	254	51	7	1.06707
13	25	15	0	0
14	21	37	5	0.401002
Instant	98
1	627	25	1	0
2	19	16	0	0
3	573	36	5	0
4	541	15	0	0
11	27	19	1	0
12	276	48	8	2.20588
13	24	15	0	0
14	23	40	6	0.144509
Instant	99
1	589	29	2	0
2	37	15	0	0
3	528	36	5	0.538793
4	519	15	0	0
11	25	19	0	0
12	267	58	9	3.30882
13	23	15	0	0
14	20	40	5	0.478348
Instant	100
1	627	26	1	0
2	25	18	0	0
3	584	33	4	0.0510204
4	507	15	0	0
11	27	19	1	0
12	237	48	8	2.02703
13	25	15	0	0
14	20	40	5	0.501543
Instant	101
1	578	28	2	0
2	17	17	0	0
3	566	33	3	0.406504
4	514	15	0	0
11	25	20	1	0
12	271	47	7	3.30882
13	25	15	0	0
14	22	40	5	0.190259
Instant	102
1	592	28	2	0
2	22	16	0	0
3	557	34	4	0
4	508	15	0	0
11	25	20	1	0
12	252	54	7	2.57353
13	24	15	0	0
14	20	39	5	0.384615
Instant	103
1	592	28	2	0
2	28	17	0	0
3	559	36	6	0.368421
4	491	15	0	0
11	26	19	0	0
12	265	52	9	0.675676
13	24	15	0	0
14	20	39	6	0.411359
Instant	104
1	581	29	2	0
2	17	16	0	0
3	522	38	5	0.385463
4	496	15	0	0
11	25	18	0	0
12	272	50	9	2.02206
13	23	15	0	0
14	20	40	5	0.55205
Instant	105
1	603	29	2	0
2	25	16	0	0
3	562	35	5	0.153374
4	508	15	0	0
11	26	18	0	0
12	248	51	9	2.75735
13	24	15	0	0
14	20	40	6	0.384615
Instant	106
1	594	28	2	0
2	15	15	0	0
3	547	36	5	0.429185
4	502	15	0	0
11	25	19	0	0
12	255	48	7	1.52027
13	23	15	0	0
14	20	39	5	0.520021
Instant	107
1	578	30	2	0
2	17	16	0	0
3	587	34	4	0
4	528	15	0	0
11	24	18	0	0
12	272	46	5	0
13	25	15	0	0
14	21	39	5	0.320039
Instant	108
1	589	27	2	0
2	35	15	0	0
3	579	34	6	0.0504032
4	514	15	0	0
11	25	20	1	0
12	255	51	9	3.67647
13	25	15	0	0
14	20	39	5	0.597964
Instant	109
1	627	26	1	0
2	8	14	0	0
3	568	34	4	0.306122
4	502	15	0	0
11	27	18	0	0
12	237	50	8	2.82738
13	25	15	0	0
14	20	41	5	0.518403
Instant	110
1	574	28	2	0.407332
2	20	17	0	0
3	566	33	4	0.306122
4	496	15	0	0
11	25	18	0	0
12	254	47	10	5.27344
13	25	15	0	0
14	19	38	5	0.669291
Instant	111
1	607	27	1	0
2	38	18	0	0
3	578	34	4	0.050813
4	510	15	0	0
11	26	19	0	0
12	279	54	8	0.551471
13	25	15	0	0
14	20	38	4	0.435897
Instant	112
1	581	27	2	0.294695
2	14	14	0	0
3	543	35	5	0.52521
4	523	15	0	0
11	25	19	1	0
12	255	50	8	1.68919
13	24	15	0	0
14	21	39	5	0.336826
Instant	113
1	613	27	2	0
2	24	15	0	0
3	525	36	5	0.549451
4	512	15	0	0
11	26	19	1	0
12	253	47	8	2.57353
13	23	15	0	0
14	21	39	5	0.305344
Instant	114
1	585	28	1	0.298211
2	46	17	0	0
3	558	35	4	0
4	483	15	0	0
11	25	18	1	0
12	263	51	9	2.02206
13	24	15	0	0
14	19	38	6	0.486224
Instant	115
1	585	27	1	0
2	43	17	0	0
3	535	37	4	0.320513
4	475	15	0	0
11	25	20	1	0
12	268	49	7	0.675676
13	24	15	0	0
14	19	40	5	0.587432
Instant	116
1	609	27	2	0
2	28	14	0	0
3	536	32	4	0.481799
4	507	15	0	0
11	26	19	1	0
12	273	48	6	2.57353
13	24	15	0	0
14	20	37	5	0.385802
Instant	117
1	604	28	1	0.0484496
2	36	15	0	0
3	552	33	4	0.480769
4	489	15	0	0
11	26	18	0	0
12	244	49	8	2.94118
13	23	15	0	0
14	19	37	5	0.44
Instant	118
1	544	28	2	0.321199
2	15	14	0	0
3	555	35	5	0
4	517	15	0	0
11	24	19	1	0
12	256	51	7	1.68919
13	24	15	0	0
14	21	40	5	0.416036
Instant	119
1	580	28	2	0
2	14	14	0	0
3	547	35	4	0.366109
4	479	15	0	0
11	25	20	1	0
12	247	47	8	4.59559
13	24	15	0	0
14	20	39	5	0.461455
