	T	D	J	LP
Instant	0
1	0	0	0	0
2	0	0	0	0
3	0	0	0	0
4	0	0	0	0
11	0	0	0	0
12	0	0	0	0
13	0	0	0	0
14	0	0	0	0
Instant	1
1	368	31	2	0
2	18	16	0	0
3	195	42	5	0.362319
4	165	15	0	0
11	16	19	0	0
12	119	49	5	2.17391
13	8	15	0	0
14	5	46	12	0.296296
Instant	2
1	1581	28	3	0
2	42	15	0	0
3	666	44	7	0.302768
4	1097	17	0	0
11	69	20	0	0
12	290	52	9	2.20588
13	29	15	0	0
14	43	43	5	0.654295
Instant	3
1	1512	30	2	0.312989
2	33	16	0	0
3	687	39	6	0.674536
4	1017	16	0	0
11	66	18	0	0
12	296	56	11	2.20588
13	30	15	0	0
14	41	43	4	0.526046
Instant	4
1	1573	28	2	0
2	38	16	0	0
3	675	37	6	0.385274
4	740	16	0	0
11	69	18	0	0
12	270	58	11	1.52027
13	30	15	0	0
14	30	43	4	0.670904
Instant	5
1	1497	27	2	0.120773
2	23	17	0	0
3	628	38	6	0.506446
4	611	15	0	0
11	64	19	0	0
12	287	54	14	2.94118
13	28	15	0	0
14	25	45	6	0.351662
Instant	6
1	1247	28	1	0.0226655
2	21	17	0	0
3	581	39	5	0.20202
4	526	15	0	0
11	57	19	0	0
12	265	52	9	1.47059
13	25	15	0	0
14	20	43	5	0.62004
Instant	7
1	1265	28	2	0
2	49	16	0	0
3	568	38	6	0.355691
4	512	15	0	0
11	54	19	0	0
12	260	56	9	2.02703
13	25	15	0	0
14	20	41	5	0.712468
Instant	8
1	1194	28	2	0.15121
2	44	17	0	0
3	623	39	5	0.274725
4	506	15	0	0
11	51	19	0	0
12	277	54	9	0.735294
13	27	15	0	0
14	20	41	6	0.632095
Instant	9
1	1199	27	1	0
2	23	18	0	0
3	675	38	5	0.259516
4	449	15	0	0
11	53	18	0	0
12	248	54	9	2.75735
13	29	15	0	0
14	18	46	7	0.361063
Instant	10
1	1165	26	1	0.3
2	34	17	0	0
3	605	39	5	0.477099
4	462	15	0	0
11	51	18	0	0
12	245	53	9	2.02703
13	26	15	0	0
14	17	41	6	0.803723
Instant	11
1	996	27	2	0
2	25	16	0	0
3	591	41	6	0.627413
4	491	15	0	0
11	44	19	0	0
12	265	54	11	1.65441
13	26	15	0	0
14	20	41	6	0.517516
Instant	12
1	856	30	3	0.478796
2	37	16	0	0
3	687	35	4	0.085034
4	484	15	0	0
11	37	19	0	0
12	233	54	13	3.67647
13	29	15	0	0
14	19	43	6	0.565428
Instant	13
1	792	26	1	0
2	15	14	2	0
3	642	38	5	1.16782
4	469	15	0	0
11	34	18	0	0
12	216	53	10	5.50595
13	29	15	0	0
14	19	45	7	0.638889
Instant	14
1	674	29	2	0.0423012
2	19	17	0	0
3	675	38	6	0.043554
4	486	15	0	0
11	30	20	1	0
12	296	54	10	0.551471
13	29	15	0	0
14	18	42	7	0.696677
Instant	15
1	714	28	2	0.374376
2	23	15	0	0
3	637	39	6	0.632911
4	480	15	0	0
11	30	18	0	0
12	272	53	10	2.02206
13	28	15	0	0
14	19	43	6	0.543774
Instant	16
1	652	26	1	0
2	26	16	0	0
3	648	40	6	0.44484
4	445	15	0	0
11	29	20	0	0
12	240	53	8	3.5473
13	28	15	0	0
14	17	44	7	0.625364
Instant	17
1	686	26	1	0
2	13	17	0	0
3	606	38	5	0.79291
4	420	15	0	0
11	30	18	0	0
12	269	55	10	0.735294
13	27	15	0	0
14	16	44	7	0.977654
Instant	18
1	665	27	1	0
2	36	14	0	0
3	540	36	5	0.878099
4	468	15	0	0
11	28	19	0	0
12	251	56	9	2.94118
13	24	15	0	0
14	18	43	6	0.503356
Instant	19
1	622	26	2	0.553506
2	12	14	0	0
3	604	40	7	0.679612
4	437	15	0	0
11	27	19	0	0
12	241	55	10	2.87162
13	26	15	0	0
14	17	42	6	0.758929
Instant	20
1	652	27	2	0
2	47	17	0	0
3	615	37	5	0.423729
4	451	15	0	0
11	28	19	1	0
12	258	52	8	3.49265
13	27	15	0	0
14	17	42	6	0.736568
Instant	21
1	634	25	1	0.549451
2	21	15	0	0
3	528	37	5	1.25523
4	429	15	0	0
11	27	19	0	0
12	245	55	11	2.57353
13	24	15	0	0
14	16	44	6	0.862069
Instant	22
1	648	27	1	0
2	19	16	1	0
3	549	38	6	0.727651
4	472	15	0	0
11	28	19	0	0
12	243	54	10	3.04054
13	24	15	0	0
14	18	41	6	0.746269
Instant	23
1	673	26	1	0.04363
2	8	15	0	0
3	500	40	5	0.742009
4	497	15	0	0
11	29	19	0	0
12	264	51	11	2.20588
13	22	15	0	0
14	20	43	6	0.497904
Instant	24
1	651	27	2	0.181159
2	27	18	0	0
3	520	37	5	0.440529
4	472	15	0	0
11	28	18	0	0
12	246	55	9	1.83824
13	23	15	0	0
14	18	41	6	0.719823
Instant	25
1	679	25	1	0
2	26	15	0	0
3	524	37	5	0.558036
4	484	15	0	0
11	30	19	0	0
12	249	53	8	2.38095
13	22	15	0	0
14	19	43	6	0.578891
Instant	26
1	681	26	1	0
2	38	16	0	0
3	540	37	6	0.323276
4	457	15	0	0
11	29	19	0	0
12	287	58	11	1.47059
13	23	15	0	0
14	17	41	5	0.841895
Instant	27
1	681	25	1	0
2	33	16	0	0
3	579	34	4	0
4	440	15	0	0
11	29	20	0	0
12	234	57	8	4.41176
13	25	15	0	0
14	18	45	9	0.458038
Instant	28
1	679	27	1	0
2	18	17	0	0
3	558	34	4	0.363071
4	467	15	0	0
11	29	18	0	0
12	245	54	9	4.34028
13	24	15	0	0
14	19	43	6	0.404125
Instant	29
1	725	29	2	0
2	19	18	0	0
3	507	38	6	0.570776
4	454	15	0	0
11	31	19	0	0
12	239	52	11	4.77941
13	22	15	0	0
14	17	41	6	0.604491
Instant	30
1	702	27	2	0.25
2	9	16	0	0
3	517	38	5	0.442478
4	481	15	0	0
11	30	18	1	0
12	254	57	11	2.20588
13	23	15	0	0
14	19	44	7	0.473485
Instant	31
1	735	27	1	0
2	46	16	0	0
3	542	36	5	0.320513
4	460	15	0	0
11	33	18	0	0
12	262	53	9	3.37838
13	23	15	0	0
14	18	43	6	0.567859
Instant	32
1	756	26	2	0.0398724
2	22	16	0	0
3	507	36	6	0.784753
4	484	15	0	0
11	32	19	0	0
12	239	50	13	4.96324
13	22	15	0	0
14	19	44	6	0.416667
Instant	33
1	653	26	1	0
2	34	17	1	0
3	504	36	6	0.790068
4	508	15	0	0
11	28	19	0	0
12	236	52	11	4.59559
13	23	15	0	0
14	20	44	6	0.360082
Instant	34
1	661	26	1	0
2	7	15	0	0
3	508	39	6	0.563063
4	449	15	0	0
11	29	19	1	0
12	240	59	10	2.02703
13	22	15	0	0
14	17	43	6	1.04348
Instant	35
1	613	28	2	0.18797
2	5	17	0	0
3	522	38	5	0.438596
4	451	15	0	0
11	26	19	0	0
12	232	53	10	2.94118
13	23	15	0	0
14	17	43	6	0.663206
Instant	36
1	615	27	2	0.480769
2	24	16	0	0
3	490	41	6	0.294811
4	468	15	0	0
11	26	20	1	0
12	235	53	12	6.80147
13	21	15	0	0
14	19	43	6	0.489374
Instant	37
1	705	25	1	0
2	40	16	0	0
3	486	38	4	0.87822
4	464	15	0	0
11	30	19	0	0
12	257	52	9	1.19048
13	21	15	0	0
14	19	43	6	0.474595
Instant	38
1	706	27	1	0
2	29	14	0	0
3	526	37	6	0.549451
4	459	15	0	0
11	30	18	1	0
12	288	58	13	1.28676
13	23	15	0	0
14	17	45	7	0.753697
Instant	39
1	687	29	2	0
2	17	16	0	0
3	529	39	5	0.165929
4	454	15	0	0
11	30	19	1	0
12	270	60	10	3.86029
13	22	15	0	0
14	17	43	8	0.715922
Instant	40
1	687	26	1	0.255537
2	24	18	0	0
3	551	36	5	0.208333
4	430	15	0	0
11	30	19	1	0
12	255	55	10	3.04054
13	24	15	0	0
14	17	44	7	0.6691
Instant	41
1	615	26	1	0.283019
2	19	16	0	0
3	486	38	6	1.34346
4	444	15	0	0
11	27	20	1	0
12	270	54	12	2.02206
13	21	15	0	0
14	17	41	7	0.64554
Instant	42
1	739	27	1	0
2	15	17	2	0
3	531	37	6	0.487013
4	439	15	0	0
11	31	18	0	0
12	245	53	10	4.04412
13	23	15	0	0
14	17	43	6	0.727867
Instant	43
1	694	27	1	0.504202
2	35	18	0	0
3	554	35	4	0.104603
4	467	15	0	0
11	30	21	1	0
12	239	54	10	2.02703
13	24	15	0	0
14	17	44	7	0.668896
Instant	44
1	721	25	1	0
2	10	18	1	0
3	541	36	4	0.0536481
4	449	15	0	0
11	31	19	1	0
12	279	54	9	2.20588
13	23	15	0	0
14	17	44	7	0.65445
Instant	45
1	714	26	1	0
2	26	16	0	0
3	537	37	4	0.0550661
4	437	15	0	0
11	30	19	0	0
12	243	54	12	4.04412
13	23	15	0	0
14	17	42	5	0.788691
Instant	46
1	731	26	1	0
2	19	18	0	0
3	513	37	5	0.940265
4	453	15	0	0
11	31	19	0	0
12	242	59	10	3.04054
13	23	15	0	0
14	17	40	5	0.921128
Instant	47
1	662	26	1	0.346021
2	30	16	0	0
3	543	37	4	0.106838
4	415	15	0	0
11	29	20	1	0
12	253	52	11	3.86029
13	23	15	0	0
14	15	42	6	0.75188
Instant	48
1	680	26	1	0
2	23	16	0	0
3	499	39	7	0.691244
4	448	15	0	0
11	29	19	0	0
12	228	51	11	4.22794
13	22	15	0	0
14	18	42	7	0.56719
Instant	49
1	606	25	1	0.280899
2	25	15	0	0
3	505	37	4	0.563063
4	444	15	0	0
11	27	20	1	0
12	244	52	10	1.93452
13	22	15	0	0
14	17	43	6	0.674883
Instant	50
1	625	26	1	0
2	16	15	0	0
3	508	38	5	0.0565611
4	430	15	0	0
11	27	18	0	0
12	251	51	10	3.67647
13	22	15	0	0
14	17	45	6	0.364299
Instant	51
1	603	28	1	0
2	17	14	0	0
3	527	38	5	0.660793
4	426	15	0	0
11	26	19	1	0
12	238	52	11	5.51471
13	23	15	0	0
14	16	42	7	0.827206
Instant	52
1	599	26	1	0
2	16	14	1	0
3	555	35	6	0.466805
4	420	15	0	0
11	26	19	1	0
12	249	56	10	3.47222
13	24	15	0	0
14	16	44	7	0.836431
Instant	53
1	612	26	1	0
2	20	16	0	0
3	539	36	5	0.375536
4	406	15	0	0
11	25	20	1	0
12	254	51	10	2.38971
13	23	15	0	0
14	15	43	6	0.879718
Instant	54
1	613	26	1	0.0468165
2	25	16	0	0
3	507	38	5	0.454545
4	429	15	0	0
11	27	19	0	0
12	245	56	10	5.69853
13	22	15	0	0
14	17	43	7	0.51609
Instant	55
1	632	26	1	0
2	17	15	0	0
3	522	38	6	0.392377
4	416	15	0	0
11	26	19	1	0
12	236	50	8	3.20946
13	22	15	0	0
14	15	41	6	0.841121
Instant	56
1	515	24	1	0.959488
2	21	17	0	0
3	533	37	5	0.0535332
4	430	15	0	0
11	23	20	1	0
12	239	51	8	4.59559
13	24	15	0	0
14	16	41	7	0.741077
Instant	57
1	592	26	1	0.588235
2	35	16	0	0
3	525	38	5	0.665188
4	421	15	0	0
11	26	19	0	0
12	236	54	9	4.96324
13	23	15	0	0
14	16	45	7	0.8829
Instant	58
1	566	26	1	0.311203
2	25	16	0	0
3	533	37	5	0.164474
4	461	15	0	0
11	24	20	1	0
12	249	50	10	2.87162
13	23	15	0	0
14	19	40	6	0.423729
Instant	59
1	614	25	1	0
2	26	15	1	0
3	498	40	6	0.523256
4	450	15	0	0
11	27	20	1	0
12	266	52	11	2.75735
13	21	15	0	0
14	17	44	6	0.666667
Instant	60
1	613	25	1	0
2	36	16	0	0
3	510	38	5	0.334821
4	440	15	0	0
11	26	19	0	0
12	274	57	10	1.10294
13	22	15	0	0
14	17	41	6	0.650118
Instant	61
1	612	26	1	0
2	20	15	0	0
3	509	39	6	0.806452
4	428	15	0	0
11	26	20	1	0
12	270	53	9	0.446429
13	22	15	0	0
14	16	44	6	0.746496
Instant	62
1	600	26	1	0.290698
2	20	16	0	0
3	582	34	4	0.0992064
4	421	15	0	0
11	26	19	0	0
12	278	58	11	2.57353
13	25	15	0	0
14	16	43	6	0.881262
Instant	63
1	570	30	2	0
2	43	16	0	0
3	555	35	3	0
4	441	15	0	0
11	25	19	1	0
12	275	58	9	3.30882
13	24	15	0	0
14	17	44	6	0.619469
Instant	64
1	605	26	1	0.0484496
2	44	16	0	0
3	460	40	7	1.94118
4	444	15	0	0
11	26	19	0	0
12	256	55	11	1.01351
13	22	15	0	0
14	17	43	6	0.661376
Instant	65
1	620	27	1	0
2	30	15	0	0
3	507	37	5	0.560538
4	433	15	0	0
11	27	18	0	0
12	295	55	10	2.57353
13	22	15	0	0
14	17	41	6	0.810811
Instant	66
1	627	25	1	0
2	20	17	0	0
3	510	37	5	0.900901
4	418	15	0	0
11	27	18	0	0
12	256	55	10	1.83824
13	22	15	0	0
14	15	41	6	0.983146
Instant	67
1	634	25	1	0
2	34	17	0	0
3	540	36	5	0.0531915
4	444	15	0	0
11	27	19	1	0
12	251	55	10	1.68919
13	24	15	0	0
14	18	43	7	0.511696
Instant	68
1	631	25	1	0
2	12	14	0	0
3	561	34	4	0.36157
4	433	15	0	0
11	27	19	1	0
12	274	54	11	1.75781
13	24	15	0	0
14	16	38	5	0.827317
Instant	69
1	584	26	1	0.401606
2	22	14	0	0
3	541	38	6	0.26824
4	435	15	0	0
11	25	20	1	0
12	255	55	11	1.83824
13	23	15	0	0
14	17	43	7	0.792938
Instant	70
1	606	26	1	0
2	21	17	0	0
3	484	41	6	0.598086
4	439	15	0	0
11	26	19	1	0
12	237	57	12	3.5473
13	21	15	0	0
14	17	43	6	0.579323
Instant	71
1	586	27	1	0.30426
2	17	15	0	0
3	541	38	6	0
4	437	15	0	0
11	25	19	0	0
12	240	54	11	4.59559
13	23	15	0	0
14	16	42	7	0.655933
Instant	72
1	625	26	1	0
2	16	16	0	0
3	479	38	5	1.21528
4	436	15	0	0
11	27	18	1	0
12	231	55	10	5.11364
13	22	15	0	0
14	17	45	7	0.670841
Instant	73
1	618	27	2	0.0968992
2	6	13	0	0
3	499	35	4	0.750577
4	425	15	0	0
11	26	19	1	0
12	233	55	9	3.20122
13	22	15	0	0
14	16	43	7	0.782689
Instant	74
1	613	25	1	0
2	35	15	0	0
3	433	39	6	1.80348
4	430	15	0	0
11	26	20	1	0
12	264	53	9	3.125
13	20	15	0	0
14	16	43	6	0.819672
Instant	75
1	618	25	1	0
2	18	16	0	0
3	572	34	4	0.153061
4	456	15	0	0
11	27	19	1	0
12	282	53	9	2.08333
13	25	15	0	0
14	18	43	6	0.51458
Instant	76
1	609	26	1	0
2	32	17	0	0
3	509	35	5	0.840807
4	433	15	0	0
11	26	19	1	0
12	262	55	11	1.21528
13	22	15	0	0
14	17	44	6	0.541516
Instant	77
1	620	26	1	0
2	17	17	0	0
3	535	36	6	1.20293
4	453	15	0	0
11	26	19	1	0
12	240	53	11	3.51562
13	24	15	0	0
14	17	39	6	0.791595
Instant	78
1	614	25	1	0
2	17	13	0	0
3	520	37	5	0.645161
4	447	15	0	0
11	26	21	1	0
12	238	50	12	4.49219
13	23	15	0	0
14	18	45	6	0.597319
Instant	79
1	599	27	1	0
2	20	15	0	0
3	538	34	5	1.07066
4	434	15	0	0
11	26	19	1	0
12	232	49	9	4.56081
13	23	15	0	0
14	17	43	6	0.585586
Instant	80
1	641	25	0	0
2	15	15	0	0
3	540	35	5	0.478723
4	430	15	0	0
11	27	19	0	0
12	284	52	10	1.13636
13	24	15	0	0
14	16	43	6	0.723327
Instant	81
1	625	26	1	0
2	17	15	0	0
3	554	35	4	0.0523013
4	436	15	0	0
11	27	19	0	0
12	242	55	11	2.65152
13	24	15	0	0
14	17	43	7	0.628366
Instant	82
1	592	27	1	0
2	18	17	0	0
3	516	39	6	0.390625
4	444	15	0	0
11	26	18	0	0
12	255	52	11	1.42857
13	23	15	0	0
14	17	42	6	0.630869
Instant	83
1	627	25	1	0
2	30	16	0	0
3	563	34	4	0.3125
4	444	15	0	0
11	27	20	1	0
12	283	56	10	0.378788
13	24	15	0	0
14	17	45	8	0.644405
Instant	84
1	630	26	1	0
2	12	16	0	0
3	537	37	5	0.215517
4	466	15	0	0
11	27	19	1	0
12	234	53	13	3.59848
13	23	15	0	0
14	18	43	7	0.630252
Instant	85
1	530	28	2	0.706522
2	16	17	0	0
3	517	38	6	0.5
4	429	15	0	0
11	23	19	1	0
12	239	52	10	3.36538
13	22	15	0	0
14	17	47	7	0.561627
Instant	86
1	606	26	1	0
2	16	13	0	0
3	534	38	5	0.164474
4	453	15	0	0
11	26	19	1	0
12	269	53	10	3.30882
13	23	15	0	0
14	18	41	6	0.632184
Instant	87
1	642	24	0	0
2	29	16	0	0
3	542	37	5	0.107296
4	494	15	0	0
11	28	19	1	0
12	255	60	11	3.125
13	23	15	0	0
14	19	41	6	0.501849
Instant	88
1	619	27	2	0
2	19	17	0	0
3	511	41	6	0.405093
4	509	15	0	0
11	26	18	0	0
12	234	48	9	4.72973
13	22	15	0	0
14	20	41	6	0.62724
Instant	89
1	595	27	1	0
2	41	16	0	0
3	507	38	6	0.112613
4	436	15	0	0
11	25	20	1	0
12	249	54	11	2.02206
13	22	15	0	0
14	17	45	6	0.701912
Instant	90
1	613	28	1	0
2	21	17	0	0
3	518	37	5	0.719027
4	416	15	0	0
11	26	19	0	0
12	273	56	12	2.73438
13	23	15	0	0
14	15	44	7	0.877193
Instant	91
1	611	26	1	0
2	55	17	0	0
3	516	34	6	0.709607
4	413	15	0	0
11	27	19	1	0
12	236	55	10	2.7027
13	23	15	0	0
14	16	44	7	0.72601
Instant	92
1	620	26	1	0
2	8	17	0	0
3	532	39	7	0.387168
4	413	15	0	0
11	26	19	1	0
12	267	54	13	3.2197
13	22	15	0	0
14	15	45	7	0.806452
Instant	93
1	580	26	1	0.296443
2	29	15	0	0
3	541	35	4	0.480769
4	424	15	0	0
11	25	18	0	0
12	239	56	12	2.84091
13	23	15	0	0
14	16	44	6	0.690608
Instant	94
1	619	26	1	0.0473485
2	21	16	0	0
3	535	37	6	0.377155
4	436	15	0	0
11	27	19	1	0
12	242	59	12	3.37838
13	23	15	0	0
14	17	44	7	0.493716
Instant	95
1	606	26	1	0
2	32	15	0	0
3	544	37	6	0.0545852
4	427	15	0	0
11	26	19	0	0
12	277	52	9	0.735294
13	23	15	0	0
14	16	43	6	0.641026
Instant	96
1	612	27	1	0.285171
2	28	16	0	0
3	525	34	4	0.638298
4	434	15	0	0
11	26	18	0	0
12	238	54	9	3.125
13	23	15	0	0
14	16	40	6	0.806452
Instant	97
1	639	26	1	0
2	37	17	0	0
3	529	37	4	0.387168
4	437	15	0	0
11	27	18	0	0
12	243	57	10	1.98171
13	23	15	0	0
14	17	40	6	0.714286
Instant	98
1	607	27	1	0
2	23	18	0	0
3	589	33	4	0
4	438	15	0	0
11	26	19	1	0
12	234	50	8	4.22794
13	25	15	0	0
14	17	43	6	0.653595
Instant	99
1	585	29	2	0
2	11	15	2	0
3	563	35	4	0.0527426
4	423	15	0	0
11	25	19	1	0
12	266	58	9	5.88235
13	24	15	0	0
14	16	45	7	0.848765
Instant	100
1	634	25	0	0
2	27	15	0	0
3	561	36	5	0.103306
4	443	15	0	0
11	27	19	1	0
12	218	50	10	3.5473
13	24	15	0	0
14	17	42	6	0.530035
Instant	101
1	615	26	2	0
2	47	17	0	0
3	490	36	5	1.20137
4	438	15	0	0
11	26	18	0	0
12	261	54	11	3.67647
13	22	15	0	0
14	17	46	7	0.446429
Instant	102
1	640	25	1	0.0459559
2	45	16	0	0
3	551	36	4	0
4	417	15	0	0
11	27	18	1	0
12	248	51	8	3.67647
13	24	15	0	0
14	16	43	6	0.777363
Instant	103
1	648	26	1	0
2	44	15	0	0
3	526	38	5	0.221239
4	436	15	0	0
11	27	18	0	0
12	224	53	11	4.05405
13	23	15	0	0
14	17	43	6	0.642174
Instant	104
1	599	27	1	0
2	30	15	0	0
3	530	38	5	0.274123
4	440	15	0	0
11	26	19	1	0
12	254	53	12	3.86029
13	23	15	0	0
14	17	44	7	0.579323
Instant	105
1	620	26	1	0
2	38	16	0	0
3	514	37	4	0.397727
4	423	15	0	0
11	26	19	1	0
12	240	55	11	3.86029
13	22	15	0	0
14	16	42	6	0.675261
Instant	106
1	561	25	1	0.603622
2	19	15	0	0
3	514	39	5	0.504484
4	421	15	0	0
11	25	19	1	0
12	260	56	10	1.68919
13	23	15	0	0
14	16	42	7	0.682806
Instant	107
1	614	25	1	0
2	21	16	1	0
3	474	37	5	0.882353
4	434	15	0	0
11	27	21	1	0
12	282	56	10	0.919118
13	21	15	0	0
14	17	42	7	0.643327
Instant	108
1	599	26	1	0
2	35	16	0	0
3	512	34	5	1.45474
4	452	15	0	0
11	25	21	2	0
12	235	53	13	3.49265
13	23	15	0	0
14	18	42	6	0.518135
Instant	109
1	641	25	1	0
2	18	14	0	0
3	561	37	5	0.36157
4	437	15	0	0
11	27	19	1	0
12	246	57	10	2.23214
13	24	15	0	0
14	17	43	7	0.641026
Instant	110
1	627	25	1	0
2	11	13	0	0
3	592	38	5	1.08696
4	423	15	0	0
11	27	18	0	0
12	250	53	11	5.07812
13	27	15	0	0
14	16	41	7	0.659914
Instant	111
1	600	27	2	0
2	36	13	0	0
3	602	35	5	0.244141
4	440	15	0	0
11	25	20	1	0
12	244	50	9	4.41176
13	26	15	0	0
14	17	43	6	0.635343
Instant	112
1	559	26	2	0.621118
2	24	15	0	0
3	520	38	6	1.07759
4	450	15	0	0
11	25	19	1	0
12	261	58	9	1.85811
13	23	15	0	0
14	17	45	7	0.65445
Instant	113
1	500	27	1	0.674157
2	22	16	0	0
3	539	42	5	0.107759
4	439	15	0	0
11	23	19	1	0
12	259	56	11	2.94118
13	23	15	0	0
14	16	42	6	0.856974
Instant	114
1	594	27	2	0.0493097
2	19	15	0	0
3	539	36	5	0.4329
4	411	15	0	0
11	26	19	1	0
12	251	57	11	1.83824
13	23	15	0	0
14	16	44	7	0.744613
Instant	115
1	565	26	1	0.60241
2	11	17	1	0
3	548	36	5	0.315126
4	433	15	0	0
11	25	18	0	0
12	237	55	10	3.04054
13	24	15	0	0
14	17	42	6	0.739734
Instant	116
1	613	26	1	0
2	15	15	0	0
3	556	35	4	0.208333
4	412	15	0	0
11	26	19	0	0
12	266	50	8	4.04412
13	24	15	0	0
14	16	45	7	0.727388
Instant	117
1	615	26	1	0
2	13	17	0	0
3	546	36	4	0.162338
4	422	15	0	0
11	26	20	1	0
12	212	50	9	6.06618
13	23	15	0	0
14	16	45	7	0.58642
Instant	118
1	613	25	1	0
2	28	18	0	0
3	472	40	6	0.78125
4	427	15	0	0
11	26	20	1	0
12	269	55	9	0.506757
13	21	15	0	0
14	17	45	7	0.517032
Instant	119
1	588	27	2	0.447316
2	31	16	0	0
3	566	35	4	0.354251
4	427	15	0	0
11	25	18	0	0
12	234	51	12	5.33088
13	25	15	0	0
14	16	41	6	0.837904
