	T	D	J	LP
Instant	0
1	0	0	0	0
2	0	0	0	0
3	0	0	0	0
4	0	0	0	0
11	0	0	0	0
12	0	0	0	0
13	0	0	0	0
14	0	0	0	0
Instant	1
1	299	29	2	0
2	0	0	0	0
3	212	37	5	0.446429
4	166	15	0	0
11	11	19	0	0
12	136	48	10	0
13	9	15	0	0
14	6	49	9	0.185185
Instant	2
1	1169	29	3	0.124875
2	35	17	0	0
3	668	42	7	0.645439
4	1399	18	0	0.00459517
11	51	19	1	0
12	279	55	11	3.30882
13	30	15	0	0
14	56	41	4	0.405254
Instant	3
1	938	32	2	0.0310945
2	37	15	0	0
3	636	42	7	0.848214
4	1255	17	0	0
11	41	19	1	0
12	302	57	9	2.38971
13	28	15	0	0
14	51	44	4	0.489583
Instant	4
1	1008	28	2	0
2	49	15	0	0
3	555	35	6	2.20307
4	1143	16	0	0
11	44	19	0	0
12	259	52	9	1.35135
13	26	15	0	0
14	47	45	4	0.546822
Instant	5
1	1093	28	3	0.160256
2	49	17	0	0
3	641	41	6	0.806452
4	1017	16	0	0
11	48	19	1	0
12	262	51	13	2.94118
13	28	15	0	0
14	43	43	4	0.263225
Instant	6
1	868	29	3	0
2	20	16	0	0
3	679	39	5	0.582363
4	826	16	0	0
11	38	18	1	0
12	261	56	9	3.67647
13	30	15	0	0
14	34	39	4	0.308349
Instant	7
1	891	27	2	0
2	17	15	0	0
3	668	40	5	0.177936
4	554	16	0	0
11	39	18	0	0
12	266	56	11	0.844595
13	29	15	0	0
14	23	42	6	0.446009
Instant	8
1	832	29	2	0
2	29	19	0	0
3	613	37	5	0.564972
4	515	15	0	0
11	35	18	0	0
12	256	52	10	2.75735
13	27	15	0	0
14	21	42	6	0.417933
Instant	9
1	862	30	3	0
2	24	16	0	0
3	583	34	5	1.15607
4	531	15	0	0
11	37	18	0	0
12	244	54	11	2.94118
13	26	15	0	0
14	21	42	7	0.416667
Instant	10
1	842	30	3	0
2	20	17	0	0
3	648	34	4	0.488455
4	483	15	0	0
11	37	18	0	0
12	247	54	9	1.68919
13	28	15	0	0
14	18	41	6	0.738057
Instant	11
1	844	30	2	0
2	29	17	0	0
3	592	37	5	0.576923
4	527	15	0	0
11	37	18	0	0
12	271	55	11	1.10294
13	26	15	0	0
14	21	41	5	0.447094
Instant	12
1	781	27	3	0
2	32	14	0	0
3	548	40	6	0.78125
4	471	15	0	0
11	34	19	1	0
12	251	54	10	2.38971
13	24	15	0	0
14	19	44	7	0.64953
Instant	13
1	776	26	2	0
2	38	13	0	0
3	553	36	5	0.828157
4	485	15	0	0
11	34	19	0	0
12	247	54	7	2.08333
13	24	15	0	0
14	20	41	6	0.388532
Instant	14
1	727	30	2	0
2	16	14	0	0
3	661	38	6	0.4363
4	443	15	0	0
11	31	18	0	0
12	265	51	10	3.30882
13	29	15	0	0
14	17	42	7	0.619469
Instant	15
1	801	27	1	0.0373134
2	26	14	0	0
3	610	35	5	1.30162
4	446	15	0	0
11	34	19	1	0
12	292	60	9	0.551471
13	28	15	0	0
14	17	44	6	0.439367
Instant	16
1	693	28	2	0.368852
2	21	15	1	0
3	486	37	5	1.43349
4	445	15	0	0
11	31	19	0	0
12	223	48	9	3.5473
13	22	15	0	0
14	17	40	6	0.673697
Instant	17
1	649	31	2	0
2	14	17	0	0
3	556	33	3	0.424628
4	451	15	0	0
11	27	19	0	0
12	268	54	9	2.75735
13	24	15	0	0
14	18	43	6	0.520833
Instant	18
1	641	27	1	0
2	31	18	0	0
3	527	34	4	0
4	464	15	0	0
11	28	19	0	0
12	242	54	10	1.83824
13	23	15	0	0
14	19	42	5	0.294613
Instant	19
1	622	29	2	0.192308
2	21	17	0	0
3	494	34	4	1.05322
4	460	15	0	0
11	26	19	0	0
12	242	54	8	4.22297
13	23	15	0	0
14	18	42	6	0.39818
Instant	20
1	569	29	2	0.201613
2	39	17	0	0
3	505	37	4	0.852273
4	450	15	0	0
11	25	19	0	0
12	284	54	8	0.183824
13	22	15	0	0
14	18	43	6	0.463768
Instant	21
1	600	27	1	0
2	30	15	0	0
3	501	36	5	1.47059
4	435	15	0	0
11	25	19	1	0
12	248	56	10	2.38971
13	22	15	0	0
14	18	41	5	0.3125
Instant	22
1	599	28	1	0.297619
2	20	16	0	0
3	535	36	4	0.107759
4	473	15	0	0
11	25	18	0	0
12	221	55	9	5.23649
13	23	15	0	0
14	18	42	6	0.511332
Instant	23
1	612	27	1	0
2	16	17	0	0
3	561	34	4	0.514403
4	445	15	0	0
11	26	18	0	0
12	251	53	9	3.49265
13	24	15	0	0
14	17	42	7	0.482456
Instant	24
1	572	28	2	0
2	24	17	0	0
3	513	36	4	0.712719
4	438	15	0	0
11	25	18	0	0
12	227	54	9	3.67647
13	23	15	0	0
14	17	42	6	0.683304
Instant	25
1	554	29	1	0.631579
2	8	18	0	0
3	538	33	3	0.647948
4	420	15	0	0
11	24	19	1	0
12	228	59	10	4.31548
13	23	15	0	0
14	16	46	7	0.636251
Instant	26
1	603	27	2	0.0482625
2	33	18	0	0
3	539	36	3	0.0542299
4	423	15	0	0
11	26	18	0	0
12	253	55	10	4.22794
13	23	15	0	0
14	17	44	8	0.568881
Instant	27
1	571	29	2	0.393701
2	14	16	0	0
3	487	34	4	0.860092
4	451	15	0	0
11	26	19	1	0
12	273	57	9	1.47059
13	22	15	0	0
14	17	42	6	0.391304
Instant	28
1	615	27	1	0
2	17	15	1	0
3	530	36	6	0.865801
4	456	15	0	0
11	26	18	0	0
12	247	52	11	2.25694
13	23	15	0	0
14	18	44	7	0.556507
Instant	29
1	596	27	1	0
2	36	15	0	0
3	541	37	4	0.0534188
4	448	15	0	0
11	26	19	1	0
12	241	50	8	6.61765
13	24	15	0	0
14	18	43	7	0.39267
Instant	30
1	592	28	2	0
2	34	13	0	0
3	532	33	5	0.757576
4	469	15	0	0
11	26	19	1	0
12	242	54	13	4.59559
13	23	15	0	0
14	19	40	6	0.460636
Instant	31
1	620	25	1	0
2	6	17	0	0
3	497	38	5	0.848416
4	456	15	0	0
11	26	20	1	0
12	245	54	11	3.71622
13	22	15	0	0
14	18	42	6	0.47089
Instant	32
1	613	27	2	0
2	29	17	0	0
3	505	36	4	0.678733
4	454	15	0	0
11	26	18	1	0
12	279	54	10	1.65441
13	22	15	0	0
14	18	40	6	0.60241
Instant	33
1	561	27	2	0.309917
2	19	18	0	0
3	591	32	4	0
4	443	15	0	0
11	24	20	1	0
12	255	55	11	2.57353
13	25	15	0	0
14	17	42	6	0.662544
Instant	34
1	550	28	2	0.308642
2	9	17	0	0
3	547	35	5	0.739958
4	419	15	0	0
11	24	19	1	0
12	196	53	12	3.5473
13	24	15	0	0
14	16	46	8	0.482866
Instant	35
1	606	28	1	0
2	20	18	0	0
3	543	34	3	0.419287
4	448	15	0	0
11	25	19	1	0
12	274	56	10	4.22794
13	24	15	0	0
14	18	43	6	0.4363
Instant	36
1	604	27	2	0.285171
2	32	16	0	0
3	530	36	3	0.220264
4	456	15	0	0
11	26	18	0	0
12	233	53	10	3.67647
13	23	15	0	0
14	18	44	7	0.343643
Instant	37
1	545	30	3	0.315126
2	49	15	0	0
3	562	35	3	0.309917
4	430	15	0	0
11	24	19	1	0
12	217	51	10	5.50595
13	24	15	0	0
14	17	42	6	0.590909
Instant	38
1	627	26	1	0
2	31	14	0	0
3	552	35	4	0.157563
4	447	15	0	0
11	27	19	1	0
12	265	58	11	3.125
13	24	15	0	0
14	17	45	6	0.407213
Instant	39
1	568	28	2	0.413223
2	40	14	0	0
3	538	37	5	0.380435
4	440	15	0	0
11	25	19	0	0
12	270	57	9	1.83824
13	23	15	0	0
14	17	43	6	0.533808
Instant	40
1	556	28	2	0.307377
2	29	17	0	0
3	557	35	4	0.154321
4	449	15	0	0
11	24	18	0	0
12	246	54	11	4.56081
13	24	15	0	0
14	18	42	7	0.565217
Instant	41
1	606	27	1	0
2	11	17	0	0
3	577	34	3	0.0514403
4	438	15	0	0
11	26	19	0	0
12	279	57	13	0.919118
13	24	15	0	0
14	17	42	7	0.622776
Instant	42
1	613	27	1	0
2	38	16	0	0
3	553	35	3	0.46875
4	454	15	0	0
11	26	19	0	0
12	262	57	8	1.83824
13	24	15	0	0
14	18	43	6	0.748417
Instant	43
1	592	27	1	0
2	32	16	0	0
3	563	33	4	0.257202
4	445	15	0	0
11	26	19	1	0
12	233	55	10	4.56081
13	24	15	0	0
14	18	43	7	0.481611
Instant	44
1	580	27	3	0.349301
2	32	17	0	0
3	546	35	4	0.688559
4	450	15	0	0
11	25	19	1	0
12	263	51	10	2.38971
13	24	15	0	0
14	18	41	7	0.4363
Instant	45
1	587	27	1	0.050505
2	18	16	0	0
3	551	37	4	0.0534188
4	422	15	0	0
11	25	19	1	0
12	247	55	12	3.67647
13	24	15	0	0
14	17	46	6	0.53813
Instant	46
1	569	30	2	0
2	15	16	0	0
3	499	37	6	1.20879
4	453	15	0	0
11	25	19	0	0
12	249	56	9	2.19595
13	23	15	0	0
14	17	41	6	0.54692
Instant	47
1	591	28	2	0.050813
2	18	14	0	0
3	518	39	5	0.446429
4	447	15	0	0
11	24	20	1	0
12	262	52	10	3.125
13	23	15	0	0
14	18	43	7	0.480769
Instant	48
1	600	27	1	0
2	17	15	0	0
3	659	37	6	0.0440141
4	425	15	0	0
11	26	19	1	0
12	248	58	10	1.83824
13	28	15	0	0
14	17	45	7	0.62922
Instant	49
1	561	30	3	0.0527426
2	16	17	0	0
3	627	38	6	0.505515
4	438	15	0	0
11	24	20	1	0
12	228	50	8	2.67857
13	28	15	0	0
14	16	42	6	0.670841
Instant	50
1	585	27	1	0.294695
2	28	15	0	0
3	590	38	6	0.576923
4	453	15	0	0
11	26	20	1	0
12	248	48	7	4.96324
13	26	15	0	0
14	18	41	6	0.60241
Instant	51
1	588	28	2	0
2	24	15	0	0
3	618	35	3	0.191939
4	459	15	0	0
11	25	20	1	0
12	256	58	10	3.86029
13	26	15	0	0
14	18	39	6	0.554608
Instant	52
1	599	27	2	0
2	12	16	0	0
3	558	35	3	0.512295
4	449	15	0	0
11	26	19	1	0
12	239	55	8	3.125
13	24	15	0	0
14	18	44	7	0.42029
Instant	53
1	585	28	1	0
2	13	16	1	0
3	569	36	6	0.0514403
4	450	15	0	0
11	25	19	1	0
12	286	51	9	0.919118
13	24	15	0	0
14	17	42	6	0.520833
Instant	54
1	599	28	1	0
2	21	16	1	0
3	483	37	6	0.950119
4	428	15	0	0
11	25	19	1	0
12	251	51	9	3.30882
13	21	15	0	0
14	17	44	6	0.595238
Instant	55
1	575	28	2	0
2	26	16	0	0
3	552	34	4	0.469729
4	433	15	0	0
11	25	20	1	0
12	235	50	9	3.20946
13	24	15	0	0
14	17	42	7	0.525526
Instant	56
1	575	29	2	0
2	27	17	0	0
3	536	37	4	0.163043
4	437	15	0	0
11	25	19	1	0
12	275	55	9	2.38971
13	23	15	0	0
14	17	42	7	0.505952
Instant	57
1	591	27	1	0
2	24	15	2	0
3	522	35	5	0.770925
4	421	15	0	0
11	26	19	0	0.297619
12	196	51	10	3.67647
13	23	15	0	0
14	16	43	7	0.649351
Instant	58
1	607	28	1	0
2	22	18	0	0
3	575	33	4	0.298805
4	427	15	0	0
11	25	19	1	0
12	266	56	11	4.56081
13	25	15	0	0
14	16	41	7	0.732601
Instant	59
1	599	28	1	0
2	15	14	0	0
3	566	33	4	0.504032
4	420	15	0	0
11	26	18	1	0
12	275	56	11	1.47059
13	25	15	0	0
14	16	42	6	0.742115
Instant	60
1	599	27	2	0
2	33	17	0	0
3	573	33	3	0.307377
4	440	15	0	0
11	26	19	1	0
12	266	58	12	2.02206
13	25	15	0	0
14	16	40	6	0.945626
Instant	61
1	592	29	1	0
2	18	16	0	0
3	535	36	4	0.37234
4	439	15	0	0
11	25	19	1	0
12	247	52	9	2.67857
13	24	15	0	0
14	17	43	6	0.626118
Instant	62
1	571	28	1	0.304878
2	24	16	0	0
3	518	35	5	0.770925
4	440	15	0	0
11	25	19	1	0
12	272	50	8	3.49265
13	23	15	0	0
14	17	44	6	0.399645
Instant	63
1	604	27	2	0.19305
2	12	16	0	0
3	575	34	3	0
4	444	15	0	0
11	26	18	0	0
12	282	58	9	2.02206
13	24	15	0	0
14	18	43	7	0.366784
Instant	64
1	599	28	1	0
2	21	13	0	0
3	538	34	5	0.632911
4	445	15	0	0
11	26	18	0	0
12	248	54	10	4.05405
13	24	15	0	0
14	17	43	6	0.527241
Instant	65
1	585	30	2	0
2	33	16	0	0
3	533	39	6	0.688559
4	413	15	0	0
11	25	19	1	0
12	267	54	14	1.65441
13	24	15	0	0
14	15	43	6	0.78765
Instant	66
1	606	27	1	0
2	28	14	0	0
3	548	36	5	0.366109
4	439	15	0	0
11	26	18	0	0
12	274	55	7	1.65441
13	24	15	0	0
14	17	44	6	0.44405
Instant	67
1	613	26	1	0
2	32	16	0	0
3	567	34	5	0.464876
4	427	15	0	0
11	26	20	1	0
12	228	54	10	2.7027
13	24	15	0	0
14	17	44	7	0.59633
Instant	68
1	518	29	2	0.719027
2	45	15	0	0
3	563	35	2	0.0514403
4	434	15	0	0
11	23	19	0	0
12	239	49	14	5.07812
13	24	15	0	0
14	17	41	6	0.629496
Instant	69
1	548	28	2	0.682773
2	43	15	0	0
3	552	36	3	0
4	436	15	0	0
11	24	19	1	0
12	247	56	13	4.04412
13	23	15	0	0
14	17	43	6	0.5227
Instant	70
1	578	30	2	0
2	44	17	0	0
3	547	36	3	0.0531915
4	423	15	0	0
11	25	18	1	0
12	208	54	11	6.41892
13	23	15	0	0
14	16	44	7	0.690608
Instant	71
1	567	27	1	0.298805
2	33	18	0	0
3	552	35	4	0.420168
4	435	15	0	0
11	25	18	0	0
12	268	52	10	1.83824
13	24	15	0	0
14	17	43	6	0.540541
Instant	72
1	592	29	2	0.0502008
2	24	15	0	0
3	598	32	3	0.0490196
4	435	15	0	0
11	25	18	0	0
12	246	54	8	2.84091
13	25	15	0	0
14	17	43	7	0.719424
Instant	73
1	611	27	2	0
2	21	16	0	0
3	554	36	3	0.0523013
4	421	15	0	0
11	26	18	0	0
12	230	54	9	3.20122
13	24	15	0	0
14	16	44	6	0.775916
Instant	74
1	598	27	2	0
2	14	16	0	0
3	553	35	4	0.0529661
4	427	15	0	0
11	25	20	1	0
12	236	58	9	5.51471
13	24	15	0	0
14	17	41	7	0.71472
Instant	75
1	600	27	1	0
2	31	14	0	0
3	549	35	4	0.477707
4	461	15	0	0
11	26	19	0	0
12	277	56	10	3.40909
13	24	15	0	0
14	18	42	6	0.49519
Instant	76
1	590	28	2	0
2	30	16	0	0
3	535	36	5	0.583864
4	465	15	0	0
11	25	20	1	0
12	245	54	10	2.25694
13	23	15	0	0
14	19	41	6	0.477797
Instant	77
1	591	27	1	0
2	22	16	0	0
3	528	36	4	0.487013
4	430	15	0	0
11	26	19	1	0
12	272	52	12	2.92969
13	23	15	0	0
14	16	42	6	0.636364
Instant	78
1	628	26	1	0
2	22	17	0	0
3	531	36	5	0.48913
4	447	15	0	0
11	27	18	0	0
12	225	50	10	3.71094
13	23	15	0	0
14	18	41	5	0.569177
Instant	79
1	592	28	1	0
2	29	15	0	0
3	523	36	4	0.717439
4	453	15	0	0
11	26	18	0	0
12	243	54	8	4.05405
13	23	15	0	0
14	18	45	6	0.215889
Instant	80
1	606	27	1	0
2	33	14	0	0
3	529	37	3	0.381264
4	426	15	0	0
11	25	20	1	0
12	258	50	8	3.2197
13	23	15	0	0
14	17	43	7	0.657492
Instant	81
1	613	26	1	0
2	38	16	0	0
3	548	34	3	0.425532
4	447	15	0	0
11	26	19	1	0
12	258	55	9	1.13636
13	24	15	0	0
14	17	40	6	0.537166
Instant	82
1	594	28	2	0
2	16	16	0	0
3	514	35	6	0.912017
4	444	15	0	0
11	26	18	0	0
12	239	52	10	2.5
13	23	15	0	0
14	17	42	5	0.837743
Instant	83
1	620	26	1	0
2	37	15	0	0
3	560	34	3	0.41841
4	443	15	0	0
11	26	20	1	0
12	282	53	10	1.13636
13	24	15	0	0
14	17	41	7	0.750883
Instant	84
1	560	29	2	0.0516529
2	19	18	0	0
3	568	35	3	0
4	473	15	0	0
11	24	20	1	0.313808
12	235	51	10	3.59848
13	24	15	0	0
14	19	40	5	0.316282
Instant	85
1	608	28	1	0
2	26	17	0	0
3	491	36	4	0.647059
4	439	15	0	0
11	26	18	1	0
12	225	53	11	4.00641
13	21	15	0	0
14	17	41	7	0.607948
Instant	86
1	620	26	1	0
2	34	15	0	0
3	521	34	5	0.75594
4	449	15	0	0
11	27	19	1	0
12	266	55	10	3.49265
13	23	15	0	0
14	18	43	7	0.479094
Instant	87
1	606	27	1	0
2	30	14	0	0
3	464	35	4	1.83066
4	421	15	0	0
11	26	19	1	0
12	258	57	10	4.41176
13	22	15	0	0
14	16	42	7	0.817901
Instant	88
1	625	27	1	0
2	23	15	0	0
3	565	35	3	0.313152
4	467	15	0	0
11	27	18	0	0
12	233	54	10	4.39189
13	24	15	0	0
14	19	42	7	0.390843
Instant	89
1	592	28	1	0
2	38	17	0	0
3	554	36	5	0.421941
4	451	15	0	0
11	26	19	0	0
12	252	54	11	2.94118
13	24	15	0	0
14	18	41	6	0.563258
Instant	90
1	606	27	1	0
2	20	17	0	0
3	538	34	4	0.421053
4	439	15	0	0
11	26	19	1	0
12	251	54	11	3.125
13	24	15	0	0
14	17	45	7	0.311388
Instant	91
1	599	26	1	0
2	16	15	0	0
3	487	35	5	0.358852
4	433	15	0	0
11	26	21	1	0
12	258	56	10	1.35135
13	21	15	0	0
14	17	45	7	0.451264
Instant	92
1	581	28	2	0
2	30	16	0	0
3	551	36	4	0.313808
4	411	15	0	0
11	25	20	1	0
12	267	54	9	2.46212
13	24	15	0	0
14	16	47	6	0.85389
Instant	93
1	593	28	1	0
2	21	15	0	0
3	504	35	4	0.965909
4	450	15	0	0
11	25	19	1	0
12	219	54	10	5.11364
13	22	15	0	0
14	17	39	6	0.652174
Instant	94
1	605	28	2	0.0490196
2	20	15	0	0
3	541	37	5	0.0536481
4	453	15	0	0
11	26	18	1	0
12	245	53	8	1.68919
13	23	15	0	0
14	17	41	6	0.736568
Instant	95
1	618	27	1	0
2	4	19	0	0
3	511	36	5	1.1236
4	429	15	0	0
11	27	18	0	0
12	239	52	10	4.22794
13	22	15	0	0
14	16	42	6	0.729927
Instant	96
1	610	27	2	0
2	36	16	0	0
3	532	34	3	0.479744
4	437	15	0	0
11	26	19	0	0
12	267	57	9	0.735294
13	23	15	0	0
14	17	40	6	0.655933
Instant	97
1	585	27	1	0
2	36	14	0	0
3	557	34	5	0.367647
4	432	15	0	0
11	26	19	1	0
12	238	52	11	3.96341
13	24	15	0	0
14	17	44	7	0.678119
Instant	98
1	605	27	1	0.0490196
2	17	14	0	0
3	541	36	3	0.0527426
4	451	15	0	0
11	26	18	1	0
12	281	53	8	1.28676
13	24	15	0	0
14	18	40	7	0.476603
Instant	99
1	548	27	1	0.625
2	29	15	0	0
3	593	33	3	0.199203
4	450	15	0	0
11	24	20	1	0
12	280	56	6	1.10294
13	25	15	0	0
14	18	43	7	0.564236
Instant	100
1	595	28	2	0.2
2	19	15	0	0
3	600	31	5	0.192308
4	417	15	0	0
11	25	19	1	0
12	238	56	10	4.05405
13	26	15	0	0
14	17	44	7	0.593009
Instant	101
1	594	26	1	0.145914
2	38	15	0	0
3	518	36	5	0.719027
4	441	15	0	0
11	26	19	1	0
12	244	52	11	3.49265
13	23	15	0	0
14	17	43	7	0.577265
Instant	102
1	584	28	2	0
2	25	14	0	0
3	572	35	4	0.0516529
4	460	15	0	0
11	26	20	1	0
12	258	50	12	4.41176
13	24	15	0	0
14	18	41	6	0.394811
Instant	103
1	606	28	2	0
2	13	17	0	0
3	530	34	4	0.799574
4	449	15	0	0
11	26	19	0	0
12	236	52	10	3.37838
13	23	15	0	0
14	18	40	7	0.566202
Instant	104
1	592	27	1	0
2	27	16	0	0
3	615	34	3	0.556586
4	416	15	0	0
11	25	19	0	0
12	229	51	11	5.33088
13	27	15	0	0
14	16	44	7	0.576324
Instant	105
1	568	27	2	0.65261
2	42	15	0	0
3	627	37	6	0.0934579
4	428	15	0	0
11	25	19	0	0.304878
12	239	54	11	4.77941
13	27	15	0	0
14	16	44	7	0.703364
Instant	106
1	548	30	2	0.369979
2	17	15	0	0
3	546	38	6	1.50905
4	451	15	0	0
11	24	18	0	0
12	252	54	11	2.19595
13	25	15	0	0
14	18	41	7	0.561313
Instant	107
1	509	29	1	0.452489
2	31	16	0	0
3	551	36	5	0.323276
4	471	15	0	0
11	22	18	0	0
12	252	52	8	2.20588
13	23	15	0	0
14	19	41	6	0.483693
Instant	108
1	581	29	2	0
2	17	17	0	0
3	569	35	3	0.0516529
4	457	15	0	0
11	25	20	1	0
12	238	52	13	5.69853
13	24	15	0	0
14	18	42	5	0.668373
Instant	109
1	605	27	1	0.0484496
2	11	15	0	0
3	526	33	4	0.694444
4	456	15	0	0
11	26	19	0	0
12	202	54	11	5.20833
13	23	15	0	0
14	19	40	5	0.328759
Instant	110
1	560	29	3	0.311203
2	17	16	0	0
3	489	38	5	0.23753
4	456	15	0	0
11	24	20	1	0
12	282	52	12	1.75781
13	21	15	0	0
14	18	45	6	0.556507
Instant	111
1	590	28	1	0.0496032
2	37	16	0	0
3	521	36	5	0.543478
4	449	15	0	0
11	25	19	0	0
12	246	54	13	2.94118
13	23	15	0	0
14	17	42	6	0.597319
Instant	112
1	599	28	1	0
2	37	16	0	0
3	589	32	4	0.348606
4	425	15	0	0
11	26	19	1	0
12	241	53	7	4.39189
13	25	15	0	0
14	16	41	6	0.750613
Instant	113
1	563	28	1	0.3125
2	25	17	0	0
3	517	36	5	0.762527
4	413	15	0	0
11	24	19	1	0
12	292	56	9	0.551471
13	23	15	0	0
14	17	46	8	0.598614
Instant	114
1	609	27	1	0
2	19	16	0	0
3	491	36	6	0.461894
4	445	15	0	0
11	26	19	1	0
12	268	58	10	0.367647
13	22	15	0	0
14	18	43	7	0.350877
Instant	115
1	614	25	1	0
2	39	17	0	0
3	525	37	4	0.561798
4	467	15	0	0
11	27	20	1	0
12	233	53	7	2.53378
13	22	15	0	0
14	18	40	5	0.420168
Instant	116
1	592	27	1	0.294118
2	17	13	0	0
3	547	35	4	0.578947
4	464	15	0	0
11	26	18	0	0
12	257	54	9	3.49265
13	24	15	0	0
14	19	41	7	0.505902
Instant	117
1	606	27	2	0
2	16	13	0	0
3	503	36	4	0.623583
4	467	15	0	0
11	25	20	1	0
12	271	56	12	2.20588
13	22	15	0	0
14	18	43	7	0.293132
Instant	118
1	562	29	1	0
2	38	14	0	0
3	513	36	4	0.554324
4	436	15	0	0
11	24	20	1	0
12	234	54	10	3.5473
13	23	15	0	0
14	17	43	7	0.596303
Instant	119
1	605	27	1	0.046729
2	33	15	0	0
3	561	33	5	0.514403
4	432	15	0	0
11	27	18	0	0
12	282	55	9	1.28676
13	24	15	0	0
14	17	44	7	0.407609
