	T	D	J	LP
Instant	0
1	0	0	0	0
2	0	0	0	0
3	0	0	0	0
4	0	0	0	0
11	0	0	0	0
12	0	0	0	0
13	0	0	0	0
14	0	0	0	0
Instant	1
1	285	28	1	0
2	16	20	0	0
3	188	42	6	0
4	305	17	0	0
11	12	20	1	0
12	138	47	7	0
13	8	15	0	0
14	11	37	7	0.0411523
Instant	2
1	996	29	2	0.385071
2	37	17	0	0
3	715	44	8	0.794913
4	1409	22	1	0.577495
11	43	19	1	0
12	304	50	8	1.28676
13	32	15	0	0
14	65	35	3	0.14234
Instant	3
1	897	26	2	0.893958
2	49	17	0	0
3	613	38	7	1.84685
4	1431	20	1	0.255471
11	41	19	0	0
12	316	57	9	0.735294
13	28	15	0	0
14	63	38	3	0.172322
Instant	4
1	910	28	2	0.291829
2	11	17	0	0
3	662	38	6	1.30034
4	1375	18	0	0
11	39	20	1	0
12	277	53	7	0.506757
13	30	15	0	0
14	59	37	3	0.166287
Instant	5
1	866	27	2	0.329815
2	31	18	0	0
3	672	38	6	0.891341
4	1251	17	0	0
11	39	19	1	0
12	292	52	11	1.28676
13	30	15	0	0
14	54	39	4	0.119942
Instant	6
1	823	26	1	0.293255
2	48	17	0	0
3	708	39	6	0.122549
4	1017	17	0	0
11	35	18	1	0
12	278	52	8	0.183824
13	30	15	0	0
14	43	36	4	0.257003
Instant	7
1	702	25	1	0.248344
2	18	16	0	0
3	665	40	7	1.45108
4	972	16	0	0
11	30	19	0	0
12	261	53	9	1.35135
13	31	15	0	0
14	41	36	4	0.147493
Instant	8
1	620	29	2	0
2	22	16	0	0
3	616	41	6	0.844278
4	963	16	0	0
11	27	18	0	0
12	255	50	10	3.125
13	27	15	0	0
14	41	38	4	0.189856
Instant	9
1	698	25	1	0.0425894
2	21	16	0	0
3	601	41	7	1.15955
4	855	16	0	0
11	30	19	1	0
12	255	51	8	1.65441
13	27	15	0	0
14	35	39	4	0.275229
Instant	10
1	659	26	2	0
2	47	15	0	0
3	616	37	5	0.934579
4	753	16	0	0
11	28	19	1	0
12	258	52	7	0
13	27	15	0	0
14	32	39	4	0.216788
Instant	11
1	681	27	1	0
2	39	16	0	0
3	566	35	5	1.1079
4	728	16	0	0
11	30	19	1	0
12	263	47	8	2.20588
13	26	15	0	0
14	29	37	5	0.340136
Instant	12
1	637	30	2	0.0468165
2	30	15	0	0
3	588	38	5	0.968992
4	781	16	0	0
11	27	20	1	0
12	247	54	9	2.75735
13	26	15	0	0
14	33	36	5	0.125502
Instant	13
1	693	26	1	0
2	37	17	0	0
3	572	41	6	0.698603
4	747	16	0	0
11	30	18	0	0
12	248	51	8	1.78571
13	25	15	0	0
14	30	36	4	0.331936
Instant	14
1	674	26	2	0
2	16	14	0	0
3	544	41	7	1.38037
4	730	16	0	0
11	29	19	0	0
12	314	53	8	0
13	25	15	0	0
14	31	37	4	0.107181
Instant	15
1	659	25	2	0.693241
2	17	15	0	0
3	639	36	6	0.309735
4	784	16	0	0
11	29	19	1	0
12	289	52	7	0.735294
13	28	15	0	0
14	33	37	4	0.14985
Instant	16
1	624	27	1	0
2	40	15	0	0
3	686	40	6	1.20232
4	765	16	0	0
11	27	18	1	0
12	256	51	8	0.675676
13	30	15	0	0
14	32	36	4	0.196179
Instant	17
1	608	25	1	0.722543
2	39	15	0	0
3	679	41	6	0.840336
4	691	16	0	0
11	26	19	1	0
12	271	48	10	0.919118
13	30	15	0	0
14	29	40	5	0.141563
Instant	18
1	661	27	2	0
2	28	16	0	0
3	619	38	6	0.465549
4	620	16	0	0
11	29	19	1	0
12	269	57	10	1.47059
13	27	15	0	0
14	25	39	5	0.399327
Instant	19
1	658	26	1	0
2	22	15	0	0
3	580	39	6	0.450902
4	653	16	0	0
11	29	19	1	0
12	260	53	9	1.18243
13	25	15	0	0
14	27	38	5	0.259792
Instant	20
1	587	28	1	0.297619
2	10	15	0	0
3	464	37	5	1.68998
4	692	16	0	0
11	25	19	1	0
12	278	50	10	1.28676
13	22	15	0	0
14	29	36	3	0.11325
Instant	21
1	639	25	1	0
2	36	16	0	0
3	480	41	6	0.722892
4	643	16	0	0
11	27	19	0	0
12	261	53	9	1.28676
13	21	15	0	0
14	26	37	5	0.435929
Instant	22
1	598	25	1	0.28463
2	23	17	0	0
3	535	38	5	0.163043
4	690	16	0	0
11	27	19	1	0
12	240	48	6	2.87162
13	23	15	0	0
14	29	36	4	0.141884
Instant	23
1	653	26	1	0.266904
2	23	19	0	0
3	467	39	6	1.12559
4	725	16	0	0
11	28	19	1	0
12	258	49	12	3.125
13	21	15	0	0
14	30	36	4	0.243243
Instant	24
1	661	27	2	0.219684
2	22	17	0	0
3	506	39	5	0.403226
4	704	16	0	0
11	29	19	1	0
12	258	54	10	0.919118
13	21	15	0	0
14	29	36	4	0.240474
Instant	25
1	680	27	2	0
2	15	15	0	0
3	539	36	5	0.37961
4	676	16	0	0
11	30	21	1	0
12	263	48	9	0.744048
13	23	15	0	0
14	27	36	5	0.404157
Instant	26
1	718	26	1	0
2	17	16	0	0
3	457	38	5	1.52068
4	662	16	0	0
11	30	20	1	0
12	283	51	9	2.20588
13	21	15	0	0
14	28	37	4	0.216963
Instant	27
1	669	25	1	0.428082
2	8	16	0	0
3	519	38	5	0.110132
4	736	16	0	0
11	30	19	0	0
12	280	55	7	1.83824
13	23	15	0	0
14	31	36	4	0.13312
Instant	28
1	575	26	1	0.357143
2	17	17	0	0
3	522	37	6	0.706522
4	641	15	0	0
11	25	18	1	0
12	267	56	9	0.694444
13	23	15	0	0
14	27	40	5	0.243902
Instant	29
1	613	26	1	0
2	37	16	0	0
3	543	36	4	0.320513
4	652	16	0	0
11	27	19	0	0
12	297	52	9	0.183824
13	23	15	0	0
14	27	38	5	0.260104
Instant	30
1	611	27	1	0.291829
2	22	15	0	0
3	538	38	5	0.0555556
4	647	15	0	0
11	26	18	0	0
12	268	53	8	1.10294
13	23	15	0	0
14	27	36	4	0.261675
Instant	31
1	620	26	1	0
2	26	13	0	0
3	503	37	5	0.837054
4	650	16	0	0
11	27	18	1	0
12	257	53	10	1.85811
13	22	15	0	0
14	26	37	5	0.200562
Instant	32
1	582	25	1	0.294695
2	20	15	0	0
3	524	36	5	0.543478
4	653	16	0	0
11	26	19	1	0
12	275	53	10	1.65441
13	23	15	0	0
14	27	35	4	0.179856
Instant	33
1	615	26	1	0.0488281
2	25	17	0	0
3	487	40	5	0.930233
4	634	16	0	0
11	26	18	0	0
12	264	55	8	1.65441
13	22	15	0	0
14	26	36	5	0.308261
Instant	34
1	604	26	2	0
2	35	16	0	0
3	474	39	5	1.19332
4	663	16	0	0
11	26	20	1	0
12	264	53	10	0.675676
13	21	15	0	0
14	27	34	4	0.363601
Instant	35
1	601	26	1	0.295276
2	22	14	0	0
3	511	37	5	0.559284
4	686	15	0	0
11	25	19	1	0
12	275	55	10	0.735294
13	22	15	0	0
14	29	34	4	0.170843
Instant	36
1	558	26	2	0.31185
2	40	16	0	0
3	493	40	6	0.578704
4	683	16	0	0
11	24	20	1	0
12	242	53	8	2.75735
13	22	15	0	0
14	29	37	4	0.267278
Instant	37
1	618	26	1	0
2	23	15	0	0
3	541	37	4	0.375536
4	698	16	0	0
11	27	19	1	0
12	245	51	7	2.08333
13	23	15	0	0
14	28	36	4	0.337458
Instant	38
1	525	26	1	0.530786
2	39	14	0	0
3	514	38	6	0.444444
4	669	16	0	0
11	24	19	1	0
12	286	49	8	2.02206
13	23	15	0	0
14	28	37	4	0.321262
Instant	39
1	628	26	1	0
2	22	17	0	0
3	541	36	5	0.323276
4	709	16	0	0
11	26	18	0	0
12	286	55	10	2.94118
13	23	15	0	0
14	29	37	4	0.184366
Instant	40
1	551	29	2	0.714286
2	23	15	0	0
3	518	36	5	0.657895
4	699	16	0	0
11	25	20	1	0
12	266	47	7	0.506757
13	23	15	0	0
14	30	38	5	0.25196
Instant	41
1	612	26	1	0
2	9	17	0	0
3	499	37	4	0.812065
4	710	16	0	0
11	26	19	1	0
12	277	54	10	1.10294
13	21	15	0	0
14	29	37	5	0.165198
Instant	42
1	648	25	1	0
2	40	19	0	0
3	481	37	5	0.694444
4	645	16	0	0
11	28	18	0	0
12	265	50	9	1.28676
13	22	15	0	0
14	27	40	5	0.272727
Instant	43
1	627	26	1	0
2	11	19	0	0
3	510	39	5	0.339367
4	743	16	0	0
11	26	19	0	0
12	218	48	9	4.89865
13	22	15	0	0
14	31	36	4	0.237592
Instant	44
1	498	29	2	0.715859
2	25	14	0	0
3	441	41	7	1.85644
4	668	16	0	0
11	23	20	1	0
12	277	50	9	1.65441
13	20	15	0	0
14	27	39	5	0.224172
Instant	45
1	613	25	1	0
2	10	18	0	0
3	525	37	5	0.507901
4	649	16	0	0
11	26	19	1	0
12	269	52	9	0.551471
13	22	15	0	0
14	27	38	5	0.231202
Instant	46
1	634	25	0	0
2	17	15	0	0
3	498	39	6	0.733634
4	624	16	0	0
11	27	19	1	0
12	266	53	7	0.506757
13	22	15	0	0
14	26	38	5	0.407779
Instant	47
1	620	26	1	0
2	38	15	0	0
3	493	38	5	0.852273
4	645	16	0	0
11	27	19	1	0
12	287	53	7	0.919118
13	22	15	0	0
14	27	38	6	0.151699
Instant	48
1	624	26	1	0
2	38	15	0	0
3	498	41	8	0.462963
4	635	16	0	0
11	27	18	0	0
12	250	51	9	1.65441
13	22	15	0	0
14	27	39	5	0.246305
Instant	49
1	580	28	1	0
2	27	13	0	0
3	506	37	5	0.458716
4	684	16	0	0
11	25	18	0	0
12	248	53	8	1.19048
13	22	15	0	0
14	28	36	4	0.114548
Instant	50
1	586	26	1	0.294118
2	20	14	0	0
3	539	35	4	0.730689
4	671	16	0	0
11	26	20	1	0
12	289	53	9	0.551471
13	24	15	0	0
14	28	37	5	0.321262
Instant	51
1	592	27	1	0
2	20	15	0	0
3	531	37	6	1.22863
4	720	16	0	0
11	25	20	1	0
12	270	58	9	4.77941
13	23	15	0	0
14	29	37	5	0.190011
Instant	52
1	548	25	1	0.685654
2	23	17	0	0
3	503	37	4	0.512528
4	682	16	0	0
11	24	18	0	0
12	247	50	9	1.5625
13	22	15	0	0
14	29	36	4	0.200918
Instant	53
1	607	25	0	0.283554
2	44	15	0	0
3	516	38	5	0.668151
4	688	16	0	0
11	27	19	1	0
12	274	50	9	1.83824
13	22	15	0	0
14	28	37	4	0.22805
Instant	54
1	585	25	1	0.297619
2	25	15	0	0
3	442	43	8	1.56642
4	672	16	0	0
11	25	21	1	0
12	218	51	10	4.77941
13	20	15	0	0
14	28	37	5	0.262238
Instant	55
1	627	25	1	0
2	27	16	0	0
3	555	38	6	0.10395
4	673	16	0	0
11	26	20	1	0
12	234	45	7	4.72973
13	24	15	0	0
14	28	36	5	0.319767
Instant	56
1	613	26	1	0
2	35	16	0	0
3	607	37	6	0.602968
4	659	16	0	0
11	27	19	1	0
12	283	51	9	0.735294
13	27	15	0	0
14	26	40	5	0.267221
Instant	57
1	624	26	2	0
2	18	15	0	0
3	594	40	6	0.631068
4	727	16	0	0
11	27	18	0	0
12	252	52	9	1.65441
13	26	15	0	0
14	30	34	4	0.323276
Instant	58
1	620	26	1	0
2	20	15	0	0
3	555	43	7	0.363825
4	790	16	0	0
11	26	19	0	0
12	271	52	8	1.35135
13	24	15	0	0
14	33	37	5	0.272277
Instant	59
1	545	27	2	0.360825
2	31	16	0	0
3	558	38	6	0.670103
4	762	16	0	0
11	25	19	1	0
12	276	49	10	1.47059
13	24	15	0	0
14	32	38	5	0.205761
Instant	60
1	627	25	1	0.143678
2	7	14	0	0
3	539	39	6	0.751073
4	723	16	0	0
11	26	19	1	0
12	259	54	9	2.38971
13	23	15	0	0
14	30	38	4	0.234742
Instant	61
1	609	27	2	0.0480769
2	27	14	0	0
3	593	36	6	0.0494071
4	689	16	0	0
11	26	19	1	0
12	255	46	7	1.6369
13	26	15	0	0
14	29	39	5	0.226757
Instant	62
1	598	28	1	0.0490196
2	24	14	1	0
3	498	39	5	1.12613
4	745	16	0	0
11	26	19	1	0
12	304	51	8	1.28676
13	22	15	0	0
14	31	34	4	0.184017
Instant	63
1	641	25	0	0
2	37	14	0	0
3	569	37	6	0.40568
4	713	16	0	0
11	28	18	0	0
12	280	49	8	1.47059
13	24	15	0	0
14	29	37	5	0.219058
Instant	64
1	606	26	1	0
2	27	15	0	0
3	540	40	6	0.374732
4	626	15	0	0
11	26	19	1	0
12	255	51	11	2.19595
13	23	15	0	0
14	26	40	6	0.156642
Instant	65
1	605	26	1	0.335249
2	18	14	0	0
3	563	36	5	0.55
4	629	16	0	0
11	26	19	1	0
12	282	49	9	1.83824
13	25	15	0	0
14	26	37	5	0.34204
Instant	66
1	603	27	1	0
2	24	17	0	0
3	479	41	7	1.37232
4	642	15	0	0
11	26	20	1	0
12	235	51	9	2.94118
13	21	15	0	0
14	26	38	5	0.182482
Instant	67
1	596	29	2	0
2	36	15	0	0
3	531	36	5	0.538793
4	694	15	0	0
11	25	18	0	0
12	240	51	9	2.87162
13	23	15	0	0
14	29	37	4	0.3386
Instant	68
1	634	25	1	0
2	24	14	0	0
3	525	40	7	0.225225
4	731	16	0	0
11	27	19	0	0
12	267	47	9	3.51562
13	22	15	0	0
14	30	37	5	0.160428
Instant	69
1	606	27	1	0
2	31	16	0	0
3	535	37	4	0.0534188
4	730	16	0	0
11	26	18	1	0
12	231	52	7	4.04412
13	23	15	0	0
14	30	38	5	0.178444
Instant	70
1	594	27	2	0
2	39	16	0	0
3	532	37	5	0.48913
4	707	16	0	0
11	25	20	1	0
12	266	54	11	0.844595
13	23	15	0	0
14	29	37	4	0.249169
Instant	71
1	601	26	1	0
2	27	15	0	0
3	514	34	6	0.818777
4	709	15	0	0
11	26	20	1	0
12	259	48	6	2.57353
13	23	15	0	0
14	30	38	5	0.202802
Instant	72
1	606	26	1	0.297619
2	4	18	0	0
3	518	38	4	0.558036
4	684	16	0	0
11	25	19	1	0
12	272	51	7	0
13	22	15	0	0
14	29	35	4	0.171625
Instant	73
1	600	26	1	0
2	24	15	0	0
3	492	39	6	0.696056
4	633	16	0	0
11	27	18	0	0
12	231	54	12	2.59146
13	22	15	0	0
14	26	37	5	0.309789
Instant	74
1	594	28	1	0
2	10	13	2	0
3	519	37	5	0.723831
4	616	15	0	0
11	25	19	1	0
12	262	54	9	2.57353
13	22	15	0	0
14	25	37	5	0.158428
Instant	75
1	611	25	1	0
2	30	15	0	0
3	505	39	5	0.795455
4	602	15	0	0
11	26	20	1	0
12	287	55	10	3.0303
13	22	15	0	0
14	25	35	5	0.423177
Instant	76
1	598	26	1	0.298211
2	11	14	0	0
3	526	40	7	0.591398
4	629	16	0	0
11	25	20	1	0
12	267	53	8	0.520833
13	23	15	0	0
14	26	37	5	0.155473
Instant	77
1	621	25	1	0
2	19	17	0	0
3	569	37	5	0.20202
4	683	15	0	0
11	28	20	1	0
12	297	51	9	0.78125
13	25	15	0	0
14	28	38	5	0.315367
Instant	78
1	612	26	1	0.298211
2	27	15	0	0
3	524	39	7	0.980392
4	668	16	0	0
11	25	19	0	0
12	245	48	7	1.95312
13	23	15	0	0
14	28	37	4	0.0877193
Instant	79
1	590	25	1	0.288462
2	38	14	0	0
3	571	37	4	0.20284
4	683	16	0	0
11	26	19	1	0
12	243	51	9	2.87162
13	25	15	0	0
14	29	34	4	0.0953471
Instant	80
1	646	26	1	0.451264
2	29	14	0	0
3	513	39	4	0.50905
4	624	15	0	0
11	28	19	0	0
12	272	52	11	1.13636
13	22	15	0	0
14	26	38	5	0.17775
Instant	81
1	683	26	1	0.0433276
2	16	17	0	0
3	509	40	6	0.344037
4	620	15	0	0
11	29	19	1	0
12	261	51	9	2.08333
13	22	15	0	0
14	25	38	5	0.22096
Instant	82
1	559	25	2	0.446429
2	24	17	0	0
3	537	37	4	0.0541126
4	611	15	0	0
11	25	19	1	0
12	257	49	7	0.714286
13	23	15	0	0
14	26	35	5	0.256082
Instant	83
1	577	27	2	0.751503
2	19	16	0	0
3	491	37	6	0.747126
4	611	15	0	0
11	25	18	1	0.302419
12	262	48	9	1.70455
13	22	15	0	0
14	26	38	6	0.14919
Instant	84
1	620	26	1	0
2	8	16	0	0
3	467	40	6	0.67402
4	602	15	0	0
11	27	18	0	0
12	269	51	8	1.70455
13	20	15	0	0
14	25	38	5	0.130039
Instant	85
1	618	25	1	0
2	12	18	0	0
3	559	36	4	0.0528541
4	605	15	0	0
11	26	20	1	0
12	273	52	9	0.641026
13	24	15	0	0
14	25	37	5	0.258398
Instant	86
1	602	27	2	0.143678
2	43	16	0	0
3	504	40	6	0.230415
4	604	15	0	0
11	26	18	0	0
12	299	49	9	1.28676
13	22	15	0	0
14	25	38	5	0.162127
Instant	87
1	619	27	2	0.0478927
2	33	15	0	0
3	479	41	5	0.592417
4	616	15	0	0
11	26	19	1	0
12	284	57	9	1.83824
13	21	15	0	0
14	26	37	5	0.158831
Instant	88
1	634	24	0	0
2	38	16	0	0
3	477	40	5	0.786925
4	571	15	0	0
11	26	20	1	0
12	239	49	6	2.36486
13	20	15	0	0
14	24	37	5	0.319197
Instant	89
1	632	26	1	0
2	24	15	0	0
3	519	36	6	0.767544
4	608	15	0	0
11	27	19	1	0
12	270	51	7	2.94118
13	23	15	0	0
14	25	36	5	0.225225
Instant	90
1	643	25	1	0
2	30	16	0	0
3	441	37	5	1.72414
4	585	15	0	0
11	28	19	1	0
12	246	50	7	1.75781
13	20	15	0	0
14	25	40	5	0.200803
Instant	91
1	578	26	1	0
2	13	16	0	0
3	607	34	4	0.706215
4	603	15	0	0
11	25	19	0	0
12	254	51	8	0.844595
13	27	15	0	0
14	25	38	5	0.227273
Instant	92
1	624	25	1	0.279851
2	18	17	0	0
3	600	36	4	0.0481696
4	602	15	0	0
11	27	20	1	0
12	260	51	10	4.16667
13	26	15	0	0
14	25	37	5	0.183983
Instant	93
1	547	26	2	0.991649
2	31	17	0	0
3	513	39	6	0.886918
4	609	15	0	0
11	24	18	0	0
12	247	54	10	1.89394
13	23	15	0	0
14	25	36	5	0.256739
Instant	94
1	601	26	1	0
2	5	15	0	0
3	570	35	4	0.103734
4	611	15	0	0
11	26	19	1	0
12	255	50	7	1.01351
13	24	15	0	0
14	26	38	6	0.223785
Instant	95
1	641	25	1	0
2	26	16	0	0
3	551	34	4	0.155602
4	639	15	0	0
11	27	18	1	0
12	216	49	10	7.16912
13	24	15	0	0
14	26	35	4	0.235174
Instant	96
1	613	27	1	0
2	10	17	0	0
3	525	35	4	0.93819
4	645	15	0	0
11	26	19	0	0
12	263	50	9	0.735294
13	23	15	0	0
14	27	37	5	0.151515
Instant	97
1	624	25	1	0
2	24	18	0	0
3	531	36	4	0.430108
4	621	15	0	0
11	27	19	1	0
12	245	50	8	1.67683
13	23	15	0	0
14	26	37	5	0.126103
Instant	98
1	586	28	2	0.304878
2	38	15	0	0
3	519	39	6	0.280269
4	604	15	0	0
11	25	19	1	0
12	299	50	7	1.28676
13	22	15	0	0
14	25	38	5	0.323834
Instant	99
1	599	25	1	0
2	23	16	0	0
3	521	36	4	0.391499
4	608	15	0	0
11	26	20	1	0
12	300	56	8	0.735294
13	22	15	0	0
14	25	37	4	0.224647
Instant	100
1	601	28	2	0.292969
2	17	14	0	0
3	524	37	5	0.382096
4	598	15	0	0
11	26	18	1	0
12	257	51	6	1.35135
13	23	15	0	0
14	25	38	5	0.196335
Instant	101
1	544	26	1	0.368421
2	46	17	0	0
3	508	36	4	0.735294
4	601	15	0	0
11	24	20	1	0
12	271	51	10	2.38971
13	22	15	0	0
14	25	37	5	0.195567
Instant	102
1	614	26	1	0
2	55	14	0	0
3	495	38	5	0.848416
4	585	15	0	0
11	27	18	0	0
12	232	51	11	2.38971
13	22	15	0	0
14	24	38	5	0.167112
Instant	103
1	624	26	1	0.0486381
2	23	15	0	0
3	508	38	5	0.232019
4	594	15	0	0
11	26	19	1	0
12	247	53	10	4.05405
13	22	15	0	0
14	24	37	5	0.164908
Instant	104
1	604	27	1	0
2	5	14	1	0
3	501	38	5	0.995575
4	572	16	0	0
11	26	19	1	0
12	273	50	9	1.83824
13	23	15	0	0
14	24	36	5	0.34153
Instant	105
1	629	25	1	0
2	9	14	0	0
3	565	38	5	0.801603
4	611	16	0	0
11	27	19	1	0
12	216	50	10	2.38971
13	25	15	0	0
14	25	37	5	0.224647
Instant	106
1	605	27	1	0.0478927
2	11	17	2	0
3	600	40	6	0.391389
4	576	15	0	0
11	26	19	1	0
12	265	49	8	3.37838
13	26	15	0	0
14	24	37	4	0.169607
Instant	107
1	492	27	2	0.911162
2	14	17	0	0
3	590	37	6	0.29703
4	549	15	0	0
11	22	19	0	0
12	276	51	8	1.10294
13	25	15	0	0
14	23	38	5	0.379867
Instant	108
1	624	27	1	0
2	28	16	0	0
3	550	39	5	0.155602
4	561	15	0	0
11	27	18	0	0
12	267	52	8	0.919118
13	24	15	0	0
14	23	38	5	0.383008
Instant	109
1	578	25	1	0.540275
2	29	17	0	0
3	533	40	7	0.548246
4	595	16	0	0
11	25	18	1	0
12	258	52	9	1.04167
13	23	15	0	0
14	24	36	5	0.273763
Instant	110
1	560	27	1	0.0536481
2	14	16	0	0
3	609	37	5	0.37037
4	571	15	0	0
11	23	20	1	0
12	272	51	8	3.71094
13	27	15	0	0
14	23	38	4	0.376712
Instant	111
1	586	27	1	0
2	21	16	0	0
3	572	40	6	0.456389
4	581	15	0	0
11	25	20	1	0
12	237	52	11	2.38971
13	25	15	0	0
14	24	37	4	0.303644
Instant	112
1	620	26	1	0
2	25	19	0	0
3	525	37	6	1.25
4	587	15	0	0
11	27	20	1	0
12	221	53	10	6.58784
13	23	15	0	0
14	24	36	5	0.332889
Instant	113
1	590	25	1	0.396825
2	23	16	0	0
3	534	42	6	0.162338
4	591	16	0	0
11	26	19	1	0
12	263	54	10	2.02206
13	23	15	0	0
14	24	37	5	0.232095
Instant	114
1	614	27	1	0
2	31	14	0	0
3	500	39	6	0.683371
4	619	15	0	0
11	26	19	0	0
12	256	51	8	2.20588
13	22	15	0	0
14	27	36	4	0.158228
Instant	115
1	606	28	2	0
2	14	15	0	0
3	494	39	4	0.582751
4	593	15	0	0
11	26	18	0	0
12	250	53	10	1.85811
13	21	15	0	0
14	24	37	5	0.230567
Instant	116
1	613	26	1	0
2	29	17	0	0
3	518	38	4	0.226757
4	598	15	0	0
11	26	19	0	0
12	249	44	9	3.49265
13	22	15	0	0
14	25	38	5	0.163827
Instant	117
1	620	26	1	0
2	34	16	0	0
3	512	38	5	0.389755
4	564	15	0	0
11	26	19	0	0
12	238	51	8	4.77941
13	23	15	0	0
14	23	36	5	0.520111
Instant	118
1	599	26	1	0.287356
2	21	16	0	0
3	512	37	5	0.900901
4	561	15	0	0
11	26	18	0	0
12	251	48	8	2.36486
13	22	15	0	0
14	23	38	5	0.27972
Instant	119
1	569	26	1	0.356415
2	31	16	0	0
3	542	34	4	0.106157
4	584	15	0	0
11	25	20	1	0
12	288	53	7	0
13	24	15	0	0
14	24	36	4	0.23427
