	T	D	J	LP
Instant	0
1	0	0	0	0
2	0	0	0	0
3	0	0	0	0
4	0	0	0	0
11	0	0	0	0
12	0	0	0	0
13	0	0	0	0
14	0	0	0	0
Instant	1
1	290	28	1	0
2	0	0	0	0
3	229	40	4	0
4	301	16	0	0
11	11	19	1	0
12	130	42	6	0.815217
13	9	15	0	0
14	10	34	5	0.0417711
Instant	2
1	768	39	3	6.65746
2	44	16	0	0
3	748	39	6	0.465116
4	1309	27	0	1.12345
11	45	19	0	0
12	335	48	5	0.919118
13	33	15	0	0
14	64	36	2	0.365686
Instant	3
1	829	38	2	5.8871
2	45	16	0	0
3	754	40	7	0.532724
4	1424	22	0	0.570716
11	48	19	1	0
12	295	48	8	0.183824
13	33	15	0	0
14	62	40	3	0.384418
Instant	4
1	855	33	2	3.01095
2	28	18	0	0
3	688	38	5	0.578512
4	1504	19	0	0
11	43	20	2	0
12	286	44	6	0
13	31	15	0	0
14	64	38	3	0.356088
Instant	5
1	955	31	3	0.930372
2	34	18	0	0
3	665	37	5	0.268336
4	1364	17	0	0
11	43	19	1	0
12	297	45	6	0.551471
13	28	15	0	0
14	57	36	4	0.296935
Instant	6
1	1035	28	3	0.663717
2	13	16	0	0
3	621	35	6	0
4	1159	16	0	0
11	46	19	1	0
12	273	49	7	0.919118
13	26	15	0	0
14	50	36	4	0.264282
Instant	7
1	815	30	2	0.215517
2	18	14	0	0
3	641	35	5	0.488455
4	981	16	0	0
11	36	19	1	0
12	273	49	8	0
13	28	15	0	0
14	41	38	5	0.286209
Instant	8
1	662	29	2	0.868056
2	51	14	0	0
3	595	36	4	0.3861
4	882	16	0	0
11	30	19	1	0
12	269	44	6	2.02206
13	26	15	0	0
14	36	38	4	0.251628
Instant	9
1	689	26	1	0
2	24	15	0	0
3	644	36	5	0.136116
4	882	16	0	0
11	30	18	0	0
12	244	46	7	2.75735
13	27	15	0	0
14	38	38	4	0.147885
Instant	10
1	674	28	1	0.175747
2	30	16	0	0
3	653	36	5	1.23932
4	795	16	0	0
11	29	19	0	0
12	264	50	7	0
13	29	15	0	0
14	33	38	4	0.139573
Instant	11
1	634	27	2	0
2	27	14	0	0
3	627	38	6	0.37037
4	701	16	0	0
11	27	19	1	0.277778
12	278	45	7	0.735294
13	28	15	0	0
14	29	37	4	0.278396
Instant	12
1	606	32	2	0
2	33	16	0	0
3	607	36	4	0.292969
4	689	16	0	0
11	26	19	1	0
12	268	48	5	0
13	26	15	0	0
14	29	39	5	0.208808
Instant	13
1	668	29	2	0
2	23	16	0	0
3	593	36	6	0.146484
4	624	15	0	0
11	28	19	1	0
12	261	44	6	0.892857
13	26	15	0	0
14	26	40	4	0.239883
Instant	14
1	634	29	2	0.224417
2	34	15	0	0
3	591	37	5	0
4	602	15	0	0
11	28	19	1	0
12	316	46	6	1.10294
13	25	15	0	0
14	25	38	5	0.249241
Instant	15
1	615	28	2	0
2	16	14	0	0
3	526	36	5	1.00423
4	595	15	0	0
11	26	18	0	0
12	282	49	7	0.367647
13	24	15	0	0
14	24	37	5	0.460526
Instant	16
1	620	27	1	0
2	15	17	0	0
3	526	34	5	0.441501
4	602	15	0	0
11	27	18	0	0
12	266	50	5	0
13	23	15	0	0
14	25	38	5	0.292588
Instant	17
1	570	29	2	0.0504032
2	18	15	1	0
3	558	35	4	0.0526316
4	593	15	0	0
11	25	20	1	0
12	247	41	7	1.47059
13	23	15	0	0
14	24	37	5	0.329815
Instant	18
1	569	28	2	0.305499
2	33	17	0	0
3	552	33	5	0.3125
4	607	15	0	0
11	25	19	1	0
12	247	47	5	4.77941
13	24	15	0	0
14	25	38	5	0.32175
Instant	19
1	599	28	2	0
2	38	18	0	0
3	532	36	6	0.326797
4	594	15	0	0
11	26	19	1	0
12	249	52	9	2.02703
13	23	15	0	0
14	24	41	6	0.263505
Instant	20
1	584	29	2	0.050813
2	31	17	0	0
3	546	35	4	0.675676
4	596	16	0	0
11	24	19	1	0
12	283	47	6	0.551471
13	24	15	0	0
14	25	37	5	0.294889
Instant	21
1	589	28	1	0
2	27	16	0	0
3	572	37	6	0.152439
4	624	15	0	0
11	25	19	0	0
12	269	45	6	0.183824
13	25	15	0	0
14	26	37	4	0.229453
Instant	22
1	626	27	1	0.0473485
2	23	14	0	0
3	576	36	5	0.456389
4	657	15	0	0
11	27	18	0	0
12	267	43	7	0.506757
13	25	15	0	0
14	27	38	5	0.178784
Instant	23
1	594	29	2	0
2	36	14	0	0
3	557	39	6	0
4	630	15	0	0
11	25	18	1	0
12	281	47	8	1.47059
13	24	15	0	0
14	26	39	5	0.269151
Instant	24
1	595	28	3	0
2	23	15	0	0
3	537	39	6	0.642398
4	667	15	0	0
11	26	18	0	0
12	248	46	6	1.10294
13	23	15	0	0
14	27	37	5	0.205158
Instant	25
1	542	29	2	0.466805
2	22	17	0	0
3	553	37	5	0.267666
4	641	15	0	0
11	24	19	1	0
12	272	44	5	0.446429
13	23	15	0	0
14	27	38	5	0.2849
Instant	26
1	563	31	1	0
2	21	16	0	0
3	538	37	4	0.107066
4	595	15	0	0
11	23	19	0	0
12	324	49	6	0
13	23	15	0	0
14	23	38	4	0.503062
Instant	27
1	615	27	1	0.145631
2	27	16	0	0
3	572	35	5	0.0512295
4	618	16	0	0
11	26	19	1	0
12	247	48	6	2.75735
13	25	15	0	0
14	25	36	4	0.380228
Instant	28
1	569	28	2	0
2	10	16	0	0
3	548	34	4	0.313808
4	625	16	0	0
11	25	19	1	0
12	275	51	9	1.38889
13	24	15	0	0
14	26	37	5	0.385899
Instant	29
1	600	29	2	0
2	29	15	0	0
3	554	35	5	0.370763
4	624	16	0	0
11	25	18	0	0
12	296	46	6	0.735294
13	24	15	0	0
14	25	37	5	0.449603
Instant	30
1	571	26	1	0.301205
2	21	17	0	0
3	504	40	5	0.343249
4	662	15	0	0
11	25	21	1	0
12	271	45	6	0.367647
13	22	15	0	0
14	27	37	4	0.275808
Instant	31
1	561	28	1	0
2	21	19	0	0
3	559	35	4	0.2079
4	640	15	0	0
11	24	20	1	0.3125
12	255	47	6	1.85811
13	24	15	0	0
14	26	38	5	0.305998
Instant	32
1	580	29	1	0
2	16	17	0	0
3	538	35	4	0.214592
4	624	15	0	0
11	24	19	1	0
12	278	44	6	1.28676
13	23	15	0	0
14	26	37	5	0.187735
Instant	33
1	586	29	2	0.0506073
2	24	15	0	0
3	584	35	5	0.0512295
4	599	15	0	0
11	25	19	0	0
12	257	50	8	2.38971
13	24	15	0	0
14	25	38	5	0.326797
Instant	34
1	580	28	2	0.303644
2	37	14	0	0
3	534	34	4	0.631579
4	643	15	0	0
11	25	19	0	0
12	261	47	6	1.01351
13	24	15	0	0
14	26	38	6	0.385239
Instant	35
1	592	28	2	0
2	26	16	0	0
3	560	35	4	0.4158
4	612	16	0	0
11	25	19	1	0
12	280	44	5	0.551471
13	24	15	0	0
14	25	39	6	0.383142
Instant	36
1	598	27	2	0.0478927
2	31	17	0	0
3	477	38	5	0.70922
4	662	15	0	0
11	26	19	0	0
12	258	46	7	1.28676
13	21	15	0	0
14	26	35	5	0.325444
Instant	37
1	606	28	2	0
2	25	16	0	0
3	551	35	4	0.158562
4	656	15	0	0
11	26	18	0	0
12	262	49	8	0.595238
13	24	15	0	0
14	28	39	5	0.337704
Instant	38
1	547	30	2	0.366876
2	52	14	0	0
3	525	37	5	0.504484
4	667	16	0	0
11	24	18	0	0
12	294	44	5	1.10294
13	22	15	0	0
14	27	39	5	0.214676
Instant	39
1	575	28	2	0.308642
2	10	15	0	0
3	539	38	5	0.159574
4	629	15	0	0
11	24	19	0	0
12	266	47	6	3.30882
13	24	15	0	0
14	26	39	5	0.331675
Instant	40
1	602	28	2	0
2	23	14	0	0
3	551	33	5	0.575314
4	615	16	0	0
11	25	19	0	0
12	281	51	8	0
13	24	15	0	0
14	25	39	4	0.435244
Instant	41
1	572	29	2	0.201613
2	29	17	0	0
3	516	38	4	0.0559284
4	630	16	0	0
11	25	19	0	0
12	283	49	6	0.183824
13	22	15	0	0
14	26	37	5	0.258158
Instant	42
1	582	28	3	0.100806
2	11	16	0	0
3	546	36	5	0.323974
4	626	15	0	0
11	25	20	1	0
12	269	51	6	1.28676
13	23	15	0	0
14	25	39	5	0.322514
Instant	43
1	600	27	2	0
2	35	15	0	0
3	474	39	5	1.05634
4	620	15	0	0
11	26	19	0	0
12	262	48	8	0.844595
13	22	15	0	0
14	25	37	5	0.421407
Instant	44
1	582	29	2	0.0518672
2	43	17	0	0
3	553	34	4	0.0527426
4	587	15	0	0
11	24	19	1	0
12	280	44	5	1.28676
13	24	15	0	0
14	24	41	6	0.366667
Instant	45
1	597	29	2	0
2	39	16	0	0
3	549	36	5	0.212766
4	622	15	0	0
11	26	18	0	0
12	274	46	5	0
13	24	15	0	0
14	25	39	6	0.346348
Instant	46
1	585	28	2	0.3
2	41	17	0	0
3	570	36	6	0
4	616	15	0	0
11	25	18	0	0
12	268	47	7	0.675676
13	24	15	0	0
14	25	39	5	0.316857
Instant	47
1	565	27	1	0.305499
2	35	18	0	0
3	520	39	5	0.226244
4	592	16	0	0
11	25	18	0	0
12	283	49	6	0.735294
13	22	15	0	0
14	24	37	5	0.286218
Instant	48
1	553	31	3	0.0516529
2	13	16	0	0
3	513	37	6	0.717439
4	590	15	0	0
11	24	19	1	0
12	260	49	7	0.919118
13	23	15	0	0
14	24	39	5	0.331126
Instant	49
1	620	27	1	0
2	23	15	0	0
3	530	37	6	0.218341
4	592	15	0	0
11	26	19	1	0
12	259	51	7	0.595238
13	23	15	0	0
14	24	39	4	0.297619
Instant	50
1	562	29	1	0
2	34	15	0	0
3	577	35	5	0.306122
4	596	15	0	0
11	25	20	1	0
12	298	48	5	1.10294
13	25	15	0	0
14	24	39	5	0.273403
Instant	51
1	655	28	2	0
2	32	17	0	0
3	526	35	4	0.597826
4	600	15	0	0
11	28	19	1	0
12	292	50	7	0.735294
13	23	15	0	0
14	25	36	4	0.293351
Instant	52
1	723	27	1	0
2	24	17	0	0
3	567	36	5	0.207469
4	606	15	0	0
11	31	18	0	0
12	250	50	7	1.5625
13	24	15	0	0
14	24	36	4	0.590636
Instant	53
1	672	29	2	0.498339
2	23	18	0	0
3	516	37	5	0.334821
4	595	15	0	0
11	30	18	0	0
12	289	47	9	0.551471
13	22	15	0	0
14	24	40	5	0.296053
Instant	54
1	620	28	2	1.30112
2	35	17	0	0
3	540	39	5	0
4	643	15	0	0
11	27	19	1	0
12	246	48	6	1.83824
13	23	15	0	0
14	26	37	5	0.335366
Instant	55
1	598	27	2	0.0967118
2	16	16	0	0
3	551	34	3	0.0518672
4	621	15	0	0
11	26	19	1	0
12	254	42	6	2.02703
13	24	15	0	0
14	26	38	4	0.220681
Instant	56
1	576	29	2	0.351406
2	11	16	0	0
3	567	35	4	0.311203
4	602	15	0	0
11	25	18	0	0
12	248	47	6	4.04412
13	24	15	0	0
14	25	38	5	0.291829
Instant	57
1	618	27	2	0.424528
2	10	16	0	0
3	560	35	5	0.0519751
4	599	15	0	0
11	27	19	1	0
12	263	51	8	0.183824
13	24	15	0	0
14	24	38	5	0.294118
Instant	58
1	582	28	2	0
2	51	16	0	0
3	542	37	5	0.0535332
4	613	16	0	0
11	25	19	1	0.302419
12	273	51	8	1.52027
13	24	15	0	0
14	25	35	4	0.297999
Instant	59
1	607	26	1	0.294118
2	18	15	0	0
3	528	38	4	0.0548246
4	610	15	0	0
11	26	19	0	0
12	298	47	7	0
13	23	15	0	0
14	25	36	5	0.320513
Instant	60
1	579	28	1	0.147638
2	42	14	0	0
3	573	34	5	0.258264
4	628	15	0	0
11	25	18	0	0
12	242	47	6	3.30882
13	24	15	0	0
14	25	34	4	0.529925
Instant	61
1	610	27	2	0
2	19	16	0	0
3	540	36	5	0.429185
4	580	15	0	0
11	26	19	0	0
12	261	46	7	1.04167
13	24	15	0	0
14	23	38	5	0.414984
Instant	62
1	591	28	2	0
2	15	15	0	0
3	468	39	7	1.01675
4	581	15	0	0
11	25	20	1	0
12	329	47	7	0
13	21	15	0	0
14	24	38	5	0.246747
Instant	63
1	558	28	2	0.414938
2	27	16	0	0
3	483	41	5	0.46729
4	587	15	0	0
11	24	19	1	0
12	274	49	7	0.735294
13	22	15	0	0
14	24	39	5	0.333333
Instant	64
1	571	28	2	0
2	23	14	0	0
3	525	37	5	0.564334
4	571	15	0	0
11	24	19	1	0
12	275	51	8	0.844595
13	22	15	0	0
14	23	38	5	0.432605
Instant	65
1	564	30	2	0
2	21	17	0	0
3	550	37	5	0.157895
4	637	15	0	0
11	24	19	0	0
12	254	46	7	2.57353
13	24	15	0	0
14	26	34	4	0.266831
Instant	66
1	605	28	2	0.0484496
2	13	14	0	0
3	531	37	5	0.215983
4	669	16	0	0
11	26	18	0	0
12	265	48	7	3.125
13	23	15	0	0
14	28	35	4	0.175439
Instant	67
1	613	28	1	0
2	17	16	0	0
3	524	39	6	0.111857
4	607	15	0	0
11	26	18	0	0
12	256	47	8	1.35135
13	22	15	0	0
14	24	39	4	0.396825
Instant	68
1	565	27	2	0.308008
2	46	17	0	0
3	524	37	6	0.388027
4	608	15	0	0
11	25	19	1	0
12	291	43	7	0
13	23	15	0	0
14	25	38	5	0.289948
Instant	69
1	599	27	2	0
2	15	17	0	0
3	548	35	6	0.571726
4	600	15	0	0
11	25	20	0	0
12	277	54	8	0
13	24	15	0	0
14	24	37	4	0.261097
Instant	70
1	592	27	1	0
2	31	19	0	0
3	550	36	5	0.212766
4	577	15	0	0
11	26	19	0	0
12	269	47	7	0.844595
13	24	15	0	0
14	24	38	5	0.304878
Instant	71
1	606	27	1	0
2	30	16	0	0
3	553	38	6	0.0531915
4	554	15	0	0
11	26	20	1	0
12	267	47	8	2.57353
13	23	15	0	0
14	23	41	5	0.318697
Instant	72
1	592	28	2	0
2	10	17	0	0
3	486	38	5	0.764706
4	532	15	0	0
11	26	19	0	0
12	245	43	5	2.08333
13	21	15	0	0
14	21	38	5	0.403818
Instant	73
1	582	26	2	0
2	19	14	0	0
3	550	34	3	0.528541
4	539	15	0	0
11	24	19	1	0
12	223	50	8	3.04878
13	24	15	0	0
14	23	37	5	0.253623
Instant	74
1	516	28	1	0.752688
2	22	17	0	0
3	552	34	3	0.154959
4	551	15	0	0
11	24	19	1	0
12	301	49	7	0.919118
13	24	15	0	0
14	22	37	5	0.213068
Instant	75
1	573	28	2	0.357873
2	30	17	0	0
3	498	37	6	1.02506
4	522	15	0	0
11	25	19	1	0
12	280	49	6	0
13	22	15	0	0
14	21	38	5	0.523169
Instant	76
1	600	28	2	0
2	37	16	0	0
3	459	35	5	1.43541
4	539	15	0	0
11	26	18	0	0
12	252	50	7	2.95139
13	21	15	0	0
14	22	37	4	0.350242
Instant	77
1	573	27	2	0.30426
2	29	16	0	0
3	545	36	6	0.595238
4	558	16	0	0
11	25	18	0	0
12	291	46	7	0.585938
13	23	15	0	0
14	22	37	5	0.479869
Instant	78
1	555	27	1	0.35497
2	36	16	0	0
3	493	37	5	0.627854
4	567	15	0	0
11	25	18	0	0
12	251	44	7	1.17188
13	22	15	0	0
14	24	39	5	0.287356
Instant	79
1	590	28	1	0.050813
2	13	14	0	0
3	508	36	5	0.675676
4	584	15	0	0
11	24	19	0	0
12	246	47	6	2.87162
13	22	15	0	0
14	24	37	4	0.267738
Instant	80
1	613	27	1	0
2	21	19	0	0
3	536	36	4	0.377155
4	549	16	0	0
11	26	18	0	0
12	288	48	7	0.568182
13	23	15	0	0
14	22	39	5	0.392297
Instant	81
1	581	28	1	0
2	26	15	0	0
3	519	36	5	0.48913
4	550	15	0	0
11	25	19	1	0
12	267	47	8	0
13	23	15	0	0
14	22	40	6	0.308203
Instant	82
1	597	27	2	0.344488
2	24	16	0	0
3	480	38	6	1.45012
4	550	15	0	0
11	26	19	1	0
12	238	45	8	2.85714
13	22	15	0	0
14	22	39	5	0.391738
Instant	83
1	566	29	2	0.303644
2	39	17	0	0
3	505	34	4	1.11607
4	564	15	0	0
11	25	19	1	0
12	286	46	8	0.189394
13	23	15	0	0
14	23	37	5	0.207756
Instant	84
1	603	27	2	0
2	52	15	0	0
3	515	37	5	0.336323
4	591	15	0	0
11	26	19	1	0
12	259	51	9	1.70455
13	22	15	0	0
14	24	35	4	0.298408
Instant	85
1	620	27	1	0
2	19	17	0	0
3	569	35	5	0
4	555	15	0	0
11	27	18	0	0
12	279	48	8	0
13	25	15	0	0
14	23	39	5	0.246479
Instant	86
1	620	26	1	0
2	28	17	0	0
3	530	37	4	0.110375
4	562	15	0	0
11	26	19	1	0
12	312	45	6	0
13	23	15	0	0
14	23	37	5	0.312935
Instant	87
1	606	27	1	0
2	30	17	0	0
3	525	37	7	0.917927
4	542	15	0	0
11	26	19	1	0
12	290	50	6	0.919118
13	23	15	0	0
14	22	39	5	0.324675
Instant	88
1	573	30	2	0.0984252
2	28	17	0	0
3	542	37	5	0.10917
4	548	15	0	0
11	25	18	0	0
12	257	43	6	1.18243
13	23	15	0	0
14	22	37	6	0.32097
Instant	89
1	583	28	1	0.351406
2	12	16	0	0
3	532	35	5	0.474684
4	562	15	0	0
11	25	19	0	0
12	284	46	6	0
13	24	15	0	0
14	23	38	4	0.406221
Instant	90
1	592	28	2	0
2	25	16	0	0
3	528	35	4	0.929978
4	560	15	0	0
11	25	19	1	0
12	255	46	6	1.75781
13	23	15	0	0
14	23	36	4	0.198135
Instant	91
1	564	28	2	0.308642
2	43	15	0	0
3	547	36	5	0.263158
4	554	15	0	0
11	24	20	1	0
12	267	46	8	0.168919
13	24	15	0	0
14	23	39	6	0.306026
Instant	92
1	596	28	2	0
2	26	15	0	0
3	563	35	5	0.0527426
4	538	15	0	0
11	26	19	1	0
12	275	42	5	1.89394
13	24	15	0	0
14	22	38	5	0.290698
Instant	93
1	582	29	2	0
2	26	17	0	0
3	538	37	4	0.162338
4	547	15	0	0
11	25	18	0	0.302419
12	262	48	9	0.568182
13	23	15	0	0
14	22	37	5	0.356633
Instant	94
1	532	29	2	0.530786
2	1	19	1	0
3	542	36	4	0.529661
4	556	15	0	0
11	24	19	1	0
12	258	42	5	0.675676
13	24	15	0	0
14	23	37	4	0.211268
Instant	95
1	626	27	1	0
2	37	14	0	0
3	527	34	4	0.643777
4	534	15	0	0
11	26	18	0	0
12	281	48	6	0
13	24	15	0	0
14	21	38	5	0.330396
Instant	96
1	571	29	2	0
2	26	15	0	0
3	533	36	5	0.4329
4	538	15	0	0
11	25	19	1	0
12	266	46	7	0.735294
13	23	15	0	0
14	22	39	5	0.327035
Instant	97
1	606	28	1	0
2	25	16	0	0
3	523	36	4	0.331858
4	547	15	0	0
11	26	18	0	0
12	258	47	6	1.06707
13	22	15	0	0
14	22	36	5	0.369048
Instant	98
1	613	26	1	0
2	21	16	0	0
3	551	37	6	0.0541126
4	550	15	0	0
11	27	18	0	0
12	308	48	8	0
13	23	15	0	0
14	22	38	5	0.42735
Instant	99
1	605	27	2	0.0496032
2	20	17	0	0
3	519	39	5	0.388027
4	577	15	0	0
11	25	19	0	0
12	294	50	6	0.735294
13	23	15	0	0
14	23	40	5	0.339213
Instant	100
1	607	27	1	0.144231
2	13	15	0	0
3	548	37	5	0.212314
4	566	15	0	0
11	26	18	0	0
12	268	47	6	0.168919
13	24	15	0	0
14	24	40	5	0.207469
Instant	101
1	606	27	1	0
2	18	15	0	0
3	524	35	5	0.386313
4	604	15	0	0
11	26	18	0	0
12	286	49	10	0.735294
13	23	15	0	0
14	24	38	5	0.323834
Instant	102
1	582	27	1	0.343137
2	35	16	0	0
3	542	37	6	0.212314
4	565	15	0	0
11	26	19	1	0
12	277	45	7	0
13	24	15	0	0
14	23	39	6	0.34626
Instant	103
1	558	29	2	0.323974
2	24	15	0	0
3	534	36	3	0.326797
4	601	15	0	0
11	23	19	1	0
12	262	42	7	1.01351
13	23	15	0	0
14	25	36	5	0.325521
Instant	104
1	539	29	1	0.0529661
2	24	15	0	0
3	530	37	4	0.0542299
4	606	16	0	0
11	24	19	1	0
12	274	45	7	1.83824
13	23	15	0	0
14	25	37	4	0.139966
Instant	105
1	565	29	1	0.3125
2	40	14	0	0
3	538	36	4	0.600437
4	557	15	0	0
11	24	19	1	0
12	270	48	7	0.367647
13	23	15	0	0
14	23	39	5	0.351124
Instant	106
1	577	28	2	0
2	0	13	0	0
3	600	37	5	0.380228
4	557	15	0	0
11	25	19	1	0.304878
12	262	49	8	0
13	26	15	0	0
14	22	39	5	0.316011
Instant	107
1	596	28	2	0.0504032
2	30	15	0	0
3	499	36	4	1.17978
4	564	15	0	0
11	25	19	1	0
12	287	48	7	1.10294
13	23	15	0	0
14	23	39	5	0.381944
Instant	108
1	606	26	1	0
2	17	16	0	0
3	552	37	4	0.269978
4	552	15	0	0
11	26	19	1	0
12	276	50	9	0
13	23	15	0	0
14	22	37	4	0.319149
Instant	109
1	603	27	2	0
2	43	16	0	0
3	527	38	6	0.383772
4	545	15	0	0
11	26	19	1	0
12	252	54	8	1.33929
13	23	15	0	0
14	22	37	5	0.286123
Instant	110
1	592	28	1	0
2	26	16	0	0
3	517	38	5	0.387168
4	553	15	0	0
11	25	19	0	0
12	316	45	7	0.390625
13	23	15	0	0
14	23	39	5	0.224268
Instant	111
1	606	27	2	0
2	19	17	0	0
3	540	37	5	0.215983
4	545	15	0	0
11	26	19	1	0
12	279	48	6	0
13	23	15	0	0
14	22	38	4	0.514847
Instant	112
1	570	26	2	0.300601
2	13	17	0	0
3	496	38	5	0.686499
4	546	15	0	0
11	25	19	1	0
12	248	46	7	2.02703
13	22	15	0	0
14	22	38	5	0.358166
Instant	113
1	605	28	2	0.0496032
2	16	18	0	0
3	567	34	5	0.509165
4	569	15	0	0
11	25	19	1	0
12	254	45	7	3.49265
13	25	15	0	0
14	23	38	5	0.342936
Instant	114
1	586	28	1	0
2	40	15	0	0
3	535	37	6	0.378788
4	613	15	0	0
11	26	19	1	0
12	263	50	8	0.919118
13	23	15	0	0
14	25	35	4	0.256082
Instant	115
1	599	27	1	0
2	10	14	0	0
3	518	37	6	0.331858
4	548	15	0	0
11	26	19	1	0
12	270	48	6	0
13	23	15	0	0
14	22	38	5	0.392857
Instant	116
1	562	29	2	0.0514403
2	15	15	0	0
3	531	37	6	0.645161
4	552	15	0	0
11	25	19	1	0
12	296	46	7	0.551471
13	24	15	0	0
14	23	38	5	0.283286
Instant	117
1	569	28	1	0.305499
2	29	17	0	0
3	519	37	5	0.615213
4	523	15	0	0
11	25	21	2	0
12	261	46	6	1.10294
13	22	15	0	0
14	21	38	5	0.447761
Instant	118
1	600	28	2	0
2	23	17	0	0
3	533	36	4	0.326087
4	557	15	0	0
11	26	19	1	0
12	267	50	7	0.506757
13	23	15	0	0
14	23	37	5	0.445382
Instant	119
1	549	28	2	0.324675
2	51	18	0	0
3	582	35	4	0.0501002
4	540	15	0	0
11	23	18	0	0
12	287	51	6	0
13	25	15	0	0
14	22	39	5	0.386473
