	T	D	J	LP
Instant	0
1	0	0	0	0
2	0	0	0	0
3	0	0	0	0
4	0	0	0	0
11	0	0	0	0
12	0	0	0	0
13	0	0	0	0
14	0	0	0	0
Instant	1
1	330	26	1	0
2	7	16	0	0
3	211	42	6	0.327511
4	226	15	0	0
11	13	18	1	0
12	131	45	6	0.815217
13	9	15	0	0
14	8	41	8	0.0275028
Instant	2
1	1087	27	2	6.94548
2	21	15	0	0
3	663	42	6	0.945017
4	1175	17	0	0
11	65	20	1	0
12	307	49	7	1.83824
13	30	15	0	0
14	49	38	3	0.294248
Instant	3
1	1196	25	2	0
2	32	17	0	0
3	633	35	5	0.894454
4	1031	17	0	0
11	70	19	1	0.183554
12	312	54	8	0.183824
13	28	15	0	0
14	42	40	4	0.455581
Instant	4
1	754	27	3	0.733207
2	22	15	0	0
3	600	37	6	0.717017
4	913	16	0	0
11	55	19	1	0.232342
12	272	50	9	1.01351
13	26	15	0	0
14	39	38	4	0.229095
Instant	5
1	625	37	2	29.3814
2	36	17	0	0
3	598	38	5	0.729572
4	864	16	0	0
11	50	20	1	0
12	280	49	8	1.65441
13	26	15	0	0
14	36	39	4	0.173611
Instant	6
1	839	39	2	8.72151
2	48	16	0	0
3	753	38	7	0.266362
4	861	16	0	0
11	52	21	1	0
12	278	53	7	1.47059
13	33	15	0	0
14	36	39	4	0.212121
Instant	7
1	803	40	2	6.5635
2	16	14	0	0
3	700	42	7	0.489396
4	753	15	0	0
11	48	19	1	0
12	238	48	6	3.20946
13	31	15	0	0
14	31	41	5	0.372488
Instant	8
1	970	33	1	3.44388
2	13	15	0	0
3	620	38	5	0.753296
4	759	16	0	0
11	51	19	0	0
12	288	48	6	0
13	27	15	0	0
14	32	38	5	0.206398
Instant	9
1	1041	34	2	2.1191
2	43	15	0	0
3	591	36	6	1.04364
4	775	16	0	0
11	48	19	1	0
12	268	45	5	0
13	26	15	0	0
14	32	41	5	0.210013
Instant	10
1	993	30	2	1.8847
2	17	15	0	0
3	653	37	5	0.0897666
4	793	16	0	0
11	46	18	0	0.165563
12	255	48	8	0.844595
13	28	15	0	0
14	34	38	4	0.164528
Instant	11
1	1130	27	2	0.15625
2	9	15	0	0
3	625	38	5	0.454545
4	714	16	0	0
11	49	19	1	0
12	270	46	6	0.919118
13	28	15	0	0
14	29	36	4	0.357143
Instant	12
1	1024	27	1	0.285714
2	22	16	0	0
3	603	42	8	0.938086
4	640	15	0	0
11	45	21	2	0
12	259	52	7	1.28676
13	27	15	0	0
14	27	42	5	0.213415
Instant	13
1	929	26	2	0
2	46	17	0	0
3	612	40	6	0.285714
4	646	15	0	0
11	41	19	1	0
12	268	52	7	0.595238
13	27	15	0	0
14	27	39	5	0.373737
Instant	14
1	948	26	1	0
2	26	17	0	0
3	587	36	5	0.878906
4	599	15	0	0
11	41	18	0	0
12	297	50	7	0.551471
13	26	15	0	0
14	25	42	5	0.272331
Instant	15
1	715	27	2	0.243902
2	48	17	0	0
3	542	37	6	1.02669
4	615	15	0	0
11	31	18	0	0
12	283	52	7	1.47059
13	24	15	0	0
14	25	36	5	0.233249
Instant	16
1	699	25	1	0
2	37	16	0	0
3	569	37	6	0.604839
4	628	15	0	0
11	30	19	0	0
12	263	49	7	0.168919
13	25	15	0	0
14	26	40	6	0.445688
Instant	17
1	619	27	2	0
2	39	17	0	0
3	618	36	5	0.609756
4	681	15	0	0
11	26	20	1	0
12	262	49	8	2.75735
13	27	15	0	0
14	28	39	5	0.153433
Instant	18
1	620	26	1	0
2	32	15	0	0
3	560	40	6	0.262055
4	667	15	0	0
11	27	18	0	0
12	269	50	7	1.28676
13	24	15	0	0
14	28	40	5	0.254005
Instant	19
1	633	26	1	0
2	28	17	0	0
3	538	36	6	0.583864
4	579	15	0	0
11	27	19	0	0
12	261	46	6	0.844595
13	24	15	0	0
14	23	41	6	0.416667
Instant	20
1	607	26	1	0
2	2	16	0	0
3	524	37	6	0.387168
4	579	15	0	0
11	26	19	1	0
12	256	46	6	2.94118
13	23	15	0	0
14	23	40	6	0.405954
Instant	21
1	610	26	2	0
2	14	14	0	0
3	541	36	5	0.267094
4	544	15	0	0
11	26	19	1	0
12	271	48	5	0.551471
13	23	15	0	0
14	22	42	5	0.430416
Instant	22
1	609	27	2	0.0486381
2	7	16	0	0
3	539	37	4	0.21645
4	584	15	0	0
11	26	19	1	0
12	244	45	8	2.53378
13	23	15	0	0
14	23	37	4	0.49217
Instant	23
1	585	25	1	0.294118
2	30	15	0	0
3	499	37	4	0.394144
4	587	15	0	0
11	25	19	1	0.297619
12	276	47	8	1.65441
13	22	15	0	0
14	24	39	4	0.266312
Instant	24
1	627	26	1	0
2	26	17	0	0
3	523	37	5	0.77951
4	544	15	0	0
11	27	19	1	0
12	230	49	8	2.94118
13	23	15	0	0
14	23	38	5	0.263789
Instant	25
1	627	25	1	0
2	28	17	0	0
3	477	40	6	0.712589
4	520	15	0	0
11	27	19	1	0
12	258	45	5	1.6369
13	21	15	0	0
14	20	39	6	0.639098
Instant	26
1	606	26	2	0
2	26	19	0	0
3	524	36	3	0.5
4	524	15	0	0
11	26	20	1	0
12	289	43	6	2.57353
13	22	15	0	0
14	21	39	5	0.436627
Instant	27
1	639	25	1	0
2	21	15	1	0
3	469	39	5	1.25899
4	528	15	0	0
11	27	19	1	0
12	265	52	9	1.10294
13	21	15	0	0
14	22	39	5	0.308642
Instant	28
1	626	25	1	0.0473485
2	14	16	0	0
3	521	39	7	0.217391
4	487	15	0	0
11	27	19	1	0
12	248	48	9	3.29861
13	23	15	0	0
14	19	40	6	0.45406
Instant	29
1	622	25	1	0
2	56	17	0	0
3	498	38	5	0.689655
4	506	15	0	0
11	27	19	1	0
12	299	47	6	0.551471
13	22	15	0	0
14	21	39	6	0.399897
Instant	30
1	585	26	1	0.35497
2	24	15	0	0
3	541	36	7	0.591398
4	483	15	0	0
11	25	18	0	0
12	247	47	5	2.02206
13	23	15	0	0
14	19	40	6	0.405844
Instant	31
1	591	26	1	0.294695
2	4	14	2	0
3	526	39	6	0.75431
4	490	15	0	0
11	26	19	1	0
12	260	45	5	1.35135
13	23	15	0	0
14	19	39	6	0.437898
Instant	32
1	605	26	1	0
2	25	17	0	0
3	512	35	5	1.10865
4	475	15	0	0
11	26	19	1	0.290698
12	281	48	7	1.28676
13	23	15	0	0
14	19	41	6	0.562878
Instant	33
1	628	26	1	0
2	17	14	0	0
3	454	37	6	1.52941
4	501	15	0	0
11	26	19	1	0
12	264	52	10	1.10294
13	21	15	0	0
14	20	41	5	0.234375
Instant	34
1	613	26	0	0
2	17	16	0	0
3	548	36	5	0.690021
4	469	15	0	0
11	27	19	0	0
12	254	43	5	1.52027
13	24	15	0	0
14	19	39	7	0.431274
Instant	35
1	634	26	1	0
2	24	16	0	0
3	491	39	5	0.464037
4	483	15	0	0
11	26	19	0	0
12	285	45	5	0.183824
13	22	15	0	0
14	19	39	6	0.405186
Instant	36
1	612	25	1	0
2	18	16	1	0
3	519	39	6	0.280899
4	488	15	0	0
11	26	19	1	0
12	231	49	9	4.04412
13	22	15	0	0
14	20	40	6	0.280449
Instant	37
1	642	25	0	0
2	23	15	1	0
3	512	38	4	0.678733
4	488	15	0	0
11	27	19	0	0.274725
12	264	48	8	0.446429
13	22	15	0	0
14	19	40	6	0.32
Instant	38
1	605	27	2	0.0484496
2	29	14	0	0
3	549	36	5	0.0520833
4	484	15	0	0
11	26	19	1	0
12	319	46	7	0.183824
13	24	15	0	0
14	20	41	6	0.418015
Instant	39
1	616	26	0	0
2	20	15	0	0
3	574	34	3	0
4	464	15	0	0
11	26	19	1	0
12	276	49	6	1.10294
13	24	15	0	0
14	19	41	7	0.392157
Instant	40
1	638	25	1	0
2	32	16	0	0
3	518	35	5	0.388027
4	528	15	0	0
11	27	19	1	0
12	266	46	6	1.18243
13	23	15	0	0
14	21	38	5	0.482196
Instant	41
1	634	25	1	0
2	41	16	0	0
3	490	38	6	0.810185
4	541	15	0	0
11	27	19	1	0
12	244	50	11	4.41176
13	21	15	0	0
14	23	39	6	0.204425
Instant	42
1	605	27	1	0
2	38	16	0	0
3	463	40	5	1.16995
4	550	15	0	0
11	27	19	1	0
12	228	49	6	2.38971
13	20	15	0	0
14	22	42	6	0.367996
Instant	43
1	605	27	1	0.0485437
2	15	15	0	0
3	556	36	5	0
4	511	15	0	0
11	26	19	0	0
12	231	47	8	4.05405
13	24	15	0	0
14	21	39	6	0.597964
Instant	44
1	625	26	1	0.0485437
2	41	15	0	0
3	501	35	4	0.840807
4	521	15	0	0
11	26	19	1	0
12	273	47	8	3.125
13	22	15	0	0
14	21	38	5	0.387888
Instant	45
1	627	25	1	0
2	11	18	0	0
3	510	37	6	0.560538
4	535	15	0	0
11	27	19	1	0
12	264	49	8	0.919118
13	22	15	0	0
14	21	38	4	0.438596
Instant	46
1	614	27	1	0
2	34	17	0	0
3	525	37	5	0.444444
4	535	15	0	0
11	27	18	0	0
12	241	48	9	3.5473
13	23	15	0	0
14	22	39	5	0.328947
Instant	47
1	587	26	1	0.0496032
2	26	17	0	0
3	509	37	4	0.45045
4	515	15	0	0
11	26	19	1	0
12	258	48	7	2.75735
13	22	15	0	0
14	21	40	5	0.265957
Instant	48
1	614	26	2	0.284091
2	24	14	0	0
3	519	40	7	0.336323
4	501	15	0	0
11	27	19	1	0
12	250	46	7	3.125
13	22	15	0	0
14	20	41	6	0.441329
Instant	49
1	627	27	1	0.0477099
2	24	16	1	0
3	528	38	6	0.218818
4	517	15	0	0
11	26	18	0	0
12	246	49	7	1.19048
13	23	15	0	0
14	21	41	6	0.340909
Instant	50
1	606	26	1	0
2	33	15	1	0
3	565	36	5	0.10352
4	525	15	0	0
11	26	19	1	0
12	306	48	6	1.47059
13	24	15	0	0
14	22	40	6	0.297619
Instant	51
1	619	26	1	0
2	27	16	0	0
3	542	36	5	0.4329
4	533	15	0	0
11	27	18	0	0
12	270	52	7	0.367647
13	23	15	0	0
14	21	38	5	0.330882
Instant	52
1	621	25	0	0
2	32	17	0	0
3	521	38	5	0.272926
4	500	15	0	0
11	26	20	1	0
12	256	48	7	0.868056
13	23	15	0	0
14	20	38	5	0.455018
Instant	53
1	620	27	1	0
2	12	17	0	0
3	508	39	6	0.884956
4	507	15	0	0
11	26	19	0	0
12	260	47	7	3.125
13	22	15	0	0
14	20	39	5	0.410889
Instant	54
1	611	26	1	0
2	12	13	0	0
3	607	41	6	0.381679
4	513	15	0	0
11	27	19	1	0
12	273	49	7	1.47059
13	26	15	0	0
14	21	41	6	0.380518
Instant	55
1	593	27	2	0.149402
2	17	15	1	0
3	544	37	4	0.733753
4	467	15	0	0
11	25	19	1	0
12	259	48	7	1.52027
13	24	15	0	0
14	19	41	6	0.419463
Instant	56
1	606	26	1	0
2	11	13	0	0
3	638	38	5	0.5386
4	494	15	0	0
11	26	19	0	0
12	267	49	5	1.83824
13	28	15	0	0
14	20	40	6	0.435816
Instant	57
1	634	26	1	0
2	25	15	0	0
3	554	38	7	0.726141
4	497	15	0	0
11	27	19	1	0
12	232	45	8	4.96324
13	24	15	0	0
14	20	38	5	0.339603
Instant	58
1	600	26	1	0
2	16	14	0	0
3	483	37	5	0.995316
4	466	15	0	0
11	26	20	1	0
12	273	49	7	0.168919
13	21	15	0	0
14	19	40	6	0.462185
Instant	59
1	578	27	1	0.309278
2	6	17	0	0
3	490	40	6	1.08696
4	486	15	0	0
11	24	18	0	0
12	267	48	6	1.83824
13	22	15	0	0
14	19	38	6	0.415996
Instant	60
1	639	25	1	0
2	21	18	0	0
3	487	38	6	0.768322
4	467	15	0	0
11	28	18	0	0
12	276	48	6	0.551471
13	21	15	0	0
14	18	42	6	0.376884
Instant	61
1	627	27	1	0
2	12	15	0	0
3	518	39	7	0.0565611
4	473	15	0	0
11	27	18	0	0
12	267	48	8	1.19048
13	22	15	0	0
14	19	38	6	0.455298
Instant	62
1	627	26	2	0
2	25	14	0	0
3	525	37	4	0.536481
4	498	15	0	0
11	27	18	0	0
12	319	48	6	0
13	23	15	0	0
14	20	39	5	0.248561
Instant	63
1	613	27	1	0
2	19	15	0	0
3	528	39	5	0.334821
4	490	15	0	0
11	25	19	0	0
12	256	50	8	4.22794
13	22	15	0	0
14	20	37	5	0.318979
Instant	64
1	648	25	1	0
2	47	16	0	0
3	438	39	7	1.41975
4	484	15	0	0
11	28	18	0	0
12	252	49	8	1.85811
13	20	15	0	0
14	20	38	5	0.389785
Instant	65
1	555	27	2	0.314465
2	35	14	0	0
3	473	36	5	1.13095
4	504	15	0	0
11	24	19	0	0
12	303	49	8	0.183824
13	21	15	0	0
14	20	39	5	0.400517
Instant	66
1	611	26	1	0
2	19	14	0	0
3	504	38	5	1.1851
4	507	15	0	0
11	26	20	1	0
12	252	48	6	2.38971
13	22	15	0	0
14	20	39	5	0.372942
Instant	67
1	612	26	1	0
2	39	16	0	0
3	553	34	4	0.416667
4	500	15	0	0
11	26	18	0	0
12	261	44	5	0.675676
13	24	15	0	0
14	21	40	6	0.247396
Instant	68
1	618	26	1	0.0475285
2	16	19	0	0
3	504	36	6	0.678733
4	505	15	0	0
11	27	19	0	0
12	272	44	8	1.95312
13	22	15	0	0
14	21	39	6	0.310078
Instant	69
1	618	25	1	0.285171
2	12	14	0	0
3	530	38	4	0.165563
4	476	15	0	0
11	26	19	0	0
12	253	49	9	2.20588
13	23	15	0	0
14	18	42	6	0.411184
Instant	70
1	620	25	1	0
2	7	15	0	0
3	475	39	6	0.997653
4	487	15	0	0
11	26	20	0	0
12	259	44	7	1.35135
13	22	15	0	0
14	20	39	5	0.482315
Instant	71
1	608	26	1	0
2	8	16	0	0
3	551	38	6	0
4	461	15	0	0
11	27	19	1	0
12	267	48	6	2.02206
13	23	15	0	0
14	18	42	6	0.423012
Instant	72
1	634	26	1	0
2	36	14	0	0
3	540	35	4	0.482833
4	476	15	0	0
11	27	18	0	0
12	278	49	8	0
13	23	15	0	0
14	19	40	6	0.45156
Instant	73
1	613	26	1	0
2	21	17	0	0
3	524	39	5	0.222222
4	495	15	0	0
11	27	18	0	0
12	263	47	6	0.304878
13	22	15	0	0
14	19	38	5	0.39557
Instant	74
1	620	26	1	0
2	22	14	0	0
3	485	36	4	0.578704
4	455	15	0	0
11	27	19	0	0
12	277	45	6	2.02206
13	22	15	0	0
14	19	42	6	0.456621
Instant	75
1	611	26	1	0
2	26	16	0	0
3	475	39	5	1.13636
4	496	15	0	0
11	25	20	1	0
12	256	51	7	3.40909
13	21	15	0	0
14	20	37	5	0.315457
Instant	76
1	606	26	1	0
2	40	14	0	0
3	554	36	5	0.052521
4	469	15	0	0
11	26	19	1	0
12	273	50	7	0.694444
13	24	15	0	0
14	19	40	6	0.499168
Instant	77
1	625	25	1	0
2	36	13	0	0
3	548	33	4	0.317797
4	473	15	0	0
11	26	20	1	0
12	268	49	8	1.17188
13	24	15	0	0
14	18	38	5	0.497512
Instant	78
1	655	24	0	0
2	23	15	1	0
3	504	38	5	0.727069
4	488	15	0	0
11	28	19	0	0
12	282	51	7	1.17188
13	23	15	0	0
14	19	39	5	0.56
Instant	79
1	599	27	1	0
2	33	15	0	0
3	533	34	5	1.11465
4	498	15	0	0
11	26	19	1	0
12	266	50	8	0.675676
13	24	15	0	0
14	20	39	6	0.275157
Instant	80
1	620	26	1	0
2	38	16	0	0
3	520	42	8	0.393258
4	491	15	0	0
11	27	19	1	0
12	277	48	7	1.13636
13	22	15	0	0
14	20	40	5	0.35828
Instant	81
1	618	26	1	0
2	2	15	2	0
3	557	37	5	0.469729
4	466	15	0	0
11	26	19	1	0
12	268	48	8	0
13	24	15	0	0
14	18	41	6	0.419463
Instant	82
1	533	29	3	0.42735
2	23	14	0	0
3	535	36	5	0.520833
4	450	15	0	0
11	23	19	1	0
12	254	50	7	1.60714
13	24	15	0	0
14	18	45	7	0.463768
Instant	83
1	620	27	1	0
2	22	17	0	0
3	511	36	6	1.37363
4	481	15	0	0
11	26	19	0	0
12	277	45	6	1.13636
13	23	15	0	0
14	20	39	5	0.284553
Instant	84
1	634	25	1	0
2	40	16	0	0
3	553	35	5	0.819672
4	451	15	0	0
11	27	19	1	0
12	241	48	7	2.65152
13	24	15	0	0
14	18	43	7	0.489349
Instant	85
1	554	26	1	0.365344
2	20	16	0	0
3	515	42	5	0.782998
4	480	15	0	0
11	24	20	1	0
12	272	46	5	0.480769
13	23	15	0	0
14	19	41	5	0.367647
Instant	86
1	611	25	1	0
2	14	15	0	0
3	506	38	6	0.898876
4	463	15	0	0
11	26	19	1	0
12	310	49	6	0.551471
13	22	15	0	0
14	19	40	5	0.506757
Instant	87
1	599	28	1	0
2	0	13	0	0
3	535	38	5	0.533049
4	473	15	0	0
11	25	19	0	0
12	272	49	5	0.919118
13	24	15	0	0
14	19	40	6	0.385675
Instant	88
1	599	26	1	0
2	6	20	0	0
3	509	38	4	0.675676
4	490	15	0	0
11	26	19	1	0
12	237	47	7	4.39189
13	22	15	0	0
14	20	40	5	0.266241
Instant	89
1	627	26	1	0
2	29	18	0	0
3	547	35	5	0.317797
4	468	15	0	0
11	27	19	0	0
12	261	47	6	2.94118
13	24	15	0	0
14	18	39	6	0.488554
Instant	90
1	613	25	1	0.284091
2	24	15	0	0
3	520	40	7	0.221239
4	494	15	0	0
11	26	18	0	0
12	252	42	6	0
13	22	15	0	0
14	20	40	5	0.315457
Instant	91
1	641	25	1	0
2	15	15	0	0
3	554	35	4	0.369198
4	525	15	0	0
11	27	19	0	0
12	246	49	7	2.53378
13	24	15	0	0
14	22	40	6	0.260805
Instant	92
1	597	26	1	0
2	14	19	0	0
3	473	37	5	1.33102
4	521	15	0	0
11	26	21	2	0
12	259	46	9	3.97727
13	21	15	0	0
14	21	39	5	0.301205
Instant	93
1	606	24	1	0.290698
2	28	15	0	0
3	535	35	6	0.694444
4	502	15	0	0
11	26	20	1	0
12	262	48	5	0.568182
13	23	15	0	0
14	21	39	5	0.272586
Instant	94
1	596	28	1	0.0485437
2	40	15	0	0
3	505	38	5	0.797267
4	539	15	0	0
11	26	19	0	0
12	246	47	6	2.02703
13	22	15	0	0
14	22	37	5	0.217707
Instant	95
1	628	26	1	0
2	34	17	0	0
3	519	37	5	0.549451
4	495	15	0	0
11	27	18	0	0
12	280	45	5	0.735294
13	23	15	0	0
14	20	40	6	0.35545
Instant	96
1	632	25	1	0
2	36	18	0	0
3	521	36	6	0.652174
4	480	15	0	0
11	27	19	1	0
12	268	50	5	0
13	23	15	0	0
14	20	40	6	0.542888
Instant	97
1	612	27	1	0
2	46	17	0	0
3	550	36	6	0
4	467	15	0	0
11	26	19	0	0
12	263	47	9	0.609756
13	23	15	0	0
14	18	41	5	0.376254
Instant	98
1	613	26	1	0
2	53	17	0	0
3	502	37	5	0.93819
4	491	15	0	0
11	26	19	1	0
12	288	51	9	2.57353
13	23	15	0	0
14	20	39	6	0.35828
Instant	99
1	635	25	1	0
2	35	18	0	0
3	531	38	5	0.165563
4	478	15	0	0
11	27	18	0	0
12	292	49	6	0
13	22	15	0	0
14	19	40	5	0.327332
Instant	100
1	567	28	1	0.357143
2	25	16	0	0
3	515	37	4	0.615213
4	476	15	0	0
11	24	19	1	0
12	258	46	7	1.01351
13	22	15	0	0
14	19	40	6	0.437158
Instant	101
1	613	27	1	0
2	25	16	0	0
3	514	36	6	0.714286
4	471	15	0	0
11	25	19	1	0
12	284	46	6	0.551471
13	23	15	0	0
14	19	38	6	0.470653
Instant	102
1	627	25	1	0
2	25	16	0	0
3	525	37	5	0.555556
4	503	15	0	0
11	27	18	0	0
12	271	48	7	0.551471
13	22	15	0	0
14	20	37	6	0.388802
Instant	103
1	620	26	1	0
2	36	15	0	0
3	478	38	4	0.411765
4	467	15	0	0
11	26	19	1	0
12	264	46	7	1.18243
13	21	15	0	0
14	19	40	6	0.474595
Instant	104
1	629	25	1	0
2	44	15	0	0
3	536	38	4	0.441501
4	494	15	0	0
11	27	19	0	0
12	268	47	7	2.20588
13	22	15	0	0
14	20	37	6	0.435127
Instant	105
1	606	26	1	0
2	24	14	0	0
3	525	38	4	0.0553097
4	449	15	0	0
11	26	19	0	0
12	252	50	6	2.02206
13	23	15	0	0
14	17	39	6	0.637681
Instant	106
1	627	25	1	0.274725
2	23	15	0	0
3	566	35	4	0.0520833
4	484	15	0	0
11	27	19	1	0
12	255	46	5	0.168919
13	24	15	0	0
14	19	41	6	0.323625
Instant	107
1	627	25	2	0
2	37	16	0	0
3	533	38	4	0.110132
4	491	15	0	0
11	26	20	1	0
12	272	50	7	2.38971
13	23	15	0	0
14	20	40	5	0.399361
Instant	108
1	627	26	1	0
2	25	17	0	0
3	498	39	5	0.623583
4	469	15	0	0
11	27	19	0	0
12	254	50	9	2.57353
13	22	15	0	0
14	19	38	6	0.415973
Instant	109
1	627	24	1	0
2	21	16	0	0
3	508	39	5	0.287356
4	500	15	0	0
11	27	19	1	0
12	243	49	6	2.08333
13	22	15	0	0
14	20	37	5	0.390625
Instant	110
1	565	26	1	0.403226
2	23	15	0	0
3	541	37	6	0.159574
4	494	15	0	0
11	25	21	1	0
12	309	49	6	0.976562
13	24	15	0	0
14	21	40	6	0.263713
Instant	111
1	592	28	1	0
2	45	14	0	0
3	491	38	5	0.817757
4	467	15	0	0
11	25	19	1	0
12	274	50	7	1.28676
13	21	15	0	0
14	19	40	5	0.41876
Instant	112
1	621	25	1	0
2	7	15	0	0
3	517	39	5	0.337838
4	483	15	0	0
11	26	19	1	0
12	266	49	6	0.168919
13	22	15	0	0
14	19	38	5	0.416667
Instant	113
1	613	26	1	0
2	15	16	0	0
3	519	38	4	0.386313
4	477	15	0	0
11	26	20	1	0
12	258	48	8	0
13	23	15	0	0
14	19	39	5	0.546448
Instant	114
1	620	25	1	0
2	28	15	0	0
3	482	41	4	0.424757
4	494	15	0	0
11	27	19	0	0
12	275	48	8	2.75735
13	20	15	0	0
14	20	38	5	0.460769
Instant	115
1	618	26	1	0
2	4	14	0	0
3	531	38	6	0.0544662
4	498	15	0	0
11	26	19	1	0
12	244	46	6	2.19595
13	23	15	0	0
14	20	39	5	0.431034
Instant	116
1	594	26	2	0.336538
2	31	15	0	0
3	493	38	6	1.0514
4	542	15	0	0
11	26	19	1	0
12	303	51	8	0
13	21	15	0	0
14	22	38	5	0.350242
Instant	117
1	593	27	1	0
2	31	14	0	0
3	531	37	5	0.377155
4	516	15	0	0
11	25	20	1	0
12	241	49	8	2.02206
13	23	15	0	0
14	21	39	5	0.417299
Instant	118
1	613	26	1	0
2	24	16	0	0
3	530	37	5	0.0545852
4	495	15	0	0
11	27	19	0	0
12	279	54	8	0
13	23	15	0	0
14	20	39	6	0.40811
Instant	119
1	620	26	1	0
2	28	18	0	0
3	534	37	4	0.538793
4	466	15	0	0
11	26	19	1	0
12	244	51	7	3.67647
13	23	15	0	0
14	18	41	5	0.696767
