	T	D	J	LP
Instant	0
1	0	0	0	0
2	0	0	0	0
3	0	0	0	0
4	0	0	0	0
11	0	0	0	0
12	0	0	0	0
13	0	0	0	0
14	0	0	0	0
Instant	1
1	314	26	2	0
2	16	18	0	0
3	242	36	4	0
4	224	17	0	0
11	13	18	0	0
12	138	51	10	0
13	10	15	0	0
14	8	42	6	0.220751
Instant	2
1	1441	27	2	0.0603865
2	25	17	0	0
3	620	39	5	1.65217
4	1422	19	0	0
11	63	19	0	0
12	306	49	8	0.919118
13	30	15	0	0
14	58	40	4	0.371901
Instant	3
1	1238	28	3	0.78125
2	37	15	0	0
3	628	37	6	1.24769
4	1327	18	0	0
11	57	18	1	0
12	299	56	8	2.02206
13	28	15	0	0
14	55	39	3	0.428487
Instant	4
1	848	26	2	0.804196
2	55	15	0	0
3	551	38	5	0.260417
4	1124	17	0	0
11	37	19	1	0
12	268	51	12	1.18243
13	24	15	0	0
14	48	41	3	0.266759
Instant	5
1	787	26	2	0
2	39	15	0	0
3	598	37	5	0.196464
4	984	16	0	0
11	34	19	0	0
12	276	52	10	2.57353
13	25	15	0	0
14	42	39	4	0.232034
Instant	6
1	804	25	1	0
2	16	15	0	0
3	660	36	6	0.0439367
4	850	16	0	0
11	35	18	1	0
12	276	53	10	1.65441
13	29	15	0	0
14	36	39	4	0.36165
Instant	7
1	780	24	1	0.221566
2	11	14	0	0
3	535	36	4	0.95339
4	812	16	0	0
11	34	20	0	0
12	257	50	7	1.68919
13	24	15	0	0
14	33	39	5	0.256657
Instant	8
1	769	25	1	0.230061
2	15	16	0	0
3	564	36	4	0.412371
4	716	16	0	0
11	33	19	1	0
12	266	47	8	1.83824
13	24	15	0	0
14	29	38	5	0.438116
Instant	9
1	747	23	1	0.302572
2	20	18	0	0
3	601	38	4	0.426136
4	716	16	0	0
11	33	18	0	0
12	261	52	8	1.28676
13	26	15	0	0
14	29	39	6	0.291439
Instant	10
1	649	23	1	0.760286
2	54	18	0	0
3	668	37	5	0.515464
4	745	16	0	0
11	28	20	1	0
12	240	48	9	2.36486
13	30	15	0	0
14	31	37	5	0.306373
Instant	11
1	669	24	0	0.34904
2	35	16	0	0
3	598	39	6	0.352113
4	685	15	0	0
11	29	20	1	0
12	278	52	10	0.367647
13	25	15	0	0
14	29	43	5	0.12381
Instant	12
1	635	24	0	0
2	39	15	0	0
3	545	36	4	0.571726
4	689	15	0	0
11	27	20	1	0
12	259	50	7	1.47059
13	24	15	0	0
14	28	39	5	0.321604
Instant	13
1	641	25	1	0
2	28	16	0	0
3	502	35	5	1.1745
4	728	15	0	0
11	27	19	1	0
12	268	52	8	0.446429
13	22	15	0	0
14	31	35	4	0.268817
Instant	14
1	641	23	0	0
2	19	15	0	0
3	565	35	4	0.0517598
4	695	16	0	0
11	29	20	0	0
12	273	51	9	3.125
13	24	15	0	0
14	29	38	5	0.31871
Instant	15
1	655	24	1	0
2	36	15	0	0
3	560	35	4	0.209205
4	619	15	0	0
11	28	19	0	0
12	261	55	10	1.47059
13	24	15	0	0
14	25	39	6	0.379747
Instant	16
1	585	25	1	0.290135
2	23	13	0	0
3	561	33	3	0.459184
4	555	15	0	0
11	26	19	1	0
12	256	57	9	3.20946
13	24	15	0	0
14	22	40	5	0.457746
Instant	17
1	593	23	0	0.384615
2	26	15	0	0
3	523	34	5	0.862069
4	564	15	0	0
11	26	18	0	0
12	276	50	9	2.20588
13	23	15	0	0
14	23	38	5	0.323176
Instant	18
1	718	25	1	0.534539
2	24	16	0	0
3	534	36	5	0.491266
4	530	15	0	0
11	31	20	1	0
12	228	48	11	2.38971
13	23	15	0	0
14	21	40	5	0.553097
Instant	19
1	743	25	1	0
2	8	18	0	0
3	590	34	5	0.0498008
4	556	15	0	0
11	32	19	0	0
12	253	50	9	2.7027
13	25	15	0	0
14	22	39	5	0.328176
Instant	20
1	662	25	1	0.397527
2	22	15	0	0
3	525	36	4	0.48913
4	574	15	0	0
11	29	19	1	0
12	242	48	9	4.04412
13	23	15	0	0
14	24	40	5	0.239071
Instant	21
1	590	25	1	0.289017
2	21	15	0	0
3	531	36	4	0.218818
4	567	15	0	0
11	26	19	0	0
12	258	48	9	1.83824
13	23	15	0	0
14	23	38	5	0.425287
Instant	22
1	648	24	0	0
2	22	16	0	0
3	567	35	3	0.0513347
4	558	15	0	0
11	28	19	0	0
12	244	51	8	2.87162
13	24	15	0	0
14	22	38	5	0.338469
Instant	23
1	648	24	0	0
2	13	16	0	0
3	532	34	3	0.921909
4	500	15	0	0
11	28	19	0	0
12	260	52	11	2.57353
13	23	15	0	0
14	19	40	5	0.770637
Instant	24
1	641	25	0	0
2	26	17	0	0
3	521	37	4	0.490196
4	506	15	0	0
11	27	19	1	0
12	232	49	8	3.125
13	23	15	0	0
14	20	40	6	0.451496
Instant	25
1	622	25	1	0
2	2	18	3	0
3	518	37	4	0.451467
4	470	15	0	0
11	27	19	1	0
12	253	53	8	1.19048
13	22	15	0	0
14	19	43	6	0.431274
Instant	26
1	646	24	1	0
2	24	15	0	0
3	526	34	3	0.380435
4	490	15	0	0
11	28	19	0	0
12	251	50	11	4.04412
13	23	15	0	0
14	19	39	5	0.438596
Instant	27
1	621	23	0	0.286807
2	28	17	0	0
3	533	34	4	0
4	517	15	0	0
11	26	19	1	0
12	285	54	9	3.125
13	23	15	0	0
14	21	37	5	0.327786
Instant	28
1	613	26	1	0
2	29	16	0	0
3	539	35	3	0.375536
4	505	15	0	0
11	26	20	1	0
12	230	49	9	3.81944
13	23	15	0	0
14	20	41	5	0.387597
Instant	29
1	672	23	1	0
2	38	17	0	0
3	525	38	4	0.327511
4	495	15	0	0
11	29	20	1	0
12	272	48	9	2.75735
13	23	15	0	0
14	20	41	5	0.473186
Instant	30
1	674	24	1	0.34188
2	18	16	0	0
3	553	35	5	0.367647
4	512	15	0	0
11	29	19	0	0
12	272	56	12	1.65441
13	24	15	0	0
14	21	38	5	0.419847
Instant	31
1	692	24	1	0.50505
2	38	15	0	0
3	523	37	5	0.706522
4	513	15	0	0
11	30	20	1	0
12	267	55	10	0.844595
13	23	15	0	0
14	21	40	6	0.267584
Instant	32
1	763	24	1	0
2	24	14	0	0
3	553	34	3	0.477707
4	505	15	0	0
11	33	20	1	0
12	267	51	9	2.57353
13	23	15	0	0
14	21	41	6	0.193498
Instant	33
1	895	24	1	0
2	12	15	0	0
3	504	36	6	0.400458
4	497	15	0	0
11	39	19	1	0
12	267	55	8	1.65441
13	22	15	0	0
14	20	40	5	0.433071
Instant	34
1	716	24	1	0.522508
2	19	17	0	0
3	514	36	4	0.656455
4	514	15	0	0
11	32	19	1	0
12	250	49	7	0.168919
13	23	15	0	0
14	21	38	6	0.317098
Instant	35
1	707	23	0	0
2	23	16	0	0
3	554	35	4	0.571726
4	508	15	0	0
11	31	19	1	0
12	284	49	9	1.83824
13	24	15	0	0
14	21	40	5	0.282486
Instant	36
1	686	26	1	0
2	20	16	0	0
3	528	35	4	0.652174
4	511	15	0	0
11	29	18	0	0
12	238	52	7	3.125
13	23	15	0	0
14	21	39	5	0.306279
Instant	37
1	693	24	1	0
2	11	15	0	0
3	574	34	4	0.305499
4	497	15	0	0
11	30	20	1	0
12	247	51	10	1.6369
13	24	15	0	0
14	20	38	5	0.603675
Instant	38
1	622	25	1	0.466418
2	21	16	0	0
3	601	33	5	0.703565
4	491	15	0	0
11	27	19	1	0
12	298	52	9	1.28676
13	27	15	0	0
14	19	41	5	0.501055
Instant	39
1	646	24	1	0
2	28	14	0	0
3	583	35	5	0.494071
4	529	15	0	0
11	28	19	0	0
12	292	53	6	1.10294
13	25	15	0	0
14	21	36	5	0.334324
Instant	40
1	600	24	1	0.350701
2	14	15	0	0
3	567	34	3	0.407332
4	503	15	0	0
11	25	20	1	0
12	240	52	7	3.04054
13	24	15	0	0
14	20	39	5	0.348837
Instant	41
1	589	23	1	0.339806
2	22	15	0	0
3	466	38	4	1.08173
4	503	15	0	0
11	26	19	1	0
12	276	52	9	1.47059
13	21	15	0	0
14	21	40	7	0.351014
Instant	42
1	619	23	0	0.188679
2	19	16	0	0
3	584	34	3	0
4	499	15	0	0
11	27	19	0	0
12	247	48	8	3.67647
13	25	15	0	0
14	20	38	5	0.403646
Instant	43
1	579	23	0	0.34585
2	21	14	0	0
3	453	37	5	1.12219
4	503	15	0	0
11	26	19	1	0
12	256	53	8	1.35135
13	20	15	0	0
14	20	39	5	0.466563
Instant	44
1	561	26	1	0.356415
2	29	15	0	0
3	554	36	4	0.105485
4	492	15	0	0
11	24	20	0	0
12	267	52	10	2.75735
13	24	15	0	0
14	20	41	7	0.383598
Instant	45
1	662	23	0	0
2	22	16	0	0
3	540	36	4	0.319149
4	520	15	0	0
11	28	18	0	0
12	263	49	9	1.65441
13	23	15	0	0
14	20	37	5	0.576441
Instant	46
1	649	24	1	0
2	34	15	0	0
3	515	38	4	0.393258
4	527	15	0	0
11	28	19	0	0
12	250	50	8	2.19595
13	22	15	0	0
14	22	39	5	0.334324
Instant	47
1	641	24	0	0.0462963
2	30	16	0	0
3	585	33	3	0.150905
4	528	15	0	0
11	27	19	0	0
12	285	51	9	0.919118
13	25	15	0	0
14	21	41	5	0.345679
Instant	48
1	626	24	1	0
2	32	14	0	0
3	570	35	4	0.0512295
4	551	15	0	0
11	26	21	1	0
12	234	53	8	3.30882
13	25	15	0	0
14	22	38	5	0.520095
Instant	49
1	640	23	1	0
2	19	14	0	0
3	519	36	5	0.494505
4	517	15	0	0
11	28	18	0	0.275735
12	250	50	7	1.04167
13	23	15	0	0
14	20	41	6	0.392008
Instant	50
1	585	24	1	0.347222
2	57	15	0	0
3	498	33	4	1.39509
4	528	15	0	0
11	25	19	1	0
12	288	50	8	2.57353
13	22	15	0	0
14	22	40	6	0.184638
Instant	51
1	643	24	0	0
2	25	15	0	0
3	525	33	3	0.961538
4	537	15	0	0
11	27	19	0	0.273723
12	279	53	8	2.02206
13	23	15	0	0
14	22	40	5	0.218341
Instant	52
1	627	25	1	0.277778
2	33	13	0	0
3	521	36	5	0.493421
4	519	15	0	0
11	27	19	0	0
12	266	52	11	0
13	23	15	0	0
14	21	37	6	0.453172
Instant	53
1	599	24	1	0.0483559
2	39	14	0	0
3	526	37	4	0.0566893
4	522	15	0	0
11	26	19	0	0
12	272	52	11	0.735294
13	22	15	0	0
14	21	40	6	0.337331
Instant	54
1	587	24	1	0.591716
2	18	14	0	0
3	546	36	3	0.0534188
4	525	15	0	0
11	26	19	1	0
12	255	46	9	2.57353
13	23	15	0	0
14	22	41	6	0.223214
Instant	55
1	642	24	0	0.0457038
2	19	17	0	0
3	555	36	3	0.21097
4	488	15	0	0
11	28	19	1	0
12	247	50	6	3.20946
13	24	15	0	0
14	19	41	5	0.626667
Instant	56
1	634	24	1	0
2	18	15	0	0
3	497	38	5	0.795455
4	505	15	0	0
11	28	19	1	0
12	278	52	8	1.47059
13	22	15	0	0
14	20	39	7	0.412797
Instant	57
1	624	26	1	0.0475285
2	20	14	0	0
3	540	35	3	0.678497
4	541	15	0	0
11	26	20	1	0
12	253	51	11	2.57353
13	24	15	0	0
14	22	40	5	0.253256
Instant	58
1	648	24	1	0
2	29	14	0	0
3	558	35	3	0.104822
4	495	15	0	0
11	28	18	0	0
12	247	51	8	1.35135
13	24	15	0	0
14	20	41	6	0.35545
Instant	59
1	620	24	1	0
2	18	16	0	0
3	551	36	3	0.105932
4	526	15	0	0
11	27	20	1	0
12	273	48	10	4.04412
13	24	15	0	0
14	21	38	5	0.297619
Instant	60
1	648	24	0	0
2	17	17	0	0
3	524	33	4	0.770925
4	502	15	0	0
11	28	19	1	0
12	263	53	7	1.47059
13	23	15	0	0
14	20	38	6	0.518403
Instant	61
1	584	24	0	0.591716
2	15	16	0	0
3	568	33	3	0.357143
4	493	15	0	0
11	25	20	1	0
12	235	48	9	3.27381
13	25	15	0	0
14	19	38	5	0.54319
Instant	62
1	636	24	1	0.0469043
2	28	13	0	0
3	502	34	4	0.723831
4	514	15	0	0
11	27	19	1	0
12	300	53	9	1.10294
13	22	15	0	0
14	20	38	5	0.303951
Instant	63
1	648	25	1	0
2	2	14	0	0
3	492	37	6	1.32184
4	504	15	0	0
11	28	19	0	0
12	270	53	8	2.57353
13	22	15	0	0
14	21	40	6	0.412797
Instant	64
1	655	25	1	0
2	24	13	0	0
3	540	33	4	0.431034
4	525	15	0	0
11	28	18	0	0
12	201	54	9	7.43243
13	23	15	0	0
14	21	37	5	0.310945
Instant	65
1	620	25	0	0
2	26	15	0	0
3	548	36	5	0
4	524	15	0	0
11	27	19	1	0
12	273	53	8	2.38971
13	24	15	0	0
14	21	36	4	0.597015
Instant	66
1	648	23	0	0
2	33	15	0	0
3	548	33	5	0.638298
4	513	15	0	0
11	28	20	0	0
12	269	51	7	0
13	24	15	0	0
14	20	39	6	0.355691
Instant	67
1	641	24	0	0
2	27	15	0	0
3	539	37	5	0.37234
4	500	15	0	0
11	28	19	0	0
12	247	51	8	2.19595
13	24	15	0	0
14	20	39	6	0.429688
Instant	68
1	654	24	0	0
2	24	14	0	0
3	532	35	4	0.746269
4	532	15	0	0
11	27	19	1	0
12	264	46	9	3.51562
13	24	15	0	0
14	21	38	6	0.441176
Instant	69
1	659	24	1	0
2	17	16	0	0
3	543	37	5	0.161638
4	507	15	0	0
11	29	19	0	0
12	273	52	9	0.735294
13	23	15	0	0
14	20	41	5	0.346154
Instant	70
1	641	24	1	0
2	18	16	0	0
3	500	39	4	0.453515
4	589	15	0	0
11	28	19	1	0
12	277	52	7	0
13	22	15	0	0
14	25	39	6	0.133156
Instant	71
1	669	23	0	0
2	40	16	0	0
3	538	34	3	0.534188
4	530	15	0	0
11	28	19	0	0
12	274	52	10	2.02206
13	24	15	0	0
14	22	40	5	0.331858
Instant	72
1	627	24	1	0
2	35	18	0	0
3	543	36	5	0.373932
4	526	15	0	0
11	27	20	1	0
12	240	51	9	2.65152
13	23	15	0	0
14	22	40	5	0.223214
Instant	73
1	627	26	0	0
2	22	19	0	0
3	598	32	3	0.148221
4	499	15	0	0
11	27	18	0	0
12	251	49	7	0.914634
13	26	15	0	0
14	20	42	6	0.390625
Instant	74
1	620	25	1	0
2	15	19	0	0
3	574	34	3	0.0510204
4	533	15	0	0
11	27	19	1	0
12	276	47	9	4.41176
13	24	15	0	0
14	22	36	5	0.452766
Instant	75
1	633	25	1	0.277778
2	21	20	0	0
3	493	35	4	0.407925
4	544	15	0	0
11	27	19	1	0
12	279	55	8	1.51515
13	22	15	0	0
14	22	38	5	0.359712
Instant	76
1	619	25	1	0.327715
2	17	19	1	0
3	578	34	3	0.201613
4	559	15	0	0
11	27	19	1	0
12	222	51	11	2.25694
13	25	15	0	0
14	23	40	5	0.163628
Instant	77
1	638	24	1	0
2	29	14	0	0
3	504	35	5	1.04626
4	550	15	0	0
11	27	19	1	0
12	230	50	11	6.05469
13	23	15	0	0
14	22	39	5	0.390071
Instant	78
1	648	24	0	0
2	42	14	0	0
3	526	39	4	0.392377
4	562	15	0	0
11	28	18	0	0
12	255	50	9	3.125
13	22	15	0	0
14	23	40	5	0.41841
Instant	79
1	648	23	0	0
2	31	14	0	0
3	493	37	4	0.913242
4	585	15	0	0
11	29	20	1	0
12	277	54	8	0.506757
13	22	15	0	0
14	24	38	5	0.2
Instant	80
1	648	23	0	0
2	31	16	0	0
3	554	35	4	0.210526
4	548	15	0	0
11	27	20	1	0
12	253	51	10	1.89394
13	24	15	0	0
14	22	41	6	0.368521
Instant	81
1	669	24	0	0
2	20	17	0	0
3	561	34	3	0.460123
4	554	15	0	0
11	28	18	0	0
12	244	46	8	4.16667
13	25	15	0	0
14	23	38	5	0.436115
Instant	82
1	553	27	1	0.402415
2	20	17	0	0
3	532	35	5	0.43956
4	569	15	0	0
11	25	19	1	0
12	234	50	9	3.75
13	23	15	0	0
14	24	38	5	0.205761
Instant	83
1	634	26	1	0
2	41	17	0	0
3	553	33	4	0.360825
4	564	15	0	0
11	26	19	0	0
12	289	53	11	0.189394
13	24	15	0	0
14	23	39	4	0.219907
Instant	84
1	645	24	1	0
2	19	17	0	0
3	544	37	4	0.0531915
4	522	15	0	0
11	27	19	1	0
12	232	49	9	2.08333
13	24	15	0	0
14	21	41	5	0.373134
Instant	85
1	613	25	1	0.0468165
2	24	15	0	0
3	535	34	5	0.858369
4	568	15	0	0
11	27	19	0	0
12	259	49	9	3.36538
13	23	15	0	0
14	23	41	6	0.37931
Instant	86
1	579	25	0	0.601202
2	13	15	0	0
3	509	34	4	1.28348
4	596	16	0	0
11	25	19	1	0
12	294	52	9	1.10294
13	22	15	0	0
14	25	38	4	0.262812
Instant	87
1	581	25	1	0.30303
2	5	17	1	0
3	561	34	3	0.306122
4	530	15	0	0
11	25	19	0	0
12	296	56	9	1.10294
13	25	15	0	0
14	21	41	5	0.527737
Instant	88
1	634	24	1	0
2	32	16	0	0
3	526	35	4	0.324675
4	543	15	0	0
11	28	19	0	0
12	271	53	9	0
13	23	15	0	0
14	22	40	6	0.180375
Instant	89
1	646	25	1	0
2	21	15	0	0
3	528	37	5	0.382096
4	546	15	0	0
11	27	19	1	0
12	285	51	8	0.367647
13	23	15	0	0
14	23	38	5	0.321888
Instant	90
1	612	25	1	0
2	25	17	0	0
3	559	36	4	0.369198
4	523	15	0	0
11	26	20	1	0
12	244	51	8	2.53906
13	24	15	0	0
14	22	42	6	0.187126
Instant	91
1	628	25	1	0
2	34	17	0	0
3	549	38	6	0.106383
4	576	15	0	0
11	27	19	1	0
12	244	51	8	0.675676
13	24	15	0	0
14	24	37	4	0.340136
Instant	92
1	641	24	0	0
2	27	17	1	0
3	470	34	5	1.41509
4	535	15	0	0
11	28	19	0	0
12	282	52	11	2.65152
13	21	15	0	0
14	22	38	5	0.328947
Instant	93
1	623	24	1	0.324074
2	34	14	0	0
3	527	36	5	0.642398
4	491	15	0	0
11	27	19	1	0
12	267	51	10	0.189394
13	23	15	0	0
14	19	40	5	0.544055
Instant	94
1	627	26	2	0
2	28	14	0	0
3	546	33	5	0.627615
4	515	15	0	0
11	27	19	0	0
12	256	54	9	0.844595
13	24	15	0	0
14	21	36	5	0.441919
Instant	95
1	654	24	1	0
2	18	14	0	0
3	553	34	4	0.675676
4	515	15	0	0
11	28	18	0	0
12	274	50	9	0.919118
13	24	15	0	0
14	21	37	4	0.378788
Instant	96
1	647	24	1	0
2	31	17	0	0
3	518	33	3	1.07759
4	538	15	0	0
11	27	19	1	0
12	247	52	8	2.38971
13	23	15	0	0
14	22	38	5	0.315381
Instant	97
1	634	24	0	0
2	19	16	0	0
3	490	37	5	1.17925
4	507	15	0	0
11	28	19	1	0
12	262	52	9	0.762195
13	21	15	0	0
14	21	41	6	0.436569
Instant	98
1	662	23	0	0
2	32	15	0	0
3	529	34	4	0.477707
4	500	15	0	0
11	29	19	0	0
12	299	53	8	0.919118
13	24	15	0	0
14	19	41	6	0.417319
Instant	99
1	627	26	1	0
2	31	17	0	0
3	537	31	3	0.818777
4	496	15	0	0
11	27	18	0	0
12	263	53	9	1.83824
13	23	15	0	0
14	20	38	5	0.445493
Instant	100
1	661	24	0	0
2	3	17	0	0
3	505	34	5	0.33557
4	510	15	0	0
11	28	19	0	0
12	270	51	9	2.36486
13	22	15	0	0
14	21	39	6	0.422427
Instant	101
1	558	24	1	0.903614
2	27	17	0	0
3	565	33	4	0.561224
4	510	15	0	0
11	25	19	1	0
12	286	49	9	0
13	24	15	0	0
14	21	39	5	0.192012
Instant	102
1	580	26	1	0.050505
2	30	17	0	0
3	541	35	4	0.215054
4	502	15	0	0
11	25	20	1	0
12	265	53	8	2.02206
13	23	15	0	0
14	21	41	6	0.311526
Instant	103
1	613	26	0	0
2	39	16	0	0
3	512	36	4	0.498891
4	490	15	0	0
11	26	20	1	0
12	264	53	9	1.01351
13	22	15	0	0
14	20	40	6	0.35828
Instant	104
1	573	26	1	0.307377
2	34	17	0	0
3	539	36	5	0.431034
4	496	15	0	0
11	24	18	0	0.302419
12	238	48	8	5.69853
13	23	15	0	0
14	21	39	6	0.262467
Instant	105
1	628	26	1	0
2	35	14	0	0
3	548	35	4	0.429185
4	497	15	0	0
11	27	19	0	0
12	263	53	10	0.919118
13	23	15	0	0
14	20	41	6	0.472441
Instant	106
1	633	26	1	0.0461255
2	49	16	0	0
3	569	34	4	0.303644
4	515	15	0	0
11	27	18	0	0
12	272	51	8	0.168919
13	25	15	0	0
14	21	40	6	0.190259
Instant	107
1	643	25	1	0
2	32	13	0	0
3	508	35	5	0.767544
4	491	15	0	0
11	27	19	0	0
12	260	52	10	1.28676
13	23	15	0	0
14	19	39	5	0.464437
Instant	108
1	662	24	0	0
2	26	13	0	0
3	522	36	4	0.556793
4	503	15	0	0
11	28	19	0	0
12	250	50	8	3.86029
13	22	15	0	0
14	21	41	7	0.272586
Instant	109
1	641	23	0	0
2	38	14	0	0
3	508	37	4	0.443459
4	490	15	0	0
11	29	20	1	0
12	244	54	10	2.23214
13	23	15	0	0
14	20	38	5	0.397456
Instant	110
1	615	24	1	0.341131
2	23	17	0	0
3	543	34	4	0.802998
4	492	15	0	0
11	26	18	0	0
12	252	51	10	4.29688
13	23	15	0	0
14	20	39	6	0.438596
Instant	111
1	646	23	0	0
2	41	17	0	0
3	519	36	6	0.709607
4	488	15	0	0
11	27	19	1	0
12	244	49	9	2.38971
13	23	15	0	0
14	20	41	6	0.32
Instant	112
1	571	26	2	0.448207
2	27	15	0	0
3	516	34	2	0.657895
4	511	15	0	0
11	25	20	1	0
12	249	52	9	4.89865
13	22	15	0	0
14	20	38	5	0.458716
Instant	113
1	635	25	1	0
2	29	16	0	0
3	551	34	3	0.316456
4	516	15	0	0
11	27	19	0	0
12	273	50	9	0.367647
13	24	15	0	0
14	21	39	5	0.189681
Instant	114
1	648	24	0	0
2	17	16	0	0
3	526	37	5	0.545852
4	516	15	0	0
11	28	19	1	0
12	251	52	9	2.94118
13	23	15	0	0
14	21	39	5	0.416036
Instant	115
1	653	24	1	0
2	27	16	0	0
3	557	36	5	0.105042
4	495	15	0	0
11	28	19	0	0
12	253	53	7	2.19595
13	24	15	0	0
14	20	41	6	0.197472
Instant	116
1	634	24	0	0
2	33	15	0	0
3	560	36	4	0
4	492	15	0	0
11	28	20	1	0
12	281	49	9	2.02206
13	24	15	0	0
14	19	37	5	0.63593
Instant	117
1	641	23	1	0.277778
2	23	15	0	0
3	549	34	3	0.364583
4	513	15	0	0
11	27	19	1	0
12	268	48	7	0.735294
13	24	15	0	0
14	21	39	5	0.330789
Instant	118
1	627	24	0	0
2	43	14	0	0
3	564	34	4	0.358607
4	506	15	0	0
11	27	20	1	0
12	223	50	9	4.56081
13	24	15	0	0
14	20	37	6	0.449409
Instant	119
1	648	24	0	0
2	23	16	0	0
3	519	36	4	0.717439
4	504	15	0	0
11	28	18	0	0.271739
12	267	50	10	2.38971
13	23	15	0	0
14	20	40	5	0.530538
