	T	D	J	LP
Instant	0
1	0	0	0	0
2	0	0	0	0
3	0	0	0	0
4	0	0	0	0
11	0	0	0	0
12	0	0	0	0
13	0	0	0	0
14	0	0	0	0
Instant	1
1	329	30	3	0
2	8	14	0	0
3	66	50	11	1.12028
4	153	15	0	0
11	14	18	0	0
12	79	60	14	3.26087
13	3	15	0	0
14	4	42	11	0.224014
Instant	2
1	1653	27	2	0.347476
2	25	15	0	0
3	127	63	17	6.44118
4	888	18	0	0
11	70	19	0	0
12	142	67	15	6.15809
13	10	15	0	0
14	35	43	4	0.577558
Instant	3
1	1246	28	2	0.431034
2	33	17	0	0
3	143	61	20	5.03165
4	830	18	0	0
11	57	19	0	0
12	118	67	18	6.15809
13	9	15	0	0
14	32	44	5	0.671853
Instant	4
1	1155	28	2	0.40201
2	31	15	0	0
3	138	58	17	5.06595
4	774	16	0	0
11	51	19	0	0
12	103	59	13	4.13851
13	10	15	0	0
14	30	42	5	0.667108
Instant	5
1	742	30	2	0.349379
2	24	18	1	0
3	156	61	18	4.83021
4	739	16	0	0
11	33	19	1	0
12	112	60	16	2.84926
13	10	15	0	0
14	29	43	5	0.451747
Instant	6
1	726	29	2	0
2	34	18	0	0
3	164	59	17	4.89374
4	664	16	0	0
11	30	18	0	0
12	112	53	11	8.54779
13	11	15	0	0
14	26	44	5	0.595763
Instant	7
1	678	29	2	0.764007
2	22	17	0	0
3	162	60	16	4.55044
4	581	15	0	0
11	30	19	1	0
12	111	60	14	9.16385
13	11	15	0	0
14	22	42	6	0.479314
Instant	8
1	660	28	2	0.345423
2	12	16	0	0
3	158	62	18	4.6659
4	524	16	0	0
11	29	19	1	0
12	113	67	14	3.125
13	11	15	0	0
14	21	43	7	0.468925
Instant	9
1	653	26	2	0
2	31	16	0	0
3	148	61	18	5.1815
4	551	15	0	0
11	28	19	0	0
12	88	62	15	5.56066
13	10	15	0	0
14	22	43	6	0.372737
Instant	10
1	664	27	1	0
2	35	16	0	0
3	122	63	22	5.70988
4	539	15	0	0
11	29	18	0	0
12	113	63	21	11.3598
13	9	15	0	0
14	21	41	6	0.562636
Instant	11
1	627	29	2	0
2	17	17	0	0
3	138	61	17	5.67618
4	548	16	0	0
11	26	19	0	0
12	93	58	17	3.67647
13	10	15	0	0
14	22	43	7	0.361349
Instant	12
1	551	30	2	0.362319
2	31	15	0	0
3	159	60	20	4.50224
4	487	15	0	0
11	24	20	1	0.420168
12	94	64	12	5.1011
13	11	15	0	0
14	19	44	6	0.563401
Instant	13
1	552	27	2	0.997899
2	35	15	0	0
3	174	60	18	4.3379
4	469	15	0	0
11	24	19	0	0
12	112	59	19	2.34375
13	10	15	0	0
14	18	43	7	0.51627
Instant	14
1	542	28	1	0.373134
2	40	15	0	0
3	169	59	16	4.21445
4	463	15	0	0
11	24	19	1	0
12	117	60	14	2.94118
13	11	15	0	0
14	17	41	7	0.64628
Instant	15
1	520	28	2	0.32538
2	28	17	0	0
3	158	56	19	4.60681
4	436	15	0	0
11	23	20	1	0.328947
12	99	60	17	3.67647
13	10	15	0	0
14	15	45	6	0.824361
Instant	16
1	583	26	1	0.298211
2	25	17	0	0
3	184	62	15	3.77203
4	481	15	0	0
11	25	18	0	0.604839
12	80	64	16	12.3311
13	11	15	0	0
14	19	44	6	0.571646
Instant	17
1	583	27	1	0.301205
2	37	17	0	0
3	176	62	16	4.1387
4	473	15	0	0
11	25	19	0	0
12	120	62	21	14.1544
13	11	15	0	0
14	18	43	6	0.604839
Instant	18
1	577	28	2	0
2	32	15	0	0
3	150	57	19	4.84634
4	488	15	0	0
11	25	20	1	0
12	115	63	16	4.50368
13	10	15	0	0
14	19	44	7	0.540216
Instant	19
1	533	27	2	0.384615
2	44	14	0	0
3	153	60	15	4.78784
4	505	15	0	0
11	23	20	1	0
12	128	61	16	7.93919
13	10	15	0	0
14	20	45	6	0.356105
Instant	20
1	606	27	1	0
2	12	15	0	0
3	165	61	14	4.13647
4	463	15	0	0
11	26	19	0	0
12	113	65	13	2.75735
13	10	15	0	0
14	18	45	7	0.355563
Instant	21
1	648	24	1	0
2	20	17	0	0
3	150	58	15	4.72028
4	437	15	0	0
11	28	18	0	0
12	96	71	14	7.35294
13	10	15	0	0
14	16	46	8	0.588038
Instant	22
1	542	26	1	0.368421
2	19	16	0	0
3	178	54	19	4.41176
4	486	15	0	0
11	24	20	1	0
12	102	72	17	9.07939
13	10	15	0	0
14	18	43	6	0.601685
Instant	23
1	491	29	3	0.694444
2	28	17	0	0
3	145	58	17	4.96411
4	473	15	0	0
11	21	20	1	0.347222
12	126	62	15	36.7647
13	10	15	0	0
14	18	45	7	0.472429
Instant	24
1	601	26	1	0.290698
2	24	17	0	0
3	162	62	16	4.28322
4	493	15	0	0
11	26	18	0	0
12	111	63	16	10.2941
13	10	15	0	0
14	19	46	7	0.549287
Instant	25
1	504	31	2	0.34642
2	18	16	0	0
3	152	62	20	4.76471
4	503	15	0	0
11	21	18	0	0.458716
12	108	66	20	6.69643
13	10	15	0	0
14	19	43	6	0.56752
Instant	26
1	624	27	1	0
2	33	16	0	0
3	172	58	18	4.45824
4	510	15	0	0
11	27	17	0	0
12	65	67	14	4.2739
13	10	15	0	0
14	20	44	7	0.422878
Instant	27
1	613	27	2	0
2	25	16	1	0
3	186	55	18	3.8067
4	513	15	0	0
11	26	20	1	0
12	107	65	20	11.0294
13	11	15	0	0
14	19	39	6	0.734874
Instant	28
1	619	28	2	0.286807
2	24	15	0	0
3	152	64	15	5
4	536	15	0	0
11	26	18	0	0
12	95	68	15	7.68229
13	10	15	0	0
14	21	43	6	0.45765
Instant	29
1	606	29	2	0.327715
2	22	15	0	0
3	171	59	20	3.83949
4	468	15	0	0
11	27	19	1	0
12	122	63	14	9.32904
13	10	15	0	0
14	18	46	7	0.632023
Instant	30
1	844	28	2	0
2	32	15	0	0
3	162	59	20	4.81859
4	538	15	0	0
11	36	18	0	0
12	105	72	15	7.99632
13	10	15	0	0
14	21	44	6	0.458151
Instant	31
1	661	29	2	0.655594
2	17	15	0	0
3	144	61	20	4.79412
4	514	15	0	0
11	29	19	1	0
12	120	67	14	9.92399
13	10	15	0	0
14	20	43	7	0.462699
Instant	32
1	728	29	3	0.199362
2	28	17	0	0
3	135	64	18	5.83942
4	482	15	0	0
11	32	18	0	0
12	127	62	18	7.03125
13	10	15	0	0
14	19	47	7	0.417172
Instant	33
1	772	27	2	0
2	31	16	0	0
3	179	58	17	3.84403
4	462	15	0	0
11	33	20	1	0
12	133	61	16	5.74449
13	11	15	0	0
14	17	46	7	0.545886
Instant	34
1	641	29	3	0.537634
2	25	15	0	0
3	154	60	17	5.06293
4	493	15	0	0
11	28	19	0	0
12	129	69	15	5.15203
13	10	15	0	0
14	19	44	6	0.512782
Instant	35
1	661	29	2	0
2	16	16	0	0
3	137	58	19	5.34841
4	503	15	0	0
11	28	18	1	0
12	133	65	14	9.42096
13	10	15	0	0
14	20	44	7	0.509313
Instant	36
1	657	27	2	0
2	27	15	0	0
3	135	62	17	5.01943
4	494	15	0	0
11	29	18	0	0
12	125	70	15	6.61765
13	9	15	0	0
14	19	45	6	0.548636
Instant	37
1	643	27	2	0
2	27	16	0	0
3	154	59	16	4.92424
4	441	15	0	0
11	27	20	1	0
12	108	62	14	6.13839
13	10	15	0	0
14	17	45	7	0.549268
Instant	38
1	655	27	1	0
2	42	16	0	0
3	168	60	18	4.5184
4	467	15	0	0
11	28	19	1	0
12	120	67	16	9.14522
13	11	15	0	0
14	18	42	7	0.471698
Instant	39
1	636	28	2	0
2	18	17	0	0
3	156	65	16	4.80769
4	448	15	0	0
11	27	19	1	0
12	104	69	19	4.87132
13	10	15	0	0
14	17	44	6	0.520833
Instant	40
1	738	26	2	0
2	23	16	0	0
3	165	64	19	4.70554
4	452	15	0	0
11	33	19	1	0
12	106	59	14	3.58953
13	10	15	0	0
14	17	44	7	0.590997
Instant	41
1	748	27	2	0.0787402
2	22	16	0	0
3	153	61	17	4.37207
4	473	15	0	0
11	32	19	1	0
12	90	57	15	2.20588
13	10	15	0	0
14	18	41	6	0.627323
Instant	42
1	676	31	2	0
2	31	15	0	0
3	154	60	18	4.6875
4	458	15	0	0
11	30	18	0	0
12	93	60	18	7.49081
13	10	15	0	0
14	18	45	7	0.472151
Instant	43
1	648	28	3	0.0914077
2	26	16	0	0
3	138	56	18	5.67618
4	475	15	0	0
11	27	20	1	0
12	88	60	16	11.3176
13	10	15	0	0
14	19	42	7	0.394005
Instant	44
1	665	27	2	0.518135
2	18	15	0	0
3	162	58	17	4.30839
4	470	15	0	0
11	29	19	1	0
12	83	69	14	2.66544
13	10	15	0	0
14	18	45	6	0.505286
Instant	45
1	686	29	2	0.04363
2	36	15	0	0
3	157	60	14	4.61491
4	445	15	0	0
11	29	19	1	0
12	98	54	16	4.13603
13	10	15	0	0
14	16	43	6	0.592885
Instant	46
1	695	27	1	0
2	34	15	0	0
3	149	60	17	4.34524
4	454	15	0	0
11	31	19	1	0
12	110	50	14	14.527
13	10	15	0	0
14	17	45	7	0.549096
Instant	47
1	682	26	1	0.509338
2	22	16	0	0
3	158	57	17	5.08083
4	433	15	0	0
11	30	19	0	0
12	100	60	12	9.7886
13	10	15	0	0
14	16	45	7	0.498985
Instant	48
1	575	26	1	0.463918
2	22	16	0	0
3	160	58	15	4.5
4	458	15	0	0
11	24	19	1	0
12	130	68	13	5.37684
13	10	15	0	0
14	17	41	7	0.641026
Instant	49
1	627	25	1	0
2	19	16	0	0
3	142	62	17	4.86779
4	442	15	0	0
11	27	18	0	0
12	94	62	20	5.54315
13	10	15	0	0
14	17	43	6	0.602708
Instant	50
1	526	26	2	0.321888
2	30	17	0	0
3	160	59	20	4.86277
4	442	15	0	0
11	23	19	1	0
12	112	60	16	3.5386
13	10	15	0	0
14	17	44	6	0.504299
Instant	51
1	599	28	1	0.297619
2	24	18	0	0
3	166	60	17	3.92775
4	451	15	0	0
11	25	18	0	0
12	105	62	19	3.49265
13	10	15	0	0
14	17	43	6	0.682705
Instant	52
1	585	27	2	0
2	29	15	0	0
3	161	62	18	4.98292
4	436	15	0	0
11	25	20	1	0
12	133	62	18	7.16146
13	10	15	0	0
14	16	43	7	0.908479
Instant	53
1	611	26	1	0
2	25	16	0	0
3	141	62	19	4.86809
4	468	15	0	0
11	25	19	0	0.288462
12	115	59	21	10.8915
13	9	15	0	0
14	18	43	6	0.56391
Instant	54
1	592	28	2	0
2	33	17	0	0
3	151	59	21	4.56204
4	451	15	0	0
11	26	19	0	0
12	102	63	10	3.49265
13	10	15	0	0
14	17	45	6	0.615285
Instant	55
1	595	27	2	0
2	27	17	0	0
3	165	61	15	4.52189
4	465	15	0	0
11	25	19	0	0
12	103	61	16	4.56081
13	10	15	0	0
14	18	42	7	0.473485
Instant	56
1	550	28	2	0.526316
2	22	15	0	0
3	156	62	18	4.37643
4	443	15	0	0
11	24	19	0	0
12	104	60	20	6.43382
13	10	15	0	0
14	17	43	6	0.463576
Instant	57
1	559	27	1	0.619835
2	33	15	0	0
3	154	56	19	4.84756
4	437	15	0	0
11	24	19	0	0
12	97	64	15	3.90625
13	10	15	0	0
14	16	43	6	0.569705
Instant	58
1	581	28	2	0
2	18	15	0	0
3	174	58	16	3.94144
4	424	15	0	0
11	26	19	1	0
12	88	70	17	34.1639
13	11	15	0	0
14	16	42	7	0.604282
Instant	59
1	588	27	1	0
2	21	16	0	0
3	170	61	18	4.33333
4	444	15	0	0
11	25	20	1	0
12	98	57	19	2.25184
13	11	15	0	0
14	16	41	7	0.717348
Instant	60
1	558	28	2	0.309917
2	15	15	0	0
3	137	60	16	5.60552
4	469	15	0	0
11	24	19	1	0
12	96	61	14	3.81434
13	10	15	0	0
14	18	45	6	0.507179
Instant	61
1	583	27	1	0.0496032
2	27	16	0	0
3	158	67	18	4.58131
4	437	15	0	0
11	25	20	1	0
12	88	70	15	2.08333
13	10	15	0	0
14	17	44	7	0.417223
Instant	62
1	592	28	2	0
2	27	18	0	0
3	146	61	18	4.90654
4	452	15	0	0
11	26	19	0	0
12	107	58	14	8.2261
13	10	15	0	0
14	18	45	7	0.616883
Instant	63
1	535	25	1	0.720621
2	37	16	0	0
3	161	61	17	4.35294
4	436	15	0	0
11	23	19	1	0
12	113	63	16	3.5386
13	10	15	0	0
14	16	44	7	0.529946
Instant	64
1	555	29	2	0
2	26	15	0	0
3	157	60	18	4.25659
4	445	15	0	0
11	24	18	0	0
12	97	66	14	13.8091
13	10	15	0	0
14	17	44	6	0.526316
Instant	65
1	556	28	2	0.627615
2	29	16	0	0
3	159	61	18	4.86277
4	446	15	0	0
11	24	19	1	0
12	112	61	15	5.56066
13	10	15	0	0
14	18	41	7	0.417212
Instant	66
1	639	28	2	0.0453721
2	15	16	0	0
3	168	60	17	4.36111
4	430	15	0	0
11	28	18	0	0
12	85	63	16	5.74449
13	11	15	0	0
14	15	46	7	0.725751
Instant	67
1	632	28	2	0.182815
2	28	17	0	0
3	169	59	18	4.54023
4	455	15	0	0
11	27	19	1	0
12	90	71	13	6.29223
13	10	15	0	0
14	17	45	8	0.620968
Instant	68
1	648	28	2	0.137363
2	33	17	0	0
3	139	61	19	4.98798
4	456	15	0	0
11	28	19	1	0
12	110	66	16	5.0293
13	10	15	0	0
14	18	46	7	0.570373
Instant	69
1	630	27	2	0.502742
2	33	16	0	0
3	137	59	17	5.16169
4	477	15	0	0
11	27	20	1	0
12	116	70	12	4.54963
13	10	15	0	0
14	19	42	7	0.430504
Instant	70
1	639	29	3	0
2	37	17	0	0
3	167	61	15	4.17627
4	469	15	0	0
11	28	19	1	0
12	90	65	15	5.44764
13	10	15	0	0
14	18	43	6	0.524093
Instant	71
1	667	26	2	0
2	22	16	0	0
3	153	61	18	4.55607
4	428	15	0	0
11	28	19	1	0
12	101	59	18	21.3235
13	10	15	0	0
14	16	45	8	0.553474
Instant	72
1	586	29	2	0.442043
2	23	17	0	0
3	183	62	17	4.1092
4	420	15	0	0
11	26	20	1	0
12	90	68	13	7.10227
13	10	15	0	0
14	16	47	8	0.688633
Instant	73
1	562	28	1	0.103306
2	33	16	0	0
3	141	61	18	4.84155
4	463	15	0	0
11	24	19	0	0
12	104	61	17	3.9253
13	10	15	0	0
14	18	42	6	0.482595
Instant	74
1	598	28	1	0
2	35	16	0	0
3	154	58	18	5.24691
4	441	15	0	0
11	26	19	1	0
12	133	65	16	10.1562
13	9	15	0	0
14	17	45	6	0.524301
Instant	75
1	606	27	1	0.0488281
2	22	16	0	0
3	154	60	17	4.17661
4	405	15	0	0
11	26	19	1	0
12	133	64	16	5.25568
13	10	15	0	0
14	15	46	6	0.623194
Instant	76
1	612	27	2	0
2	26	16	0	0
3	164	59	16	4.23387
4	416	15	0	0
11	27	18	0	0
12	102	67	19	5.16493
13	10	15	0	0
14	15	42	6	0.809859
Instant	77
1	580	29	2	0.354251
2	15	15	1	0
3	154	57	17	4.98812
4	440	15	0	0
11	25	19	0	0
12	104	61	17	2.88086
13	10	15	0	0
14	17	43	6	0.514608
Instant	78
1	523	30	2	0.437637
2	21	16	0	0
3	179	59	19	3.57942
4	424	15	0	0
11	23	19	1	0
12	98	64	16	5.12695
13	11	15	0	0
14	16	43	6	0.637931
Instant	79
1	622	26	1	0
2	24	15	0	0
3	174	50	16	4.28977
4	414	15	0	0
11	26	18	0	0
12	83	60	12	0.886824
13	11	15	0	0
14	16	43	7	0.636492
Instant	80
1	592	27	1	0
2	30	16	0	0
3	173	58	18	3.95349
4	456	15	0	0
11	26	19	0	0
12	114	64	18	15.9564
13	10	15	0	0
14	17	43	6	0.419355
Instant	81
1	591	28	2	0.0496032
2	19	15	0	0
3	178	56	20	3.7037
4	487	15	0	0
11	25	19	1	0
12	122	62	20	8.94886
13	10	15	0	0
14	19	42	6	0.473827
Instant	82
1	507	28	2	1.05322
2	26	16	0	0
3	166	57	18	4.76974
4	478	15	0	0
11	23	19	1	0
12	99	66	16	4.73214
13	11	15	0	0
14	19	43	6	0.322482
Instant	83
1	576	29	2	0.351406
2	20	18	0	0
3	167	66	16	4.1092
4	459	15	0	0
11	25	18	0	0
12	95	64	20	5.44508
13	10	15	0	0
14	18	41	6	0.652866
Instant	84
1	559	28	2	0.37155
2	24	16	0	0
3	165	58	16	5.20601
4	460	15	0	0
11	24	19	1	0
12	109	63	16	58.8542
13	11	15	0	0
14	18	41	6	0.484435
Instant	85
1	566	28	1	0
2	16	17	0	0
3	164	62	17	3.94585
4	450	15	0	0
11	25	19	1	0
12	86	58	14	2.96474
13	10	15	0	0
14	17	42	7	0.649351
Instant	86
1	605	27	1	0
2	22	16	0	0
3	158	61	17	3.76131
4	459	15	0	0
11	25	19	1	0
12	96	62	21	10.0184
13	10	15	0	0
14	18	42	7	0.495524
Instant	87
1	553	27	2	0.366876
2	21	16	0	0
3	154	60	19	6.22093
4	468	15	0	0
11	24	19	1	0.313808
12	107	68	17	9.97243
13	10	15	0	0
14	18	42	6	0.531915
Instant	88
1	572	29	1	0
2	13	16	0	0
3	147	64	15	4.92243
4	467	15	0	0
11	25	19	1	0
12	106	62	20	5.40541
13	10	15	0	0
14	18	43	7	0.516917
Instant	89
1	583	30	2	0.050813
2	29	17	0	0
3	167	58	18	4.09142
4	451	15	0	0
11	25	19	0	0
12	130	61	15	10.1103
13	10	15	0	0
14	18	41	6	0.527597
Instant	90
1	591	28	2	0.0496032
2	45	16	0	0
3	152	59	18	4.82614
4	435	15	0	0
11	25	19	1	0
12	129	63	15	5.37109
13	10	15	0	0
14	16	42	7	0.487887
Instant	91
1	619	27	2	0.0473485
2	27	15	0	0
3	169	58	20	4.10998
4	463	15	0	0
11	27	18	0	0
12	98	64	12	4.64527
13	10	15	0	0
14	18	43	7	0.475285
Instant	92
1	587	27	2	0
2	39	17	0	0
3	165	59	17	4.09884
4	441	15	0	0
11	25	20	1	0
12	109	65	18	4.49811
13	10	15	0	0
14	16	46	8	0.546358
Instant	93
1	580	30	2	0
2	43	16	0	0
3	168	59	20	4.82306
4	425	15	0	0
11	25	18	0	0
12	127	65	16	14.0625
13	10	15	0	0
14	16	46	6	0.782325
Instant	94
1	470	28	2	1.15291
2	22	16	0	0
3	146	67	18	4.74566
4	460	15	0	0
11	21	18	0	0
12	118	59	18	11.402
13	10	15	0	0
14	17	43	6	0.606641
Instant	95
1	531	27	1	0.428266
2	21	15	0	0
3	170	58	16	4.15691
4	433	15	0	0
11	24	19	1	0
12	99	61	25	4.87132
13	10	15	0	0
14	16	45	8	0.631739
Instant	96
1	597	28	1	0
2	20	15	0	0
3	159	56	15	4.662
4	417	15	0	0
11	26	19	1	0
12	112	68	14	9.74265
13	10	15	0	0
14	15	44	6	0.739437
Instant	97
1	541	27	2	0.375536
2	31	15	0	0
3	165	63	19	3.97727
4	427	15	0	0
11	23	19	1	0
12	157	64	14	6.32622
13	11	15	0	0
14	17	45	7	0.377229
Instant	98
1	557	27	1	0
2	30	16	0	0
3	158	58	17	4.60681
4	431	15	0	0
11	24	18	0	0
12	119	63	23	7.03125
13	10	15	0	0
14	16	42	7	0.722789
Instant	99
1	539	29	1	0.638298
2	37	15	0	0
3	148	62	18	4.98798
4	439	15	0	0
11	24	19	1	0
12	112	61	16	3.03309
13	10	15	0	0
14	17	45	7	0.575768
Instant	100
1	585	28	2	0
2	18	16	0	0
3	138	57	19	5.375
4	439	15	0	0
11	25	19	1	0
12	98	69	14	8.9527
13	10	15	0	0
14	16	41	6	0.525
Instant	101
1	610	27	2	0
2	27	17	0	0
3	154	59	18	4.01679
4	432	15	0	0
11	26	19	0	0
12	80	73	20	9.46691
13	10	15	0	0
14	17	44	7	0.592016
Instant	102
1	613	27	1	0
2	31	17	0	0
3	169	61	15	4.25287
4	460	15	0	0
11	26	19	1	0
12	107	63	14	8.31802
13	10	15	0	0
14	17	42	6	0.605096
Instant	103
1	606	27	1	0
2	28	17	0	0
3	167	55	19	4.47275
4	438	15	0	0
11	26	18	0	0
12	108	64	16	5.74324
13	10	15	0	0
14	17	46	7	0.426707
Instant	104
1	548	27	1	0.634249
2	28	17	0	0
3	167	58	18	4.22297
4	400	15	0	0
11	24	20	1	0
12	105	67	18	5.46875
13	10	15	0	0
14	15	46	7	0.742302
Instant	105
1	554	30	2	0.15625
2	36	15	0	0
3	141	60	17	5.2399
4	461	15	0	0
11	24	18	0	0
12	96	63	15	3.81434
13	9	15	0	0
14	18	41	7	0.56385
Instant	106
1	602	27	1	0
2	26	16	0	0
3	167	55	19	3.76794
4	434	15	0	0
11	25	21	1	0
12	109	67	22	5.65878
13	10	15	0	0
14	16	44	8	0.513814
Instant	107
1	573	28	1	0
2	32	16	0	0
3	150	62	18	4.81005
4	455	15	0	0
11	25	18	0	0
12	106	65	13	11.7647
13	10	15	0	0
14	18	44	7	0.41076
Instant	108
1	588	27	1	0.606061
2	18	17	0	0
3	155	62	15	4.56621
4	443	15	0	0
11	25	18	0	0
12	102	62	11	3.21691
13	10	15	0	0
14	17	43	6	0.521523
Instant	109
1	593	28	1	0
2	34	17	0	0
3	144	63	17	5.09828
4	426	15	0	0
11	26	19	1	0
12	101	62	17	14.5089
13	10	15	0	0
14	16	44	7	0.714532
Instant	110
1	595	28	2	0
2	13	17	0	0
3	162	62	21	4.30425
4	424	15	0	0
11	25	18	0	0
12	114	67	16	16.4062
13	10	15	0	0
14	16	45	7	0.577586
Instant	111
1	559	28	1	0.050813
2	15	16	1	0
3	162	60	16	4.28241
4	444	15	0	0
11	25	20	1	0
12	126	67	14	7.26103
13	10	15	0	0
14	17	41	6	0.552441
Instant	112
1	589	27	1	0.298805
2	13	15	0	0
3	164	56	16	4.3911
4	439	15	0	0
11	25	20	1	0
12	113	60	24	8.31926
13	10	15	0	0
14	17	44	7	0.416667
Instant	113
1	599	28	1	0
2	17	15	0	0
3	163	59	17	4.43736
4	442	15	0	0
11	25	19	1	0
12	122	70	17	6.84743
13	10	15	0	0
14	17	45	7	0.488411
Instant	114
1	606	27	1	0
2	19	17	0	0
3	141	56	19	4.91955
4	437	15	0	0
11	26	19	1	0
12	116	61	18	4.59559
13	10	15	0	0
14	17	42	6	0.529234
Instant	115
1	613	27	1	0
2	21	16	0	0
3	147	58	18	4.96324
4	401	15	0	0
11	27	18	0	0
12	100	67	17	5.99662
13	10	15	0	0
14	15	44	7	0.662192
Instant	116
1	575	29	2	0
2	26	16	0	0
3	147	59	19	4.91706
4	431	15	0	0
11	24	19	1	0
12	95	66	17	10.2482
13	10	15	0	0
14	17	43	8	0.568954
Instant	117
1	620	28	1	0
2	13	15	0	0
3	135	60	17	5.13784
4	422	15	0	0
11	26	18	0	0
12	108	68	16	9.74265
13	9	15	0	0
14	16	41	6	0.607639
Instant	118
1	592	27	2	0.294118
2	25	14	0	0
3	162	62	22	4.69121
4	417	15	0	0
11	26	19	1	0
12	105	65	17	6.29223
13	10	15	0	0
14	16	42	6	0.659283
Instant	119
1	580	29	2	0
2	39	16	0	0
3	150	62	17	4.98768
4	435	15	0	0
11	26	18	1	0
12	108	61	14	8.40993
13	10	15	0	0
14	17	45	6	0.696309
