	T	D	J	LP
Instant	0
1	0	0	0	0
2	0	0	0	0
3	0	0	0	0
4	0	0	0	0
11	0	0	0	0
12	0	0	0	0
13	0	0	0	0
14	0	0	0	0
Instant	1
1	329	30	3	0
2	6	16	0	0
3	90	47	10	0.846614
4	173	16	0	0
11	14	18	0	0
12	74	67	13	3.90417
13	4	15	0	0
14	5	42	8	0.180288
Instant	2
1	1669	27	3	0.286738
2	38	17	0	0
3	160	61	17	6.26253
4	1006	18	0	0
11	71	19	0	0
12	127	61	19	7.37288
13	13	15	0	0
14	40	43	4	0.422987
Instant	3
1	1521	28	2	0.266362
2	34	18	0	0
3	197	58	15	3.84425
4	834	17	0	0
11	68	19	0	0
12	105	69	19	6.75551
13	12	15	0	0
14	32	43	5	0.708627
Instant	4
1	1160	29	3	0.275275
2	27	15	0	0
3	192	62	16	3.9405
4	774	16	0	0
11	52	20	0	0
12	95	69	15	2.49155
13	12	15	0	0
14	30	44	5	0.625
Instant	5
1	916	28	2	0.832306
2	22	17	0	0
3	226	53	15	3.3237
4	782	16	0	0
11	41	19	1	0
12	97	66	12	2.34375
13	12	15	0	0
14	32	45	5	0.31485
Instant	6
1	923	30	2	0.224936
2	20	17	0	0
3	207	58	16	3.51643
4	744	16	0	0
11	39	19	1	0
12	73	57	12	1.24081
13	12	15	0	0
14	31	42	6	0.304878
Instant	7
1	885	29	2	0.420984
2	15	16	0	0
3	203	57	19	3.76238
4	724	16	0	0
11	39	18	0	0
12	91	53	13	1.1402
13	12	15	0	0
14	28	41	6	0.409587
Instant	8
1	863	29	2	0.730412
2	21	17	0	0
3	166	56	17	4.59184
4	694	16	0	0
11	39	19	1	0
12	90	68	13	9.05331
13	11	15	0	0
14	29	41	5	0.343697
Instant	9
1	748	27	2	1.2519
2	29	16	0	0
3	216	54	15	3.69482
4	595	16	0	0
11	33	18	0	0
12	99	62	14	12.0404
13	12	15	0	0
14	23	41	6	0.473671
Instant	10
1	789	28	2	0.109329
2	28	17	0	0
3	206	55	17	3.80747
4	547	16	0	0
11	35	19	1	0
12	73	53	24	13.0912
13	13	15	0	0
14	21	43	6	0.542024
Instant	11
1	737	29	3	0
2	16	15	0	0
3	211	56	16	3.53916
4	511	15	0	0
11	32	18	0	0
12	100	59	18	3.86029
13	12	15	0	0
14	20	44	6	0.337256
Instant	12
1	562	29	3	0.756048
2	16	14	0	0
3	199	52	13	3.97614
4	493	15	0	0
11	25	20	1	0
12	96	68	18	8.04228
13	12	15	0	0
14	19	43	8	0.572235
Instant	13
1	585	28	2	0.92955
2	33	15	0	0
3	195	57	18	4.23307
4	535	15	0	0
11	26	20	1	0
12	99	63	20	3.23661
13	12	15	0	0
14	22	43	6	0.32967
Instant	14
1	658	25	1	0.269784
2	27	16	0	0
3	207	60	16	3.83267
4	524	15	0	0
11	28	20	1	0
12	93	73	15	3.5386
13	12	15	0	0
14	21	44	6	0.391937
Instant	15
1	645	27	2	0.0457875
2	33	16	0	0
3	226	59	17	2.99708
4	496	16	0	0
11	28	20	1	0
12	83	65	20	2.84926
13	12	15	0	0
14	20	42	6	0.412736
Instant	16
1	575	27	2	0.298805
2	19	15	0	0
3	218	54	15	3.78072
4	496	15	0	0
11	25	19	1	0
12	75	62	19	1.30912
13	13	15	0	0
14	19	42	5	0.560803
Instant	17
1	536	28	2	0.631579
2	27	15	0	0
3	219	60	16	3.57477
4	560	15	0	0
11	24	18	0	0
12	92	68	15	4.22794
13	13	15	0	0
14	22	42	6	0.418848
Instant	18
1	502	28	3	0.671141
2	29	14	0	0
3	209	58	14	3.85375
4	543	16	0	0
11	22	18	0	0
12	96	61	15	22.6562
13	12	15	0	0
14	21	41	6	0.411717
Instant	19
1	612	26	1	0.0490196
2	14	16	0	0
3	183	60	16	3.98707
4	487	16	0	0
11	26	20	1	0
12	87	59	18	2.61824
13	11	15	0	0
14	20	42	6	0.526474
Instant	20
1	544	29	2	0.31185
2	14	14	0	0
3	206	59	18	3.3543
4	512	15	0	0
11	24	19	1	0
12	99	59	17	1.83824
13	11	15	0	0
14	20	41	6	0.400458
Instant	21
1	512	28	3	1.12867
2	13	16	0	0
3	221	60	16	3.075
4	487	15	0	0
11	22	19	1	0.330396
12	110	67	14	27.9412
13	12	15	0	0
14	19	42	6	0.49639
Instant	22
1	583	29	2	0.0496032
2	22	15	0	0
3	186	57	13	4.12088
4	552	15	0	0
11	25	19	0	0
12	110	68	19	4.22297
13	11	15	0	0
14	21	40	5	0.511424
Instant	23
1	581	28	2	0.150602
2	37	14	0	0
3	202	54	14	3.31992
4	537	15	0	0
11	25	19	0	0
12	96	63	18	5.14706
13	12	15	0	0
14	21	45	7	0.327869
Instant	24
1	583	28	1	0.0502008
2	20	14	0	0
3	188	57	18	3.89644
4	508	15	0	0
11	25	20	1	0
12	95	65	17	5.33088
13	11	15	0	0
14	21	46	6	0.374424
Instant	25
1	571	28	2	0.301205
2	37	16	0	0
3	193	57	17	4.41649
4	499	15	0	0
11	25	19	1	0
12	96	60	15	4.38988
13	11	15	0	0
14	19	44	7	0.447477
Instant	26
1	590	27	1	0.0496032
2	35	17	0	0
3	222	53	16	2.86561
4	489	15	0	0
11	25	20	1	0
12	93	69	13	16.682
13	12	15	0	0
14	19	43	6	0.420168
Instant	27
1	567	28	1	0.314465
2	17	15	1	0
3	217	57	16	3.25875
4	488	15	0	0
11	24	20	1	0
12	111	67	16	5.37684
13	12	15	0	0
14	19	42	6	0.533353
Instant	28
1	555	30	2	0.315789
2	29	14	0	0
3	213	58	15	3.50302
4	493	15	0	0
11	24	19	1	0
12	85	66	14	5.90278
13	12	15	0	0
14	19	42	5	0.468193
Instant	29
1	556	29	2	0.627615
2	15	16	0	0
3	228	57	17	3.06467
4	484	15	0	0
11	24	18	0	0
12	90	60	22	4.04412
13	13	15	0	0
14	19	42	6	0.476695
Instant	30
1	531	30	2	0
2	25	16	0	0
3	188	59	17	3.96013
4	490	15	0	0
11	23	18	0	0
12	82	73	11	5.97426
13	11	15	0	0
14	19	44	8	0.299401
Instant	31
1	627	26	2	0
2	23	16	0	0
3	213	60	16	3.38115
4	478	15	0	0
11	27	19	1	0
12	94	55	24	3.71622
13	12	15	0	0
14	19	42	6	0.543146
Instant	32
1	569	28	1	0.308008
2	22	15	0	0
3	212	59	18	3.11255
4	509	15	0	0
11	24	18	0	0
12	110	71	16	3.35478
13	12	15	0	0
14	19	41	5	0.511233
Instant	33
1	534	27	2	0.381264
2	19	15	0	0
3	207	56	16	3.81737
4	479	15	0	0
11	23	18	0	0
12	70	52	25	4.54963
13	12	15	0	0
14	19	44	7	0.572344
Instant	34
1	551	29	2	0.0517598
2	27	16	0	0
3	233	60	18	2.95238
4	523	16	0	0
11	24	19	1	0
12	79	61	17	2.78716
13	13	15	0	0
14	22	41	5	0.20411
Instant	35
1	606	27	1	0.290698
2	47	14	0	0
3	201	55	19	3.87674
4	457	15	0	0
11	26	19	0	0
12	88	63	19	11.9945
13	12	15	0	0
14	17	44	6	0.671355
Instant	36
1	535	27	1	0.634249
2	24	16	0	0
3	218	56	18	3.39567
4	485	15	0	0
11	24	19	1	0
12	92	60	15	3.95221
13	12	15	0	0
14	19	43	6	0.35563
Instant	37
1	565	30	2	0
2	30	15	0	0
3	222	55	16	3.31094
4	495	15	0	0
11	23	19	0	0.311203
12	102	61	16	2.79018
13	12	15	0	0
14	20	40	5	0.488166
Instant	38
1	549	30	2	0.316456
2	27	16	0	0
3	213	59	17	3.32311
4	441	15	0	0
11	24	19	0	0
12	115	61	20	3.26287
13	12	15	0	0
14	17	43	7	0.547082
Instant	39
1	557	27	1	0.31185
2	21	15	0	0
3	229	54	17	3.10168
4	482	15	0	0
11	24	20	2	0
12	93	61	16	13.4651
13	13	15	0	0
14	19	41	6	0.419207
Instant	40
1	597	27	2	0.292398
2	29	16	0	0
3	212	56	16	3.90947
4	465	15	0	0
11	26	18	0	0
12	102	58	16	3.71622
13	12	15	0	0
14	18	43	7	0.457125
Instant	41
1	585	29	2	0
2	24	16	0	0
3	201	58	19	3.46116
4	448	15	0	0
11	25	18	0	0
12	110	59	17	65.4412
13	12	15	0	0
14	17	42	6	0.670812
Instant	42
1	555	28	2	0.355691
2	30	16	0	0
3	220	60	15	3.44412
4	445	15	0	0
11	25	19	1	0
12	94	65	19	8.54779
13	13	15	0	0
14	18	45	6	0.485837
Instant	43
1	613	27	1	0
2	34	17	0	0
3	202	61	16	3.83023
4	452	15	0	0
11	26	19	1	0
12	102	63	19	7.93919
13	11	15	0	0
14	17	42	7	0.403747
Instant	44
1	549	28	2	0.463918
2	21	16	0	0
3	220	58	15	3.125
4	498	15	0	0
11	25	19	1	0
12	125	71	17	5.28493
13	12	15	0	0
14	20	42	6	0.337838
Instant	45
1	554	29	2	0.213675
2	20	17	0	0
3	184	59	15	4.02452
4	534	16	0	0
11	24	19	1	0
12	81	62	13	4.59559
13	11	15	0	0
14	21	43	6	0.302198
Instant	46
1	514	26	1	0.657895
2	18	18	1	0
3	198	61	15	3.64693
4	521	15	0	0
11	23	18	0	0
12	90	61	21	10.9375
13	11	15	0	0
14	21	41	6	0.344488
Instant	47
1	594	29	2	0
2	22	15	0	0
3	208	59	16	3.72288
4	421	16	0	0
11	25	18	0	0
12	120	65	16	5.56066
13	12	15	0	0
14	16	42	7	0.687674
Instant	48
1	536	28	3	0.700431
2	27	16	0	0
3	217	57	15	3.2598
4	443	15	0	0
11	23	18	0	0
12	98	61	22	7.44485
13	12	15	0	0
14	17	45	7	0.55317
Instant	49
1	581	29	2	0.299401
2	26	17	0	0
3	195	59	14	4.15789
4	454	15	0	0
11	25	18	0	0
12	108	67	14	4.7247
13	12	15	0	0
14	18	44	7	0.468952
Instant	50
1	535	27	1	0.373134
2	19	15	0	0
3	191	53	19	3.52909
4	463	15	0	0
11	24	19	1	0
12	99	63	13	5.79044
13	11	15	0	0
14	19	42	6	0.379267
Instant	51
1	606	28	1	0
2	19	15	0	0
3	223	58	16	3.26813
4	463	15	0	0
11	26	18	1	0
12	102	63	20	6.6636
13	13	15	0	0
14	18	42	7	0.379747
Instant	52
1	484	29	2	0.64554
2	29	16	0	0
3	210	59	15	3.44567
4	442	15	0	0
11	21	19	0	0
12	112	64	17	8.28993
13	12	15	0	0
14	17	41	7	0.478864
Instant	53
1	552	29	2	0.364583
2	19	15	0	0
3	210	60	17	3.42742
4	467	15	0	0
11	24	20	1	0
12	94	70	15	5.19301
13	12	15	0	0
14	18	43	6	0.393082
Instant	54
1	604	27	1	0.294118
2	30	16	0	0
3	214	55	15	3.45262
4	467	15	0	0
11	26	18	0	0
12	83	69	16	7.26103
13	12	15	0	0
14	19	42	7	0.398936
Instant	55
1	580	27	1	0
2	24	15	0	0
3	187	58	16	4.25589
4	495	15	0	0
11	25	20	1	0
12	110	68	17	6.08108
13	11	15	0	0
14	19	39	5	0.524527
Instant	56
1	561	28	2	0.298805
2	23	17	0	0
3	206	60	17	3.26195
4	490	16	0	0
11	25	20	1	0
12	125	64	15	7.62868
13	12	15	0	0
14	19	40	6	0.538922
Instant	57
1	618	27	1	0.291829
2	40	18	0	0
3	211	58	17	3.67357
4	473	15	0	0
11	26	19	1	0
12	120	61	22	56.5717
13	12	15	0	0
14	18	40	5	0.518897
Instant	58
1	589	28	1	0
2	30	17	0	0
3	205	55	18	3.61979
4	499	15	0	0
11	25	19	0	0
12	108	71	18	8.86824
13	11	15	0	0
14	20	44	6	0.330882
Instant	59
1	606	28	1	0
2	22	16	0	0
3	216	57	17	2.87298
4	478	15	0	0
11	26	18	0	0
12	99	63	21	3.95221
13	12	15	0	0
14	19	44	6	0.467218
Instant	60
1	585	28	2	0
2	17	15	0	0
3	215	58	13	3.61111
4	466	15	0	0
11	26	20	1	0
12	136	64	18	12.2243
13	12	15	0	0
14	18	41	6	0.495907
Instant	61
1	623	27	1	0.0480769
2	18	16	1	0
3	211	57	17	3.3284
4	486	15	0	0
11	26	19	1	0
12	119	67	17	4.05506
13	12	15	0	0
14	19	43	6	0.498188
Instant	62
1	513	28	2	0.722222
2	32	16	0	0
3	200	56	16	3.56394
4	468	15	0	0
11	23	18	1	0
12	101	65	15	7.26103
13	11	15	0	0
14	18	45	6	0.44587
Instant	63
1	602	28	1	0
2	28	15	0	0
3	205	57	16	3.7169
4	477	15	0	0
11	26	19	1	0
12	119	64	16	5.19301
13	12	15	0	0
14	19	42	6	0.361316
Instant	64
1	578	28	2	0
2	29	15	0	0
3	201	57	17	3.72942
4	444	15	0	0
11	25	20	1	0
12	98	58	20	3.67399
13	12	15	0	0
14	17	44	6	0.437005
Instant	65
1	527	29	2	0.326087
2	32	16	0	0
3	205	59	15	3.22663
4	480	15	0	0
11	23	19	1	0
12	81	62	20	2.80331
13	12	15	0	0
14	18	43	6	0.534841
Instant	66
1	571	28	1	0
2	27	17	0	0
3	231	55	15	3.125
4	456	15	0	0
11	25	19	1	0
12	72	63	18	1.51654
13	12	15	0	0
14	18	45	6	0.433805
Instant	67
1	568	27	1	0.295276
2	41	16	0	0
3	189	54	19	3.89979
4	430	15	0	0
11	25	20	1	0
12	101	65	8	7.64358
13	12	15	0	0
14	16	44	7	0.621594
Instant	68
1	606	28	1	0.301205
2	28	16	0	0
3	196	57	14	3.62124
4	462	15	0	0
11	25	19	1	0
12	107	59	17	3.66211
13	11	15	0	0
14	18	44	7	0.403992
Instant	69
1	546	31	2	0
2	23	15	0	0
3	176	56	15	3.97982
4	467	15	0	0
11	24	18	1	0
12	90	60	17	3.63051
13	11	15	0	0
14	18	44	6	0.376884
Instant	70
1	554	29	2	0.687104
2	38	15	0	0
3	207	58	16	3.38809
4	477	15	0	0
11	24	19	1	0
12	90	64	16	14.4848
13	12	15	0	0
14	19	43	7	0.528493
Instant	71
1	620	27	1	0
2	22	15	0	0
3	220	57	15	3.42262
4	498	15	0	0
11	27	18	0	0
12	103	59	16	3.76838
13	12	15	0	0
14	19	44	6	0.391086
Instant	72
1	556	26	1	0.369979
2	15	17	0	0
3	192	58	17	3.61702
4	464	15	0	0
11	24	18	0	0
12	109	64	16	3.2197
13	11	15	0	0
14	19	43	6	0.457125
Instant	73
1	532	27	1	0.317125
2	30	15	0	0
3	206	55	15	3.54291
4	476	15	0	0
11	24	19	1	0
12	96	65	15	7.73628
13	12	15	0	0
14	18	44	6	0.323276
Instant	74
1	598	27	1	0.0496032
2	35	16	0	0
3	214	61	15	3.65854
4	440	15	0	0
11	25	21	1	0
12	95	65	13	3.67647
13	12	15	0	0
14	17	43	7	0.589309
Instant	75
1	589	28	2	0
2	28	15	0	0
3	198	55	16	3.27079
4	489	15	0	0
11	25	20	1	0
12	100	71	16	26.3258
13	12	15	0	0
14	18	40	6	0.607743
Instant	76
1	549	27	2	0.510204
2	24	15	0	0
3	218	57	17	3.39782
4	524	15	0	0
11	25	20	1	0
12	111	67	14	5.85938
13	12	15	0	0
14	21	40	6	0.362723
Instant	77
1	542	28	1	0.320513
2	33	15	0	0
3	214	59	19	3.45799
4	491	15	0	0
11	23	19	0	0
12	109	66	14	8.1543
13	12	15	0	0
14	19	44	6	0.425627
Instant	78
1	619	27	1	0
2	22	16	0	0
3	238	54	12	2.91128
4	456	15	0	0
11	27	18	0	0
12	113	60	20	5.61523
13	13	15	0	0
14	18	41	6	0.520166
Instant	79
1	634	25	1	0
2	20	16	0	0
3	204	59	18	3.61842
4	445	15	0	0
11	27	19	1	0
12	98	62	16	5.1098
13	12	15	0	0
14	17	44	6	0.452899
Instant	80
1	562	26	1	0.304878
2	23	17	0	0
3	213	54	18	3.55711
4	456	15	0	0
11	25	19	0	0
12	109	64	17	4.45076
13	12	15	0	0
14	18	44	7	0.457317
Instant	81
1	607	27	1	0.280899
2	21	16	0	0
3	187	56	17	3.86842
4	478	15	0	0
11	27	18	0	0
12	118	63	14	4.26136
13	12	15	0	0
14	19	44	7	0.276074
Instant	82
1	618	27	1	0.0491159
2	24	16	0	0
3	187	58	15	4.30108
4	473	15	0	0
11	26	18	0	0
12	90	59	27	37.6339
13	11	15	0	0
14	19	44	6	0.410471
Instant	83
1	600	27	1	0
2	29	17	0	0
3	190	58	15	3.72056
4	469	15	0	0
11	26	19	1	0
12	118	64	18	7.76515
13	11	15	0	0
14	19	42	6	0.445312
Instant	84
1	585	29	2	0
2	24	15	0	0
3	220	60	16	3.29072
4	494	15	0	0
11	24	20	1	0
12	126	64	23	14.8674
13	12	15	0	0
14	20	41	7	0.35545
Instant	85
1	572	26	2	0.400802
2	29	16	0	0
3	202	54	17	3.78392
4	449	15	0	0
11	25	20	1	0
12	119	58	20	3.92628
13	12	15	0	0
14	17	43	7	0.505215
Instant	86
1	612	28	1	0
2	14	15	0	0
3	210	57	15	3.45262
4	471	15	0	0
11	27	18	0	0
12	123	67	16	2.98713
13	12	15	0	0
14	18	43	6	0.553304
Instant	87
1	561	26	1	0.362319
2	40	17	0	0
3	219	55	16	2.92079
4	453	15	0	0
11	24	19	0	0
12	85	79	19	6.84743
13	12	15	0	0
14	17	44	6	0.483247
Instant	88
1	540	29	1	0.324675
2	15	17	0	0
3	150	58	17	5.58036
4	465	15	0	0
11	23	19	1	0
12	95	72	14	6.16554
13	11	15	0	0
14	18	39	6	0.566751
Instant	89
1	592	27	1	0
2	29	16	0	0
3	204	50	15	3.60041
4	466	15	0	0
11	24	20	1	0
12	80	61	21	5.33088
13	12	15	0	0
14	18	39	6	0.496532
Instant	90
1	593	29	2	0
2	34	15	0	0
3	209	58	15	3.87081
4	444	15	0	0
11	26	18	0	0
12	80	61	13	1.46484
13	12	15	0	0
14	17	43	7	0.64314
Instant	91
1	606	27	1	0
2	26	16	0	0
3	195	56	16	3.66424
4	437	15	0	0
11	26	19	1	0
12	91	63	17	9.03716
13	12	15	0	0
14	16	43	7	0.543842
Instant	92
1	592	28	2	0
2	29	17	0	0
3	233	55	14	2.97965
4	457	15	0	0
11	25	19	1	0
12	116	66	20	4.64015
13	12	15	0	0
14	18	41	6	0.296855
Instant	93
1	563	28	2	0.460123
2	24	16	0	0
3	194	53	16	3.6373
4	446	15	0	0
11	25	19	0	0
12	86	61	24	3.69318
13	12	15	0	0
14	17	44	6	0.574901
Instant	94
1	602	27	2	0.0492126
2	28	15	0	0
3	216	59	15	3.41376
4	459	15	0	0
11	26	19	0	0
12	90	65	12	3.84291
13	12	15	0	0
14	18	42	6	0.439578
Instant	95
1	606	27	1	0
2	19	17	1	0
3	230	58	16	2.99807
4	451	15	0	0
11	25	20	1	0
12	108	57	14	1.70037
13	13	15	0	0
14	17	43	6	0.470779
Instant	96
1	599	27	1	0
2	22	17	0	0
3	225	56	17	3.2598
4	444	15	0	0
11	26	19	0	0
12	88	72	18	21.3235
13	12	15	0	0
14	17	42	6	0.477602
Instant	97
1	583	29	2	0.050813
2	12	16	0	0
3	206	54	15	3.64583
4	425	15	0	0
11	25	19	1	0
12	101	63	17	9.48933
13	12	15	0	0
14	16	42	7	0.594828
Instant	98
1	627	25	1	0
2	21	14	0	0
3	207	59	15	3.46806
4	485	15	0	0
11	27	18	0	0
12	102	62	20	5.00919
13	12	15	0	0
14	19	41	7	0.33293
Instant	99
1	613	25	1	0
2	19	16	0	0
3	201	60	15	3.71901
4	470	15	0	0
11	27	20	1	0
12	92	60	18	4.36581
13	12	15	0	0
14	18	42	6	0.473602
Instant	100
1	558	28	2	0.31185
2	15	16	0	0
3	220	57	17	3.24803
4	484	15	0	0
11	24	19	0	0
12	105	64	18	7.09459
13	12	15	0	0
14	19	40	6	0.325363
Instant	101
1	625	26	1	0
2	37	16	0	0
3	206	60	16	3.83301
4	455	15	0	0
11	26	18	0	0
12	104	69	17	4.22794
13	12	15	0	0
14	17	43	6	0.642673
Instant	102
1	572	29	2	0
2	36	17	0	0
3	211	54	17	3.62103
4	470	15	0	0
11	25	19	1	0
12	101	65	21	5.42279
13	12	15	0	0
14	18	42	6	0.374532
Instant	103
1	605	28	2	0
2	31	16	0	0
3	219	57	16	3.37106
4	470	15	0	0
11	25	19	1	0
12	73	57	14	3.46284
13	12	15	0	0
14	19	44	7	0.443649
Instant	104
1	596	27	2	0
2	43	15	0	0
3	219	56	16	3.41356
4	460	15	0	0
11	25	20	1	0
12	92	67	15	5.19301
13	12	15	0	0
14	18	44	6	0.35828
Instant	105
1	606	28	1	0
2	27	15	0	0
3	197	56	14	3.74738
4	440	15	0	0
11	26	18	0	0
12	103	70	14	3.58456
13	11	15	0	0
14	17	41	6	0.55
Instant	106
1	613	27	2	0
2	25	16	0	0
3	207	57	16	3.81944
4	434	15	0	0
11	26	19	1	0
12	83	56	21	2.49155
13	12	15	0	0
14	16	43	7	0.539811
Instant	107
1	571	29	2	0
2	25	17	0	0
3	213	55	16	3.26195
4	462	15	0	0
11	25	19	0	0
12	83	56	13	2.66544
13	12	15	0	0
14	18	42	7	0.460025
Instant	108
1	599	28	1	0
2	18	15	0	0
3	187	59	20	4.04713
4	476	15	0	0
11	25	19	1	0
12	96	66	16	25.3217
13	12	15	0	0
14	19	44	7	0.470679
Instant	109
1	559	28	2	0.659229
2	22	17	0	0
3	178	61	16	4.24009
4	475	15	0	0
11	25	19	1	0
12	98	54	18	2.97619
13	11	15	0	0
14	18	40	6	0.401731
Instant	110
1	711	28	2	0.0411862
2	25	17	0	0
3	222	55	15	3.2598
4	464	15	0	0
11	31	20	1	0
12	106	72	24	16.8457
13	12	15	0	0
14	18	41	6	0.632111
Instant	111
1	588	31	2	0
2	29	17	1	0
3	215	53	17	3.58546
4	444	15	0	0
11	25	19	1	0
12	76	64	13	1.28676
13	12	15	0	0
14	17	41	7	0.518092
Instant	112
1	592	28	1	0
2	26	17	0	0
3	218	55	16	3.22266
4	475	15	0	0
11	25	20	1	0
12	85	52	23	4.2652
13	12	15	0	0
14	18	40	6	0.463535
Instant	113
1	578	29	1	0
2	32	16	0	0
3	209	54	16	3.13136
4	445	15	0	0
11	25	18	0	0
12	96	60	13	7.07721
13	12	15	0	0
14	17	40	6	0.568182
Instant	114
1	620	26	1	0
2	29	16	0	0
3	233	51	18	3.35603
4	413	15	0	0
11	26	19	0	0
12	93	62	18	16.3603
13	13	15	0	0
14	16	46	6	0.716054
Instant	115
1	613	26	1	0
2	31	16	0	0
3	196	56	18	3.59694
4	466	15	0	0
11	26	20	1	0
12	94	56	17	50.1689
13	12	15	0	0
14	18	44	6	0.377834
Instant	116
1	573	26	1	0.349301
2	30	17	0	0
3	224	56	16	3.671
4	455	15	0	0
11	25	19	1	0
12	93	62	18	5.56066
13	13	15	0	0
14	18	39	5	0.46534
Instant	117
1	614	27	1	0
2	29	17	0	0
3	196	55	16	4.06442
4	458	15	0	0
11	26	19	0	0
12	97	64	13	3.86029
13	12	15	0	0
14	18	41	6	0.472756
Instant	118
1	578	29	2	0
2	32	16	0	0
3	198	53	15	3.55996
4	478	15	0	0
11	25	19	0	0
12	93	70	14	13.6402
13	11	15	0	0
14	19	42	6	0.427873
Instant	119
1	606	27	1	0
2	28	16	0	0
3	211	58	17	3.42262
4	466	15	0	0
11	26	18	0	0
12	76	55	16	3.40074
13	12	15	0	0
14	19	44	7	0.283019
