	T	D	J	LP
Instant	0
1	0	0	0	0
2	0	0	0	0
3	0	0	0	0
4	0	0	0	0
11	0	0	0	0
12	0	0	0	0
13	0	0	0	0
14	0	0	0	0
Instant	1
1	329	30	3	0
2	17	15	0	0
3	70	50	14	0.735294
4	175	16	0	0
11	14	18	0	0
12	66	69	11	3.53261
13	3	15	0	0
14	5	43	11	0.157233
Instant	2
1	1834	27	2	0
2	19	16	0	0
3	218	61	20	4.07869
4	807	17	0	0
11	77	19	0	0
12	119	67	17	7.99632
13	13	15	0	0
14	32	44	4	0.540909
Instant	3
1	1389	29	2	0.392887
2	26	16	0	0
3	240	58	14	2.92793
4	750	16	0	0
11	63	19	0	0
12	119	68	17	4.6875
13	13	15	0	0
14	29	44	5	0.498826
Instant	4
1	1086	29	2	0.13369
2	26	16	0	0
3	224	57	18	3.39806
4	657	16	0	0
11	49	19	0	0
12	89	66	18	4.34966
13	12	15	0	0
14	25	42	5	0.641741
Instant	5
1	815	29	2	0
2	28	16	0	0
3	240	57	15	3.19444
4	626	16	0	0
11	35	19	0	0
12	125	60	18	2.89522
13	13	15	0	0
14	25	44	6	0.46318
Instant	6
1	778	28	3	0.223547
2	31	16	0	0
3	225	59	16	3.43277
4	668	16	0	0
11	35	19	0	0
12	96	67	20	4.13603
13	13	15	0	0
14	26	43	6	0.45385
Instant	7
1	729	28	2	0
2	17	16	0	0
3	226	60	16	3.5386
4	640	16	0	0
11	31	20	0	0
12	101	64	22	10.0929
13	13	15	0	0
14	25	44	6	0.556193
Instant	8
1	800	28	2	0
2	28	17	0	0
3	226	53	15	3.15399
4	597	15	0	0
11	34	19	0	0
12	130	59	17	13.511
13	13	15	0	0
14	24	44	6	0.449065
Instant	9
1	900	26	3	0.191083
2	22	15	0	0
3	230	58	16	3.61217
4	519	16	0	0
11	40	19	0	0
12	139	67	14	16.1305
13	13	15	0	0
14	20	42	6	0.632733
Instant	10
1	910	29	2	0
2	17	16	0	0
3	216	53	14	3.60577
4	502	15	0	0
11	38	18	0	0
12	118	71	18	5.48986
13	13	15	0	0
14	20	45	7	0.539044
Instant	11
1	836	28	2	0
2	30	16	0	0
3	244	58	17	2.66698
4	609	15	0	0
11	37	19	1	0
12	130	60	16	6.98529
13	13	15	0	0
14	24	39	6	0.392133
Instant	12
1	695	30	2	0.0854701
2	23	17	0	0
3	219	58	16	3.45168
4	622	15	0	0
11	30	18	0	0
12	116	63	20	4.36581
13	12	15	0	0
14	24	41	5	0.482126
Instant	13
1	706	28	2	0
2	14	15	0	0
3	236	53	16	3.53261
4	538	15	0	0
11	31	18	0	0
12	125	63	19	8.48214
13	14	15	0	0
14	21	42	6	0.516866
Instant	14
1	644	27	2	0.705467
2	21	15	0	0
3	235	62	17	3.20946
4	547	15	0	0
11	28	19	0	0
12	133	65	20	8.68566
13	13	15	0	0
14	21	43	6	0.416219
Instant	15
1	780	28	2	0.299401
2	38	16	0	0
3	234	53	14	3.10236
4	496	15	0	0
11	34	17	0	0
12	116	69	11	3.40074
13	13	15	0	0
14	19	44	7	0.464328
Instant	16
1	669	29	2	0.302245
2	26	16	0	0
3	243	55	14	3.08004
4	476	15	0	0
11	29	19	0	0
12	104	56	14	8.15034
13	13	15	0	0
14	18	43	6	0.661132
Instant	17
1	672	29	1	0
2	28	15	0	0
3	252	58	15	3.16372
4	474	15	0	0
11	29	19	0	0
12	106	64	15	8.13419
13	14	15	0	0
14	18	45	5	0.555556
Instant	18
1	701	28	2	0
2	27	15	0	0
3	233	59	16	3.34539
4	463	15	0	0
11	31	19	1	0
12	89	64	25	4.91728
13	14	15	0	0
14	17	44	8	0.640823
Instant	19
1	734	29	2	0
2	24	17	0	0
3	235	60	15	3.2967
4	453	15	0	0
11	31	18	0	0
12	109	69	14	4.89865
13	13	15	0	0
14	17	44	8	0.716817
Instant	20
1	673	28	2	0.255973
2	22	15	0	0
3	261	56	15	2.59392
4	476	15	0	0
11	29	19	0	0
12	87	61	21	5.79044
13	14	15	0	0
14	18	45	6	0.54784
Instant	21
1	728	29	2	0.446429
2	16	16	0	0
3	219	56	20	3.5
4	465	15	0	0
11	31	20	0	0
12	94	62	24	10.386
13	13	15	0	0
14	18	42	8	0.550314
Instant	22
1	815	27	1	0
2	23	17	0	0
3	237	55	17	3.21429
4	459	15	0	0
11	36	18	0	0
12	117	66	19	19.8057
13	14	15	0	0
14	17	42	6	0.574713
Instant	23
1	752	28	2	0.309598
2	28	16	0	0
3	262	55	15	2.87253
4	450	15	0	0
11	33	19	1	0
12	104	64	19	6.6636
13	13	15	0	0
14	17	45	6	0.642904
Instant	24
1	606	28	2	0.717017
2	23	16	0	0
3	229	63	16	3.13098
4	475	15	0	0
11	27	19	0	0
12	115	65	19	7.99632
13	13	15	0	0
14	18	44	7	0.486712
Instant	25
1	623	28	1	0.0462963
2	34	15	0	0
3	253	57	17	2.75463
4	477	15	0	0
11	27	19	0	0
12	120	66	17	7.44048
13	13	15	0	0
14	19	43	6	0.506135
Instant	26
1	618	28	1	0.281955
2	35	17	0	0
3	249	56	16	2.50473
4	481	15	0	0
11	27	18	0	0
12	115	64	22	5.79044
13	13	15	0	0
14	18	45	5	0.541819
Instant	27
1	602	27	2	0.285714
2	45	17	0	0
3	211	53	18	3.71169
4	448	15	0	0
11	26	18	0	0
12	116	68	19	6.47978
13	13	15	0	0
14	17	42	7	0.734334
Instant	28
1	655	27	1	0
2	28	16	0	0
3	233	59	15	2.80952
4	454	15	0	0
11	27	19	0	0
12	88	65	23	6.25
13	13	15	0	0
14	17	43	7	0.57332
Instant	29
1	678	27	2	0.0432526
2	39	16	0	0
3	212	56	14	3.74514
4	478	15	0	0
11	29	18	0	0
12	124	69	16	4.50368
13	12	15	0	0
14	19	43	6	0.528493
Instant	30
1	637	30	2	0
2	23	16	0	0
3	223	55	16	3.45168
4	465	15	0	0
11	28	18	0	0
12	86	57	16	3.44669
13	12	15	0	0
14	18	43	7	0.552399
Instant	31
1	629	28	2	0.282486
2	20	17	0	0
3	235	59	16	2.57561
4	447	15	0	0
11	27	19	0	0
12	92	65	16	5.74324
13	13	15	0	0
14	16	44	7	0.761796
Instant	32
1	652	27	2	0.130435
2	21	15	0	0
3	210	54	18	3.96943
4	460	15	0	0
11	29	19	0	0
12	98	70	19	18.2445
13	12	15	0	0
14	18	47	7	0.52682
Instant	33
1	612	28	2	0.584795
2	26	16	0	0
3	228	57	15	3.125
4	463	15	0	0
11	26	18	0	0
12	102	70	16	6.6636
13	13	15	0	0
14	18	43	7	0.51359
Instant	34
1	626	29	2	0
2	37	17	0	0
3	250	60	16	2.95074
4	472	15	0	0
11	27	19	0	0
12	101	69	20	6.41892
13	13	15	0	0
14	18	45	7	0.612593
Instant	35
1	644	28	1	0
2	29	17	0	0
3	236	58	15	2.98713
4	457	15	0	0
11	28	19	0	0
12	135	55	14	18.1526
13	13	15	0	0
14	18	47	7	0.441271
Instant	36
1	629	27	1	0.279851
2	21	16	0	0
3	246	60	15	2.77778
4	476	15	0	0
11	27	19	0	0
12	112	63	19	6.57169
13	13	15	0	0
14	18	43	6	0.486111
Instant	37
1	627	28	2	0.284091
2	27	16	0	0
3	214	59	15	3.92644
4	480	15	0	0
11	27	19	0	0
12	118	64	20	3.31101
13	12	15	0	0
14	19	42	7	0.502436
Instant	38
1	662	27	2	0
2	34	15	0	0
3	241	56	18	3.06394
4	433	15	0	0
11	28	19	0	0
12	109	61	17	12.9136
13	14	15	0	0
14	16	48	7	0.609756
Instant	39
1	634	28	1	0
2	39	17	0	0
3	255	59	15	2.86922
4	415	15	0	0
11	27	19	0	0
12	144	62	17	6.06618
13	14	15	0	0
14	15	46	6	0.643512
Instant	40
1	663	27	2	0
2	28	17	0	0
3	237	60	13	2.92857
4	468	15	0	0
11	29	18	0	0
12	110	61	19	4.77196
13	13	15	0	0
14	18	44	6	0.618734
Instant	41
1	628	28	2	0
2	22	16	0	0
3	211	59	15	3.34507
4	461	15	0	0
11	27	20	1	0
12	94	70	17	11.6268
13	12	15	0	0
14	18	43	6	0.467957
Instant	42
1	625	30	1	0.27881
2	9	15	0	0
3	254	56	13	2.78029
4	435	15	0	0
11	27	18	0	0
12	82	73	11	7.26103
13	14	15	0	0
14	17	46	7	0.605653
Instant	43
1	640	28	2	0.134892
2	16	17	0	0
3	228	58	17	3.11905
4	449	15	0	0
11	28	19	0	0
12	99	58	20	4.30743
13	13	15	0	0
14	17	43	7	0.513364
Instant	44
1	625	27	1	0
2	10	16	0	0
3	226	52	16	3.07692
4	430	15	0	0
11	26	21	1	0
12	105	62	15	2.34375
13	13	15	0	0
14	17	45	7	0.543478
Instant	45
1	593	28	1	0
2	37	15	0	0
3	236	58	14	3.2197
4	437	15	0	0
11	25	18	0	0
12	94	60	22	7.03125
13	13	15	0	0
14	17	43	7	0.551471
Instant	46
1	548	27	1	0.369198
2	42	15	0	0
3	222	57	18	3.51638
4	425	15	0	0
11	24	19	0	0
12	119	65	15	12.0777
13	12	15	0	0
14	16	44	6	0.662879
Instant	47
1	592	28	2	0
2	19	14	0	0
3	256	57	13	2.41863
4	418	15	0	0
11	25	19	1	0
12	107	59	23	7.62868
13	13	15	0	0
14	15	43	6	0.603992
Instant	48
1	574	28	2	0.3
2	35	15	0	0
3	210	55	14	3.46386
4	417	15	0	0
11	25	19	1	0
12	107	69	20	17.2794
13	12	15	0	0
14	16	48	7	0.647759
Instant	49
1	620	26	1	0
2	32	16	0	0
3	192	58	16	3.79512
4	433	15	0	0
11	26	19	1	0
12	97	72	14	8.07292
13	11	15	0	0
14	16	44	7	0.567412
Instant	50
1	589	28	2	0.0957854
2	30	17	0	0
3	213	56	15	3.27381
4	411	15	0	0
11	26	19	0	0
12	104	60	22	6.52574
13	12	15	0	0
14	15	44	7	0.737909
Instant	51
1	594	28	2	0
2	32	16	0	0
3	212	58	16	3.69718
4	409	15	0	0
11	25	18	0	0
12	124	67	15	8.2261
13	12	15	0	0
14	15	45	8	0.53802
Instant	52
1	592	28	2	0
2	37	16	0	0
3	221	59	14	2.92659
4	441	15	0	0
11	24	19	1	0
12	100	67	17	5.07812
13	12	15	0	0
14	16	42	5	0.653974
Instant	53
1	598	28	2	0.0478927
2	29	15	0	0
3	229	59	17	3.29457
4	400	15	0	0
11	26	19	0	0
12	103	70	16	9.51287
13	13	15	0	0
14	15	44	7	0.730994
Instant	54
1	585	30	1	0
2	20	14	0	0
3	252	58	16	2.51799
4	469	15	0	0
11	25	18	0	0
12	99	61	19	4.91728
13	13	15	0	0
14	18	44	7	0.506546
Instant	55
1	606	28	2	0
2	30	15	0	0
3	235	57	16	3.21828
4	441	15	0	0
11	26	18	0	0
12	90	66	19	9.20608
13	13	15	0	0
14	17	45	6	0.547082
Instant	56
1	516	29	2	0.550661
2	29	17	0	0
3	246	57	16	3.10823
4	444	15	0	0
11	23	19	1	0
12	109	57	18	2.02206
13	14	15	0	0
14	16	42	6	0.817371
Instant	57
1	601	27	1	0
2	23	16	0	0
3	227	54	15	2.97151
4	411	15	0	0
11	25	19	1	0
12	114	63	18	12.0864
13	12	15	0	0
14	15	46	6	0.713267
Instant	58
1	601	27	2	0
2	27	15	0	0
3	236	57	15	2.93834
4	436	15	0	0
11	25	19	1	0
12	98	68	19	9.33277
13	13	15	0	0
14	17	43	6	0.504711
Instant	59
1	585	27	1	0
2	31	16	0	0
3	187	59	16	4.23729
4	428	15	0	0
11	25	18	0	0
12	120	63	18	4.87132
13	11	15	0	0
14	16	43	6	0.717213
Instant	60
1	582	28	1	0.347222
2	47	15	0	0
3	218	54	17	3.21146
4	431	15	0	0
11	25	19	0	0
12	92	60	16	3.72243
13	12	15	0	0
14	16	45	6	0.559702
Instant	61
1	606	27	1	0.0490196
2	37	17	0	0
3	218	56	14	2.68405
4	453	15	0	0
11	26	18	0	0
12	95	62	19	2.97619
13	12	15	0	0
14	17	43	6	0.468346
Instant	62
1	585	29	2	0
2	25	16	0	0
3	221	54	16	3.58527
4	427	15	0	0
11	25	18	0	0
12	94	56	14	4.09007
13	13	15	0	0
14	16	45	6	0.766185
Instant	63
1	602	28	2	0.0486381
2	20	16	0	0
3	226	55	14	2.83757
4	445	15	0	0
11	26	18	0	0
12	102	64	14	2.15993
13	12	15	0	0
14	17	42	6	0.625
Instant	64
1	583	28	1	0.339147
2	35	15	0	0
3	215	56	17	3.40909
4	453	15	0	0
11	26	18	0	0
12	89	63	17	2.95608
13	12	15	0	0
14	17	41	6	0.564516
Instant	65
1	599	28	1	0
2	28	14	0	0
3	219	56	16	3.08151
4	450	15	0	0
11	25	19	1	0
12	98	61	25	11.9026
13	12	15	0	0
14	17	44	6	0.577048
Instant	66
1	596	27	2	0
2	24	16	0	0
3	220	57	18	2.94695
4	436	15	0	0
11	25	19	1	0
12	100	62	20	3.63051
13	12	15	0	0
14	16	44	6	0.595638
Instant	67
1	536	31	3	0.0531915
2	24	17	0	0
3	225	56	18	3.61969
4	466	15	0	0
11	24	20	1	0
12	99	52	17	1.64696
13	13	15	0	0
14	18	44	6	0.441362
Instant	68
1	564	29	1	0.617284
2	28	17	0	0
3	202	57	16	3.38384
4	436	15	0	0
11	24	19	0	0
12	95	59	14	2.58789
13	12	15	0	0
14	17	47	7	0.612416
Instant	69
1	591	28	2	0
2	14	15	0	0
3	208	54	16	4.07767
4	435	15	0	0
11	26	19	1	0
12	86	70	18	2.29779
13	12	15	0	0
14	16	45	6	0.620805
Instant	70
1	614	28	1	0
2	21	16	0	0
3	231	54	15	3.2045
4	417	15	0	0
11	26	18	0	0
12	80	66	22	2.87162
13	12	15	0	0
14	16	45	7	0.577731
Instant	71
1	618	26	2	0
2	30	16	0	0
3	234	57	14	2.77256
4	440	15	0	0
11	27	19	1	0
12	109	58	19	30.4688
13	13	15	0	0
14	17	44	6	0.674101
Instant	72
1	599	27	1	0
2	28	16	0	0
3	257	57	16	2.35405
4	410	15	0	0
11	26	19	1	0
12	101	66	20	5.35038
13	13	15	0	0
14	15	44	9	0.73896
Instant	73
1	582	28	2	0
2	24	16	0	0
3	237	59	16	2.93977
4	412	15	0	0
11	24	20	1	0
12	106	68	24	29.1159
13	13	15	0	0
14	16	45	6	0.514915
Instant	74
1	592	29	2	0
2	23	16	1	0
3	258	61	16	2.0872
4	406	15	0	0
11	25	18	0	0
12	120	67	12	4.87132
13	13	15	0	0
14	15	47	6	0.657421
Instant	75
1	627	26	1	0
2	29	16	0	0
3	224	54	15	3.43277
4	391	15	0	0
11	27	18	0	0
12	115	71	17	4.64015
13	13	15	0	0
14	14	45	8	0.88081
Instant	76
1	667	29	1	0
2	21	16	0	0
3	236	57	15	2.96175
4	423	15	0	0
11	29	18	0	0
12	115	63	24	24.6094
13	13	15	0	0
14	16	43	7	0.640582
Instant	77
1	710	26	2	0
2	21	17	0	0
3	215	59	17	3.53206
4	398	15	0	0
11	30	20	1	0
12	121	60	21	4.00391
13	12	15	0	0
14	14	45	7	0.791605
Instant	78
1	826	30	2	0
2	24	17	0	0
3	229	55	14	2.81621
4	396	15	0	0
11	36	19	1	0
12	118	63	22	12.3535
13	12	15	0	0
14	15	43	7	0.672935
Instant	79
1	750	26	1	0
2	27	16	0	0
3	232	58	15	3.31439
4	436	15	0	0
11	33	18	0	0
12	78	66	18	4.34966
13	13	15	0	0
14	16	44	6	0.704698
Instant	80
1	745	27	2	0
2	28	16	0	0
3	245	53	15	2.92505
4	437	15	0	0
11	32	18	0	0
12	119	62	19	13.0208
13	13	15	0	0
14	16	42	7	0.653485
Instant	81
1	699	28	2	0
2	29	17	0	0
3	220	55	17	3.14342
4	451	15	0	0
11	30	19	0	0
12	115	66	22	9.2803
13	12	15	0	0
14	17	41	7	0.625
Instant	82
1	607	27	2	0.845865
2	20	16	0	0
3	225	58	17	3.18487
4	425	15	0	0
11	27	18	0	0
12	111	59	21	4.01786
13	12	15	0	0
14	16	44	7	0.681035
Instant	83
1	557	28	2	0.357873
2	28	16	0	0
3	239	58	17	2.76718
4	414	15	0	0
11	25	19	0	0
12	103	61	18	12.4053
13	13	15	0	0
14	15	44	6	0.760255
Instant	84
1	508	28	2	0.852273
2	11	16	0	0
3	238	57	15	2.72556
4	442	15	0	0
11	22	19	1	0
12	109	61	29	4.82955
13	13	15	0	0
14	17	42	7	0.619221
Instant	85
1	620	27	1	0
2	25	16	0	0
3	225	57	17	3.64583
4	463	15	0	0
11	26	19	0	0
12	108	70	19	6.77083
13	13	15	0	0
14	18	46	7	0.522814
Instant	86
1	613	26	1	0
2	25	15	0	0
3	224	58	13	3.25671
4	471	15	0	0
11	27	19	0	0
12	108	64	19	6.38787
13	12	15	0	0
14	18	42	6	0.489739
Instant	87
1	544	30	2	0.482833
2	20	15	0	0
3	227	60	17	3.08252
4	463	15	0	0
11	23	19	1	0
12	60	70	21	4.96324
13	13	15	0	0
14	18	42	7	0.498418
Instant	88
1	594	27	2	0.291829
2	29	15	0	0
3	193	54	15	4.06118
4	440	15	0	0
11	26	19	0	0
12	87	60	14	3.42061
13	11	15	0	0
14	16	44	7	0.655711
Instant	89
1	608	28	2	0
2	22	16	0	0
3	218	59	18	2.97619
4	420	15	0	0
11	26	19	1	0
12	85	61	17	2.25184
13	12	15	0	0
14	16	44	7	0.714784
Instant	90
1	613	26	1	0
2	25	16	0	0
3	249	58	20	2.86697
4	441	15	0	0
11	26	19	1	0
12	85	67	16	8.05664
13	13	15	0	0
14	16	43	7	0.556848
Instant	91
1	613	26	1	0
2	18	15	0	0
3	243	58	15	2.70594
4	410	15	0	0
11	26	20	0	0
12	71	60	17	2.91385
13	13	15	0	0
14	15	45	7	0.803571
Instant	92
1	571	27	1	0.308642
2	21	17	0	0
3	246	55	15	2.70455
4	420	15	0	0
11	24	20	1	0
12	94	65	13	5.82386
13	13	15	0	0
14	16	46	7	0.461994
Instant	93
1	558	31	2	0
2	33	16	0	0
3	253	53	15	2.92035
4	417	15	0	0
11	25	19	1	0
12	107	61	18	1.51515
13	14	15	0	0
14	16	43	7	0.518636
Instant	94
1	564	28	2	0.316456
2	28	17	0	0
3	215	56	14	3.37702
4	418	15	0	0
11	23	19	1	0
12	96	58	15	1.9848
13	12	15	0	0
14	15	45	7	0.692496
Instant	95
1	610	26	1	0
2	23	17	0	0
3	241	57	17	2.78037
4	423	15	0	0
11	27	19	1	0
12	96	54	20	6.89338
13	13	15	0	0
14	16	42	6	0.604282
Instant	96
1	604	27	1	0
2	38	16	0	0
3	219	56	19	3.55368
4	405	15	0	0
11	25	19	0	0.291829
12	86	67	24	26.5625
13	12	15	0	0
14	14	44	7	0.795948
Instant	97
1	589	28	2	0.0503018
2	25	18	0	0
3	210	57	16	3.28431
4	414	15	0	0
11	25	19	1	0
12	81	68	18	4.83994
13	12	15	0	0
14	15	45	6	0.708215
Instant	98
1	557	26	1	0.31185
2	9	18	1	0
3	232	51	15	3.28825
4	423	15	0	0
11	24	19	1	0
12	104	64	25	3.72243
13	13	15	0	0
14	17	44	8	0.520111
Instant	99
1	606	26	1	0
2	22	17	0	0
3	254	55	15	2.89823
4	415	15	0	0
11	27	19	1	0
12	107	57	22	3.5386
13	14	15	0	0
14	15	39	6	0.562588
Instant	100
1	582	27	2	0
2	25	16	0	0
3	225	60	16	3.29457
4	422	15	0	0
11	25	20	1	0
12	100	64	20	3.80068
13	12	15	0	0
14	16	42	6	0.546875
Instant	101
1	597	28	1	0
2	36	16	0	0
3	221	60	15	3.6859
4	424	15	0	0
11	25	19	1	0
12	104	68	20	3.44669
13	13	15	0	0
14	16	44	7	0.560345
Instant	102
1	572	29	2	0
2	20	15	0	0
3	239	57	15	3.37963
4	416	15	0	0
11	25	19	1	0
12	106	63	17	3.86029
13	13	15	0	0
14	16	44	6	0.580169
Instant	103
1	605	28	2	0
2	29	16	0	0
3	269	54	15	2.40806
4	431	15	0	0
11	25	19	1	0
12	100	65	23	11.8666
13	14	15	0	0
14	16	43	7	0.518003
Instant	104
1	596	27	2	0
2	29	17	0	0
3	234	56	19	3.18998
4	410	15	0	0
11	25	20	1	0
12	108	59	18	3.63051
13	13	15	0	0
14	16	45	6	0.517118
Instant	105
1	606	28	1	0
2	23	16	0	0
3	245	54	15	2.75229
4	437	15	0	0
11	26	18	0	0
12	97	64	19	37.5
13	13	15	0	0
14	16	42	6	0.562836
Instant	106
1	592	27	1	0
2	23	16	0	0
3	236	56	16	3.05504
4	412	15	0	0
11	26	20	1	0
12	123	59	19	5.32095
13	13	15	0	0
14	16	44	7	0.674716
Instant	107
1	585	29	1	0
2	22	15	0	0
3	231	61	15	3.09454
4	432	15	0	0
11	25	19	0	0
12	95	68	21	6.80147
13	12	15	0	0
14	16	43	6	0.559702
Instant	108
1	592	29	2	0
2	34	17	0	0
3	235	57	18	3.08989
4	426	15	0	0
11	25	19	0	0
12	113	63	17	4.87132
13	13	15	0	0
14	16	45	7	0.53155
Instant	109
1	556	28	2	0.308642
2	22	17	0	0
3	223	53	13	2.95
4	409	15	0	0
11	24	19	0	0
12	100	65	17	4.05506
13	12	15	0	0
14	15	46	7	0.59907
Instant	110
1	606	26	1	0
2	22	17	0	0
3	247	53	16	2.8626
4	414	15	0	0
11	26	19	1	0
12	109	70	17	10.4004
13	13	15	0	0
14	16	43	7	0.636492
Instant	111
1	592	28	2	0
2	27	16	0	0
3	192	59	14	3.44737
4	410	15	0	0
11	25	19	1	0
12	116	63	18	5.92831
13	11	15	0	0
14	14	43	7	0.803571
Instant	112
1	605	27	2	0
2	19	15	0	0
3	224	55	17	2.8
4	388	15	0	0
11	26	19	1	0
12	123	67	17	5.99662
13	12	15	0	0
14	14	45	8	0.724774
Instant	113
1	613	27	2	0.0480769
2	38	16	0	0
3	268	56	14	2.51335
4	422	15	0	0
11	26	18	0	0
12	93	60	25	6.75551
13	14	15	0	0
14	16	43	7	0.583217
Instant	114
1	579	28	2	0
2	34	16	0	0
3	221	56	16	3.11303
4	411	15	0	0
11	24	20	2	0
12	106	69	23	52.2518
13	12	15	0	0
14	16	42	6	0.633024
Instant	115
1	585	27	1	0.0489237
2	21	15	1	0
3	221	60	18	3.42466
4	404	15	0	0
11	26	19	1	0
12	117	69	25	7.30574
13	12	15	0	0
14	15	43	6	0.586219
Instant	116
1	613	27	2	0
2	19	14	0	0
3	223	57	19	3.21497
4	402	15	0	0
11	26	18	0	0
12	112	67	15	7.21507
13	12	15	0	0
14	15	44	7	0.700509
Instant	117
1	599	27	1	0
2	14	14	0	0
3	227	54	15	3.38153
4	403	15	0	0
11	25	20	1	0
12	100	60	18	3.30882
13	13	15	0	0
14	15	42	7	0.7369
Instant	118
1	616	27	2	0.0486381
2	23	15	0	0
3	237	56	14	3.21429
4	400	15	0	0
11	26	19	1	0
12	92	64	17	3.80068
13	13	15	0	0
14	14	43	7	0.747085
Instant	119
1	599	27	1	0
2	17	16	0	0
3	231	54	14	2.90476
4	416	15	0	0
11	27	18	0	0
12	117	68	13	7.67463
13	13	15	0	0
14	16	42	7	0.731664
