	T	D	J	LP
Instant	0
1	0	0	0	0
2	0	0	0	0
3	0	0	0	0
4	0	0	0	0
11	0	0	0	0
12	0	0	0	0
13	0	0	0	0
14	0	0	0	0
Instant	1
1	329	30	3	0
2	19	14	0	0
3	76	49	10	0.657895
4	136	15	0	0
11	14	18	0	0
12	63	63	15	4.21196
13	3	15	0	0
14	4	48	10	0.248016
Instant	2
1	1597	28	2	0.618441
2	21	15	0	0
3	132	64	15	6.51685
4	861	17	0	0
11	69	19	0	0
12	118	71	19	7.16912
13	11	15	0	0
14	31	44	4	0.873381
Instant	3
1	1431	30	2	0.38214
2	16	15	0	0
3	173	60	18	4.34298
4	832	17	0	0
11	65	18	0	0
12	127	73	17	8.31802
13	11	15	0	0
14	32	42	4	0.726232
Instant	4
1	1056	29	3	0
2	27	18	0	0
3	191	62	15	3.98551
4	748	16	0	0
11	47	19	0	0
12	86	58	16	2.91385
13	11	15	0	0
14	30	46	5	0.583333
Instant	5
1	997	29	3	0
2	33	16	0	0
3	182	58	16	4.33839
4	616	16	0	0
11	43	20	1	0
12	108	61	18	5.19301
13	11	15	0	0
14	23	42	4	0.805105
Instant	6
1	821	31	3	0.243394
2	40	16	0	0
3	152	62	18	4.71698
4	503	15	0	0
11	37	19	0	0
12	103	59	17	8.40993
13	10	15	0	0
14	19	46	6	0.72759
Instant	7
1	809	29	2	0
2	13	16	0	0
3	202	60	16	3.45011
4	491	15	0	0
11	35	20	1	0
12	84	55	15	2.28041
13	11	15	0	0
14	18	42	6	0.582437
Instant	8
1	968	28	2	0
2	29	16	0	0
3	178	57	16	4.1849
4	452	15	0	0
11	41	18	0	0
12	113	61	19	13.6489
13	11	15	0	0
14	17	46	6	0.680052
Instant	9
1	798	30	2	0.183016
2	27	16	0	0
3	171	60	16	4.04243
4	406	15	0	0
11	35	19	1	0
12	84	59	17	3.95221
13	10	15	0	0
14	15	46	7	0.675432
Instant	10
1	855	26	3	0.0336474
2	20	15	0	0
3	173	61	19	4.01201
4	442	15	0	0
11	37	19	0	0
12	95	60	14	3.50507
13	11	15	0	0
14	17	43	6	0.569683
Instant	11
1	657	31	2	0.855856
2	35	14	0	0
3	184	63	16	4.21286
4	472	15	0	0
11	28	19	1	0
12	109	63	16	16.1305
13	11	15	0	0
14	18	44	6	0.622665
Instant	12
1	719	28	3	0
2	22	16	0	0
3	186	58	15	4.08058
4	444	15	0	0
11	31	19	0	0
12	88	65	23	20.1746
13	12	15	0	0
14	17	44	7	0.568931
Instant	13
1	621	26	2	0.763016
2	16	16	0	0
3	186	60	16	4.28341
4	482	15	0	0
11	28	18	0	0
12	78	67	15	3.42262
13	11	15	0	0
14	18	45	7	0.516403
Instant	14
1	650	28	2	0
2	24	16	0	0
3	178	61	18	3.85255
4	415	15	0	0
11	27	19	0	0
12	98	62	21	9.19118
13	11	15	0	0
14	15	41	6	0.921699
Instant	15
1	631	29	2	0.0459559
2	30	16	0	0
3	174	63	18	4.31319
4	410	15	0	0
11	27	19	1	0
12	95	66	15	4.09007
13	11	15	0	0
14	15	44	6	0.794643
Instant	16
1	618	27	2	0.185185
2	33	17	0	0
3	171	62	17	4.6286
4	412	15	0	0
11	27	19	1	0
12	112	63	19	9.67061
13	11	15	0	0
14	15	45	7	0.73896
Instant	17
1	605	29	3	0.392157
2	12	15	0	0
3	161	55	18	4.6371
4	446	15	0	0
11	25	19	0	0
12	94	65	14	4.50368
13	10	15	0	0
14	17	45	7	0.574147
Instant	18
1	637	29	2	0
2	25	15	0	0
3	191	57	17	3.49265
4	419	15	0	0
11	28	19	1	0
12	112	72	12	5.05515
13	11	15	0	0
14	15	46	8	0.725524
Instant	19
1	555	28	3	0.362319
2	33	14	0	0
3	179	60	13	4.5286
4	454	15	0	0
11	24	20	1	0
12	86	66	12	2.19595
13	11	15	0	0
14	18	45	7	0.404793
Instant	20
1	589	26	2	0.295276
2	20	14	0	0
3	177	59	16	4.5207
4	442	15	0	0
11	26	20	1	0
12	85	65	18	6.20404
13	11	15	0	0
14	16	46	7	0.636574
Instant	21
1	606	27	1	0
2	25	15	0	0
3	177	57	16	4.03397
4	421	15	0	0
11	26	19	1	0
12	106	65	14	33.6857
13	11	15	0	0
14	16	46	8	0.606796
Instant	22
1	575	27	2	0
2	28	15	0	0
3	171	55	16	4.80549
4	399	15	0	0
11	25	19	1	0
12	113	68	14	7.34797
13	11	15	0	0
14	14	45	7	0.865243
Instant	23
1	548	29	2	1.01713
2	43	16	0	0
3	161	66	16	4.01786
4	421	15	0	0
11	23	19	0	0
12	89	66	21	5.69853
13	10	15	0	0
14	16	44	7	0.523013
Instant	24
1	593	27	2	0
2	24	15	0	0
3	174	60	17	3.95928
4	441	15	0	0
11	26	19	1	0
12	92	65	19	4.04412
13	10	15	0	0
14	16	41	6	0.743065
Instant	25
1	606	29	1	0
2	31	16	0	0
3	175	60	16	4.24058
4	424	15	0	0
11	25	18	0	0
12	88	66	16	7.29167
13	11	15	0	0
14	16	45	6	0.796399
Instant	26
1	539	29	2	0
2	39	15	0	0
3	155	59	17	4.63948
4	444	15	0	0
11	22	19	2	0.326087
12	126	70	16	4.36581
13	10	15	0	0
14	17	44	6	0.494723
Instant	27
1	582	27	1	0.297619
2	21	15	0	0
3	187	58	16	3.83584
4	399	15	0	0
11	25	19	0	0
12	97	65	16	4.09007
13	11	15	0	0
14	14	45	6	0.749269
Instant	28
1	562	28	1	0.351406
2	33	17	0	0
3	194	62	17	3.8113
4	429	15	0	0
11	25	18	0	0
12	85	61	20	5.64236
13	11	15	0	0
14	16	42	6	0.675445
Instant	29
1	578	29	1	0
2	32	16	0	0
3	173	58	17	4.36111
4	398	15	0	0
11	24	20	1	0
12	94	69	20	17.0956
13	11	15	0	0
14	15	46	7	0.614905
Instant	30
1	582	29	2	0
2	12	16	0	0
3	168	57	15	4.46833
4	397	15	0	0
11	25	19	1	0
12	88	67	16	5.74449
13	10	15	0	0
14	14	45	7	0.7559
Instant	31
1	613	27	1	0
2	15	16	0	0
3	203	61	15	3.51721
4	434	15	0	0
11	27	18	0	0
12	77	56	15	3.04054
13	12	15	0	0
14	16	44	7	0.464527
Instant	32
1	592	29	2	0
2	35	16	0	0
3	183	61	16	4.21317
4	400	15	0	0
11	25	19	0	0
12	86	53	14	2.84926
13	11	15	0	0
14	15	46	7	0.549048
Instant	33
1	592	28	1	0
2	25	15	1	0
3	174	59	17	4.11036
4	411	15	0	0
11	25	19	1	0
12	79	68	15	2.80331
13	11	15	0	0
14	15	42	7	0.731098
Instant	34
1	504	29	2	0.0565611
2	26	14	0	0
3	193	60	17	3.59769
4	407	15	0	0
11	22	19	1	0
12	97	65	18	9.54392
13	11	15	0	0
14	15	45	7	0.725287
Instant	35
1	588	27	1	0.639764
2	20	15	0	0
3	182	58	15	3.94022
4	407	15	0	0
11	25	19	0	0
12	93	60	16	3.72243
13	11	15	0	0
14	15	45	6	0.621398
Instant	36
1	525	29	2	0.662252
2	17	16	0	0
3	182	58	17	3.96205
4	381	15	0	0
11	23	18	0	0
12	108	63	14	24.1728
13	11	15	0	0
14	14	46	8	0.717841
Instant	37
1	585	29	1	0
2	23	16	0	0
3	187	59	17	3.87029
4	394	15	0	0
11	25	19	1	0
12	95	58	13	4.27827
13	11	15	0	0
14	14	45	7	0.791729
Instant	38
1	613	27	1	0
2	24	15	0	0
3	187	58	16	4.23866
4	408	15	0	0
11	27	18	0	0
12	85	75	11	4.91728
13	11	15	0	0
14	16	47	7	0.555158
Instant	39
1	618	26	1	0
2	28	18	0	0
3	175	56	21	4.33619
4	405	15	0	0
11	26	19	1	0
12	109	68	18	8.40993
13	11	15	0	0
14	15	44	7	0.685426
Instant	40
1	589	29	2	0
2	24	15	0	0
3	169	58	17	4.27252
4	393	15	0	0
11	26	19	0	0
12	80	56	16	5.1098
13	10	15	0	0
14	14	44	6	0.742942
Instant	41
1	590	28	2	0.302419
2	24	16	0	0
3	171	59	16	4.34181
4	384	15	0	0
11	25	18	0	0
12	61	64	20	5.05515
13	11	15	0	0
14	14	47	7	0.736983
Instant	42
1	611	25	1	0
2	29	15	0	0
3	168	60	17	4.33223
4	398	15	0	0
11	27	19	1	0
12	68	65	20	3.40074
13	11	15	0	0
14	15	44	7	0.589102
Instant	43
1	582	28	1	0.0514403
2	28	15	0	0
3	192	59	17	3.92316
4	405	15	0	0
11	24	20	1	0
12	96	59	15	2.15372
13	11	15	0	0
14	15	46	7	0.788043
Instant	44
1	486	31	2	0.468384
2	21	16	0	0
3	156	55	19	4.4746
4	404	15	0	0
11	21	20	1	0
12	82	67	13	9.42096
13	10	15	0	0
14	16	44	7	0.562409
Instant	45
1	591	28	2	0.246063
2	19	16	0	0
3	160	58	19	4.91071
4	386	15	0	0
11	26	19	1	0
12	98	62	19	2.02206
13	11	15	0	0
14	14	47	7	0.577652
Instant	46
1	625	27	1	0
2	30	15	0	0
3	190	59	16	4.13067
4	402	15	0	0
11	27	18	0	0
12	58	70	13	14.147
13	11	15	0	0
14	15	46	7	0.555758
Instant	47
1	582	28	1	0
2	19	16	0	0
3	184	51	17	3.74187
4	411	15	0	0
11	25	20	1	0
12	83	55	14	1.19485
13	11	15	0	0
14	15	44	6	0.722183
Instant	48
1	613	26	2	0
2	24	15	0	0
3	200	58	17	3.44468
4	395	15	0	0
11	27	19	0	0
12	70	63	15	1.5625
13	12	15	0	0
14	15	49	8	0.574074
Instant	49
1	571	30	2	0
2	21	15	0	0
3	180	57	16	4.19444
4	386	15	0	0
11	23	19	1	0.308642
12	82	55	18	12.7232
13	11	15	0	0
14	14	45	7	0.670317
Instant	50
1	598	28	1	0.0490196
2	11	17	0	0
3	177	59	15	3.85045
4	417	15	0	0
11	26	18	0	0
12	87	58	15	2.52757
13	11	15	0	0
14	15	42	7	0.763694
Instant	51
1	598	27	1	0
2	29	17	0	0
3	183	53	17	3.97727
4	411	15	0	0
11	25	20	1	0
12	119	73	19	4.96324
13	11	15	0	0
14	16	45	6	0.588445
Instant	52
1	578	28	1	0
2	32	17	0	0
3	180	59	15	4.04494
4	407	15	0	0
11	25	20	1	0
12	92	58	16	3.90625
13	11	15	0	0
14	16	44	7	0.511853
Instant	53
1	604	26	1	0.0489237
2	35	18	0	0
3	152	54	18	4.47059
4	411	15	0	0
11	26	20	1	0
12	93	60	22	24.4026
13	10	15	0	0
14	15	47	7	0.64194
Instant	54
1	588	28	2	0
2	32	17	0	0
3	174	60	17	4.16667
4	386	15	0	0
11	26	19	1	0
12	88	64	18	5.79044
13	11	15	0	0
14	14	47	6	0.720789
Instant	55
1	600	26	1	0
2	12	15	0	0
3	171	58	16	4.49661
4	367	15	0	0
11	26	20	1	0
12	66	67	14	4.47635
13	11	15	0	0
14	13	45	8	0.755167
Instant	56
1	613	27	1	0
2	14	16	0	0
3	173	59	16	3.93991
4	398	15	0	0
11	26	18	1	0
12	59	64	18	5.65257
13	10	15	0	0
14	15	45	8	0.559018
Instant	57
1	532	27	2	0.543478
2	26	16	0	0
3	180	58	18	4.02778
4	388	15	0	0
11	23	19	1	0
12	92	66	14	4.18199
13	11	15	0	0
14	14	45	7	0.718608
Instant	58
1	537	30	3	0.373134
2	32	16	0	0
3	157	60	16	4.93119
4	396	15	0	0
11	23	19	1	0.323276
12	93	60	18	3.5473
13	10	15	0	0
14	15	46	7	0.58247
Instant	59
1	593	28	1	0
2	23	15	0	0
3	162	58	18	4.58145
4	406	15	0	0
11	26	19	0	0
12	97	60	16	3.95221
13	11	15	0	0
14	15	45	7	0.721501
Instant	60
1	613	26	1	0
2	40	15	0	0
3	160	58	19	4.58896
4	435	15	0	0
11	26	20	1	0
12	87	61	18	63.0055
13	11	15	0	0
14	16	42	6	0.648585
Instant	61
1	618	27	2	0
2	12	16	0	0
3	161	56	18	5.13699
4	395	15	0	0
11	26	19	1	0
12	71	66	18	2.49256
13	11	15	0	0
14	14	48	7	0.732567
Instant	62
1	627	25	1	0
2	26	15	0	0
3	183	59	20	3.5636
4	402	15	0	0
11	27	18	1	0
12	93	59	16	2.57353
13	11	15	0	0
14	15	45	7	0.680334
Instant	63
1	588	29	2	0.0498008
2	37	16	0	0
3	168	57	16	4.51705
4	403	15	0	0
11	25	19	0	0
12	92	65	16	2.7114
13	10	15	0	0
14	15	46	6	0.728863
Instant	64
1	593	26	1	0.145914
2	22	18	0	0
3	174	60	19	4.22993
4	401	15	0	0
11	26	19	1	0
12	81	60	16	2.74493
13	11	15	0	0
14	15	44	7	0.701531
Instant	65
1	606	28	1	0
2	27	16	0	0
3	195	61	18	4.00105
4	413	15	0	0
11	25	18	0	0
12	87	64	13	3.07904
13	12	15	0	0
14	16	45	7	0.541548
Instant	66
1	599	27	1	0
2	38	17	0	0
3	180	60	17	4.15755
4	406	15	0	0
11	26	18	0	0
12	86	60	15	2.11397
13	11	15	0	0
14	15	45	7	0.629496
Instant	67
1	500	30	2	0.471698
2	34	15	0	0
3	184	61	15	4.09389
4	401	15	0	0
11	21	18	0	0
12	77	63	12	13.2601
13	11	15	0	0
14	15	45	7	0.67617
Instant	68
1	555	27	2	0.78125
2	28	17	0	0
3	191	59	19	3.49893
4	405	15	0	0
11	24	18	0	0
12	80	56	19	3.07617
13	11	15	0	0
14	15	44	7	0.631313
Instant	69
1	586	28	1	0
2	24	16	0	0
3	179	59	18	4.17576
4	406	15	0	0
11	25	19	1	0
12	85	56	16	2.94118
13	11	15	0	0
14	15	44	6	0.738473
Instant	70
1	578	30	2	0
2	27	15	0	0
3	161	57	19	4.73655
4	402	15	0	0
11	25	18	0	0
12	100	61	15	2.06926
13	11	15	0	0
14	15	46	7	0.536754
Instant	71
1	582	28	2	0.050813
2	15	14	0	0
3	173	61	17	4.34537
4	381	15	0	0
11	25	19	0	0
12	91	55	11	2.52757
13	11	15	0	0
14	13	47	7	0.788462
Instant	72
1	614	27	1	0
2	31	14	0	0
3	177	58	18	3.9357
4	416	15	0	0
11	26	19	1	0
12	80	59	17	2.46212
13	11	15	0	0
14	15	43	7	0.764768
Instant	73
1	569	29	2	0.306122
2	30	17	0	0
3	190	57	18	4.01879
4	404	15	0	0
11	25	19	0	0
12	71	63	15	2.3247
13	11	15	0	0
14	15	48	7	0.515557
Instant	74
1	608	27	1	0.144231
2	12	16	0	0
3	177	62	19	3.9011
4	397	15	0	0
11	26	18	0	0
12	79	65	17	3.03309
13	11	15	0	0
14	15	47	7	0.545488
Instant	75
1	578	28	2	0
2	26	15	0	0
3	143	59	17	5.47619
4	397	15	0	0
11	25	19	0	0
12	80	63	14	1.51515
13	10	15	0	0
14	14	45	7	0.765118
Instant	76
1	574	25	1	0.612245
2	27	15	0	0
3	176	58	18	4.30743
4	413	15	0	0
11	24	20	1	0
12	84	66	16	4.42708
13	11	15	0	0
14	16	46	7	0.737909
Instant	77
1	593	28	2	0
2	26	17	0	0
3	179	55	17	3.69757
4	404	15	0	0
11	25	20	1	0
12	82	64	16	33.2031
13	11	15	0	0
14	15	45	7	0.634058
Instant	78
1	556	26	1	0
2	35	18	0	0
3	177	58	18	4.22912
4	405	15	0	0
11	25	20	1	0
12	78	70	15	2.73438
13	11	15	0	0
14	16	45	7	0.513329
Instant	79
1	592	27	1	0.601202
2	20	16	0	0
3	182	57	14	4.50108
4	401	15	0	0
11	25	18	0	0
12	82	65	15	5.78547
13	11	15	0	0
14	15	43	6	0.67617
Instant	80
1	599	27	1	0.0484496
2	24	16	0	0
3	175	60	19	4.12088
4	400	15	0	0
11	26	18	0	0
12	94	66	16	58.8542
13	11	15	0	0
14	15	44	8	0.715859
Instant	81
1	551	28	2	0.464876
2	27	15	0	0
3	179	57	16	4.10156
4	389	15	0	0
11	24	18	0	0
12	69	58	21	4.97159
13	11	15	0	0
14	14	46	8	0.741366
Instant	82
1	554	27	1	0.321888
2	32	15	0	0
3	189	62	17	3.67647
4	385	15	0	0
11	23	19	1	0
12	110	66	17	7.14286
13	11	15	0	0
14	14	45	7	0.721884
Instant	83
1	612	27	1	0
2	27	15	0	0
3	179	57	15	4.41176
4	393	15	0	0
11	27	18	0	0
12	90	65	22	5.58712
13	11	15	0	0
14	14	46	7	0.883557
Instant	84
1	613	26	1	0.336538
2	43	15	0	0
3	194	57	16	3.43137
4	402	15	0	0
11	26	19	1	0
12	66	68	14	5.11364
13	11	15	0	0
14	15	45	8	0.537536
Instant	85
1	653	28	2	0.79646
2	36	15	0	0
3	162	57	17	4.81207
4	409	15	0	0
11	29	19	0	0
12	69	58	14	1.28205
13	11	15	0	0
14	16	43	7	0.662607
Instant	86
1	631	27	2	0.0460405
2	27	17	0	0
3	168	59	16	3.98876
4	393	15	0	0
11	27	19	1	0
12	93	65	12	5.60662
13	11	15	0	0
14	14	46	7	0.798663
Instant	87
1	629	29	2	0.457875
2	19	17	0	0
3	183	59	18	4.3941
4	435	15	0	0
11	28	19	0	0
12	61	56	16	2.20588
13	11	15	0	0
14	16	44	6	0.506757
Instant	88
1	586	29	2	0.399202
2	20	17	0	0
3	174	58	18	4.08221
4	393	15	0	0
11	25	19	1	0
12	81	57	14	51.3091
13	10	15	0	0
14	14	45	7	0.696508
Instant	89
1	589	27	1	0.295276
2	28	16	0	0
3	189	60	17	3.58315
4	397	15	0	0
11	26	19	1	0
12	106	62	20	13.0974
13	11	15	0	0
14	15	47	6	0.654499
Instant	90
1	606	27	1	0
2	13	17	0	0
3	180	59	17	3.87363
4	391	15	0	0
11	26	19	1	0
12	89	57	22	4.05273
13	11	15	0	0
14	14	43	6	0.757859
Instant	91
1	607	27	1	0
2	27	16	0	0
3	194	60	15	3.7257
4	407	15	0	0
11	26	18	1	0
12	98	63	19	3.16723
13	11	15	0	0
14	15	44	7	0.647482
Instant	92
1	533	29	3	0.377155
2	24	16	0	0
3	187	59	16	3.77462
4	388	15	0	0
11	23	19	1	0
12	99	65	12	3.83523
13	11	15	0	0
14	14	45	8	0.697587
Instant	93
1	562	28	2	0.360082
2	16	16	0	0
3	186	60	16	3.85033
4	386	15	0	0
11	24	19	1	0
12	112	64	15	3.0303
13	11	15	0	0
14	14	48	8	0.671331
Instant	94
1	538	27	2	0.646552
2	28	16	0	0
3	180	57	16	3.97246
4	393	15	0	0
11	23	19	1	0
12	86	61	13	3.67399
13	11	15	0	0
14	14	46	8	0.671642
Instant	95
1	579	27	1	0.308008
2	36	17	0	0
3	191	60	15	4.28341
4	403	15	0	0
11	24	20	1	0
12	114	60	15	14.0165
13	11	15	0	0
14	15	46	7	0.617733
Instant	96
1	585	27	1	0
2	26	14	0	0
3	176	55	16	3.80197
4	361	15	0	0
11	26	19	1	0
12	108	63	19	4.54963
13	11	15	0	0
14	13	49	9	0.759724
Instant	97
1	588	27	2	0.299401
2	16	15	0	0
3	184	56	15	4.41332
4	416	15	0	0
11	25	19	1	0
12	103	67	13	43.6357
13	11	15	0	0
14	16	43	6	0.457746
Instant	98
1	561	28	2	0.309917
2	29	15	0	0
3	179	57	17	4.13043
4	402	15	0	0
11	24	19	1	0
12	98	68	12	25.8272
13	11	15	0	0
14	15	48	8	0.572311
Instant	99
1	571	26	2	0.304878
2	28	15	0	0
3	175	56	18	4.05773
4	393	15	0	0
11	24	19	1	0.304878
12	114	57	18	4.96324
13	11	15	0	0
14	14	44	7	0.753348
Instant	100
1	556	28	1	0.308642
2	22	16	0	0
3	173	57	15	4.89374
4	394	15	0	0
11	24	19	1	0
12	111	67	19	5.53209
13	11	15	0	0
14	14	45	6	0.687221
Instant	101
1	612	26	1	0
2	34	16	0	0
3	174	57	16	4.04494
4	373	15	0	0
11	26	19	1	0
12	119	64	23	10.4779
13	11	15	0	0
14	13	45	7	0.883046
Instant	102
1	572	29	1	0
2	25	16	0	0
3	163	58	13	4.66667
4	390	15	0	0
11	25	19	0	0
12	86	64	14	4.41176
13	11	15	0	0
14	15	48	7	0.667293
Instant	103
1	592	29	2	0
2	29	17	0	0
3	178	56	17	3.8311
4	393	15	0	0
11	25	19	1	0
12	76	58	16	2.74493
13	11	15	0	0
14	15	43	7	0.587687
Instant	104
1	578	26	1	0.297619
2	24	16	0	0
3	171	62	15	4.30464
4	401	15	0	0
11	25	20	1	0
12	101	56	17	6.98529
13	11	15	0	0
14	15	46	8	0.774417
Instant	105
1	578	29	2	0
2	37	17	0	0
3	173	54	16	4.38647
4	392	15	0	0
11	24	19	1	0
12	106	61	17	7.85846
13	10	15	0	0
14	15	46	7	0.643657
Instant	106
1	599	28	1	0
2	18	14	0	0
3	193	59	16	3.97368
4	378	15	0	0
11	25	19	1	0
12	76	63	18	4.60304
13	11	15	0	0
14	14	45	8	0.793344
Instant	107
1	613	27	1	0
2	22	16	0	0
3	155	60	17	4.24473
4	379	15	0	0
11	26	18	0	0
12	107	66	15	22.3346
13	10	15	0	0
14	13	45	7	0.851393
Instant	108
1	511	26	1	0.331126
2	34	15	0	0
3	155	54	18	4.77121
4	394	15	0	0
11	23	19	1	0.333333
12	80	68	28	4.45772
13	11	15	0	0
14	14	45	7	0.752229
Instant	109
1	569	28	1	0.414938
2	14	15	0	0
3	181	55	16	4.46047
4	403	15	0	0
11	24	20	1	0
12	88	65	15	15.2158
13	11	15	0	0
14	14	45	7	0.782387
Instant	110
1	607	27	1	0
2	26	15	0	0
3	186	57	18	4.54545
4	414	15	0	0
11	26	19	1	0
12	83	62	17	7.12891
13	11	15	0	0
14	16	44	7	0.625882
Instant	111
1	566	27	2	0.307377
2	30	17	0	0
3	181	54	14	3.53982
4	432	15	0	0
11	25	19	0	0
12	69	65	14	3.99816
13	11	15	0	0
14	17	47	7	0.407056
Instant	112
1	576	30	2	0
2	26	16	0	0
3	189	57	17	4.09529
4	429	15	0	0
11	25	18	0	0
12	87	72	12	5.86993
13	11	15	0	0
14	16	45	6	0.706744
Instant	113
1	597	27	1	0.351406
2	20	16	0	0
3	171	61	17	3.75282
4	429	15	0	0
11	25	18	0	0
12	113	66	19	3.07904
13	11	15	0	0
14	16	44	7	0.565068
Instant	114
1	592	28	1	0.0478927
2	26	16	0	0
3	188	59	18	4.30195
4	425	15	0	0
11	26	18	0	0
12	83	64	16	3.63051
13	11	15	0	0
14	16	44	8	0.754458
Instant	115
1	604	26	1	0.298211
2	28	14	0	0
3	187	62	15	3.46616
4	428	15	0	0
11	25	19	1	0
12	68	64	14	3.5473
13	11	15	0	0
14	16	43	7	0.608711
Instant	116
1	595	27	2	0
2	24	16	0	0
3	186	56	15	3.93415
4	439	15	0	0
11	26	19	1	0
12	87	65	17	17.4173
13	11	15	0	0
14	16	42	8	0.615027
Instant	117
1	606	27	1	0
2	31	15	0	0
3	176	58	17	3.98509
4	412	15	0	0
11	26	18	0	0
12	96	68	17	3.63051
13	10	15	0	0
14	16	46	7	0.56899
Instant	118
1	592	27	2	0.290698
2	25	15	0	0
3	173	60	16	4.11074
4	395	15	0	0
11	26	19	1	0
12	80	65	22	4.6875
13	11	15	0	0
14	14	44	7	0.748891
Instant	119
1	594	29	2	0
2	30	16	0	0
3	173	61	15	4.07428
4	387	15	0	0
11	25	18	1	0
12	84	63	18	2.52757
13	11	15	0	0
14	14	46	7	0.796662
