	T	D	J	LP
Instant	0
1	0	0	0	0
2	0	0	0	0
3	0	0	0	0
4	0	0	0	0
11	0	0	0	0
12	0	0	0	0
13	0	0	0	0
14	0	0	0	0
Instant	1
1	329	30	3	0
2	11	15	0	0
3	85	49	13	0.762195
4	142	15	0	0
11	14	18	0	0
12	57	66	16	4.21196
13	4	15	0	0
14	4	45	7	0.264423
Instant	2
1	1834	27	2	0
2	23	15	0	0
3	207	60	15	4.50859
4	1034	19	0	0.141542
11	77	19	0	0
12	45	75	19	7.49081
13	13	15	0	0
14	41	43	4	0.491417
Instant	3
1	1578	30	2	0.0921829
2	19	15	0	0
3	197	59	14	3.47072
4	1060	19	1	0.0820793
11	70	18	0	0
12	25	82	15	3.58456
13	11	15	0	0
14	43	42	4	0.492881
Instant	4
1	1184	30	3	0
2	30	15	0	0
3	195	59	15	3.67021
4	987	18	0	0
11	52	19	0	0
12	17	71	14	1.01351
13	11	15	0	0
14	40	44	5	0.383185
Instant	5
1	1082	28	2	0
2	28	16	0	0
3	194	58	16	3.96217
4	816	16	0	0
11	47	20	1	0
12	17	67	18	0.735294
13	12	15	0	0
14	33	42	5	0.535072
Instant	6
1	1021	31	3	0.112994
2	42	17	0	0
3	194	57	15	3.63071
4	688	16	0	0
11	45	19	0	0
12	19	72	18	0.643382
13	12	15	0	0
14	26	47	6	0.62766
Instant	7
1	928	29	2	0.0949367
2	29	16	0	0
3	199	53	18	3.75264
4	739	16	0	0
11	41	18	0	0
12	19	78	23	1.01351
13	11	15	0	0
14	30	41	6	0.362103
Instant	8
1	816	27	3	0
2	9	13	0	0
3	199	59	18	3.72942
4	626	16	0	0
11	35	20	1	0
12	20	61	29	9.19118
13	12	15	0	0
14	25	44	6	0.316604
Instant	9
1	815	27	2	0.282486
2	19	15	0	0
3	196	58	16	3.78086
4	516	15	0	0
11	36	18	0	0
12	26	71	22	2.20588
13	12	15	0	0
14	20	42	6	0.360985
Instant	10
1	857	28	2	0
2	19	16	1	0
3	188	57	15	4.25365
4	464	15	0	0
11	36	18	0	0
12	29	62	23	1.47804
13	11	15	0	0
14	17	44	7	0.943845
Instant	11
1	862	29	2	0
2	22	15	0	0
3	192	59	18	4.03885
4	440	15	0	0
11	37	19	0	0
12	35	61	21	2.11397
13	12	15	0	0
14	17	44	6	0.646552
Instant	12
1	833	28	3	0
2	18	16	0	0
3	171	60	17	4.38742
4	459	15	0	0
11	36	22	1	0
12	22	75	31	1.88419
13	11	15	0	0
14	17	46	7	0.542784
Instant	13
1	793	29	2	0
2	32	16	0	0
3	209	56	16	3.62426
4	476	15	0	0
11	34	20	1	0
12	35	67	16	1.33929
13	12	15	0	0
14	18	44	7	0.453567
Instant	14
1	776	29	3	0
2	43	14	0	0
3	209	57	17	3.39027
4	469	15	0	0
11	33	19	1	0
12	18	50	32	2.38971
13	12	15	0	0
14	19	46	6	0.469925
Instant	15
1	732	28	2	0
2	40	15	0	0
3	206	54	16	3.22327
4	494	15	0	0
11	31	19	1	0
12	22	65	20	2.38971
13	11	15	0	0
14	20	42	7	0.273993
Instant	16
1	685	27	2	0.295608
2	21	14	0	0
3	198	57	18	3.84232
4	466	15	0	0
11	30	19	1	0
12	14	78	21	1.01351
13	12	15	0	0
14	18	46	6	0.534591
Instant	17
1	621	29	2	0.459559
2	25	15	0	0
3	199	63	14	3.92781
4	468	15	0	0
11	27	19	1	0
12	15	60	23	4.09007
13	12	15	0	0
14	19	45	7	0.392095
Instant	18
1	576	29	2	0.294118
2	14	16	1	0
3	202	56	17	3.23184
4	470	15	0	0
11	26	18	1	0
12	38	62	13	1.70037
13	11	15	0	0
14	17	43	6	0.575965
Instant	19
1	610	26	1	0.381679
2	23	14	0	0
3	217	57	17	3.25243
4	418	15	0	0
11	27	20	1	0
12	21	76	26	1.81588
13	12	15	0	0
14	16	47	7	0.524476
Instant	20
1	599	27	2	0
2	22	15	0	0
3	186	60	17	4.36842
4	422	15	0	0
11	26	20	0	0
12	13	80	13	2.38971
13	12	15	0	0
14	16	44	8	0.738873
Instant	21
1	606	26	3	0.297619
2	29	14	0	0
3	175	57	17	4.04736
4	493	15	0	0
11	25	19	1	0.287356
12	31	68	19	2.29779
13	11	15	0	0
14	19	43	6	0.543155
Instant	22
1	527	29	1	0.317125
2	22	15	0	0
3	211	56	16	3.67347
4	439	15	0	0
11	24	20	1	0
12	33	61	20	1.81588
13	12	15	0	0
14	17	47	7	0.582557
Instant	23
1	614	28	1	0
2	14	17	0	0
3	181	55	15	3.65591
4	422	15	0	0
11	25	18	0	0
12	34	71	22	1.74632
13	11	15	0	0
14	16	45	7	0.554785
Instant	24
1	561	28	2	0.308642
2	11	15	0	0
3	200	57	16	4.01879
4	412	15	0	0
11	25	19	1	0
12	24	66	16	2.06801
13	12	15	0	0
14	15	49	8	0.735816
Instant	25
1	607	27	2	0
2	38	16	0	0
3	194	57	18	3.56371
4	448	15	0	0
11	27	18	0	0
12	44	65	17	1.15327
13	11	15	0	0
14	18	46	6	0.441754
Instant	26
1	605	27	2	0
2	33	17	0	0
3	208	55	17	3.46116
4	457	15	0	0
11	26	20	1	0
12	22	50	24	2.06801
13	12	15	0	0
14	17	40	6	0.633013
Instant	27
1	592	26	0	0.290698
2	32	16	0	0
3	199	58	14	3.7731
4	446	15	0	0
11	26	18	0	0
12	21	73	20	0.735294
13	12	15	0	0
14	17	43	7	0.66437
Instant	28
1	660	28	2	0.0446429
2	43	16	0	0
3	196	53	15	3.65789
4	438	15	0	0
11	28	19	0	0
12	43	72	18	3.29861
13	11	15	0	0
14	16	42	6	0.604027
Instant	29
1	705	28	2	0
2	48	17	0	0
3	210	55	16	3.61776
4	452	15	0	0
11	30	18	0	0
12	29	67	21	1.79228
13	12	15	0	0
14	17	41	7	0.743855
Instant	30
1	693	27	1	0.457571
2	18	15	0	0
3	207	59	15	3.54906
4	432	15	0	0
11	30	19	1	0
12	14	71	21	2.29779
13	12	15	0	0
14	16	44	6	0.721807
Instant	31
1	536	28	2	0.475687
2	14	14	0	0
3	200	58	15	3.20582
4	421	15	0	0
11	24	19	1	0
12	18	63	22	1.05574
13	11	15	0	0
14	16	44	7	0.625
Instant	32
1	564	29	2	0.0520833
2	26	14	0	0
3	182	62	17	4.30585
4	468	15	0	0
11	24	20	1	0
12	18	69	15	0.78125
13	12	15	0	0
14	19	45	7	0.439147
Instant	33
1	605	28	1	0
2	22	15	0	0
3	208	58	17	3.3973
4	487	15	0	0
11	26	18	0	0
12	21	52	24	5.42279
13	12	15	0	0
14	18	45	7	0.57298
Instant	34
1	545	30	2	0.37234
2	31	15	1	0
3	208	60	18	3.3
4	500	15	0	0
11	24	20	1	0
12	44	58	18	1.43581
13	12	15	0	0
14	19	42	6	0.644783
Instant	35
1	603	26	1	0
2	30	15	0	0
3	198	54	15	3.98663
4	480	15	0	0
11	26	19	1	0
12	24	73	19	1.93015
13	12	15	0	0
14	18	46	6	0.481946
Instant	36
1	592	30	2	0
2	31	16	0	0
3	194	58	16	3.31741
4	460	15	0	0
11	24	18	0	0
12	16	72	20	2.57353
13	11	15	0	0
14	17	46	7	0.532761
Instant	37
1	620	26	1	0
2	36	16	0	0
3	181	58	15	4.61373
4	506	15	0	0
11	27	18	0	0
12	32	70	17	46.3914
13	11	15	0	0
14	20	43	6	0.476879
Instant	38
1	599	29	2	0
2	21	16	0	0
3	190	56	15	3.77847
4	485	15	0	0
11	25	19	0	0
12	31	68	21	3.44669
13	12	15	0	0
14	18	45	6	0.634058
Instant	39
1	602	27	1	0
2	22	15	0	0
3	215	59	17	3.58566
4	460	15	0	0
11	26	19	1	0
12	38	65	18	3.26287
13	12	15	0	0
14	17	40	6	0.723601
Instant	40
1	577	28	1	0.100402
2	28	17	0	0
3	187	56	17	4.05914
4	453	15	0	0
11	25	18	0	0
12	17	81	19	2.61824
13	11	15	0	0
14	17	45	6	0.616083
Instant	41
1	568	28	2	0.249004
2	25	17	0	0
3	193	59	16	3.07018
4	430	15	0	0
11	25	19	1	0
12	31	70	15	0.275735
13	11	15	0	0
14	16	45	8	0.55197
Instant	42
1	635	26	1	0
2	32	16	0	0
3	199	61	16	3.7797
4	454	15	0	0
11	26	19	1	0
12	33	65	15	8.13419
13	11	15	0	0
14	17	46	7	0.62177
Instant	43
1	572	29	3	0.15121
2	17	15	0	0
3	199	53	18	3.34544
4	457	15	0	0
11	25	18	0	0.306122
12	26	68	18	1.94257
13	12	15	0	0
14	17	42	6	0.705128
Instant	44
1	599	28	2	0
2	29	15	0	0
3	204	55	18	3.35938
4	446	15	0	0
11	26	18	0	0
12	30	73	12	4.96324
13	12	15	0	0
14	17	43	7	0.541339
Instant	45
1	590	28	1	0
2	20	15	0	0
3	191	56	17	4.14046
4	441	15	0	0
11	25	19	1	0
12	31	67	20	3.49265
13	11	15	0	0
14	17	46	6	0.440492
Instant	46
1	606	28	2	0
2	39	17	0	0
3	177	62	16	4.10156
4	428	15	0	0
11	26	18	0	0
12	36	69	17	3.37838
13	11	15	0	0
14	16	46	6	0.496575
Instant	47
1	613	27	1	0
2	29	17	0	0
3	211	55	17	3.3
4	439	15	0	0
11	26	19	1	0
12	38	63	20	2.98713
13	12	15	0	0
14	16	46	6	0.515979
Instant	48
1	583	29	2	0
2	32	15	0	0
3	195	55	15	4.20124
4	465	15	0	0
11	25	18	0	0
12	37	68	17	3.35478
13	12	15	0	0
14	18	46	5	0.655815
Instant	49
1	572	28	1	0.306748
2	24	16	0	0
3	201	56	17	3.49687
4	467	15	0	0
11	25	19	1	0
12	40	70	15	2.64137
13	11	15	0	0
14	18	47	6	0.523438
Instant	50
1	566	28	2	0.050813
2	15	16	1	0
3	213	55	17	3.22896
4	453	15	0	0
11	25	20	1	0
12	22	71	26	1.79228
13	13	15	0	0
14	17	45	7	0.687257
Instant	51
1	596	28	1	0.294695
2	38	17	0	0
3	182	53	17	3.86364
4	466	15	0	0
11	26	18	1	0
12	21	63	21	4.09007
13	11	15	0	0
14	18	46	6	0.51165
Instant	52
1	611	26	1	0
2	32	17	0	0
3	202	55	18	3.57884
4	438	15	0	0
11	26	19	0	0
12	22	70	31	5.68576
13	12	15	0	0
14	17	44	7	0.61749
Instant	53
1	591	28	2	0.0502008
2	26	16	0	0
3	182	54	17	3.96406
4	440	15	0	0
11	25	19	1	0
12	22	74	24	2.11397
13	11	15	0	0
14	17	41	7	0.590093
Instant	54
1	599	28	2	0
2	35	17	0	0
3	174	58	16	4.25947
4	476	15	0	0
11	26	19	0	0
12	33	75	21	1.88419
13	11	15	0	0
14	18	43	6	0.568881
Instant	55
1	596	27	2	0
2	33	14	0	0
3	214	54	16	3.53093
4	464	15	0	0
11	25	19	0	0
12	37	63	21	1.77365
13	12	15	0	0
14	18	42	6	0.482595
Instant	56
1	596	28	2	0
2	29	15	0	0
3	207	58	15	3.69261
4	396	15	0	0
11	26	19	1	0
12	31	57	23	1.74632
13	12	15	0	0
14	14	44	7	0.799632
Instant	57
1	598	27	1	0.0488281
2	28	15	0	0
3	210	60	16	3.20774
4	388	15	0	0
11	26	19	1	0
12	24	80	16	2.06801
13	12	15	0	0
14	14	45	7	0.837726
Instant	58
1	606	27	2	0
2	29	16	0	0
3	184	56	23	3.94022
4	416	15	0	0
11	26	19	1	0
12	43	59	18	10.3885
13	11	15	0	0
14	15	43	7	0.685654
Instant	59
1	562	30	2	0.0527426
2	31	15	0	0
3	191	58	18	3.62554
4	429	15	0	0
11	23	19	1	0
12	23	70	20	3.17096
13	11	15	0	0
14	16	42	7	0.639495
Instant	60
1	613	26	1	0
2	11	15	0	0
3	198	57	18	3.75783
4	450	15	0	0
11	27	19	1	0
12	17	77	22	2.89522
13	12	15	0	0
14	17	41	6	0.514034
Instant	61
1	572	27	2	0.363071
2	25	16	0	0
3	215	57	19	3.26417
4	443	15	0	0
11	24	19	1	0
12	26	67	17	0.446429
13	12	15	0	0
14	16	43	7	0.586971
Instant	62
1	599	28	1	0
2	22	16	0	0
3	199	55	16	3.97384
4	424	15	0	0
11	26	19	0	0
12	23	66	22	8.73162
13	12	15	0	0
14	16	44	7	0.663793
Instant	63
1	585	28	1	0
2	24	15	0	0
3	197	60	17	3.27568
4	406	15	0	0
11	25	19	1	0
12	61	62	18	2.34375
13	11	15	0	0
14	15	43	6	0.657421
Instant	64
1	582	28	2	0.302419
2	22	16	0	0
3	204	59	15	3.73975
4	421	15	0	0
11	25	18	0	0
12	31	76	14	3.75845
13	12	15	0	0
14	17	47	7	0.496862
Instant	65
1	591	27	1	0.294695
2	36	15	0	0
3	198	61	17	3.48958
4	418	15	0	0
11	26	19	0	0
12	31	62	16	3.35478
13	11	15	0	0
14	16	45	7	0.637221
Instant	66
1	586	29	1	0
2	29	16	0	0
3	187	56	15	3.89073
4	453	15	0	0
11	25	19	1	0
12	32	59	17	1.74632
13	11	15	0	0
14	17	42	6	0.460271
Instant	67
1	591	28	1	0
2	21	16	0	0
3	204	58	17	3.57143
4	452	15	0	0
11	26	19	1	0
12	37	72	25	4.39189
13	12	15	0	0
14	17	43	6	0.645995
Instant	68
1	586	28	2	0
2	37	14	0	0
3	194	61	18	3.95742
4	431	15	0	0
11	25	20	1	0
12	13	72	18	4.19922
13	11	15	0	0
14	16	42	7	0.722789
Instant	69
1	606	28	2	0
2	16	15	0	0
3	208	57	17	3.36049
4	430	15	0	0
11	26	19	0	0
12	35	66	22	1.74632
13	12	15	0	0
14	17	45	7	0.648022
Instant	70
1	599	28	1	0
2	29	16	0	0
3	204	55	17	3.31263
4	467	15	0	0
11	25	19	1	0
12	35	51	19	1.5625
13	12	15	0	0
14	17	43	7	0.518868
Instant	71
1	578	28	1	0
2	33	15	0	0
3	215	56	15	3.37702
4	408	15	0	0
11	25	19	1	0.304878
12	36	63	21	2.02206
13	12	15	0	0
14	15	46	7	0.528295
Instant	72
1	575	27	1	0
2	25	16	0	0
3	184	55	15	4.18467
4	413	15	0	0
11	25	21	2	0
12	32	70	14	8.14394
13	11	15	0	0
14	15	43	7	0.813296
Instant	73
1	565	27	1	0.552209
2	19	17	0	0
3	198	58	15	3.5148
4	465	15	0	0
11	25	18	0	0
12	28	68	13	1.67683
13	11	15	0	0
14	18	44	7	0.622636
Instant	74
1	611	27	1	0
2	28	17	0	0
3	193	59	19	3.39936
4	465	15	0	0
11	26	20	0	0
12	37	58	18	1.33272
13	11	15	0	0
14	17	43	6	0.630517
Instant	75
1	608	27	2	0
2	33	16	0	0
3	171	56	15	4.33839
4	404	15	0	0
11	27	19	0	0
12	24	64	16	1.75189
13	11	15	0	0
14	15	45	7	0.882565
Instant	76
1	599	27	1	0.297619
2	14	14	0	0
3	203	55	19	3.78323
4	440	15	0	0
11	25	18	0	0
12	25	65	20	6.46701
13	12	15	0	0
14	16	45	7	0.615846
Instant	77
1	599	28	1	0
2	27	15	0	0
3	202	58	18	3.61287
4	454	15	0	0
11	26	19	0	0
12	35	78	13	5.81055
13	11	15	0	0
14	17	42	6	0.68637
Instant	78
1	578	29	2	0
2	26	15	0	0
3	181	52	16	4.13067
4	445	15	0	0
11	25	19	0	0
12	25	58	23	3.36914
13	11	15	0	0
14	17	44	8	0.525624
Instant	79
1	605	26	1	0
2	31	16	0	0
3	205	58	18	3.3876
4	406	15	0	0
11	26	18	0	0.290698
12	18	85	9	2.36486
13	12	15	0	0
14	15	43	7	0.675432
Instant	80
1	607	27	1	0
2	34	17	0	0
3	205	57	15	3.11181
4	442	15	0	0
11	26	19	1	0
12	16	68	16	2.46212
13	11	15	0	0
14	17	47	8	0.397878
Instant	81
1	599	27	2	0
2	10	16	0	0
3	192	54	19	3.82166
4	431	15	0	0
11	25	19	1	0
12	27	72	25	2.17803
13	11	15	0	0
14	16	44	7	0.518003
Instant	82
1	610	26	1	0
2	35	15	0	0
3	206	60	18	3.65979
4	426	15	0	0
11	27	18	0	0
12	38	68	13	7.58929
13	12	15	0	0
14	16	46	7	0.593191
Instant	83
1	620	27	1	0
2	26	17	0	0
3	188	56	16	3.68896
4	439	15	0	0
11	27	18	1	0
12	42	64	19	3.17235
13	11	15	0	0
14	16	43	6	0.599201
Instant	84
1	599	27	2	0
2	32	15	0	0
3	211	52	14	3.57143
4	464	15	0	0
11	25	19	1	0
12	30	66	24	3.26705
13	12	15	0	0
14	18	46	7	0.536616
Instant	85
1	603	26	1	0
2	18	17	0	0
3	214	56	16	3.06795
4	414	15	0	0
11	26	19	1	0
12	36	67	20	1.28205
13	12	15	0	0
14	15	44	7	0.731664
Instant	86
1	584	30	2	0.15121
2	34	15	0	0
3	177	60	16	4.10367
4	420	15	0	0
11	25	18	0	0
12	20	69	17	1.9761
13	11	15	0	0
14	16	47	7	0.653766
Instant	87
1	599	27	2	0
2	33	16	0	0
3	213	56	16	3.40447
4	433	15	0	0
11	25	19	1	0
12	26	76	17	2.43566
13	12	15	0	0
14	17	43	6	0.574324
Instant	88
1	589	27	2	0.292969
2	27	15	0	0
3	180	56	15	4.62366
4	423	15	0	0
11	26	19	0	0
12	24	75	19	2.23818
13	11	15	0	0
14	16	46	6	0.625
Instant	89
1	595	28	2	0.146484
2	30	16	0	0
3	201	56	17	3.2732
4	452	15	0	0
11	26	18	1	0
12	22	61	29	2.02206
13	12	15	0	0
14	17	42	7	0.721466
Instant	90
1	598	28	1	0
2	36	16	0	0
3	204	58	18	3.78708
4	447	15	0	0
11	25	19	1	0
12	19	68	17	2.24609
13	11	15	0	0
14	17	44	6	0.548102
Instant	91
1	607	26	1	0
2	32	15	0	0
3	200	59	18	3.38326
4	424	15	0	0
11	27	19	0	0
12	35	63	18	1.47804
13	12	15	0	0
14	16	46	8	0.561895
Instant	92
1	571	27	1	0.304878
2	28	17	0	0
3	215	54	16	3.31028
4	421	15	0	0
11	24	20	1	0
12	12	51	17	2.46212
13	12	15	0	0
14	17	44	8	0.546875
Instant	93
1	575	29	2	0
2	15	17	0	0
3	188	58	15	3.72517
4	394	15	0	0
11	24	20	1	0
12	19	78	17	2.69886
13	11	15	0	0
14	14	45	8	0.706845
Instant	94
1	599	29	2	0
2	34	14	0	0
3	195	53	16	3.56013
4	402	15	0	0
11	26	18	0	0
12	31	59	35	1.73142
13	11	15	0	0
14	15	45	7	0.634978
Instant	95
1	577	27	2	0.301205
2	36	15	0	0
3	196	54	16	3.86598
4	439	15	0	0
11	25	19	1	0
12	36	69	18	1.70037
13	12	15	0	0
14	17	42	7	0.409425
Instant	96
1	590	28	1	0
2	18	17	0	0
3	221	59	16	3.27909
4	450	15	0	0
11	25	19	0	0
12	20	79	18	2.02206
13	12	15	0	0
14	18	44	7	0.472005
Instant	97
1	558	30	3	0.35497
2	29	15	0	0
3	226	55	17	3.28695
4	431	15	0	0
11	25	18	0	0
12	28	56	22	1.75305
13	13	15	0	0
14	16	41	7	0.576662
Instant	98
1	542	28	2	0.324675
2	12	15	0	0
3	202	60	14	3.13819
4	417	15	0	0
11	23	20	1	0
12	25	66	17	0.413603
13	11	15	0	0
14	16	46	7	0.59775
Instant	99
1	586	27	1	0
2	34	17	0	0
3	199	56	17	3.73444
4	424	15	0	0
11	26	20	1	0
12	23	67	14	3.58456
13	12	15	0	0
14	16	43	7	0.640582
Instant	100
1	596	27	2	0
2	18	17	0	0
3	207	55	17	3.55368
4	404	15	0	0
11	25	20	1	0
12	26	70	23	2.36486
13	12	15	0	0
14	15	43	7	0.705499
Instant	101
1	585	28	1	0
2	17	15	1	0
3	187	62	17	4.24009
4	399	15	0	0
11	25	19	1	0
12	28	59	17	1.83824
13	11	15	0	0
14	15	46	7	0.678153
Instant	102
1	584	29	2	0
2	25	18	0	0
3	196	59	15	3.81579
4	409	15	0	0
11	25	19	1	0
12	32	70	20	29.3658
13	11	15	0	0
14	15	45	7	0.690459
Instant	103
1	598	28	2	0
2	32	16	0	0
3	206	59	17	3.25975
4	405	15	0	0
11	26	19	1	0
12	20	74	15	4.85642
13	12	15	0	0
14	15	46	7	0.541126
Instant	104
1	597	27	2	0
2	31	17	0	0
3	201	55	16	3.61227
4	419	15	0	0
11	25	20	1	0
12	32	64	30	3.49265
13	11	15	0	0
14	16	46	7	0.473352
Instant	105
1	599	27	1	0
2	28	16	0	0
3	182	57	16	3.96146
4	417	15	0	0
11	26	18	0	0
12	26	75	36	2.02206
13	11	15	0	0
14	16	44	7	0.528169
Instant	106
1	601	28	2	0.0504032
2	37	14	0	0
3	195	56	15	4.05405
4	427	15	0	0
11	25	20	1	0
12	15	64	20	0.760135
13	11	15	0	0
14	17	45	7	0.445816
Instant	107
1	599	26	1	0.0473485
2	29	16	0	0
3	200	53	17	3.27825
4	413	15	0	0
11	27	19	1	0
12	23	69	25	5.60662
13	11	15	0	0
14	16	44	6	0.487589
Instant	108
1	620	26	1	0
2	32	16	0	0
3	187	63	18	3.97849
4	376	15	0	0
11	27	19	1	0
12	16	62	22	2.25184
13	11	15	0	0
14	14	46	8	0.647218
Instant	109
1	589	29	1	0
2	30	16	0	0
3	191	60	16	3.43886
4	421	15	0	0
11	25	19	1	0
12	35	55	17	1.45089
13	11	15	0	0
14	16	43	7	0.651042
Instant	110
1	588	29	2	0
2	25	15	0	0
3	221	58	18	3.21637
4	413	15	0	0
11	25	19	1	0
12	19	73	24	0.634766
13	12	15	0	0
14	15	43	7	0.73896
Instant	111
1	601	28	2	0.0490196
2	28	16	0	0
3	202	54	18	3.44737
4	402	15	0	0
11	26	19	0	0
12	24	74	23	13.6029
13	12	15	0	0
14	15	44	6	0.709607
Instant	112
1	597	27	2	0
2	24	15	0	0
3	211	56	18	3.30661
4	429	15	0	0
11	26	19	1	0
12	32	71	13	3.71622
13	12	15	0	0
14	16	43	6	0.520123
Instant	113
1	634	26	1	0
2	38	16	0	0
3	210	58	16	3.47782
4	437	15	0	0
11	27	18	0	0
12	20	66	28	0.505515
13	12	15	0	0
14	16	42	6	0.713087
Instant	114
1	596	27	2	0
2	28	16	0	0
3	215	58	16	3.56061
4	407	15	0	0
11	26	19	1	0
12	22	79	15	4.09007
13	12	15	0	0
14	15	44	6	0.59438
Instant	115
1	585	26	1	0
2	32	16	0	0
3	189	59	18	3.9405
4	412	15	0	0
11	25	20	1	0
12	22	52	12	4.47635
13	12	15	0	0
14	16	42	6	0.665838
Instant	116
1	596	28	2	0.295276
2	32	16	0	0
3	185	61	16	3.95604
4	424	15	0	0
11	26	19	1	0
12	28	72	15	0.597426
13	11	15	0	0
14	16	43	7	0.562673
Instant	117
1	599	28	2	0
2	31	15	0	0
3	205	56	15	3.55691
4	430	15	0	0
11	26	19	0	0
12	21	64	23	3.63051
13	12	15	0	0
14	16	44	5	0.510204
Instant	118
1	592	27	1	0
2	32	16	0	0
3	201	57	16	3.32113
4	407	15	0	0
11	25	19	1	0
12	31	70	19	2.06926
13	12	15	0	0
14	15	43	7	0.583693
Instant	119
1	634	27	1	0
2	19	17	0	0
3	200	59	16	3.93801
4	389	15	0	0
11	27	18	0	0
12	15	77	16	2.34375
13	12	15	0	0
14	15	46	8	0.702774
