	T	D	J	LP
Instant	0
1	0	0	0	0
2	0	0	0	0
3	0	0	0	0
4	0	0	0	0
11	0	0	0	0
12	0	0	0	0
13	0	0	0	0
14	0	0	0	0
Instant	1
1	251	29	3	0
2	15	15	0	0
3	99	50	12	0.59761
4	136	15	0	0
11	11	18	0	0
12	48	73	8	5.05768
13	4	15	0	0
14	4	46	10	0.421627
Instant	2
1	907	28	2	0
2	25	16	0	0
3	245	55	15	3.22727
4	789	17	0	0
11	39	19	0	0
12	46	67	15	3.72149
13	14	15	0	0
14	29	46	5	0.881589
Instant	3
1	1022	28	2	0
2	21	18	0	0
3	250	54	14	2.04417
4	847	17	0	0
11	44	18	0	0
12	55	65	14	1.5006
13	13	15	0	0
14	33	45	4	0.663141
Instant	4
1	1139	30	3	0.251762
2	29	15	0	0
3	273	53	16	3.00338
4	669	16	0	0
11	51	19	1	0
12	37	59	11	0.661886
13	14	15	0	0
14	26	44	5	0.61296
Instant	5
1	1068	30	3	0.275938
2	28	16	0	0
3	259	55	15	2.54876
4	622	16	0	0
11	46	19	1	0
12	26	45	14	0.840336
13	14	15	0	0
14	24	47	4	0.642083
Instant	6
1	981	29	3	0.436554
2	21	17	0	0
3	261	55	15	2.4911
4	560	16	0	0
11	43	19	1	0.293427
12	30	58	12	0.120048
13	14	15	0	0
14	22	43	6	0.583071
Instant	7
1	1134	30	3	0.408998
2	26	17	0	0
3	261	48	14	2.50904
4	565	15	0	0
11	50	19	0	0
12	38	66	8	0.441258
13	14	15	0	0
14	22	43	5	0.421421
Instant	8
1	881	30	3	0.366667
2	33	15	0	0
3	259	55	15	2.51832
4	491	15	0	0
11	39	19	1	0
12	31	57	11	0.420168
13	13	15	0	0
14	19	45	7	0.713436
Instant	9
1	938	29	3	0
2	19	17	0	0
3	231	56	15	3.02381
4	497	16	0	0
11	40	18	0	0
12	36	56	8	0.240096
13	13	15	0	0
14	19	42	6	0.516529
Instant	10
1	1018	29	2	0
2	25	17	0	0
3	248	56	14	2.84608
4	501	15	0	0
11	45	18	0	0
12	32	53	9	13.9548
13	13	15	0	0
14	19	45	6	0.546966
Instant	11
1	1002	31	3	0
2	12	16	0	0
3	250	53	18	2.81025
4	489	15	0	0
11	42	19	0	0
12	47	55	15	1.80072
13	13	15	0	0
14	19	44	6	0.629496
Instant	12
1	933	30	2	0.0925926
2	33	14	0	0
3	260	54	17	2.64337
4	436	15	0	0
11	41	20	1	0
12	56	55	13	1.38055
13	13	15	0	0
14	17	45	7	0.562081
Instant	13
1	836	30	4	0.739437
2	35	16	0	0
3	242	53	15	2.45665
4	439	15	0	0
11	36	19	1	0
12	44	79	10	1.45773
13	13	15	0	0
14	17	49	7	0.657457
Instant	14
1	940	29	3	0.0305998
2	17	14	0	0
3	269	52	14	2.63393
4	452	15	0	0
11	41	19	0	0
12	46	40	4	0
13	13	15	0	0
14	17	46	7	0.584416
Instant	15
1	836	29	2	0.443383
2	25	14	0	0
3	245	56	16	2.51371
4	467	15	0	0
11	38	19	0	0
12	39	57	14	0.120048
13	13	15	0	0
14	18	46	8	0.532581
Instant	16
1	738	31	2	0.480769
2	15	16	1	0
3	289	52	15	2.42411
4	476	15	0	0
11	32	19	0	0
12	29	75	6	6.12245
13	14	15	0	0
14	18	47	7	0.598894
Instant	17
1	805	27	2	0.32235
2	23	16	0	0
3	244	52	16	2.5515
4	446	15	0	0
11	35	18	0	0
12	54	59	17	1.98079
13	13	15	0	0
14	16	46	7	0.641447
Instant	18
1	725	28	1	0
2	26	16	0	0
3	293	53	16	2.14583
4	436	15	0	0
11	31	20	1	0
12	47	58	11	1.62065
13	15	15	0	0
14	17	45	9	0.513122
Instant	19
1	794	26	1	0
2	27	16	0	0
3	238	55	15	3.00663
4	437	15	0	0
11	35	19	0	0
12	32	70	14	2.20629
13	13	15	0	0
14	16	45	7	0.645107
Instant	20
1	731	29	3	0.234375
2	22	17	0	0
3	235	55	16	2.8828
4	458	15	0	0
11	32	20	0	0
12	55	63	15	1.56062
13	13	15	0	0
14	18	44	6	0.591432
Instant	21
1	675	27	2	0.390625
2	32	16	0	0
3	224	55	16	3.34302
4	498	15	0	0
11	29	19	1	0
12	33	60	9	0.420168
13	12	15	0	0
14	19	42	7	0.604363
Instant	22
1	777	28	2	0.230061
2	33	15	0	0
3	242	51	15	2.68027
4	559	15	0	0
11	33	19	0	0
12	31	54	10	0.3861
13	13	15	0	0
14	22	42	6	0.482777
Instant	23
1	807	27	1	0.0356633
2	29	15	0	0
3	242	56	16	2.56591
4	582	15	0	0
11	36	20	0	0
12	32	60	12	0.60024
13	13	15	0	0
14	23	41	6	0.384325
Instant	24
1	632	25	1	0.59633
2	14	15	0	0
3	243	51	15	3.08989
4	511	15	0	0
11	28	19	0	0
12	28	60	13	0.480192
13	13	15	0	0
14	20	47	8	0.572082
Instant	25
1	644	28	2	0
2	32	18	0	0
3	229	55	16	2.99607
4	560	15	0	0
11	27	19	0	0
12	34	56	15	0.242954
13	12	15	0	0
14	22	43	6	0.547445
Instant	26
1	656	26	1	0
2	22	16	0	0
3	269	58	14	2.53527
4	591	15	0	0
11	28	19	1	0
12	47	59	15	12.425
13	14	15	0	0
14	23	42	7	0.459285
Instant	27
1	644	27	1	0
2	20	15	0	0
3	236	54	16	2.68022
4	494	15	0	0
11	28	20	1	0
12	33	66	11	2.34094
13	13	15	0	0
14	19	46	7	0.480769
Instant	28
1	632	27	2	0.274725
2	37	15	0	0
3	257	53	14	2.80331
4	494	15	0	0
11	28	20	1	0
12	48	51	17	1.98413
13	13	15	0	0
14	19	44	6	0.527646
Instant	29
1	660	28	1	0
2	33	18	0	0
3	250	54	16	2.72032
4	457	15	0	0
11	29	18	0	0
12	29	52	22	2.58103
13	13	15	0	0
14	18	44	6	0.567455
Instant	30
1	669	27	1	0
2	31	17	0	0
3	228	50	13	3.29926
4	463	15	0	0
11	29	18	0	0
12	39	58	17	2.16086
13	13	15	0	0
14	17	44	6	0.59111
Instant	31
1	651	26	2	0.178891
2	28	15	0	0
3	245	52	14	2.80847
4	438	15	0	0
11	28	19	0	0
12	32	52	23	2.48207
13	13	15	0	0
14	17	44	6	0.562081
Instant	32
1	727	30	2	0.0802568
2	33	16	0	0
3	265	57	16	2.7439
4	449	15	0	0
11	31	20	1	0
12	35	62	11	0.360144
13	14	15	0	0
14	17	44	7	0.60143
Instant	33
1	1015	26	2	0.058072
2	12	14	0	0
3	271	50	16	2.30035
4	462	15	0	0
11	43	19	0	0
12	56	63	17	3.18127
13	14	15	0	0
14	18	40	6	0.778272
Instant	34
1	754	29	2	0.64688
2	23	15	0	0
3	247	53	16	2.83149
4	415	15	0	0
11	34	20	1	0
12	13	67	16	1.21346
13	13	15	0	0
14	15	43	7	0.713028
Instant	35
1	659	28	3	0.565217
2	42	18	0	0
3	259	52	15	2.7513
4	445	15	0	0
11	29	20	0	0
12	56	61	15	3.90156
13	14	15	0	0
14	17	43	6	0.701783
Instant	36
1	779	27	2	0.218978
2	25	18	0	0
3	206	56	14	3.70763
4	459	15	0	0
11	35	18	0	0
12	41	50	19	1.92077
13	11	15	0	0
14	18	42	7	0.429389
Instant	37
1	822	27	2	0
2	31	16	0	0
3	252	55	15	2.63636
4	422	15	0	0
11	36	20	1	0
12	57	60	17	1.11759
13	13	15	0	0
14	16	45	8	0.609331
Instant	38
1	995	28	2	0
2	28	17	0	0
3	270	54	16	2.38812
4	443	15	0	0
11	43	18	0	0
12	36	51	13	0.540216
13	14	15	0	0
14	16	42	5	0.627477
Instant	39
1	908	31	3	0.194553
2	22	16	0	0
3	285	52	14	2.4276
4	389	15	0	0
11	39	19	0	0
12	40	65	15	4.02161
13	14	15	0	0
14	15	43	7	0.580959
Instant	40
1	911	29	3	0
2	19	15	0	0
3	236	52	17	2.89179
4	407	15	0	0
11	39	19	1	0
12	24	51	9	0.661886
13	13	15	0	0
14	15	42	6	0.785766
Instant	41
1	777	28	2	0.358166
2	12	15	0	0
3	255	54	14	2.87071
4	399	15	0	0
11	35	19	1	0
12	37	53	11	0.060024
13	13	15	0	0
14	15	44	7	0.688326
Instant	42
1	734	29	2	0.28
2	26	16	0	0
3	252	52	16	2.98574
4	378	15	0	0
11	32	18	0	0
12	34	69	11	7.32293
13	14	15	0	0
14	14	48	8	0.724498
Instant	43
1	729	28	2	0.36526
2	32	16	0	0
3	284	55	13	1.95246
4	408	15	0	0
11	31	19	0	0
12	34	63	10	1.76503
13	14	15	0	0
14	14	43	6	0.881295
Instant	44
1	648	27	1	0
2	17	15	0	0
3	293	56	13	2.32702
4	390	15	0	0
11	28	20	1	0
12	46	68	9	1.86074
13	15	15	0	0
14	14	43	7	0.767216
Instant	45
1	587	25	1	0.579151
2	17	15	0	0
3	239	53	16	3.10734
4	381	15	0	0
11	26	20	1	0
12	43	56	11	2.28091
13	13	15	0	0
14	13	44	8	1.00154
Instant	46
1	628	27	2	0.137363
2	16	15	0	0
3	231	53	16	2.81621
4	392	15	0	0
11	27	19	1	0.464684
12	37	62	13	2.09597
13	12	15	0	0
14	15	46	7	0.532511
Instant	47
1	694	27	1	0.124585
2	7	17	2	0
3	241	54	14	2.8481
4	404	15	0	0
11	30	19	0	0
12	39	55	20	2.22089
13	13	15	0	0
14	15	45	7	0.724638
Instant	48
1	708	26	2	0
2	37	15	0	0
3	237	58	16	2.83865
4	389	15	0	0
11	30	19	1	0
12	28	60	18	2.70108
13	12	15	0	0
14	14	44	7	0.720434
Instant	49
1	728	29	2	0
2	27	17	0	0
3	240	55	13	2.60808
4	381	15	0	0
11	31	19	0	0
12	28	46	34	2.23518
13	13	15	0	0
14	14	44	7	0.766871
Instant	50
1	734	26	1	0.510204
2	26	16	0	0
3	241	55	18	2.81134
4	403	15	0	0
11	32	18	0	0
12	40	53	9	0.360144
13	13	15	0	0
14	15	43	7	0.645924
Instant	51
1	752	28	1	0
2	30	15	0	0
3	268	53	15	2.59965
4	407	15	0	0
11	33	19	0	0
12	40	60	15	4.32173
13	14	15	0	0
14	15	42	7	0.818345
Instant	52
1	700	29	2	0
2	31	15	0	0
3	252	56	16	2.83273
4	390	15	0	0
11	30	18	0	0
12	46	69	19	1.81406
13	13	15	0	0
14	14	44	7	0.807057
Instant	53
1	671	27	1	0.0447227
2	30	15	0	0
3	241	55	16	2.89004
4	421	15	0	0
11	29	20	0	0
12	49	62	19	1.7407
13	13	15	0	0
14	15	47	6	0.470056
Instant	54
1	779	27	1	0
2	23	16	0	0
3	211	56	17	3.45528
4	404	15	0	0
11	34	18	0	0
12	41	63	10	1.80072
13	12	15	0	0
14	15	44	7	0.741679
Instant	55
1	840	27	2	0.0361272
2	33	16	0	0
3	249	54	16	2.75538
4	419	15	0	0
11	35	19	0	0
12	18	53	18	0.99283
13	13	15	0	0
14	16	44	7	0.619763
Instant	56
1	839	28	1	0
2	35	15	0	0
3	285	57	14	2.27076
4	403	15	0	0
11	36	18	0	0
12	30	47	29	4.56182
13	14	15	0	0
14	15	44	6	0.706522
Instant	57
1	725	27	2	0
2	27	16	0	0
3	261	56	15	2.72213
4	401	15	0	0
11	31	18	0	0.649351
12	47	63	12	1.86074
13	14	15	0	0
14	14	42	7	0.838192
Instant	58
1	765	29	2	0
2	19	16	0	0
3	255	57	12	2.75045
4	407	15	0	0
11	33	19	0	0
12	35	58	19	2.15113
13	14	15	0	0
14	15	46	7	0.67446
Instant	59
1	832	29	1	0
2	28	15	0	0
3	293	55	15	2.05537
4	407	15	0	0
11	35	18	0	0
12	53	69	17	1.80072
13	14	15	0	0
14	15	45	7	0.646552
Instant	60
1	721	29	2	0.23511
2	14	16	1	0
3	237	55	16	2.69417
4	397	15	0	0
11	32	19	0	0
12	47	54	18	1.86074
13	12	15	0	0
14	15	47	7	0.656435
Instant	61
1	638	29	2	0.604089
2	29	16	0	0
3	225	53	16	2.81311
4	405	15	0	0
11	27	20	0	0
12	52	65	15	1.36054
13	12	15	0	0
14	15	47	7	0.577201
Instant	62
1	640	27	1	0
2	15	15	0	0
3	284	53	18	2.1815
4	400	15	0	0
11	28	19	0	0
12	33	64	15	2.40096
13	14	15	0	0
14	15	44	7	0.603953
Instant	63
1	661	27	1	0
2	25	15	0	0
3	250	52	14	2.70522
4	402	15	0	0
11	28	19	0	0
12	38	50	14	1.92077
13	13	15	0	0
14	14	46	7	0.726744
Instant	64
1	624	30	2	0
2	12	16	0	0
3	255	57	16	2.0488
4	427	15	0	0
11	26	18	0	0
12	35	65	23	3.03365
13	13	15	0	0
14	17	44	7	0.411523
Instant	65
1	650	28	1	0
2	25	17	0	0
3	226	52	16	3.46558
4	400	15	0	0
11	29	19	0	0
12	44	63	15	1.68067
13	13	15	0	0
14	15	44	6	0.733138
Instant	66
1	622	30	2	0
2	44	16	0	0
3	286	50	16	2.46627
4	404	15	0	0
11	27	19	0	0
12	38	58	21	2.40096
13	15	15	0	0
14	14	42	8	0.634058
Instant	67
1	718	28	2	0.252525
2	27	16	0	0
3	233	55	15	2.51465
4	388	15	0	0
11	30	18	0	0
12	64	61	13	1.10314
13	12	15	0	0
14	15	49	8	0.623112
Instant	68
1	667	28	2	0
2	25	15	0	0
3	256	55	16	2.13816
4	390	15	0	0
11	30	19	1	0
12	57	58	19	1.14796
13	13	15	0	0
14	14	44	7	0.683009
Instant	69
1	716	28	2	0
2	28	16	0	0
3	242	53	14	2.90968
4	405	15	0	0
11	30	19	1	0
12	40	72	11	1.68067
13	13	15	0	0
14	15	46	7	0.724638
Instant	70
1	740	28	2	0
2	26	15	0	0
3	258	56	17	2.55055
4	392	15	0	0
11	32	19	0	0
12	32	60	12	0.3861
13	13	15	0	0
14	14	42	7	0.810358
Instant	71
1	721	29	2	0.237342
2	31	15	0	0
3	254	55	15	2.57156
4	398	15	0	0
11	32	18	0	0
12	27	62	12	0.780312
13	14	15	0	0
14	14	43	6	0.782401
Instant	72
1	778	27	1	0
2	20	16	0	0
3	218	56	17	3.6377
4	389	15	0	0
11	34	19	0	0
12	35	59	16	0.185529
13	13	15	0	0
14	15	46	7	0.64006
Instant	73
1	721	29	2	0
2	23	16	0	0
3	246	52	17	2.93296
4	409	15	0	0
11	30	19	0	0
12	31	59	17	0.24888
13	13	15	0	0
14	15	45	7	0.670601
Instant	74
1	698	27	2	0
2	39	14	0	0
3	244	50	13	2.57286
4	403	15	0	0
11	30	18	0	0
12	47	63	11	10.5642
13	13	15	0	0
14	15	44	7	0.616836
Instant	75
1	671	28	2	0.506757
2	40	15	0	0
3	237	55	16	3.09546
4	401	15	0	0
11	30	19	1	0
12	51	72	19	1.85529
13	13	15	0	0
14	15	47	7	0.547445
Instant	76
1	746	29	3	0
2	23	14	0	0
3	226	56	15	2.96116
4	392	15	0	0
11	31	18	0	0
12	59	58	18	1.24717
13	13	15	0	0
14	15	42	6	0.763785
Instant	77
1	769	28	2	0
2	38	15	0	0
3	223	51	14	3.47358
4	408	15	0	0
11	33	18	0	0
12	34	62	20	1.97704
13	13	15	0	0
14	14	42	9	0.914634
Instant	78
1	846	26	1	0
2	24	16	0	0
3	300	52	14	1.78279
4	426	15	0	0
11	37	19	0	0
12	22	62	31	2.99745
13	15	15	0	0
14	15	47	6	0.742403
Instant	79
1	691	28	2	0.252525
2	14	17	0	0
3	239	57	16	2.6479
4	396	15	0	0
11	30	19	0	0
12	49	60	19	2.09597
13	13	15	0	0
14	14	43	7	0.845588
Instant	80
1	834	25	2	0
2	21	16	0	0
3	281	56	16	2.4063
4	376	15	0	0
11	36	18	0	0
12	50	62	15	1.66976
13	14	15	0	0
14	13	46	7	0.863742
Instant	81
1	719	27	2	0
2	30	15	0	0
3	224	55	17	3.47889
4	405	15	0	0
11	31	20	1	0
12	60	69	11	1.05133
13	13	15	0	0
14	15	47	7	0.570652
Instant	82
1	601	30	3	0.564972
2	34	16	0	0
3	253	52	14	2.74775
4	404	15	0	0
11	27	19	0	0
12	51	70	12	1.45773
13	13	15	0	0
14	15	44	7	0.659321
Instant	83
1	632	29	2	0.142586
2	29	17	0	0
3	267	57	18	2.46046
4	387	15	0	0
11	27	20	1	0
12	40	61	17	2.04082
13	14	15	0	0
14	15	48	7	0.708082
Instant	84
1	606	29	2	0.280374
2	30	17	0	0
3	264	54	16	2.57867
4	391	15	0	0
11	27	19	1	0
12	56	52	13	1.54607
13	14	15	0	0
14	14	47	7	0.60907
Instant	85
1	646	27	2	0.265957
2	31	15	0	0
3	247	55	15	2.89352
4	399	15	0	0
11	28	19	1	0
12	33	64	21	1.8315
13	13	15	0	0
14	15	42	6	0.733138
Instant	86
1	725	26	2	0
2	29	16	0	0
3	258	56	14	2.20994
4	405	15	0	0
11	30	19	1	0
12	42	57	15	1.86074
13	13	15	0	0
14	15	44	7	0.587916
Instant	87
1	736	28	2	0
2	21	16	0	0
3	289	51	16	2.28224
4	423	15	0	0
11	32	18	0	0
12	57	69	13	1.92077
13	15	15	0	0
14	16	43	7	0.582406
Instant	88
1	700	28	1	0
2	23	15	0	0
3	261	56	14	2.5492
4	417	15	0	0
11	31	18	0	0
12	44	65	20	1.26862
13	14	15	0	0
14	16	41	7	0.568978
Instant	89
1	640	27	1	0.283554
2	33	15	0	0
3	234	53	13	2.92056
4	388	15	0	0
11	27	20	0	0
12	41	69	17	2.28091
13	13	15	0	0
14	14	46	7	0.821375
Instant	90
1	668	28	2	0
2	28	16	0	0
3	257	53	17	2.88979
4	391	15	0	0
11	29	19	0	0
12	50	60	21	1.84949
13	13	15	0	0
14	15	44	7	0.692365
Instant	91
1	629	29	2	0
2	25	17	0	0
3	262	51	14	2.82895
4	392	15	0	0
11	27	18	0	0.466418
12	41	63	14	1.59956
13	14	15	0	0
14	13	43	8	0.859492
Instant	92
1	658	29	2	0
2	33	16	0	0
3	262	56	19	2.37784
4	382	15	0	0
11	27	18	0	0
12	61	61	14	1.60792
13	14	15	0	0
14	14	46	8	0.717841
Instant	93
1	613	27	1	0.276753
2	21	16	0	0
3	221	56	16	3.38645
4	391	15	0	0
11	27	19	0	0
12	47	61	15	1.17502
13	12	15	0	0
14	15	46	7	0.69133
Instant	94
1	592	29	2	0.401606
2	16	16	0	0
3	291	54	14	1.72559
4	374	15	0	0
11	25	17	0	0
12	42	63	10	1.48924
13	14	15	0	0
14	14	47	7	0.846963
Instant	95
1	553	29	1	0.360082
2	26	16	1	0
3	232	54	15	3.37902
4	396	15	0	0
11	24	20	1	0
12	43	66	10	2.10084
13	13	15	0	0
14	14	43	6	0.703704
Instant	96
1	675	28	2	0
2	25	16	0	0
3	233	47	16	3.03468
4	421	15	0	0
11	28	20	1	0
12	36	62	17	1.92077
13	13	15	0	0
14	16	44	7	0.548398
Instant	97
1	676	31	3	0.129534
2	33	16	0	0
3	224	59	15	3.28695
4	405	15	0	0
11	29	18	0	0
12	42	49	32	2.14037
13	12	15	0	0
14	15	45	7	0.706522
Instant	98
1	723	26	1	0
2	27	18	0	0
3	232	52	16	2.91667
4	400	15	0	0
11	31	18	0	0
12	40	57	15	0.360144
13	12	15	0	0
14	15	44	7	0.648757
Instant	99
1	719	26	2	0.121359
2	34	17	0	0
3	299	53	16	2.09691
4	394	15	0	0
11	31	19	1	0
12	44	57	11	3.78151
13	15	15	0	0
14	14	43	7	0.768519
Instant	100
1	804	27	1	0.21398
2	17	15	0	0
3	268	55	16	2.5519
4	420	15	0	0
11	35	18	0	0
12	41	53	10	1.82019
13	14	15	0	0
14	16	42	7	0.506993
Instant	101
1	839	28	1	0
2	38	15	0	0
3	224	55	17	3.48948
4	400	15	0	0
11	36	18	0	0
12	56	65	18	1.7407
13	13	15	0	0
14	15	46	7	0.67617
Instant	102
1	816	27	2	0
2	35	15	0	0
3	286	54	13	2.53713
4	414	15	0	0
11	36	19	0	0
12	46	51	15	1.32053
13	15	15	0	0
14	16	46	8	0.540014
Instant	103
1	811	27	2	0.0364431
2	23	15	0	0
3	262	56	16	2.57417
4	384	15	0	0
11	35	18	1	0
12	46	69	9	1.82019
13	14	15	0	0
14	14	46	7	0.648855
Instant	104
1	793	29	2	0
2	36	15	0	0
3	272	54	14	2.42007
4	372	15	0	0
11	34	19	0	0
12	57	59	14	0.840336
13	14	15	0	0
14	13	47	7	0.764107
Instant	105
1	733	28	2	0.193498
2	18	17	0	0
3	214	54	16	3.26402
4	388	15	0	0
11	33	19	0	0
12	31	62	23	3.48139
13	12	15	0	0
14	15	43	7	0.660876
Instant	106
1	698	30	3	0
2	17	16	0	0
3	261	54	15	2.54545
4	387	15	0	0
11	30	19	1	0.422297
12	62	52	8	0.827358
13	13	15	0	0
14	14	46	7	0.728064
Instant	107
1	702	28	2	0
2	19	17	0	0
3	209	57	16	3.68812
4	402	15	0	0
11	30	19	1	0.250836
12	46	61	14	2.04082
13	12	15	0	0
14	15	45	7	0.818777
Instant	108
1	741	27	2	0.0805153
2	39	16	0	0
3	252	53	15	2.79751
4	404	15	0	0
11	32	19	1	0
12	27	54	11	0.60024
13	14	15	0	0
14	15	45	6	0.600437
Instant	109
1	694	28	2	0.0415282
2	16	14	0	0
3	271	53	17	2.35891
4	399	15	0	0
11	30	19	1	0
12	37	57	10	0.0485909
13	14	15	0	0
14	15	47	8	0.577346
Instant	110
1	703	28	2	0
2	33	14	0	0
3	224	53	15	3.15606
4	392	15	0	0
11	30	18	1	0
12	49	54	13	6.5051
13	12	15	0	0
14	14	48	7	0.69133
Instant	111
1	598	29	2	0.481696
2	29	16	0	0
3	254	53	15	2.6721
4	394	15	0	0
11	26	19	0	0
12	59	61	10	0.840336
13	13	15	0	0
14	14	47	6	0.855655
Instant	112
1	702	26	1	0
2	15	16	0	0
3	233	56	18	3.10721
4	408	15	0	0
11	30	20	1	0
12	40	58	17	2.04082
13	13	15	0	0
14	15	44	7	0.647482
Instant	113
1	685	28	2	0
2	32	18	0	0
3	269	54	18	2.30906
4	404	15	0	0
11	30	19	1	0
12	40	62	20	1.62065
13	14	15	0	0
14	15	44	7	0.650289
Instant	114
1	640	30	2	0.286807
2	21	16	0	0
3	249	53	17	2.55055
4	387	15	0	0
11	27	19	1	0
12	38	59	15	2.10084
13	13	15	0	0
14	14	43	7	0.77534
Instant	115
1	700	27	2	0
2	28	16	0	0
3	219	56	15	3.11891
4	393	15	0	0
11	31	19	1	0
12	51	57	12	1.98566
13	12	15	0	0
14	15	44	7	0.652985
Instant	116
1	650	29	1	0.13181
2	27	16	0	0
3	244	57	16	3.20632
4	392	15	0	0
11	29	19	1	0
12	60	68	11	0.840336
13	13	15	0	0
14	14	42	6	0.960821
Instant	117
1	639	29	2	0
2	18	15	0	0
3	273	54	15	2.0979
4	398	15	0	0
11	27	19	1	0
12	59	65	15	1.86074
13	14	15	0	0
14	14	45	8	0.690353
Instant	118
1	651	27	2	0.045208
2	16	14	0	0
3	249	56	17	2.88288
4	404	15	0	0
11	28	18	0	0
12	44	65	18	1.37893
13	14	15	0	0
14	15	41	7	0.870827
Instant	119
1	695	26	2	0.29511
2	25	15	0	0
3	243	56	18	2.88826
4	419	15	0	0
11	30	19	1	0
12	58	50	14	1.62065
13	13	15	0	0
14	15	43	7	0.664336
