	T	D	J	LP
Instant	0
1	0	0	0	0
2	0	0	0	0
3	0	0	0	0
4	0	0	0	0
11	0	0	0	0
12	0	0	0	0
13	0	0	0	0
14	0	0	0	0
Instant	1
1	329	30	3	0
2	16	18	0	0
3	66	48	11	1.4574
4	149	15	0	0
11	14	18	0	0
12	88	58	13	2.64946
13	3	15	0	0
14	4	50	11	0.252757
Instant	2
1	1834	27	2	0
2	18	16	0	0
3	73	70	17	8.75307
4	993	19	0	0
11	77	19	0	0
12	142	66	15	6.70956
13	10	15	0	0
14	38	47	4	0.623524
Instant	3
1	1386	29	2	0.393538
2	27	16	0	0
3	138	63	17	5.49007
4	945	19	1	0
11	63	20	0	0
12	110	69	21	5.23897
13	10	15	0	0
14	37	44	4	0.52051
Instant	4
1	925	28	2	0.409836
2	36	15	0	0
3	151	61	16	5.24096
4	838	17	0	0
11	41	20	0	0
12	116	67	16	3.33615
13	10	15	0	0
14	32	42	5	0.691527
Instant	5
1	812	28	2	0.211864
2	43	15	0	0
3	139	59	16	5.04079
4	747	16	0	0
11	36	19	0	0
12	106	61	23	6.80147
13	10	15	0	0
14	29	43	6	0.470958
Instant	6
1	809	30	2	0
2	19	16	1	0
3	159	62	16	4.67604
4	672	16	0	0
11	35	18	1	0
12	121	60	13	4.54963
13	10	15	0	0
14	27	47	6	0.587979
Instant	7
1	728	28	2	0
2	27	15	0	0
3	140	59	19	4.52323
4	613	16	0	0
11	31	20	1	0
12	108	60	18	12.5845
13	10	15	0	0
14	23	42	6	0.616619
Instant	8
1	808	29	2	0
2	28	15	0	0
3	152	68	15	4.94987
4	552	15	0	0
11	34	18	1	0
12	109	64	16	5.8364
13	10	15	0	0
14	21	45	6	0.651596
Instant	9
1	807	28	2	0.106534
2	23	16	0	0
3	140	60	17	4.86453
4	500	15	0	0
11	36	19	0	0
12	126	62	21	17.0037
13	10	15	0	0
14	19	44	7	0.593494
Instant	10
1	770	29	2	0.0381679
2	26	14	0	0
3	148	58	18	5
4	487	15	0	0
11	33	18	0	0
12	134	64	17	6.79899
13	10	15	0	0
14	19	44	6	0.472689
Instant	11
1	815	28	1	0
2	28	15	0	0
3	132	60	19	5.44154
4	456	15	0	0
11	35	19	0	0
12	125	58	18	6.89338
13	10	15	0	0
14	17	45	7	0.642673
Instant	12
1	707	29	2	0
2	17	16	0	0
3	148	60	16	4.96324
4	462	15	0	0
11	30	19	1	0.249169
12	130	67	21	6.93934
13	10	15	0	0
14	17	43	6	0.805942
Instant	13
1	584	30	2	0.0984252
2	23	17	0	0
3	136	62	21	5.38903
4	483	15	0	0
11	26	19	1	0
12	128	66	23	6.2128
13	9	15	0	0
14	18	44	6	0.487211
Instant	14
1	591	27	2	0.641026
2	10	18	0	0
3	151	56	17	4.33168
4	487	15	0	0
11	26	19	1	0
12	110	61	20	7.67463
13	10	15	0	0
14	19	44	7	0.52521
Instant	15
1	571	30	2	0
2	17	16	0	0
3	179	61	15	3.56322
4	443	15	0	0
11	25	19	1	0
12	118	73	22	6.70956
13	10	15	0	0
14	17	45	7	0.585422
Instant	16
1	620	26	1	0
2	16	15	0	0
3	127	58	19	5.37109
4	464	15	0	0
11	26	19	1	0
12	105	67	19	7.93919
13	9	15	0	0
14	17	43	7	0.62421
Instant	17
1	606	26	1	0
2	16	16	0	0
3	142	62	19	4.55696
4	427	15	0	0
11	26	20	1	0
12	105	60	18	7.95037
13	10	15	0	0
14	16	49	6	0.796233
Instant	18
1	552	28	1	0.463918
2	29	15	0	0
3	148	59	18	5.21341
4	423	15	0	0
11	24	19	1	0
12	98	67	24	6.84743
13	10	15	0	0
14	15	43	6	0.776934
Instant	19
1	573	27	2	0.3
2	36	15	0	0
3	138	55	16	5.18072
4	427	15	0	0
11	25	20	1	0
12	112	60	20	8.78378
13	10	15	0	0
14	15	41	7	0.875687
Instant	20
1	550	28	2	0.425532
2	39	15	0	0
3	144	56	16	4.93003
4	448	15	0	0
11	24	20	0	0
12	117	61	18	4.09007
13	9	15	0	0
14	17	44	6	0.638089
Instant	21
1	611	28	1	0
2	42	16	0	0
3	149	55	18	5.01152
4	420	15	0	0
11	26	18	0	0
12	106	67	17	8.27206
13	10	15	0	0
14	16	46	8	0.573713
Instant	22
1	577	28	1	0.0514403
2	20	16	0	0
3	141	67	14	5.2439
4	430	15	0	0
11	24	19	1	0.304878
12	127	62	17	4.05405
13	10	15	0	0
14	16	43	7	0.569728
Instant	23
1	591	29	2	0
2	27	17	0	0
3	137	62	20	4.7619
4	407	15	0	0
11	25	18	0	0
12	106	59	22	13.0055
13	9	15	0	0
14	14	43	7	0.890288
Instant	24
1	605	27	2	0.0968992
2	25	15	0	0
3	147	64	18	5.00622
4	465	15	0	0
11	26	18	0	0
12	119	69	15	9.14522
13	10	15	0	0
14	18	42	6	0.659548
Instant	25
1	599	28	1	0
2	34	15	0	0
3	141	59	19	4.9569
4	442	15	0	0
11	26	18	0	0
12	86	62	19	4.46429
13	10	15	0	0
14	16	46	7	0.654841
Instant	26
1	557	29	1	0.316456
2	19	16	0	0
3	160	60	19	4.75352
4	420	15	0	0
11	24	20	1	0
12	157	65	19	9.375
13	10	15	0	0
14	16	45	7	0.646853
Instant	27
1	603	27	2	0
2	17	17	0	0
3	146	57	16	5.01803
4	443	15	0	0
11	26	19	1	0
12	128	63	18	5.88235
13	10	15	0	0
14	16	42	6	0.734808
Instant	28
1	599	26	1	0
2	22	17	0	0
3	135	61	18	4.91294
4	415	15	0	0
11	26	20	1	0
12	96	68	19	10.2865
13	9	15	0	0
14	15	45	7	0.697387
Instant	29
1	613	27	1	0
2	15	16	0	0
3	161	60	16	4.73356
4	424	15	0	0
11	26	19	1	0
12	122	65	17	3.86029
13	10	15	0	0
14	16	45	7	0.675208
Instant	30
1	585	28	2	0
2	32	14	0	0
3	138	57	21	5.47649
4	446	15	0	0
11	25	19	1	0
12	125	61	17	8.31802
13	10	15	0	0
14	17	44	6	0.516055
Instant	31
1	571	30	1	0
2	28	14	0	0
3	156	60	19	4.53233
4	412	15	0	0
11	24	19	1	0
12	119	62	20	6.29223
13	10	15	0	0
14	16	47	7	0.57706
Instant	32
1	606	27	1	0
2	18	14	0	0
3	149	60	15	4.71411
4	400	15	0	0
11	26	19	1	0
12	120	55	20	6.43382
13	10	15	0	0
14	14	43	7	0.858918
Instant	33
1	560	27	2	0.613497
2	24	16	0	0
3	141	60	19	4.93902
4	408	15	0	0
11	25	18	0	0
12	132	70	17	13.6949
13	10	15	0	0
14	15	43	6	0.905667
Instant	34
1	604	28	1	0
2	28	16	0	0
3	141	62	16	5.40541
4	437	15	0	0
11	25	18	0	0
12	114	64	21	7.22128
13	10	15	0	0
14	17	46	7	0.477547
Instant	35
1	614	27	1	0
2	27	16	0	0
3	140	61	18	5.08685
4	403	15	0	0
11	27	19	0	0
12	159	66	15	5.69853
13	10	15	0	0
14	14	42	7	0.733696
Instant	36
1	591	28	2	0
2	25	15	0	0
3	144	62	20	4.8744
4	410	15	0	0
11	26	19	0	0
12	114	64	19	6.20404
13	10	15	0	0
14	15	45	8	0.73319
Instant	37
1	613	26	1	0
2	22	15	0	0
3	150	65	15	4.71755
4	412	15	0	0
11	26	19	0	0
12	108	68	21	7.51488
13	10	15	0	0
14	15	46	7	0.702347
Instant	38
1	623	26	2	0
2	26	16	0	0
3	130	61	20	6.03554
4	421	15	0	0
11	27	19	1	0
12	115	55	21	7.03125
13	10	15	0	0
14	16	43	7	0.536704
Instant	39
1	646	28	2	0
2	26	16	0	0
3	145	57	20	4.4099
4	401	15	0	0
11	28	19	1	0
12	106	70	16	5.46875
13	9	15	0	0
14	15	44	7	0.703582
Instant	40
1	533	29	2	0.824176
2	21	16	0	0
3	152	61	18	5.04279
4	418	15	0	0
11	23	18	0	0
12	105	67	14	5.02534
13	10	15	0	0
14	16	42	7	0.657433
Instant	41
1	546	31	2	0.314465
2	21	17	0	0
3	139	60	20	4.61491
4	406	15	0	0
11	24	18	0	0
12	129	64	17	8.86948
13	10	15	0	0
14	16	47	7	0.484914
Instant	42
1	575	28	1	0
2	26	16	0	0
3	138	64	14	5.16917
4	389	15	0	0
11	24	19	1	0
12	101	65	21	6.61765
13	10	15	0	0
14	14	43	7	0.722598
Instant	43
1	538	28	2	0.626305
2	32	17	0	0
3	144	58	18	5.17677
4	416	15	0	0
11	24	19	1	0
12	150	64	14	13.7247
13	10	15	0	0
14	15	45	7	0.827465
Instant	44
1	570	28	1	0.257732
2	18	15	0	0
3	134	61	21	4.95466
4	425	15	0	0
11	24	20	1	0
12	109	65	16	6.02022
13	9	15	0	0
14	16	46	7	0.661967
Instant	45
1	572	29	1	0
2	29	15	0	0
3	143	60	18	4.92874
4	437	15	0	0
11	25	19	1	0
12	98	68	17	4.31985
13	10	15	0	0
14	16	42	6	0.658333
Instant	46
1	569	28	2	0
2	37	15	0	0
3	143	58	16	5.50351
4	405	15	0	0
11	24	19	0	0
12	92	60	17	4.98311
13	10	15	0	0
14	15	45	7	0.794798
Instant	47
1	599	28	1	0.644841
2	11	15	0	0
3	135	63	17	5.41562
4	398	15	0	0
11	25	18	0	0
12	101	69	13	15.0276
13	9	15	0	0
14	14	43	7	0.726103
Instant	48
1	571	28	1	0
2	20	17	0	0
3	147	57	19	4.36047
4	439	15	0	0
11	25	19	1	0
12	96	67	17	9.69669
13	9	15	0	0
14	17	44	6	0.568942
Instant	49
1	591	28	2	0.347222
2	18	15	0	0
3	143	56	19	4.77494
4	404	15	0	0
11	25	18	0	0
12	88	67	16	4.79911
13	10	15	0	0
14	15	42	7	0.721501
Instant	50
1	566	29	2	0.303644
2	20	17	0	0
3	163	57	17	4.39759
4	422	15	0	0
11	25	19	1	0
12	85	67	14	8.68566
13	10	15	0	0
14	16	45	7	0.572917
Instant	51
1	585	28	2	0.308642
2	25	17	0	0
3	146	58	20	4.24757
4	428	15	0	0
11	24	18	0	0
12	139	64	17	5.74449
13	10	15	0	0
14	15	44	7	0.657445
Instant	52
1	589	27	1	0
2	26	15	0	0
3	151	60	18	5.23529
4	448	15	0	0
11	26	19	1	0
12	106	66	19	5.33854
13	10	15	0	0
14	17	45	7	0.711715
Instant	53
1	592	27	1	0
2	12	15	0	0
3	133	59	17	5.55905
4	458	15	0	0
11	26	19	1	0
12	74	58	24	5.51471
13	10	15	0	0
14	17	43	6	0.534802
Instant	54
1	582	29	2	0
2	26	15	0	0
3	145	55	16	4.76485
4	450	15	0	0
11	25	19	1	0
12	110	64	15	3.67647
13	10	15	0	0
14	18	46	6	0.495774
Instant	55
1	543	29	2	0.423729
2	43	15	0	0
3	159	58	18	4.23729
4	462	15	0	0
11	24	19	1	0
12	87	63	20	9.67061
13	10	15	0	0
14	18	43	6	0.475888
Instant	56
1	545	29	2	0.154959
2	14	16	0	0
3	126	62	18	5.16447
4	476	15	0	0
11	24	19	1	0
12	112	58	17	4.6875
13	9	15	0	0
14	18	42	6	0.608066
Instant	57
1	620	26	2	0.286807
2	16	16	0	0
3	140	56	16	5.58894
4	398	15	0	0
11	26	19	1	0
12	105	65	23	21.1397
13	10	15	0	0
14	14	45	7	0.65066
Instant	58
1	581	28	2	0.050813
2	27	17	0	0
3	140	59	17	5.20335
4	388	15	0	0
11	25	19	1	0
12	132	62	18	5.36318
13	10	15	0	0
14	15	49	8	0.793051
Instant	59
1	542	29	2	0.21322
2	19	14	0	0
3	142	56	19	5.04227
4	418	15	0	0
11	24	19	1	0
12	128	60	18	4.04412
13	10	15	0	0
14	15	44	8	0.647759
Instant	60
1	546	28	1	0.679916
2	27	16	0	0
3	153	58	16	4.72155
4	416	15	0	0
11	24	19	1	0
12	130	63	17	4.2739
13	10	15	0	0
14	16	47	7	0.589789
Instant	61
1	627	26	1	0
2	32	16	0	0
3	162	61	16	4.37063
4	456	15	0	0
11	27	18	0	0
12	105	60	16	8.22173
13	10	15	0	0
14	17	45	6	0.675676
Instant	62
1	581	29	2	0.0504032
2	34	16	0	0
3	161	56	18	4.1764
4	402	15	0	0
11	25	20	1	0
12	133	68	15	3.67647
13	10	15	0	0
14	15	45	8	0.783528
Instant	63
1	541	29	2	0.694444
2	12	16	0	0
3	143	58	17	5.32635
4	386	15	0	0
11	23	19	1	0
12	121	65	20	19.1176
13	10	15	0	0
14	14	43	7	0.853566
Instant	64
1	571	29	2	0
2	24	17	0	0
3	138	60	15	4.76485
4	404	15	0	0
11	25	19	1	0
12	107	67	22	8.36149
13	10	15	0	0
14	15	46	8	0.733696
Instant	65
1	599	28	1	0
2	24	17	0	0
3	140	57	18	5.8584
4	401	15	0	0
11	25	19	1	0
12	111	69	17	4.50368
13	9	15	0	0
14	15	45	6	0.646866
Instant	66
1	599	28	2	0
2	26	16	0	0
3	157	57	16	4.28322
4	396	15	0	0
11	26	18	0	0
12	78	59	25	4.13603
13	10	15	0	0
14	15	45	7	0.637001
Instant	67
1	592	28	2	0
2	24	15	0	0
3	157	59	19	4.55336
4	394	15	0	0
11	26	19	1	0
12	81	66	16	7.51689
13	10	15	0	0
14	14	46	7	0.58247
Instant	68
1	620	27	1	0
2	18	16	0	0
3	136	58	19	5.47445
4	415	15	0	0
11	25	19	1	0
12	127	65	18	3.95508
13	10	15	0	0
14	15	42	7	0.715042
Instant	69
1	549	28	2	0.308642
2	30	16	0	0
3	148	62	17	4.99395
4	369	15	0	0
11	25	19	0	0
12	120	59	16	2.61949
13	10	15	0	0
14	13	46	7	0.799763
Instant	70
1	566	29	2	0.311203
2	34	17	0	0
3	144	53	18	4.89822
4	410	15	0	0
11	24	19	1	0
12	88	69	20	6.96791
13	9	15	0	0
14	15	42	6	0.761103
Instant	71
1	606	27	1	0
2	22	16	0	0
3	139	58	18	5.23691
4	416	15	0	0
11	26	19	0	0
12	110	62	18	4.73346
13	9	15	0	0
14	15	42	6	0.68662
Instant	72
1	556	28	2	0.0512295
2	29	17	0	0
3	151	61	21	4.36747
4	388	15	0	0
11	24	19	0	0
12	128	57	16	17.7083
13	10	15	0	0
14	14	47	8	0.810709
Instant	73
1	577	28	2	0.359343
2	13	16	0	0
3	134	57	18	5.20833
4	406	15	0	0
11	25	19	1	0
12	105	63	19	3.5061
13	9	15	0	0
14	15	44	8	0.676407
Instant	74
1	600	28	1	0.290698
2	22	15	0	0
3	161	56	17	4.21546
4	385	15	0	0
11	26	18	0	0
12	119	65	16	9.55882
13	10	15	0	0
14	14	45	7	0.643939
Instant	75
1	570	28	2	0.0502008
2	23	14	0	0
3	149	62	18	5.18072
4	417	15	0	0
11	25	20	1	0
12	112	72	16	27.3201
13	10	15	0	0
14	15	43	6	0.660211
Instant	76
1	592	28	1	0
2	17	15	0	0
3	135	63	21	5.07614
4	384	15	0	0
11	25	20	1	0
12	135	64	18	7.8125
13	9	15	0	0
14	14	46	7	0.732496
Instant	77
1	578	28	2	0.301205
2	35	16	0	0
3	144	63	18	5.02392
4	391	15	0	0
11	25	18	0	0
12	144	68	18	6.05469
13	10	15	0	0
14	14	45	6	0.90756
Instant	78
1	560	28	2	0.366109
2	21	17	0	0
3	128	59	19	5.48246
4	377	15	0	0
11	24	20	1	0
12	127	58	21	6.93359
13	9	15	0	0
14	14	45	8	0.656878
Instant	79
1	568	26	1	0
2	16	16	0	0
3	140	61	17	5.29084
4	400	15	0	0
11	25	19	1	0
12	139	69	16	5.06757
13	9	15	0	0
14	15	44	6	0.768668
Instant	80
1	627	26	1	0
2	30	18	0	0
3	128	57	22	5.34398
4	367	15	0	0
11	27	18	0	0
12	128	57	21	5.35038
13	10	15	0	0
14	13	46	8	0.735294
Instant	81
1	606	26	1	0
2	16	17	0	0
3	155	63	18	4.71014
4	404	15	0	0
11	26	19	1	0
12	120	69	16	4.40341
13	10	15	0	0
14	14	47	7	0.7369
Instant	82
1	606	25	1	0.287356
2	29	15	0	0
3	145	58	19	5
4	376	15	0	0
11	26	19	0	0
12	108	63	21	7.32143
13	10	15	0	0
14	13	46	6	0.846963
Instant	83
1	615	26	1	0
2	24	18	0	0
3	148	63	15	4.77667
4	382	15	0	0
11	26	19	1	0
12	137	65	17	13.0682
13	10	15	0	0
14	14	48	8	0.830153
Instant	84
1	567	27	2	0.19802
2	21	15	0	0
3	138	57	18	4.94924
4	406	15	0	0
11	25	20	1	0
12	127	62	18	7.05492
13	9	15	0	0
14	15	47	8	0.667388
Instant	85
1	627	26	2	0.0478011
2	22	15	0	0
3	147	58	17	4.77667
4	425	15	0	0
11	26	19	1	0
12	134	60	18	6.00962
13	9	15	0	0
14	16	45	6	0.593191
Instant	86
1	592	27	1	0.294118
2	23	16	0	0
3	140	61	17	4.9812
4	387	15	0	0
11	26	18	0	0
12	135	67	18	5.00919
13	9	15	0	0
14	15	46	7	0.697587
Instant	87
1	599	28	1	0
2	25	16	0	0
3	163	61	19	4.662
4	421	15	0	0
11	26	18	0	0
12	134	65	17	7.49081
13	10	15	0	0
14	15	45	7	0.610181
Instant	88
1	592	27	1	0
2	15	16	0	0
3	138	58	18	5.20833
4	375	15	0	0
11	26	19	0	0
12	118	69	16	6.16554
13	10	15	0	0
14	14	46	7	0.892857
Instant	89
1	613	27	1	0
2	24	17	0	0
3	134	54	16	5.34301
4	399	15	0	0
11	25	19	1	0
12	108	63	19	4.59559
13	9	15	0	0
14	15	43	7	0.769795
Instant	90
1	599	28	2	0
2	27	16	0	0
3	123	61	15	5.67043
4	402	15	0	0
11	26	18	0	0
12	109	63	15	4.00391
13	9	15	0	0
14	15	43	6	0.839416
Instant	91
1	599	27	1	0
2	31	16	0	0
3	136	59	20	5.13447
4	389	15	0	0
11	26	19	1	0
12	113	62	22	11.9088
13	10	15	0	0
14	14	45	8	0.833958
Instant	92
1	580	30	2	0.100806
2	40	16	0	0
3	157	58	16	4.83683
4	428	15	0	0
11	25	18	1	0
12	136	63	18	10.2746
13	10	15	0	0
14	16	44	7	0.666895
Instant	93
1	556	29	2	0.316456
2	34	15	0	0
3	131	59	18	5.31716
4	433	15	0	0
11	24	18	0	0
12	109	66	23	9.42235
13	10	15	0	0
14	16	40	7	0.845737
Instant	94
1	626	26	1	0
2	28	15	0	0
3	165	58	18	4.28322
4	432	15	0	0
11	27	18	0	0
12	95	60	18	4.77196
13	10	15	0	0
14	16	48	8	0.534261
Instant	95
1	576	29	2	0.050813
2	26	16	0	0
3	140	62	18	5.2032
4	429	15	0	0
11	25	20	0	0
12	109	62	16	6.84743
13	10	15	0	0
14	16	46	7	0.648907
Instant	96
1	596	28	2	0
2	27	15	0	0
3	151	55	18	5
4	426	15	0	0
11	26	18	0	0
12	126	67	15	7.16912
13	10	15	0	0
14	15	44	7	0.720165
Instant	97
1	606	26	1	0
2	25	15	0	0
3	142	61	19	4.74453
4	415	15	0	0
11	25	20	1	0
12	94	59	16	5.79268
13	10	15	0	0
14	16	43	7	0.775741
Instant	98
1	589	29	2	0
2	36	15	0	0
3	140	61	18	5.25672
4	376	15	0	0
11	26	18	0	0
12	132	64	20	5.46875
13	10	15	0	0
14	13	46	7	0.834627
Instant	99
1	575	28	1	0
2	29	17	0	0
3	156	61	18	4.60843
4	405	15	0	0
11	24	21	1	0
12	138	63	18	3.72243
13	10	15	0	0
14	15	42	6	0.768813
Instant	100
1	572	28	2	0.35497
2	31	15	0	0
3	143	62	15	4.82187
4	401	15	0	0
11	25	20	1	0
12	127	61	19	4.18074
13	10	15	0	0
14	15	42	6	0.700509
Instant	101
1	652	29	3	0
2	32	14	0	0
3	151	58	20	5.15553
4	391	15	0	0
11	29	19	1	0
12	101	57	21	21.4614
13	10	15	0	0
14	14	44	8	0.871439
Instant	102
1	692	29	2	0.253807
2	24	15	0	0
3	151	58	15	4.8282
4	432	15	0	0
11	30	19	1	0
12	131	67	22	5.65257
13	10	15	0	0
14	16	44	7	0.558187
Instant	103
1	637	28	2	0
2	30	15	0	0
3	120	56	17	6.29795
4	395	15	0	0
11	27	20	1	0
12	110	63	20	10.0084
13	9	15	0	0
14	15	45	7	0.778932
Instant	104
1	685	25	1	0.042735
2	20	15	0	0
3	168	58	16	4.03132
4	430	15	0	0
11	29	18	0	0
12	121	64	22	8.31802
13	10	15	0	0
14	16	45	6	0.654762
Instant	105
1	575	26	2	0.763747
2	16	15	0	0
3	153	57	17	4.4686
4	409	15	0	0
11	25	18	0	0
12	120	60	19	7.21507
13	10	15	0	0
14	15	45	7	0.637572
Instant	106
1	526	29	2	0.321888
2	31	15	0	0
3	160	63	16	4.24584
4	388	15	0	0
11	23	19	1	0
12	111	68	16	6.37669
13	10	15	0	0
14	14	45	7	0.817669
Instant	107
1	611	26	1	0
2	19	15	0	0
3	138	64	22	5.06098
4	386	15	0	0
11	25	20	1	0
12	129	71	15	6.70956
13	10	15	0	0
14	14	44	7	0.746974
Instant	108
1	613	26	1	0
2	36	16	0	0
3	137	64	17	5.45906
4	372	15	0	0
11	26	20	1	0
12	141	61	14	8.27206
13	10	15	0	0
14	14	47	7	0.895669
Instant	109
1	591	28	1	0
2	29	17	0	0
3	142	62	18	5.14888
4	416	15	0	0
11	25	20	1	0
12	120	68	16	6.02679
13	9	15	0	0
14	16	45	7	0.669958
Instant	110
1	600	28	1	0
2	18	17	0	0
3	148	59	16	4.85612
4	425	15	0	0
11	26	19	0	0
12	146	59	18	6.88477
13	10	15	0	0
14	16	41	6	0.517241
Instant	111
1	609	27	1	0
2	30	16	0	0
3	155	57	17	4.8031
4	411	15	0	0
11	26	18	0	0
12	102	63	24	5.65257
13	10	15	0	0
14	15	46	7	0.683594
Instant	112
1	612	27	1	0
2	22	15	0	0
3	140	56	19	4.8031
4	407	15	0	0
11	26	18	0	0
12	118	69	21	5.74324
13	10	15	0	0
14	15	46	7	0.557554
Instant	113
1	583	27	2	0.351406
2	20	17	0	0
3	161	68	15	4.27476
4	424	15	0	0
11	25	19	0	0
12	108	71	19	7.44485
13	10	15	0	0
14	16	43	6	0.854627
Instant	114
1	559	28	2	0.302419
2	19	15	0	0
3	143	59	18	5.46482
4	434	15	0	0
11	25	18	0	0
12	106	62	20	4.91728
13	10	15	0	0
14	16	43	6	0.826586
Instant	115
1	594	28	1	0.0497018
2	31	16	0	0
3	134	61	19	4.92912
4	464	15	0	0
11	25	20	0	0
12	108	58	18	5.70101
13	9	15	0	0
14	17	41	6	0.591856
Instant	116
1	558	29	2	0.422833
2	38	16	0	0
3	152	58	19	4.30425
4	454	15	0	0
11	23	20	1	0
12	143	62	17	17.0037
13	10	15	0	0
14	18	47	7	0.475193
Instant	117
1	625	26	1	0.0459559
2	24	15	0	0
3	159	61	17	5.0464
4	428	15	0	0
11	27	18	0	0
12	146	69	16	5.69853
13	10	15	0	0
14	15	46	6	0.736301
Instant	118
1	577	29	2	0
2	16	15	0	0
3	144	59	20	4.43955
4	434	15	0	0
11	24	19	1	0
12	110	67	16	6.50338
13	9	15	0	0
14	16	40	6	0.684122
Instant	119
1	600	27	1	0
2	26	15	0	0
3	154	59	18	4.39759
4	393	15	0	0
11	25	20	1	0
12	82	61	20	5.14706
13	10	15	0	0
14	15	44	8	0.845097
