	T	D	J	LP
Instant	0
1	0	0	0	0
2	0	0	0	0
3	0	0	0	0
4	0	0	0	0
11	0	0	0	0
12	0	0	0	0
13	0	0	0	0
14	0	0	0	0
Instant	1
1	329	30	3	0
2	22	18	0	0
3	120	44	8	0.868056
4	133	15	0	0
11	14	18	0	0
12	43	65	13	5.59006
13	5	15	0	0
14	3	47	11	0.433673
Instant	2
1	1834	27	2	0
2	41	16	0	0
3	336	53	13	2.01672
4	930	17	0	0
11	77	19	0	0
12	32	58	27	5.12712
13	17	15	0	0
14	36	46	4	0.558879
Instant	3
1	1578	30	2	0.0921829
2	32	16	0	0
3	355	52	14	1.60162
4	962	17	0	0
11	70	18	0	0
12	27	60	17	0.459559
13	17	15	0	0
14	39	45	4	0.525915
Instant	4
1	1184	30	3	0
2	13	16	0	0
3	328	50	15	1.92308
4	813	16	0	0
11	52	19	0	0
12	17	56	14	0.971284
13	16	15	0	0
14	32	43	5	0.546423
Instant	5
1	1082	28	2	0
2	35	17	0	0
3	326	50	12	2.05882
4	626	16	0	0
11	47	20	1	0
12	12	58	19	1.01103
13	17	15	0	0
14	25	45	6	0.584659
Instant	6
1	1021	31	3	0.112994
2	35	16	0	0
3	319	49	15	2.09953
4	582	15	0	0
11	45	19	0	0
12	18	57	17	1.01103
13	16	15	0	0
14	22	49	6	0.540744
Instant	7
1	884	29	2	0.494071
2	20	15	0	0
3	346	44	14	1.77253
4	476	15	0	0
11	39	18	0	0
12	20	77	16	0.591216
13	16	15	0	0
14	18	48	7	0.625
Instant	8
1	882	28	3	0
2	11	15	0	0
3	337	46	13	1.62884
4	432	15	0	0
11	38	19	0	0
12	14	72	15	1.01103
13	17	15	0	0
14	16	46	7	0.701962
Instant	9
1	804	29	2	0
2	30	16	0	0
3	310	49	12	2.05645
4	424	15	0	0
11	35	18	0	0
12	21	71	20	0.689338
13	15	15	0	0
14	15	43	7	0.638812
Instant	10
1	792	30	2	0
2	20	15	0	0
3	346	47	13	1.56934
4	387	15	0	0
11	35	19	0	0
12	17	64	19	0.633446
13	17	15	0	0
14	14	45	7	0.830816
Instant	11
1	740	29	2	0.282714
2	32	16	0	0
3	349	48	12	1.69367
4	400	15	0	0
11	32	20	1	0
12	25	73	17	0.459559
13	17	15	0	0
14	15	45	8	0.744485
Instant	12
1	678	29	2	0
2	22	15	0	0
3	352	48	15	1.67394
4	403	15	0	0
11	29	19	1	0
12	26	62	18	0.551471
13	17	15	0	0
14	15	43	7	0.672238
Instant	13
1	655	28	2	0.358423
2	22	14	0	0
3	353	47	13	1.68303
4	398	15	0	0
11	28	20	1	0
12	25	67	20	0.372024
13	18	15	0	0
14	14	44	7	0.813231
Instant	14
1	644	27	2	0
2	27	14	0	0
3	305	54	16	1.96721
4	401	15	0	0
11	28	19	1	0
12	22	67	18	0.689338
13	15	15	0	0
14	15	47	7	0.67617
Instant	15
1	608	30	2	0
2	27	16	0	0
3	278	52	14	2.50439
4	418	15	0	0
11	26	18	0	0
12	10	59	15	0.919118
13	14	15	0	0
14	16	46	7	0.543478
Instant	16
1	613	27	0	0
2	24	14	0	0
3	343	50	13	1.55579
4	394	15	0	0
11	26	19	1	0
12	20	69	28	0.886824
13	17	15	0	0
14	14	44	7	0.798663
Instant	17
1	608	26	1	0
2	25	16	0	0
3	325	50	13	1.92901
4	417	15	0	0
11	27	19	0	0
12	18	73	19	0.689338
13	16	15	0	0
14	15	42	7	0.659283
Instant	18
1	598	26	1	0
2	13	15	0	0
3	330	46	14	1.90422
4	419	15	0	0
11	25	20	1	0
12	18	59	22	0.735294
13	17	15	0	0
14	16	47	8	0.568182
Instant	19
1	529	29	2	0.37797
2	28	16	0	0
3	355	45	15	1.66667
4	417	15	0	0
11	23	19	1	0
12	13	61	23	1.05574
13	17	15	0	0
14	16	43	7	0.666199
Instant	20
1	575	28	1	0.302419
2	27	16	0	0
3	335	49	14	1.7587
4	433	15	0	0
11	25	19	1	0
12	14	52	22	0.827206
13	16	15	0	0
14	16	44	7	0.74224
Instant	21
1	627	26	1	0
2	22	16	0	0
3	323	49	15	1.76887
4	460	15	0	0
11	27	18	0	0
12	20	68	18	0.965074
13	16	15	0	0
14	18	44	7	0.429936
Instant	22
1	613	27	1	0
2	20	14	0	0
3	343	47	13	1.46723
4	407	15	0	0
11	26	18	0	0
12	21	61	20	0.506757
13	16	15	0	0
14	14	45	6	0.864553
Instant	23
1	592	29	2	0
2	31	15	0	0
3	342	44	14	1.63123
4	391	15	0	0
11	25	20	1	0
12	20	55	25	0.827206
13	17	15	0	0
14	14	47	7	0.708955
Instant	24
1	599	27	1	0
2	30	16	0	0
3	364	47	11	1.67379
4	386	15	0	0
11	26	19	1	0
12	14	65	19	0.919118
13	17	15	0	0
14	14	45	7	0.854863
Instant	25
1	591	27	1	0
2	21	15	0	0
3	320	50	13	2.08333
4	389	15	0	0
11	25	20	1	0
12	18	55	16	0.595238
13	16	15	0	0
14	14	47	7	0.776572
Instant	26
1	554	28	2	0.317797
2	23	16	0	0
3	310	47	14	1.72144
4	404	15	0	0
11	24	19	1	0
12	18	60	23	39.8438
13	16	15	0	0
14	15	46	7	0.690407
Instant	27
1	602	27	1	0.193798
2	28	17	0	0
3	317	49	15	2.01677
4	411	15	0	0
11	26	19	0	0
12	29	73	17	1.74632
13	15	15	0	0
14	16	46	7	0.507479
Instant	28
1	606	26	2	0
2	24	15	0	0
3	269	53	13	2.03488
4	452	15	0	0
11	26	20	1	0
12	24	74	29	2.47396
13	14	15	0	0
14	18	45	8	0.477655
Instant	29
1	606	27	1	0
2	22	15	0	0
3	345	42	13	1.91048
4	423	15	0	0
11	26	19	1	0
12	49	67	17	1.1489
13	17	15	0	0
14	15	46	6	0.701177
Instant	30
1	606	26	1	0
2	18	16	0	0
3	316	50	12	1.94575
4	431	15	0	0
11	26	20	1	0
12	33	64	16	1.51654
13	16	15	0	0
14	17	44	6	0.653872
Instant	31
1	620	27	1	0
2	31	14	0	0
3	264	50	13	2.43304
4	428	15	0	0
11	26	18	0	0
12	22	74	18	2.36486
13	14	15	0	0
14	16	44	6	0.659247
Instant	32
1	585	29	1	0
2	21	16	0	0
3	310	52	11	1.63043
4	449	15	0	0
11	25	18	0	0
12	16	60	22	0.505515
13	15	15	0	0
14	17	45	7	0.555556
Instant	33
1	588	29	2	0
2	15	17	0	0
3	340	50	13	1.83206
4	421	15	0	0
11	25	18	1	0
12	34	60	18	3.67647
13	16	15	0	0
14	16	44	7	0.69541
Instant	34
1	607	26	1	0
2	21	15	0	0
3	349	52	14	1.20791
4	420	15	0	0
11	27	20	1	0
12	27	69	15	1.85811
13	17	15	0	0
14	16	45	8	0.635446
Instant	35
1	550	26	1	0.365344
2	38	16	0	0
3	314	50	14	2.0633
4	418	15	0	0
11	24	19	1	0
12	34	68	19	1.33272
13	15	15	0	0
14	15	46	7	0.734266
Instant	36
1	618	27	1	0
2	30	16	0	0
3	330	49	15	1.68196
4	411	15	0	0
11	26	18	0	0
12	35	70	21	1.88419
13	16	15	0	0
14	15	43	6	0.767857
Instant	37
1	615	29	2	0
2	22	15	0	0
3	318	46	13	2.06107
4	395	15	0	0
11	27	19	0	0
12	11	70	29	0.78125
13	16	15	0	0
14	14	42	7	0.822855
Instant	38
1	649	29	2	0
2	17	17	0	0
3	320	50	17	1.80818
4	378	15	0	0
11	27	18	0	0
12	13	62	30	0.965074
13	15	15	0	0
14	14	45	7	0.786102
Instant	39
1	639	29	2	0.045208
2	26	16	0	0
3	318	49	13	1.97674
4	391	15	0	0
11	28	19	1	0
12	13	67	29	1.19485
13	16	15	0	0
14	14	44	7	0.725446
Instant	40
1	682	27	2	0
2	35	16	0	0
3	307	49	13	2.00567
4	402	15	0	0
11	30	19	1	0
12	7	76	24	1.22466
13	15	15	0	0
14	15	44	7	0.656934
Instant	41
1	802	28	2	0.074184
2	21	15	0	0
3	368	49	13	1.45597
4	384	15	0	0
11	34	18	1	0
12	25	70	21	0.413603
13	17	15	0	0
14	14	46	7	0.86305
Instant	42
1	725	30	3	0.36
2	23	15	0	0
3	335	45	10	1.47829
4	398	15	0	0
11	32	19	0	0
12	16	65	25	0.735294
13	17	15	0	0
14	15	46	8	0.553097
Instant	43
1	649	30	2	0
2	29	16	0	0
3	303	51	14	2.0122
4	410	15	0	0
11	28	19	1	0
12	13	73	20	0.844595
13	15	15	0	0
14	16	44	7	0.625894
Instant	44
1	689	28	2	0
2	40	16	0	0
3	305	48	15	2.5
4	377	15	0	0
11	30	20	1	0
12	12	57	19	1.24081
13	15	15	0	0
14	14	48	8	0.646219
Instant	45
1	719	26	2	0
2	27	16	0	0
3	332	49	13	1.37795
4	410	15	0	0
11	31	19	1	0
12	4	70	19	16.0846
13	15	15	0	0
14	16	46	7	0.439383
Instant	46
1	690	28	1	0
2	12	16	0	0
3	300	48	14	1.92623
4	401	15	0	0
11	30	19	1	0
12	13	69	30	0.886824
13	15	15	0	0
14	14	42	6	0.735828
Instant	47
1	673	29	2	0.0437828
2	17	17	0	0
3	315	51	13	1.73169
4	374	15	0	0
11	28	18	0	0
12	23	66	19	3.76838
13	15	15	0	0
14	13	49	8	0.902669
Instant	48
1	632	26	2	0.319927
2	32	15	0	0
3	340	48	13	1.91592
4	382	15	0	0
11	28	19	1	0
12	36	64	20	1.93015
13	17	15	0	0
14	14	47	8	0.768049
Instant	49
1	666	25	2	0.262697
2	13	15	0	0
3	319	52	15	1.47415
4	381	15	0	0
11	29	18	0	0
12	21	54	13	1.82292
13	15	15	0	0
14	13	44	7	0.996933
Instant	50
1	666	26	1	0
2	23	15	0	0
3	314	51	13	1.78285
4	389	15	0	0
11	29	19	1	0
12	33	64	22	1.70037
13	15	15	0	0
14	14	44	7	0.931852
Instant	51
1	624	28	2	0.239923
2	14	17	0	0
3	301	52	14	2.26562
4	395	15	0	0
11	26	19	1	0
12	18	64	17	2.25184
13	16	15	0	0
14	15	45	7	0.490015
Instant	52
1	618	27	1	0.145068
2	10	17	0	0
3	338	51	15	1.6129
4	385	15	0	0
11	26	19	1	0
12	42	69	20	1.64931
13	16	15	0	0
14	14	46	7	0.703957
Instant	53
1	596	28	2	0
2	21	15	0	0
3	341	48	14	1.43939
4	414	15	0	0
11	26	18	0	0
12	27	65	23	1.9761
13	16	15	0	0
14	16	43	6	0.671853
Instant	54
1	600	28	2	0
2	23	15	0	0
3	312	49	14	2.25881
4	390	15	0	0
11	26	19	0	0
12	17	71	17	0.827206
13	16	15	0	0
14	14	47	7	0.647523
Instant	55
1	599	28	2	0
2	13	15	0	0
3	342	49	13	1.68051
4	387	15	0	0
11	25	18	0	0
12	18	62	19	0.802365
13	16	15	0	0
14	14	46	8	0.728064
Instant	56
1	578	29	2	0
2	32	17	0	0
3	313	46	12	2.01487
4	374	15	0	0
11	25	19	1	0
12	30	70	18	5.51471
13	16	15	0	0
14	14	47	7	0.833987
Instant	57
1	602	27	2	0
2	25	15	0	0
3	304	49	13	2.00715
4	400	15	0	0
11	26	19	1	0
12	35	59	15	1.65441
13	15	15	0	0
14	15	44	7	0.619534
Instant	58
1	609	27	2	0
2	22	14	0	0
3	339	49	13	1.9708
4	393	15	0	0
11	26	19	1	0
12	21	75	24	1.85811
13	17	15	0	0
14	15	46	8	0.613839
Instant	59
1	601	27	1	0
2	23	15	1	0
3	331	52	14	1.52106
4	386	15	0	0
11	26	19	0	0
12	20	67	19	2.11397
13	16	15	0	0
14	14	47	8	0.625
Instant	60
1	597	28	2	0
2	27	15	0	0
3	365	48	12	1.35908
4	383	15	0	0
11	26	19	0	0
12	21	65	24	0.965074
13	17	15	0	0
14	13	45	7	0.888761
Instant	61
1	578	28	1	0.304878
2	26	16	0	0
3	314	51	15	1.86212
4	394	15	0	0
11	25	19	1	0
12	30	70	18	2.90179
13	15	15	0	0
14	15	45	8	0.557207
Instant	62
1	552	29	2	0.311203
2	24	16	0	0
3	355	49	15	1.37665
4	399	15	0	0
11	24	19	0	0
12	32	72	23	1.79228
13	17	15	0	0
14	14	46	7	0.82478
Instant	63
1	593	27	2	0.198413
2	27	16	0	0
3	349	48	12	1.60584
4	393	15	0	0
11	25	18	0	0
12	25	64	20	2.34375
13	17	15	0	0
14	14	45	7	0.771949
Instant	64
1	551	28	1	0.671488
2	23	14	0	0
3	307	52	14	2.25639
4	406	15	0	0
11	24	20	1	0
12	18	74	15	0.886824
13	15	15	0	0
14	15	46	7	0.522334
Instant	65
1	692	26	1	0
2	34	17	1	0
3	299	49	16	1.94489
4	400	15	0	0
11	29	19	1	0
12	17	54	27	0.689338
13	15	15	0	0
14	15	45	7	0.713763
Instant	66
1	648	29	3	0.530035
2	18	16	0	0
3	328	50	13	1.93338
4	371	15	0	0
11	29	19	1	0
12	15	66	26	0.965074
13	16	15	0	0
14	14	49	8	0.69772
Instant	67
1	672	25	1	0
2	33	15	0	0
3	310	45	15	1.93381
4	386	15	0	0
11	29	19	1	0
12	13	72	21	0.886824
13	15	15	0	0
14	15	46	7	0.569044
Instant	68
1	667	28	2	0.0445633
2	26	18	0	0
3	341	47	12	1.55303
4	384	15	0	0
11	28	19	1	0
12	26	68	17	0.585938
13	16	15	0	0
14	14	43	7	0.854863
Instant	69
1	693	28	1	0
2	27	16	0	0
3	353	49	13	1.18694
4	402	15	0	0
11	30	19	0	0
12	23	70	21	10.2941
13	16	15	0	0
14	15	42	7	0.612208
Instant	70
1	722	27	2	0.235849
2	19	16	0	0
3	338	49	13	1.03539
4	398	15	0	0
11	32	19	1	0
12	28	65	19	0.337838
13	16	15	0	0
14	14	46	7	0.811209
Instant	71
1	735	27	2	0
2	30	15	0	0
3	345	48	13	2.5
4	393	15	0	0
11	31	18	0	0
12	19	67	31	4.09007
13	17	15	0	0
14	14	45	7	0.761516
Instant	72
1	627	30	2	0
2	25	15	0	0
3	332	50	15	1.42527
4	395	15	0	0
11	27	19	1	0
12	32	60	27	1.94129
13	16	15	0	0
14	14	45	8	0.770802
Instant	73
1	618	29	2	0
2	29	17	0	0
3	300	50	16	2.34761
4	374	15	0	0
11	26	19	0	0
12	15	71	26	1.98171
13	15	15	0	0
14	13	48	8	0.839844
Instant	74
1	592	28	1	0
2	27	16	0	0
3	326	50	14	1.67939
4	400	15	0	0
11	25	19	0	0
12	24	68	21	2.06801
13	16	15	0	0
14	15	44	6	0.82478
Instant	75
1	562	28	2	0.36157
2	23	16	0	0
3	306	47	13	1.87198
4	411	15	0	0
11	24	18	0	0
12	27	61	25	1.94129
13	15	15	0	0
14	15	43	7	0.642857
Instant	76
1	599	27	1	0.0499002
2	27	17	0	0
3	321	51	14	1.80534
4	392	15	0	0
11	25	20	1	0
12	30	71	22	1.99653
13	16	15	0	0
14	14	47	9	0.727612
Instant	77
1	583	26	2	0.492126
2	23	16	0	0
3	334	46	13	1.87776
4	369	15	0	0
11	26	19	0	0
12	34	62	18	1.66016
13	17	15	0	0
14	13	48	8	0.712025
Instant	78
1	564	27	1	0.251509
2	24	15	0	0
3	290	49	15	2.30152
4	408	15	0	0
11	25	19	1	0
12	28	71	23	1.66016
13	15	15	0	0
14	15	45	7	0.672525
Instant	79
1	607	27	1	0.0489237
2	22	15	0	0
3	330	47	13	1.72872
4	408	15	0	0
11	26	19	1	0
12	18	73	21	2.11149
13	16	15	0	0
14	15	47	7	0.684438
Instant	80
1	599	27	1	0
2	29	16	0	0
3	315	51	14	1.86804
4	385	15	0	0
11	26	19	1	0
12	28	65	25	2.22538
13	15	15	0	0
14	14	45	7	0.673369
Instant	81
1	606	26	2	0
2	19	15	0	0
3	348	48	13	1.56942
4	386	15	0	0
11	26	20	1	0
12	35	70	23	1.98864
13	17	15	0	0
14	14	46	8	0.748106
Instant	82
1	599	28	1	0
2	21	15	0	0
3	330	47	13	1.82648
4	399	15	0	0
11	26	18	0	0
12	24	66	19	1.29464
13	16	15	0	0
14	14	45	8	0.707721
Instant	83
1	599	29	1	0
2	20	16	0	0
3	325	50	12	1.74961
4	394	15	0	0
11	25	18	0	0
12	27	68	22	2.32008
13	16	15	0	0
14	14	45	7	0.806751
Instant	84
1	603	26	1	0
2	20	15	0	0
3	321	50	14	1.83594
4	399	15	0	0
11	26	20	1	0
12	41	67	19	1.75189
13	16	15	0	0
14	15	47	8	0.63326
Instant	85
1	585	28	1	0
2	29	15	0	0
3	309	46	13	1.84295
4	367	15	0	0
11	26	19	0	0
12	28	65	25	1.44231
13	15	15	0	0
14	14	45	7	0.835987
Instant	86
1	606	28	1	0
2	31	17	0	0
3	315	52	14	1.86
4	399	15	0	0
11	26	18	0	0
12	31	66	21	1.93015
13	15	15	0	0
14	15	45	7	0.705645
Instant	87
1	606	27	1	0
2	24	17	0	0
3	305	51	14	1.95008
4	375	15	0	0
11	27	18	0	0
12	33	66	21	1.65441
13	16	15	0	0
14	14	46	7	0.766693
Instant	88
1	572	29	2	0.154959
2	11	16	0	0
3	304	48	16	2.19262
4	407	15	0	0
11	24	19	0	0.306122
12	25	71	28	2.32264
13	15	15	0	0
14	15	45	7	0.620504
Instant	89
1	605	28	1	0
2	25	16	0	0
3	330	50	14	1.8018
4	398	15	0	0
11	26	18	0	0
12	28	64	27	1.79228
13	16	15	0	0
14	15	43	7	0.680147
Instant	90
1	598	28	2	0
2	27	16	0	0
3	338	47	13	1.91729
4	387	15	0	0
11	25	19	1	0
12	30	62	25	1.80664
13	16	15	0	0
14	14	44	7	0.887462
Instant	91
1	585	28	1	0
2	24	15	0	0
3	306	47	14	1.99045
4	389	15	0	0
11	25	19	1	0
12	17	68	31	2.23818
13	16	15	0	0
14	15	45	8	0.570734
Instant	92
1	585	27	1	0
2	33	16	0	0
3	295	50	16	1.94073
4	372	15	0	0
11	25	20	1	0
12	34	64	19	1.5625
13	15	15	0	0
14	14	45	8	0.874607
Instant	93
1	616	27	2	0.0486381
2	21	17	0	0
3	332	50	14	1.76651
4	411	15	0	0
11	26	19	0	0
12	26	77	18	2.36742
13	16	15	0	0
14	15	45	7	0.491071
Instant	94
1	578	28	2	0.304878
2	28	16	0	0
3	316	52	14	1.98777
4	416	15	0	0
11	24	19	1	0
12	38	70	20	1.43581
13	16	15	0	0
14	16	45	7	0.537729
Instant	95
1	575	29	2	0
2	32	17	0	0
3	339	50	13	1.62387
4	404	15	0	0
11	25	19	0	0
12	26	70	28	2.02206
13	16	15	0	0
14	15	43	7	0.66932
Instant	96
1	618	27	1	0
2	12	16	0	0
3	324	49	13	1.62873
4	415	15	0	0
11	26	18	0	0
12	28	68	31	2.02206
13	16	15	0	0
14	15	44	8	0.706215
Instant	97
1	578	27	1	0.298805
2	32	17	0	0
3	298	52	13	2.07297
4	411	15	0	0
11	25	19	1	0
12	38	63	20	1.33384
13	15	15	0	0
14	16	45	7	0.419643
Instant	98
1	593	28	1	0.14881
2	27	17	0	0
3	341	50	11	1.63534
4	393	15	0	0
11	25	18	0	0
12	27	64	18	1.79228
13	16	15	0	0
14	15	47	7	0.696508
Instant	99
1	585	29	2	0
2	32	16	0	0
3	318	51	15	1.85185
4	384	15	0	0
11	25	19	0	0
12	31	63	21	1.88419
13	16	15	0	0
14	14	45	8	0.752668
Instant	100
1	596	26	1	0
2	20	17	0	0
3	354	46	13	1.68723
4	377	15	0	0
11	26	19	1	0
12	27	67	15	2.32264
13	17	15	0	0
14	14	45	9	0.754644
Instant	101
1	585	29	2	0
2	26	16	0	0
3	354	46	12	1.43805
4	386	15	0	0
11	25	20	1	0
12	18	79	12	2.29779
13	17	15	0	0
14	14	48	8	0.811934
Instant	102
1	603	27	1	0
2	18	16	0	0
3	351	47	13	1.40922
4	383	15	0	0
11	26	19	0	0
12	35	73	16	1.79228
13	17	15	0	0
14	15	49	7	0.630734
Instant	103
1	627	26	1	0
2	19	14	0	0
3	292	49	14	2.4062
4	396	15	0	0
11	27	19	1	0
12	14	55	12	2.02703
13	15	15	0	0
14	14	46	7	0.702663
Instant	104
1	543	27	2	0.321199
2	29	16	0	0
3	350	48	12	1.41336
4	406	15	0	0
11	24	20	1	0
12	16	69	24	1.05699
13	17	15	0	0
14	15	47	7	0.730519
Instant	105
1	561	29	2	0
2	13	15	0	0
3	322	51	11	2.07019
4	400	15	0	0
11	25	19	1	0
12	19	76	23	3.90625
13	15	15	0	0
14	15	43	7	0.822368
Instant	106
1	620	27	2	0
2	24	17	0	0
3	348	49	14	1.55579
4	406	15	0	0
11	26	18	1	0
12	21	56	27	2.66047
13	17	15	0	0
14	15	46	7	0.630403
Instant	107
1	592	29	1	0
2	22	16	0	0
3	356	48	15	1.53932
4	425	15	0	0
11	25	19	0	0
12	13	82	12	2.15993
13	16	15	0	0
14	16	45	7	0.596473
Instant	108
1	613	26	1	0
2	32	16	0	0
3	371	45	12	1.16361
4	444	15	0	0
11	26	19	1	0
12	26	68	24	2.20588
13	17	15	0	0
14	17	45	6	0.485197
Instant	109
1	601	27	2	0.0954198
2	18	17	0	0
3	315	49	14	1.94882
4	403	15	0	0
11	26	19	0	0
12	16	60	27	0.63244
13	16	15	0	0
14	15	42	8	0.84607
Instant	110
1	484	30	2	0.584112
2	24	16	0	0
3	330	49	11	1.85888
4	405	15	0	0
11	21	20	1	0
12	13	78	9	4.3457
13	16	15	0	0
14	15	45	7	0.696454
Instant	111
1	582	27	1	0.35497
2	35	17	0	0
3	339	47	14	1.48944
4	398	15	0	0
11	25	20	1	0
12	20	65	21	0.689338
13	16	15	0	0
14	14	43	6	0.881057
Instant	112
1	585	27	2	0
2	37	17	0	0
3	348	49	12	1.52349
4	402	15	0	0
11	25	21	1	0
12	21	65	28	0.717905
13	17	15	0	0
14	14	46	6	0.812044
Instant	113
1	592	27	1	0
2	34	16	0	0
3	359	48	11	1.45221
4	409	15	0	0
11	25	20	1	0
12	28	57	25	0.367647
13	17	15	0	0
14	15	47	7	0.672525
Instant	114
1	579	28	2	0
2	23	15	0	0
3	286	50	13	2.18121
4	410	15	0	0
11	25	19	1	0
12	12	65	15	1.05699
13	14	15	0	0
14	15	44	6	0.697425
Instant	115
1	587	28	2	0.203666
2	29	16	0	0
3	295	48	13	2.21774
4	411	15	0	0
11	24	20	1	0
12	23	69	26	8.31926
13	15	15	0	0
14	16	45	6	0.607143
Instant	116
1	600	27	2	0.0967118
2	32	15	0	0
3	319	48	14	1.98598
4	410	15	0	0
11	26	20	1	0
12	21	68	22	1.65441
13	16	15	0	0
14	16	45	7	0.534188
Instant	117
1	613	28	2	0
2	26	16	0	0
3	302	47	14	1.99187
4	416	15	0	0
11	26	18	0	0
12	22	66	19	2.48162
13	15	15	0	0
14	15	44	7	0.485523
Instant	118
1	553	27	2	0.604839
2	56	17	0	0
3	301	48	13	2.0082
4	396	15	0	0
11	25	19	1	0
12	16	55	18	2.66047
13	15	15	0	0
14	14	44	7	0.940265
Instant	119
1	637	26	2	0.322878
2	37	15	0	0
3	332	47	13	1.807
4	418	15	0	0
11	27	20	1	0
12	24	57	15	0.597426
13	16	15	0	0
14	15	42	6	0.763694
