	T	D	J	LP
Instant	0
1	0	0	0	0
2	0	0	0	0
3	0	0	0	0
4	0	0	0	0
11	0	0	0	0
12	0	0	0	0
13	0	0	0	0
14	0	0	0	0
Instant	1
1	329	30	3	0
2	17	16	0	0
3	70	50	9	1.36905
4	170	16	0	0
11	14	18	0	0
12	75	66	9	3.9929
13	3	15	0	0
14	5	44	7	0.305375
Instant	2
1	1834	27	2	0
2	33	16	0	0
3	125	66	17	6.11702
4	751	16	0	0
11	77	19	0	0
12	72	66	15	6.18247
13	11	15	0	0
14	29	46	4	0.522053
Instant	3
1	1578	30	2	0.0921829
2	22	16	0	0
3	167	58	17	4.36374
4	741	17	0	0
11	70	18	0	0
12	78	70	18	5.0152
13	11	15	0	0
14	29	43	4	0.683439
Instant	4
1	1184	30	3	0
2	31	16	0	0
3	148	65	17	5.69767
4	739	16	0	0
11	52	19	0	0
12	64	67	24	3.5473
13	11	15	0	0
14	29	43	5	0.551033
Instant	5
1	1082	28	2	0
2	31	17	0	0
3	155	58	17	4.85491
4	712	16	0	0
11	47	20	1	0
12	63	62	18	2.29779
13	11	15	0	0
14	29	43	5	0.380972
Instant	6
1	1021	31	3	0.112994
2	28	16	0	0
3	166	63	16	4.41667
4	633	16	0	0
11	45	19	0	0
12	68	65	20	4.82537
13	11	15	0	0
14	25	46	6	0.490989
Instant	7
1	946	28	2	0.0933997
2	19	16	0	0
3	152	58	16	5.1259
4	613	16	0	0
11	41	18	0	0
12	74	67	19	3.20946
13	10	15	0	0
14	24	44	6	0.412679
Instant	8
1	896	27	2	0
2	28	16	0	0
3	155	62	15	4.82892
4	586	15	0	0
11	39	20	1	0
12	82	62	24	3.17096
13	11	15	0	0
14	23	43	5	0.375751
Instant	9
1	987	30	3	0.53066
2	16	17	0	0
3	194	60	15	3.72807
4	549	15	0	0
11	44	18	0	0
12	76	58	20	3.30882
13	11	15	0	0
14	21	44	8	0.632996
Instant	10
1	980	27	3	0
2	17	16	1	0
3	151	58	17	4.56674
4	523	15	0	0
11	42	18	1	0
12	81	67	17	2.28041
13	10	15	0	0
14	20	43	6	0.624299
Instant	11
1	965	28	2	0.245098
2	18	18	0	0
3	162	59	14	4.6445
4	495	15	0	0
11	41	19	0	0
12	67	62	24	3.17096
13	10	15	0	0
14	19	44	6	0.407287
Instant	12
1	739	29	2	0.321027
2	24	16	0	0
3	148	55	17	5.36124
4	467	15	0	0
11	32	18	0	0
12	76	63	19	1.5625
13	10	15	0	0
14	18	46	8	0.477757
Instant	13
1	696	29	3	0
2	34	15	0	0
3	138	57	19	5.35714
4	475	15	0	0
11	31	20	0	0
12	76	61	21	16.8527
13	10	15	0	0
14	19	45	7	0.470099
Instant	14
1	739	28	2	0
2	40	15	0	0
3	160	55	19	4.48718
4	436	15	0	0
11	31	19	0	0
12	59	61	20	2.38971
13	10	15	0	0
14	16	47	8	0.502681
Instant	15
1	707	27	2	0.332779
2	22	16	0	0
3	146	60	19	5.2458
4	454	15	0	0
11	31	19	1	0
12	67	54	14	8.54779
13	10	15	0	0
14	18	45	8	0.695343
Instant	16
1	676	28	1	0
2	9	15	0	0
3	189	58	18	3.47222
4	479	15	0	0
11	29	19	0	0
12	87	68	17	2.95608
13	11	15	0	0
14	17	42	7	0.511294
Instant	17
1	734	27	1	0.04
2	22	18	0	0
3	138	60	19	5.14184
4	471	15	0	0
11	32	19	1	0
12	78	72	21	9.09927
13	10	15	0	0
14	18	43	6	0.755923
Instant	18
1	527	31	3	1.03093
2	15	17	0	0
3	173	60	15	4.23295
4	446	15	0	0
11	24	18	0	0
12	64	66	16	3.21691
13	10	15	0	0
14	17	44	7	0.524246
Instant	19
1	548	28	2	0.542299
2	29	16	0	0
3	179	62	17	4.20213
4	455	15	0	0
11	23	19	1	0
12	77	66	18	3.71622
13	11	15	0	0
14	18	45	7	0.433805
Instant	20
1	589	28	2	0
2	33	17	0	0
3	161	61	17	4.54023
4	472	15	0	0
11	25	19	1	0
12	72	63	16	2.98713
13	10	15	0	0
14	18	42	6	0.62422
Instant	21
1	608	27	2	0
2	20	16	0	0
3	151	63	19	5.26765
4	450	15	0	0
11	26	19	0	0
12	71	63	16	3.07904
13	11	15	0	0
14	17	44	6	0.544538
Instant	22
1	583	29	2	0.0496032
2	29	15	0	0
3	175	58	19	4.22953
4	484	15	0	0
11	25	19	0	0
12	69	62	21	3.04054
13	11	15	0	0
14	19	43	7	0.627267
Instant	23
1	577	28	1	0
2	22	15	0	0
3	161	58	15	4.96076
4	517	16	0	0
11	24	19	1	0
12	80	59	17	3.17096
13	10	15	0	0
14	20	44	7	0.426621
Instant	24
1	607	28	2	0
2	26	15	0	0
3	163	58	19	4.66009
4	481	15	0	0
11	25	19	1	0
12	69	62	18	3.5386
13	11	15	0	0
14	18	42	6	0.669915
Instant	25
1	612	28	1	0
2	27	16	0	0
3	157	62	15	5.18498
4	452	15	0	0
11	26	17	0	0
12	80	67	22	2.41815
13	11	15	0	0
14	16	45	6	0.761997
Instant	26
1	621	28	2	0.364299
2	18	16	0	0
3	159	62	20	4.80991
4	492	15	0	0
11	28	18	0	0
12	85	62	16	2.66544
13	10	15	0	0
14	19	44	7	0.460761
Instant	27
1	669	27	2	0
2	30	16	0	0
3	163	60	16	4.57589
4	479	15	0	0
11	28	18	1	0.263158
12	83	59	17	2.84926
13	11	15	0	0
14	19	44	6	0.548781
Instant	28
1	635	27	2	0.309187
2	34	14	0	0
3	165	58	17	4.57865
4	458	15	0	0
11	28	18	0	0
12	83	62	20	3.21181
13	10	15	0	0
14	18	46	6	0.56673
Instant	29
1	657	28	2	0
2	34	15	0	0
3	162	59	19	4.59641
4	477	16	0	0
11	28	19	1	0
12	74	70	22	2.52757
13	11	15	0	0
14	18	43	7	0.638855
Instant	30
1	645	29	2	0
2	31	17	0	0
3	167	59	18	4.82262
4	461	15	0	0
11	28	18	0	0
12	85	67	15	3.17096
13	11	15	0	0
14	18	43	6	0.412961
Instant	31
1	569	28	2	0.604839
2	23	15	0	0
3	172	59	18	4.11964
4	457	15	0	0
11	25	19	0	0
12	86	66	13	2.23818
13	11	15	0	0
14	17	42	6	0.575448
Instant	32
1	521	26	2	0.656455
2	20	17	0	0
3	187	64	15	4.08602
4	479	15	0	0
11	23	20	1	0
12	73	59	22	4.04412
13	11	15	0	0
14	18	42	6	0.559816
Instant	33
1	591	28	2	0.0503018
2	24	16	0	0
3	169	62	16	4.09091
4	494	15	0	0
11	25	19	1	0.297619
12	53	66	23	3.49265
13	11	15	0	0
14	19	45	7	0.494976
Instant	34
1	567	28	3	0
2	31	16	0	0
3	168	58	17	4.43182
4	510	15	0	0
11	25	18	1	0
12	60	67	16	3.58953
13	11	15	0	0
14	20	43	6	0.402762
Instant	35
1	589	28	1	0.344488
2	24	16	0	0
3	181	56	16	3.82321
4	499	15	0	0
11	25	19	1	0
12	85	63	17	3.30882
13	11	15	0	0
14	19	41	6	0.529412
Instant	36
1	592	28	1	0
2	33	16	0	0
3	180	64	18	4.00677
4	481	15	0	0
11	26	19	1	0
12	69	64	17	2.98713
13	11	15	0	0
14	19	41	6	0.508809
Instant	37
1	581	28	2	0
2	22	17	0	0
3	171	58	15	4.59802
4	464	15	0	0
11	25	20	1	0
12	77	60	18	2.30655
13	11	15	0	0
14	18	42	7	0.654161
Instant	38
1	566	29	3	0.455466
2	26	16	0	0
3	163	60	18	4.44005
4	459	15	0	0
11	25	19	1	0
12	68	66	19	3.72243
13	11	15	0	0
14	18	47	7	0.517516
Instant	39
1	592	28	1	0
2	35	16	0	0
3	158	58	20	4.6947
4	463	15	0	0
11	25	19	0	0
12	82	66	20	3.44669
13	10	15	0	0
14	18	44	7	0.444162
Instant	40
1	627	27	1	0
2	22	17	0	0
3	173	65	17	4.33673
4	444	15	0	0
11	26	18	0	0
12	71	62	19	3.125
13	11	15	0	0
14	16	45	7	0.718296
Instant	41
1	577	30	2	0.0496032
2	42	16	0	0
3	167	60	19	4.43107
4	444	15	0	0
11	25	18	0	0
12	63	65	22	3.63051
13	11	15	0	0
14	17	43	7	0.733839
Instant	42
1	592	30	2	0
2	33	15	0	0
3	171	56	16	4.57785
4	471	15	0	0
11	25	18	0	0
12	68	64	19	1.93015
13	11	15	0	0
14	19	47	8	0.350249
Instant	43
1	592	26	1	0
2	27	14	0	0
3	172	59	16	4.34783
4	451	15	0	0
11	26	20	1	0
12	61	61	18	2.06926
13	11	15	0	0
14	17	45	7	0.413961
Instant	44
1	624	27	2	0
2	29	15	0	0
3	171	64	16	4.44573
4	436	15	0	0
11	27	18	0	0
12	96	62	18	5.97426
13	10	15	0	0
14	16	41	6	0.645973
Instant	45
1	613	27	2	0
2	26	15	0	0
3	171	63	20	4.30464
4	433	15	0	0
11	26	18	0	0
12	70	63	19	2.94118
13	11	15	0	0
14	16	43	7	0.608931
Instant	46
1	578	30	1	0
2	21	16	1	0
3	180	60	15	3.92157
4	427	15	0	0
11	25	18	0	0
12	78	66	18	3.04054
13	11	15	0	0
14	16	43	7	0.684932
Instant	47
1	623	27	2	0
2	28	16	0	0
3	174	60	18	4.2138
4	455	15	0	0
11	26	18	0	0
12	65	62	19	3.21691
13	11	15	0	0
14	18	44	7	0.442977
Instant	48
1	606	27	2	0
2	16	16	0	0
3	206	60	16	3.75514
4	440	15	0	0
11	26	20	1	0
12	59	68	21	4.18199
13	12	15	0	0
14	17	47	8	0.532623
Instant	49
1	575	28	2	0
2	22	16	0	0
3	181	57	18	3.82932
4	449	15	0	0
11	25	20	1	0
12	86	65	19	2.08333
13	11	15	0	0
14	17	46	6	0.481397
Instant	50
1	583	26	1	0
2	33	16	0	0
3	162	58	15	4.77941
4	440	15	0	0
11	25	19	1	0
12	76	61	15	3.125
13	11	15	0	0
14	17	41	7	0.637417
Instant	51
1	606	28	2	0.343137
2	13	16	0	0
3	162	55	22	4.1476
4	460	15	0	0
11	26	18	0	0
12	67	61	17	3.5386
13	10	15	0	0
14	18	46	7	0.383632
Instant	52
1	598	28	1	0
2	25	16	0	0
3	131	63	15	6.08191
4	438	15	0	0
11	26	19	1	0
12	56	65	19	3.94965
13	10	15	0	0
14	16	45	8	0.558333
Instant	53
1	613	27	1	0.0484496
2	28	17	0	0
3	167	60	17	4.21478
4	418	15	0	0
11	26	19	1	0
12	82	65	18	2.66544
13	10	15	0	0
14	16	46	7	0.533964
Instant	54
1	582	28	2	0
2	38	17	0	0
3	155	58	17	4.70554
4	461	15	0	0
11	25	19	1	0.302419
12	67	63	20	3.5386
13	10	15	0	0
14	17	45	7	0.581952
Instant	55
1	585	28	1	0
2	35	16	0	0
3	177	59	16	4.13889
4	446	16	0	0
11	25	19	1	0
12	72	65	18	3.63176
13	11	15	0	0
14	17	44	7	0.563725
Instant	56
1	598	28	1	0.0484496
2	27	16	0	0
3	143	57	19	5.32353
4	435	15	0	0
11	26	19	1	0
12	68	62	20	1.70037
13	10	15	0	0
14	16	43	7	0.590418
Instant	57
1	614	27	2	0.145914
2	20	15	0	0
3	175	60	16	4.17576
4	441	15	0	0
11	26	18	0	0
12	66	64	20	1.93015
13	11	15	0	0
14	17	43	7	0.61421
Instant	58
1	591	27	1	0.0490196
2	32	15	0	0
3	176	61	17	4.45842
4	417	15	0	0
11	26	19	1	0
12	65	62	20	1.94257
13	11	15	0	0
14	16	45	7	0.576923
Instant	59
1	613	27	1	0
2	20	18	0	0
3	168	56	17	4.4181
4	466	15	0	0
11	26	18	0	0
12	80	66	18	7.76654
13	11	15	0	0
14	18	47	7	0.64628
Instant	60
1	584	29	2	0
2	31	16	0	0
3	195	57	14	3.89126
4	422	15	0	0
11	25	19	1	0
12	65	64	18	3.72243
13	11	15	0	0
14	16	44	7	0.727147
Instant	61
1	607	28	1	0
2	28	15	0	0
3	160	62	18	4.95338
4	428	15	0	0
11	26	18	0	0
12	52	66	28	3.1994
13	10	15	0	0
14	16	44	8	0.554986
Instant	62
1	599	29	2	0
2	15	17	0	0
3	177	58	18	3.8961
4	453	15	0	0
11	26	18	0	0
12	74	67	18	3.35478
13	11	15	0	0
14	18	43	7	0.535714
Instant	63
1	578	28	2	0.304878
2	22	16	0	0
3	164	55	15	3.92099
4	426	15	0	0
11	25	18	0	0
12	91	66	17	2.98713
13	10	15	0	0
14	15	40	6	0.796233
Instant	64
1	572	28	2	0
2	28	15	0	0
3	151	60	16	5.10391
4	452	15	0	0
11	25	19	0	0
12	71	66	21	3.25169
13	10	15	0	0
14	18	44	7	0.5107
Instant	65
1	615	27	1	0
2	35	15	0	0
3	148	59	18	4.96368
4	436	15	0	0
11	27	19	0	0
12	82	65	19	2.89522
13	10	15	0	0
14	16	45	7	0.562836
Instant	66
1	592	27	1	0
2	28	17	0	0
3	167	60	16	4.18539
4	445	15	0	0
11	26	19	1	0
12	70	62	28	3.63051
13	11	15	0	0
14	17	46	8	0.591327
Instant	67
1	597	28	1	0
2	25	16	0	0
3	177	59	19	4.25885
4	475	15	0	0
11	25	19	1	0
12	74	61	18	2.95608
13	11	15	0	0
14	18	44	7	0.470679
Instant	68
1	579	28	2	0.0507099
2	28	14	0	0
3	163	57	19	4.78842
4	449	15	0	0
11	25	20	1	0
12	89	62	17	2.58789
13	11	15	0	0
14	17	40	6	0.814863
Instant	69
1	606	28	2	0
2	30	15	0	0
3	155	62	17	4.53515
4	470	15	0	0
11	26	19	0	0
12	91	62	18	2.29779
13	11	15	0	0
14	18	43	6	0.51306
Instant	70
1	592	28	1	0
2	20	16	0	0
3	152	59	16	5.66144
4	451	15	0	0
11	25	19	1	0
12	77	64	21	2.57601
13	11	15	0	0
14	17	44	6	0.650195
Instant	71
1	574	29	2	0.0504032
2	29	15	0	0
3	170	54	16	4.29348
4	468	15	0	0
11	25	20	1	0
12	80	65	17	3.21691
13	11	15	0	0
14	17	44	6	0.698807
Instant	72
1	606	27	1	0
2	39	16	0	0
3	156	63	18	4.94792
4	427	15	0	0
11	26	19	1	0
12	78	62	17	3.17235
13	10	15	0	0
14	16	46	7	0.666895
Instant	73
1	592	28	1	0
2	32	16	0	0
3	157	59	15	4.48113
4	447	15	0	0
11	25	19	0	0
12	77	67	18	2.09604
13	10	15	0	0
14	16	39	6	0.66437
Instant	74
1	585	28	2	0
2	15	15	0	0
3	157	59	17	4.99448
4	443	15	0	0
11	24	20	1	0
12	87	59	21	2.80331
13	11	15	0	0
14	17	41	6	0.586971
Instant	75
1	571	29	2	0.151515
2	23	16	0	0
3	181	63	16	4.3883
4	439	15	0	0
11	25	19	1	0
12	86	63	22	3.125
13	11	15	0	0
14	17	44	6	0.534759
Instant	76
1	614	27	1	0
2	35	15	0	0
3	161	61	17	4.67317
4	445	15	0	0
11	26	18	0	0
12	64	52	18	3.38542
13	11	15	0	0
14	18	45	7	0.567434
Instant	77
1	606	28	2	0
2	33	16	0	0
3	169	60	15	4.1762
4	424	15	0	0
11	26	18	0	0
12	68	61	19	2.88086
13	10	15	0	0
14	16	43	6	0.491379
Instant	78
1	584	28	1	0
2	36	15	0	0
3	172	58	19	4.27107
4	418	15	0	0
11	25	19	1	0
12	71	56	17	3.27148
13	10	15	0	0
14	16	46	6	0.550699
Instant	79
1	613	26	1	0
2	32	15	0	0
3	156	60	18	4.79025
4	419	15	0	0
11	26	19	1	0
12	75	65	16	3.16723
13	10	15	0	0
14	16	46	7	0.62237
Instant	80
1	586	28	1	0
2	31	17	0	0
3	195	57	15	3.72056
4	425	15	0	0
11	25	19	1	0
12	93	59	18	2.03598
13	11	15	0	0
14	16	43	7	0.560345
Instant	81
1	592	28	1	0
2	24	17	0	0
3	159	62	16	4.78842
4	434	15	0	0
11	25	19	0	0
12	74	67	20	3.36174
13	11	15	0	0
14	17	45	7	0.430162
Instant	82
1	612	27	2	0
2	25	16	0	0
3	169	59	14	4.45055
4	440	15	0	0
11	25	19	0	0
12	64	66	18	1.51786
13	11	15	0	0
14	16	45	6	0.65
Instant	83
1	592	27	1	0
2	21	16	0	0
3	157	59	19	4.74138
4	406	15	0	0
11	26	20	1	0
12	50	68	23	5.68182
13	10	15	0	0
14	16	47	8	0.587066
Instant	84
1	571	29	2	0
2	29	16	0	0
3	169	62	18	4.23387
4	421	15	0	0
11	24	19	1	0
12	74	66	23	3.36174
13	10	15	0	0
14	15	46	8	0.555556
Instant	85
1	598	27	2	0.0968992
2	20	18	0	0
3	161	58	15	4.7523
4	435	15	0	0
11	26	19	1	0
12	67	66	19	2.72436
13	10	15	0	0
14	16	44	7	0.723419
Instant	86
1	594	28	2	0
2	39	17	0	0
3	157	61	19	4.83491
4	449	15	0	0
11	25	20	1	0
12	69	59	20	3.17096
13	10	15	0	0
14	17	43	7	0.498366
Instant	87
1	617	27	2	0
2	32	17	0	0
3	154	59	17	4.65047
4	416	15	0	0
11	26	19	1	0
12	73	64	17	3.26287
13	10	15	0	0
14	16	46	7	0.525947
Instant	88
1	556	29	1	0.308642
2	39	16	0	0
3	143	60	16	5.04866
4	429	15	0	0
11	25	19	1	0
12	46	70	24	4.89865
13	10	15	0	0
14	16	43	6	0.590753
Instant	89
1	589	27	1	0
2	29	15	0	0
3	152	56	17	4.38389
4	411	15	0	0
11	25	20	1	0
12	61	60	19	3.35478
13	10	15	0	0
14	15	43	6	0.64194
Instant	90
1	595	29	2	0
2	25	17	0	0
3	148	63	17	5.27523
4	403	15	0	0
11	26	18	0	0
12	62	61	23	2.92969
13	10	15	0	0
14	15	44	7	0.699491
Instant	91
1	546	30	2	0.366109
2	24	17	0	0
3	175	57	16	4.19426
4	410	15	0	0
11	24	19	1	0
12	88	70	17	3.04054
13	11	15	0	0
14	15	47	7	0.616071
Instant	92
1	606	28	2	0
2	25	16	0	0
3	159	60	17	4.84988
4	387	15	0	0
11	25	19	0	0
12	74	60	21	1.94129
13	10	15	0	0
14	15	46	7	0.548411
Instant	93
1	591	28	2	0.0490196
2	33	15	0	0
3	188	62	15	3.86653
4	421	15	0	0
11	26	19	1	0
12	64	66	17	4.35606
13	11	15	0	0
14	16	45	6	0.634562
Instant	94
1	545	28	2	0.571726
2	28	15	0	0
3	168	63	16	4.25408
4	424	15	0	0
11	24	19	1	0
12	65	61	20	3.16723
13	10	15	0	0
14	17	45	6	0.510028
Instant	95
1	614	27	1	0
2	22	18	1	0
3	172	58	16	4.24208
4	414	15	0	0
11	27	19	0	0
12	74	61	21	3.58456
13	10	15	0	0
14	15	45	7	0.617938
Instant	96
1	613	27	1	0
2	30	16	0	0
3	154	57	19	4.93721
4	394	15	0	0
11	26	19	0	0
12	79	66	15	2.75735
13	10	15	0	0
14	15	42	6	0.769659
Instant	97
1	585	27	2	0
2	34	16	0	0
3	157	60	18	4.74537
4	400	15	0	0
11	25	20	1	0
12	55	69	18	3.42988
13	10	15	0	0
14	15	45	7	0.767544
Instant	98
1	561	29	1	0.304878
2	21	14	0	0
3	151	56	20	4.85465
4	425	15	0	0
11	25	19	0	0
12	90	65	17	2.38971
13	10	15	0	0
14	16	43	7	0.631051
Instant	99
1	576	27	2	0.348606
2	22	15	0	0
3	162	61	19	4.62018
4	403	15	0	0
11	25	19	1	0
12	69	68	22	3.40074
13	10	15	0	0
14	15	43	7	0.581395
Instant	100
1	581	28	2	0.352823
2	24	17	0	0
3	184	54	17	4.27632
4	425	15	0	0
11	25	19	1	0
12	79	64	22	3.16723
13	11	15	0	0
14	17	44	7	0.586207
Instant	101
1	599	28	1	0
2	26	15	0	0
3	136	60	20	5.41958
4	428	15	0	0
11	26	19	0	0
12	86	64	19	2.34375
13	10	15	0	0
14	16	41	7	0.530096
Instant	102
1	592	28	2	0
2	25	16	0	0
3	162	58	18	4.70522
4	411	15	0	0
11	25	19	1	0
12	92	61	14	3.17096
13	11	15	0	0
14	16	45	9	0.480769
Instant	103
1	592	27	1	0
2	15	15	0	0
3	161	62	16	4.67002
4	413	15	0	0
11	25	20	1	0
12	72	64	15	2.15372
13	11	15	0	0
14	15	43	7	0.680693
Instant	104
1	606	27	2	0
2	30	16	0	0
3	163	59	17	4.58145
4	413	15	0	0
11	26	19	1	0
12	66	60	22	3.86029
13	10	15	0	0
14	16	44	7	0.504603
Instant	105
1	611	27	1	0
2	43	15	0	0
3	152	62	14	5.04587
4	409	15	0	0
11	26	18	0	0
12	62	68	21	3.35478
13	10	15	0	0
14	15	45	8	0.645624
Instant	106
1	627	26	1	0
2	29	16	0	0
3	154	61	16	5.17442
4	461	15	0	0
11	27	18	0	0
12	75	58	16	3.75845
13	10	15	0	0
14	18	41	6	0.486288
Instant	107
1	598	28	1	0
2	36	16	0	0
3	163	59	18	4.42399
4	488	15	0	0
11	26	18	0	0
12	81	69	14	2.66544
13	10	15	0	0
14	18	42	6	0.569544
Instant	108
1	619	27	2	0.0980392
2	32	17	0	0
3	160	53	15	4.39189
4	457	15	0	0
11	26	19	1	0
12	87	59	19	2.80331
13	11	15	0	0
14	17	45	7	0.606641
Instant	109
1	605	27	2	0
2	17	17	0	0
3	134	56	18	5.57876
4	429	15	0	0
11	27	18	1	0
12	70	60	22	2.52976
13	10	15	0	0
14	16	43	6	0.538646
Instant	110
1	587	29	2	0.0994036
2	17	16	0	0
3	136	61	21	5.64413
4	421	15	0	0
11	25	18	0	0
12	84	63	21	2.7832
13	9	15	0	0
14	16	46	7	0.55788
Instant	111
1	600	28	1	0
2	20	18	0	0
3	150	55	16	4.35561
4	416	15	0	0
11	26	18	1	0
12	85	61	20	2.34375
13	10	15	0	0
14	16	45	7	0.510563
Instant	112
1	592	27	1	0
2	28	16	0	0
3	151	57	17	4.99402
4	433	15	0	0
11	25	19	1	0
12	72	62	18	3.20946
13	10	15	0	0
14	16	43	7	0.616554
Instant	113
1	599	28	1	0
2	28	17	0	0
3	165	59	17	4.18591
4	450	15	0	0
11	25	19	1	0
12	73	56	20	3.07904
13	10	15	0	0
14	17	40	6	0.586701
Instant	114
1	547	26	2	0.214133
2	23	16	0	0
3	166	61	15	4.33025
4	449	15	0	0
11	23	20	1	0.316456
12	73	65	21	3.07904
13	10	15	0	0
14	17	43	7	0.52356
Instant	115
1	579	27	1	0.146771
2	17	15	0	0
3	169	62	18	4.26267
4	405	15	0	0
11	26	19	1	0
12	68	63	15	3.58953
13	10	15	0	0
14	15	44	8	0.757576
Instant	116
1	599	28	1	0
2	11	14	0	0
3	166	60	16	4.26072
4	417	15	0	0
11	25	19	1	0
12	81	62	17	2.80331
13	10	15	0	0
14	16	42	6	0.438904
Instant	117
1	599	28	1	0
2	16	14	0	0
3	168	58	19	4.29412
4	430	15	0	0
11	25	19	1	0
12	56	64	17	3.5386
13	10	15	0	0
14	17	42	6	0.511596
Instant	118
1	608	27	2	0
2	24	16	0	0
3	193	61	18	3.92781
4	404	15	0	0
11	26	19	1	0
12	87	62	17	3.08277
13	11	15	0	0
14	15	43	6	0.656475
Instant	119
1	620	26	1	0
2	30	16	0	0
3	152	61	19	4.47275
4	429	15	0	0
11	26	19	0	0
12	89	61	16	2.48162
13	10	15	0	0
14	17	46	7	0.429258
