	T	D	J	LP
Instant	0
1	0	0	0	0
2	0	0	0	0
3	0	0	0	0
4	0	0	0	0
11	0	0	0	0
12	0	0	0	0
13	0	0	0	0
14	0	0	0	0
Instant	1
1	329	30	3	0
2	10	15	0	0
3	78	52	11	0.844595
4	148	15	0	0
11	14	18	0	0
12	56	75	10	4.61402
13	4	15	0	0
14	3	44	10	0.322878
Instant	2
1	1669	27	3	0.286738
2	23	17	0	0
3	164	61	17	5.18018
4	836	16	0	0
11	71	19	0	0
12	101	59	22	5.67797
13	11	15	0	0
14	30	47	4	1.01541
Instant	3
1	1623	28	2	0.0721501
2	26	17	0	0
3	162	59	18	4.13753
4	764	16	0	0
11	72	19	0	0
12	80	67	20	6.11213
13	10	15	0	0
14	28	45	5	0.904542
Instant	4
1	1145	30	3	0.0511247
2	30	15	0	0
3	170	58	19	3.93357
4	604	16	0	0
11	51	20	0	0
12	74	67	16	1.77365
13	10	15	0	0
14	22	49	6	0.891125
Instant	5
1	983	29	2	0.118343
2	23	16	0	0
3	192	56	17	3.90456
4	528	15	0	0
11	43	19	1	0
12	77	68	12	5.05515
13	11	15	0	0
14	19	51	7	0.911748
Instant	6
1	934	30	3	0.252207
2	26	18	0	0
3	155	59	18	4.44313
4	447	15	0	0
11	41	19	1	0
12	69	66	15	1.60846
13	10	15	0	0
14	16	47	8	1.1734
Instant	7
1	756	27	2	0.381098
2	16	15	1	0
3	158	58	18	4.19643
4	429	15	0	0
11	33	18	1	0
12	77	63	15	1.47804
13	10	15	0	0
14	16	48	8	0.861187
Instant	8
1	751	30	2	0
2	16	17	1	0
3	154	59	18	4.9326
4	419	15	0	0
11	33	19	1	0
12	67	61	15	1.83824
13	10	15	0	0
14	14	48	7	1.03147
Instant	9
1	748	27	1	0
2	17	18	0	0
3	173	57	14	4.09931
4	399	15	0	0
11	32	19	0	0
12	61	56	15	2.34375
13	10	15	0	0
14	15	50	8	0.891544
Instant	10
1	818	27	1	0
2	21	16	0	0
3	171	58	19	3.90798
4	383	15	0	0
11	35	19	0	0
12	59	65	18	1.52027
13	11	15	0	0
14	13	49	7	0.828887
Instant	11
1	768	29	2	0
2	26	16	0	0
3	178	59	17	4.01584
4	384	15	0	0
11	33	20	1	0
12	69	60	17	1.88419
13	11	15	0	0
14	14	49	7	0.820611
Instant	12
1	664	29	2	0.133452
2	38	15	0	0
3	158	58	19	4.70972
4	359	15	0	0
11	28	18	0	0
12	68	60	20	1.79228
13	10	15	0	0
14	12	46	8	1.08075
Instant	13
1	662	27	1	0
2	39	16	0	0
3	181	56	16	3.5553
4	347	15	0	0
11	29	18	1	0
12	71	63	16	1.26488
13	11	15	0	0
14	12	48	8	1.05042
Instant	14
1	637	28	2	0.047619
2	32	15	0	0
3	171	56	18	4.32584
4	404	15	0	0
11	26	20	1	0
12	75	58	18	1.5625
13	10	15	0	0
14	15	47	8	0.732634
Instant	15
1	628	28	1	0
2	25	16	0	0
3	177	57	17	3.22757
4	387	15	0	0
11	28	19	0	0
12	54	67	21	2.43566
13	11	15	0	0
14	14	48	7	0.934668
Instant	16
1	659	29	3	0.0459559
2	29	17	0	0
3	181	60	19	4.77431
4	386	15	0	0
11	27	20	1	0
12	68	62	15	1.90034
13	10	15	0	0
14	14	48	8	0.823864
Instant	17
1	704	27	2	0
2	22	17	0	0
3	154	55	19	4.33859
4	366	15	0	0
11	31	19	1	0
12	67	60	14	1.83824
13	10	15	0	0
14	13	48	7	0.81869
Instant	18
1	633	28	2	0.458716
2	19	17	0	0
3	152	60	18	4.55635
4	377	15	0	0
11	28	19	1	0
12	77	66	17	1.1489
13	10	15	0	0
14	13	44	7	0.930233
Instant	19
1	598	30	2	0.241313
2	30	15	0	0
3	161	59	17	4.66903
4	354	15	0	0
11	26	19	0	0
12	54	66	18	2.06926
13	10	15	0	0
14	12	47	8	1.02442
Instant	20
1	670	27	2	0.682594
2	39	16	0	0
3	162	58	20	4.02644
4	370	15	0	0
11	29	18	0	0
12	71	62	20	2.11397
13	10	15	0	0
14	13	48	8	1.02686
Instant	21
1	741	27	2	0
2	17	14	0	0
3	159	58	15	4.26402
4	377	15	0	0
11	31	21	1	0
12	61	61	17	2.15993
13	10	15	0	0
14	13	46	8	0.912267
Instant	22
1	740	28	2	0
2	37	15	0	0
3	177	60	16	4.13851
4	365	15	0	0
11	33	19	1	0
12	56	57	16	2.02703
13	11	15	0	0
14	13	48	7	0.84
Instant	23
1	672	30	2	0.217391
2	36	17	0	0
3	172	57	16	4.31716
4	343	15	0	0
11	29	19	1	0
12	77	59	21	1.60846
13	10	15	0	0
14	11	45	8	1.26068
Instant	24
1	655	28	1	0
2	21	16	0	0
3	157	58	16	4.45574
4	351	15	0	0
11	28	18	0	0
12	63	55	12	1.79228
13	10	15	0	0
14	12	46	7	1.05721
Instant	25
1	605	27	2	0.514981
2	40	17	0	0
3	165	55	17	4.36782
4	349	15	0	0
11	27	20	1	0
12	63	63	17	1.5997
13	10	15	0	0
14	12	47	8	1.09925
Instant	26
1	585	30	3	0.304878
2	27	15	0	0
3	167	59	17	4.05012
4	368	15	0	0
11	25	18	1	0
12	78	62	17	1.65441
13	10	15	0	0
14	13	46	8	1.00678
Instant	27
1	638	28	2	0
2	7	15	0	0
3	188	63	17	3.68993
4	378	15	0	0
11	27	19	1	0
12	70	61	18	1.51654
13	11	15	0	0
14	13	45	8	0.784884
Instant	28
1	571	29	2	0.353535
2	38	16	0	0
3	163	59	17	3.95981
4	350	15	0	0
11	25	19	1	0
12	70	62	13	1.64931
13	10	15	0	0
14	12	45	8	1.26252
Instant	29
1	597	28	2	0.333333
2	24	16	0	0
3	182	58	16	4.00785
4	368	15	0	0
11	26	19	1	0
12	69	63	17	1.70037
13	11	15	0	0
14	13	47	7	0.822108
Instant	30
1	699	29	3	0.128645
2	41	16	0	0
3	158	55	15	4.49405
4	381	15	0	0
11	29	18	0	0
12	73	62	17	2.11397
13	10	15	0	0
14	13	46	7	0.895609
Instant	31
1	687	28	2	0
2	34	15	0	0
3	140	58	19	4.55995
4	367	15	0	0
11	29	19	0	0
12	65	60	21	2.02703
13	9	15	0	0
14	13	47	7	0.878594
Instant	32
1	695	28	2	0.247934
2	27	15	0	0
3	165	59	16	3.93795
4	355	15	0	0
11	31	19	1	0
12	79	61	17	1.1489
13	10	15	0	0
14	13	52	9	0.957578
Instant	33
1	686	28	2	0.0425894
2	18	16	0	0
3	165	60	17	4.53233
4	347	15	0	0
11	29	19	1	0
12	59	57	17	2.43566
13	10	15	0	0
14	12	47	8	1.11345
Instant	34
1	547	31	3	0.727651
2	21	16	0	0
3	173	61	17	3.55047
4	357	15	0	0
11	24	18	0	0
12	67	62	14	1.64696
13	10	15	0	0
14	12	49	8	0.966283
Instant	35
1	628	27	1	0.0934579
2	22	17	0	0
3	176	62	18	4.17582
4	369	15	0	0
11	27	18	0	0
12	62	63	25	2.06801
13	11	15	0	0
14	13	48	8	0.901347
Instant	36
1	576	27	1	0.304878
2	28	16	0	0
3	172	60	17	4.16667
4	379	15	0	0
11	25	19	1	0
12	61	60	18	2.11397
13	10	15	0	0
14	13	47	8	0.925926
Instant	37
1	614	27	1	0
2	30	15	0	0
3	161	61	15	4.66247
4	366	15	0	0
11	25	19	0	0
12	67	62	19	1.37649
13	10	15	0	0
14	13	48	7	1.09649
Instant	38
1	578	29	1	0
2	11	16	0	0
3	154	57	18	4.78469
4	352	15	0	0
11	25	19	1	0
12	79	63	15	1.51654
13	10	15	0	0
14	12	49	8	1.06758
Instant	39
1	599	28	1	0
2	30	16	0	0
3	184	60	17	3.73884
4	358	15	0	0
11	26	18	0	0
12	67	59	17	1.60846
13	11	15	0	0
14	12	46	8	0.878268
Instant	40
1	553	29	2	0.3125
2	25	16	0	0
3	162	57	19	4.36644
4	334	15	0	0
11	24	19	1	0
12	65	61	17	2.44932
13	10	15	0	0
14	11	54	9	1.03802
Instant	41
1	592	28	1	0.14881
2	45	15	0	0
3	179	58	17	4.34417
4	370	15	0	0
11	25	19	1	0
12	51	56	16	2.02206
13	11	15	0	0
14	12	44	6	1.11572
Instant	42
1	615	26	1	0
2	25	15	0	0
3	150	59	18	4.31548
4	363	15	0	0
11	26	20	1	0
12	77	64	18	2.02206
13	10	15	0	0
14	13	50	7	0.956119
Instant	43
1	572	28	1	0.050813
2	23	15	0	0
3	161	58	16	4.63183
4	383	15	0	0
11	25	20	1	0
12	74	63	20	1.22466
13	10	15	0	0
14	13	47	7	0.918836
Instant	44
1	534	28	1	0.318471
2	29	16	0	0
3	154	54	16	4.70238
4	356	15	0	0
11	24	20	1	0
12	64	59	19	1.88419
13	10	15	0	0
14	13	45	7	0.942623
Instant	45
1	601	28	1	0
2	36	16	0	0
3	165	53	18	4.01891
4	359	15	0	0
11	25	18	0	0
12	79	57	16	1.65441
13	10	15	0	0
14	11	45	7	1.29698
Instant	46
1	589	29	2	0
2	21	15	0	0
3	153	59	16	4.65686
4	351	15	0	0
11	25	18	0	0
12	64	66	17	1.85811
13	10	15	0	0
14	12	47	7	1.02782
Instant	47
1	575	28	2	0
2	17	15	0	0
3	196	58	17	3.37691
4	366	15	0	0
11	24	20	1	0
12	56	58	15	2.38971
13	11	15	0	0
14	13	48	7	1.05168
Instant	48
1	695	28	2	0
2	23	17	0	0
3	171	59	18	3.97982
4	364	15	0	0
11	29	19	0	0
12	54	65	19	2.29779
13	11	15	0	0
14	12	50	8	0.95305
Instant	49
1	725	28	2	0.117188
2	24	16	0	0
3	179	61	17	4.09977
4	339	15	0	0
11	32	18	0	0
12	55	66	22	1.86012
13	10	15	0	0
14	11	47	8	1.22845
Instant	50
1	656	27	2	0.227687
2	22	15	0	0
3	161	56	18	4.04676
4	382	15	0	0
11	28	19	1	0
12	71	56	19	1.65441
13	10	15	0	0
14	14	46	7	0.936544
Instant	51
1	632	29	2	0
2	38	15	0	0
3	165	55	16	4.5302
4	395	15	0	0
11	28	19	1	0
12	78	67	17	1.60846
13	11	15	0	0
14	15	48	7	0.574926
Instant	52
1	792	27	2	0.0369822
2	28	16	0	0
3	169	63	17	3.92212
4	389	15	0	0
11	34	18	0	0
12	63	62	17	1.77951
13	10	15	0	0
14	13	46	7	0.949248
Instant	53
1	701	30	3	0.297114
2	27	15	0	0
3	177	63	17	4.30839
4	380	15	0	0
11	30	20	1	0
12	72	63	18	1.70037
13	11	15	0	0
14	14	49	8	0.868056
Instant	54
1	674	28	1	0.298126
2	36	16	0	0
3	161	55	17	3.98126
4	356	15	0	0
11	30	19	1	0
12	64	66	20	2.25184
13	10	15	0	0
14	12	51	8	0.992226
Instant	55
1	655	28	2	0.264085
2	16	16	0	0
3	169	56	20	4.68037
4	383	15	0	0
11	29	18	1	0
12	72	62	17	1.30912
13	10	15	0	0
14	13	45	7	0.977761
Instant	56
1	695	27	2	0
2	26	15	0	0
3	157	61	15	4.45574
4	372	15	0	0
11	30	19	1	0
12	52	59	21	2.34375
13	10	15	0	0
14	13	48	8	0.941915
Instant	57
1	640	27	2	0.0460405
2	22	16	0	0
3	169	60	19	4.62444
4	381	15	0	0
11	27	20	1	0
12	63	57	16	2.52757
13	11	15	0	0
14	14	46	7	0.836538
Instant	58
1	575	28	2	0.298805
2	18	15	0	0
3	150	56	16	4.44712
4	353	15	0	0
11	25	21	1	0.302419
12	57	62	19	1.68919
13	10	15	0	0
14	12	48	7	0.879553
Instant	59
1	514	30	2	0.455581
2	19	16	0	0
3	160	57	18	4.46009
4	377	15	0	0
11	22	19	1	0
12	68	63	18	1.79228
13	10	15	0	0
14	13	46	7	1.14519
Instant	60
1	562	29	2	0.313152
2	18	16	0	0
3	177	55	19	4.48646
4	367	15	0	0
11	24	20	1	0
12	66	60	20	2.48162
13	11	15	0	0
14	13	47	7	1.05494
Instant	61
1	605	27	1	0
2	23	16	0	0
3	177	56	18	3.49771
4	348	15	0	0
11	26	19	1	0
12	74	56	16	0.892857
13	10	15	0	0
14	12	48	8	1.07504
Instant	62
1	571	29	2	0
2	41	16	0	0
3	183	60	18	3.67647
4	355	15	0	0
11	24	20	1	0
12	69	62	16	2.34375
13	11	15	0	0
14	12	48	9	0.948845
Instant	63
1	601	27	1	0
2	29	16	0	0
3	171	63	16	4.14786
4	376	15	0	0
11	26	18	1	0
12	51	62	16	2.61949
13	11	15	0	0
14	14	46	7	0.797045
Instant	64
1	548	27	1	0.375536
2	23	15	0	0
3	149	54	16	4.72892
4	334	15	0	0
11	23	19	1	0
12	68	56	16	2.15372
13	10	15	0	0
14	11	48	9	1.17391
Instant	65
1	609	27	2	0
2	23	15	0	0
3	165	55	18	4.00246
4	366	15	0	0
11	26	18	0	0
12	68	55	17	1.51654
13	10	15	0	0
14	13	48	8	0.778754
Instant	66
1	606	27	1	0
2	24	15	0	0
3	180	60	16	3.73858
4	365	15	0	0
11	26	18	0	0
12	70	56	18	1.70037
13	10	15	0	0
14	12	48	8	1.11715
Instant	67
1	612	27	1	0
2	36	16	0	0
3	151	60	18	4.32464
4	353	15	0	0
11	26	19	0	0
12	49	58	16	2.49155
13	10	15	0	0
14	11	46	7	1.17769
Instant	68
1	600	26	1	0
2	34	17	0	0
3	142	63	17	5.36152
4	373	15	0	0
11	26	20	1	0
12	73	59	20	2.05078
13	10	15	0	0
14	13	48	7	1.21283
Instant	69
1	610	27	1	0
2	29	16	0	0
3	157	56	18	4.52941
4	359	15	0	0
11	26	19	0	0
12	61	61	17	1.88419
13	10	15	0	0
14	12	45	8	1.09452
Instant	70
1	591	28	1	0.0502008
2	26	16	0	0
3	160	62	17	4.69858
4	375	15	0	0
11	25	19	1	0
12	64	64	17	2.06926
13	10	15	0	0
14	14	46	8	0.877535
Instant	71
1	583	27	2	0.339147
2	30	16	0	0
3	159	59	16	4.16667
4	367	15	0	0
11	26	19	0	0
12	81	59	16	1.33272
13	10	15	0	0
14	13	46	7	0.834658
Instant	72
1	563	29	2	0.308642
2	28	17	0	0
3	162	58	19	4.30523
4	333	15	0	0
11	24	18	0	0
12	66	57	16	1.84659
13	10	15	0	0
14	11	48	9	1.22592
Instant	73
1	585	27	1	0.351406
2	26	16	0	0
3	193	62	17	3.52845
4	371	15	0	0
11	25	19	0	0
12	62	62	17	1.48628
13	11	15	0	0
14	14	47	8	0.899921
Instant	74
1	571	29	2	0
2	26	17	0	0
3	177	57	17	3.88027
4	353	15	0	0
11	25	20	1	0
12	67	62	16	1.93015
13	11	15	0	0
14	12	47	8	0.907591
Instant	75
1	568	29	2	0.370763
2	41	17	0	0
3	145	58	16	5.06098
4	352	15	0	0
11	24	18	1	0
12	73	58	14	1.94129
13	10	15	0	0
14	12	46	7	1.04512
Instant	76
1	529	28	2	0.367647
2	14	16	0	0
3	154	55	15	4.74239
4	358	15	0	0
11	24	19	1	0
12	55	61	20	2.03993
13	10	15	0	0
14	13	44	8	0.840164
Instant	77
1	621	27	1	0
2	22	16	0	0
3	157	63	15	4.73529
4	354	15	0	0
11	26	18	0	0
12	82	64	18	1.12305
13	10	15	0	0
14	12	46	7	1.12048
Instant	78
1	540	29	2	0.374732
2	23	16	0	0
3	152	59	18	4.45574
4	373	15	0	0
11	23	19	0	0
12	67	60	18	1.5625
13	10	15	0	0
14	13	46	7	0.814364
Instant	79
1	590	28	2	0
2	30	15	0	0
3	167	58	18	4.67667
4	342	15	0	0
11	25	18	0	0
12	68	64	20	1.77365
13	10	15	0	0
14	12	47	7	1.11988
Instant	80
1	588	28	2	0.0498008
2	27	17	0	0
3	152	63	16	4.72488
4	366	15	0	0
11	25	19	1	0
12	58	59	18	2.41477
13	10	15	0	0
14	13	46	7	0.728834
Instant	81
1	585	29	1	0
2	21	16	0	0
3	176	58	16	3.50228
4	374	15	0	0
11	25	19	0	0
12	46	61	20	2.41477
13	10	15	0	0
14	13	49	8	0.773903
Instant	82
1	578	29	1	0
2	29	16	0	0
3	166	58	16	4.67317
4	349	15	0	0
11	25	20	1	0
12	63	60	16	2.00893
13	10	15	0	0
14	12	47	7	0.834725
Instant	83
1	605	27	2	0
2	18	15	0	0
3	166	59	17	4.32802
4	368	15	0	0
11	25	20	1	0
12	73	64	18	1.37311
13	10	15	0	0
14	13	46	8	1.04167
Instant	84
1	561	29	2	0.0503018
2	36	16	0	0
3	168	59	16	4.33025
4	376	15	0	0
11	25	20	0	0
12	57	67	17	2.08333
13	10	15	0	0
14	13	45	8	0.862403
Instant	85
1	612	27	1	0.0490196
2	29	16	0	0
3	153	57	17	4.70623
4	367	15	0	0
11	26	19	0	0
12	52	67	23	2.16346
13	10	15	0	0
14	13	48	6	0.87
Instant	86
1	571	28	1	0
2	14	17	0	0
3	149	58	15	4.66903
4	351	15	0	0
11	24	20	1	0
12	66	56	18	2.20588
13	10	15	0	0
14	12	46	7	1.07113
Instant	87
1	585	28	1	0
2	16	15	1	0
3	185	55	18	4.0259
4	363	15	0	0
11	25	20	1	0
12	69	59	17	1.83824
13	11	15	0	0
14	13	49	8	0.877016
Instant	88
1	613	28	2	0
2	26	16	0	0
3	194	57	16	3.85021
4	354	15	0	0
11	26	19	1	0
12	67	61	17	2.02703
13	11	15	0	0
14	12	49	9	1.13262
Instant	89
1	606	28	1	0
2	28	16	0	0
3	181	60	16	3.54767
4	372	15	0	0
11	26	18	0	0
12	34	61	19	1.51654
13	11	15	0	0
14	12	48	8	1.01538
Instant	90
1	599	27	2	0
2	21	15	0	0
3	171	60	21	4.11148
4	362	15	0	0
11	26	20	1	0
12	62	56	13	3.51562
13	11	15	0	0
14	13	47	8	0.9375
Instant	91
1	592	28	1	0
2	26	15	0	0
3	170	60	17	4.19521
4	361	15	0	0
11	25	19	0	0
12	57	58	20	2.40709
13	11	15	0	0
14	12	48	7	0.894309
Instant	92
1	575	27	2	0.295276
2	16	15	0	0
3	180	61	17	4.15711
4	349	15	0	0
11	26	19	0	0
12	69	60	18	1.37311
13	10	15	0	0
14	11	44	7	1.38655
Instant	93
1	502	30	2	0.402299
2	25	17	0	0
3	174	58	17	4.05329
4	361	15	0	0
11	22	19	0	0
12	75	59	16	1.60985
13	10	15	0	0
14	13	47	7	0.682183
Instant	94
1	611	28	1	0
2	22	17	0	0
3	161	60	14	4.42399
4	371	15	0	0
11	26	19	1	0
12	55	69	13	2.02703
13	10	15	0	0
14	13	48	8	0.780016
Instant	95
1	585	29	2	0
2	18	18	0	0
3	188	61	16	3.47072
4	356	15	0	0
11	25	18	0	0
12	64	63	18	2.20588
13	11	15	0	0
14	12	48	7	0.856023
Instant	96
1	610	27	1	0
2	16	17	0	0
3	156	60	17	4.83218
4	347	15	0	0
11	25	19	1	0
12	68	54	17	1.93015
13	10	15	0	0
14	12	48	8	1.09925
Instant	97
1	609	27	2	0
2	33	17	0	0
3	170	58	16	3.95199
4	337	15	0	0
11	26	19	1	0
12	61	70	17	1.67683
13	10	15	0	0
14	11	49	9	1.16304
Instant	98
1	604	28	1	0
2	12	17	0	0
3	147	56	17	5.04332
4	358	15	0	0
11	26	18	0	0
12	70	57	21	1.65441
13	10	15	0	0
14	13	50	7	0.887031
Instant	99
1	592	28	2	0
2	28	15	0	0
3	184	56	18	3.77203
4	352	15	0	0
11	26	19	0	0
12	79	65	17	1.79228
13	11	15	0	0
14	12	46	8	1.01073
Instant	100
1	589	27	2	0
2	29	14	0	0
3	177	59	20	3.88889
4	356	15	0	0
11	25	20	1	0
12	70	63	17	1.47804
13	11	15	0	0
14	12	48	8	1.07936
Instant	101
1	538	30	2	0.37155
2	27	16	0	0
3	176	55	18	4.25824
4	353	15	0	0
11	24	19	1	0
12	56	61	17	2.02206
13	11	15	0	0
14	12	49	8	1.14013
Instant	102
1	593	28	1	0
2	22	16	1	0
3	136	59	17	5.72289
4	367	15	0	0
11	25	19	1	0
12	52	68	24	2.84926
13	10	15	0	0
14	13	48	7	0.914149
Instant	103
1	596	28	1	0
2	33	16	0	0
3	175	60	19	3.89016
4	378	15	0	0
11	25	19	1	0
12	59	59	17	2.32264
13	11	15	0	0
14	13	49	8	0.841718
Instant	104
1	582	27	2	0
2	37	16	0	0
3	182	59	17	3.83152
4	361	15	0	0
11	26	20	1	0
12	55	63	18	2.20588
13	11	15	0	0
14	13	49	7	0.939015
Instant	105
1	620	28	1	0
2	19	16	0	0
3	176	59	16	4.05172
4	367	15	0	0
11	26	18	0	0
12	65	62	14	1.83824
13	10	15	0	0
14	13	45	7	0.82
Instant	106
1	592	27	2	0
2	17	16	0	0
3	168	60	20	4.41344
4	375	15	0	0
11	26	19	1	0
12	66	64	20	1.68919
13	10	15	0	0
14	13	48	8	0.869141
Instant	107
1	606	27	2	0.290698
2	16	17	0	0
3	157	59	19	4.36183
4	353	15	0	0
11	26	19	1	0
12	60	58	17	2.34375
13	10	15	0	0
14	12	46	7	1.14203
Instant	108
1	578	28	2	0
2	42	16	0	0
3	169	60	17	4.32692
4	374	15	0	0
11	25	19	1	0
12	60	66	23	2.29779
13	10	15	0	0
14	13	50	7	0.772692
Instant	109
1	585	29	2	0
2	49	15	0	0
3	175	63	15	4.01481
4	358	15	0	0
11	25	20	1	0
12	61	59	20	1.5997
13	10	15	0	0
14	13	47	8	0.959967
Instant	110
1	604	27	1	0
2	27	15	0	0
3	162	58	15	4.20644
4	347	15	0	0
11	25	19	1	0
12	63	53	14	2.29492
13	10	15	0	0
14	12	49	8	0.907939
Instant	111
1	594	28	2	0
2	33	17	0	0
3	188	59	15	3.86569
4	359	15	0	0
11	26	19	1	0
12	70	61	15	1.5625
13	11	15	0	0
14	12	47	8	1.05519
Instant	112
1	581	26	1	0
2	24	17	0	0
3	155	56	16	4.01679
4	349	15	0	0
11	25	20	1	0
12	55	62	19	2.19595
13	10	15	0	0
14	12	46	8	1.15741
Instant	113
1	634	26	1	0.331439
2	30	15	0	0
3	178	56	15	4.07303
4	340	15	0	0
11	27	18	0	0
12	60	62	20	1.70037
13	11	15	0	0
14	11	45	8	1.21349
Instant	114
1	613	26	1	0
2	22	14	0	0
3	163	57	16	4.35561
4	341	15	0	0
11	27	18	0	0
12	59	68	21	2.57353
13	10	15	0	0
14	12	47	8	1.07906
Instant	115
1	619	27	1	0
2	25	14	0	0
3	162	55	20	4.22577
4	352	15	0	0
11	26	18	0	0
12	75	62	17	1.81588
13	10	15	0	0
14	12	47	7	1.06073
Instant	116
1	569	30	2	0
2	42	14	0	0
3	134	58	16	4.875
4	383	15	0	0
11	25	19	1	0
12	72	61	16	1.5625
13	10	15	0	0
14	14	46	8	0.771723
Instant	117
1	613	27	1	0
2	29	17	0	0
3	163	62	16	4.03519
4	359	15	0	0
11	26	18	0	0
12	67	60	20	1.88419
13	10	15	0	0
14	13	48	8	0.720373
Instant	118
1	588	27	2	0.295858
2	25	16	0	0
3	174	61	21	4.37935
4	362	15	0	0
11	25	19	1	0
12	62	61	26	1.85811
13	10	15	0	0
14	12	46	7	1.09879
Instant	119
1	576	30	2	0
2	6	15	0	0
3	157	58	18	4.23678
4	361	15	0	0
11	25	18	1	0
12	67	59	16	2.15993
13	10	15	0	0
14	12	48	7	0.904472
