	T	D	J	LP
Instant	0
1	0	0	0	0
2	0	0	0	0
3	0	0	0	0
4	0	0	0	0
11	0	0	0	0
12	0	0	0	0
13	0	0	0	0
14	0	0	0	0
Instant	1
1	360	26	1	0
2	14	16	0	0
3	24	56	12	1.86782
4	105	16	0	0
11	14	19	1	0
12	30	68	6	7.72947
13	1	15	0	0
14	3	50	11	0.250553
Instant	2
1	1306	30	2	0.949914
2	30	15	0	0
3	26	58	27	5.40323
4	582	17	0	0
11	59	20	0	0
12	0	0	0	0
13	4	15	0	0
14	19	50	6	0.756814
Instant	3
1	1567	29	2	0.355007
2	22	15	0	0
3	31	67	23	5.48919
4	569	16	0	0
11	69	18	0	0
12	7	80	24	5.31046
13	4	15	0	0
14	18	50	6	0.92021
Instant	4
1	1296	30	3	0.668103
2	20	15	0	0
3	41	69	22	4.74684
4	516	16	0	0
11	60	19	0	0
12	14	70	20	2.4024
13	4	15	0	0
14	16	50	7	1.43406
Instant	5
1	1206	30	3	0.0246305
2	26	16	0	0
3	26	61	25	5.11364
4	427	16	0	0
11	52	19	0	0
12	9	70	18	2.04248
13	4	15	0	0
14	13	49	7	1.13602
Instant	6
1	1088	28	1	0
2	17	15	0	0
3	19	73	24	8.06277
4	384	15	0	0
11	47	19	0	0
12	14	72	23	1.87908
13	4	15	0	0
14	11	45	6	1.16279
Instant	7
1	1026	26	2	0.310384
2	26	17	0	0
3	30	76	18	7.04918
4	377	15	0	0
11	45	19	0	0
12	18	64	20	1.57658
13	4	15	0	0
14	12	47	7	1.00515
Instant	8
1	820	28	2	0.573066
2	25	16	0	0
3	28	69	22	6.64557
4	381	15	0	0
11	36	19	1	0
12	16	62	29	1.96078
13	4	15	0	0
14	12	48	10	0.913184
Instant	9
1	721	27	2	0.323102
2	26	15	0	0
3	26	70	21	4.48718
4	389	15	0	0
11	31	19	0	0
12	8	78	23	2.45098
13	4	15	0	0
14	11	44	7	1.18035
Instant	10
1	679	28	2	0
2	35	16	0	0
3	27	52	24	5.33898
4	371	15	0	0
11	30	20	1	0
12	17	67	19	2.17718
13	4	15	0	0
14	12	47	7	0.993522
Instant	11
1	626	28	2	0.461255
2	17	16	0	0
3	31	74	14	4.67415
4	383	15	0	0
11	27	19	0	0
12	16	72	16	1.47059
13	4	15	0	0
14	13	48	8	0.883452
Instant	12
1	730	26	1	0
2	31	17	0	0
3	30	70	17	7.69841
4	366	15	0	0
11	31	19	0	0
12	7	78	22	2.45098
13	5	15	0	0
14	12	48	7	0.747523
Instant	13
1	690	25	1	0
2	31	17	0	0
3	20	71	17	4.99429
4	326	15	0	0
11	30	20	1	0
12	19	75	23	1.91799
13	4	15	0	0
14	10	50	9	0.995619
Instant	14
1	640	26	1	0.3125
2	26	16	0	0
3	25	75	13	10.2273
4	340	15	0	0
11	28	19	0	0
12	20	73	23	1.71569
13	4	15	0	0
14	11	47	8	0.990709
Instant	15
1	619	29	2	0.28463
2	28	17	0	0
3	21	74	14	4.38889
4	339	15	0	0
11	26	19	0	0
12	10	84	19	1.55229
13	4	15	0	0
14	11	47	8	0.916859
Instant	16
1	701	25	1	0
2	30	16	0	0
3	28	73	15	6.56566
4	348	15	0	0
11	30	18	0	0
12	20	70	18	2.32733
13	4	15	0	0
14	11	50	9	0.875233
Instant	17
1	667	27	1	0
2	19	16	0	0
3	33	74	15	9.81953
4	345	15	0	0
11	29	18	0	0
12	12	59	24	1.96078
13	4	15	0	0
14	11	48	7	0.838041
Instant	18
1	652	27	1	0
2	33	14	0	0
3	30	72	19	3.41667
4	339	15	0	0
11	28	20	1	0
12	14	76	18	2.04248
13	4	15	0	0
14	11	50	9	0.731661
Instant	19
1	651	26	1	0.0448833
2	27	16	0	0
3	30	75	18	6.75896
4	373	15	0	0
11	28	19	0	0
12	5	67	34	2.4024
13	4	15	0	0
14	13	50	7	0.636332
Instant	20
1	679	26	1	0
2	32	16	0	0
3	28	70	15	4.40199
4	374	15	0	0
11	29	19	0	0
12	0	0	0	0
13	4	15	0	0
14	13	50	7	0.598335
Instant	21
1	631	27	1	0
2	38	15	0	0
3	29	72	18	6.99786
4	315	15	0	0
11	28	20	1	0
12	9	77	25	4.98366
13	5	15	0	0
14	9	52	8	1.11008
Instant	22
1	721	26	1	0
2	32	15	0	0
3	31	68	21	6.7447
4	342	15	0	0
11	31	19	0	0
12	10	73	23	2.17718
13	4	15	0	0
14	12	51	9	0.967008
Instant	23
1	768	25	2	0
2	28	16	0	0
3	28	74	21	7.04301
4	334	15	0	0
11	33	19	0	0
12	12	73	35	2.36928
13	4	15	0	0
14	11	51	9	0.705723
Instant	24
1	705	25	1	0.20938
2	24	16	0	0
3	28	71	20	3.84615
4	348	15	0	0
11	30	20	1	0
12	9	86	18	1.87908
13	4	15	0	0
14	12	47	8	0.779209
Instant	25
1	691	26	2	0.0422297
2	18	16	0	0
3	26	68	25	4.41338
4	349	15	0	0
11	30	19	1	0
12	15	75	18	1.65344
13	4	15	0	0
14	11	48	7	0.853863
Instant	26
1	654	27	2	0.134409
2	23	15	0	0
3	19	69	16	10.2497
4	335	15	0	0
11	28	19	0	0
12	9	67	21	2.20588
13	4	15	0	0
14	11	47	8	0.886628
Instant	27
1	674	27	1	0
2	35	16	0	0
3	30	75	19	8.2794
4	310	15	0	0
11	29	19	1	0
12	13	65	17	2.61438
13	4	15	0	0
14	10	50	9	0.964748
Instant	28
1	834	26	1	0
2	21	16	0	0
3	37	69	16	4.56026
4	321	15	0	0
11	35	18	0	0
12	9	87	16	2.31481
13	4	15	0	0
14	10	49	8	0.982179
Instant	29
1	827	28	1	0
2	28	16	0	0
3	31	74	17	6.00962
4	313	15	0	0
11	35	18	0	0
12	12	82	17	1.96078
13	4	15	0	0
14	10	50	8	0.761816
Instant	30
1	698	27	1	0.288303
2	23	15	0	0
3	30	64	16	3.54374
4	311	15	0	0
11	31	19	0	0
12	0	0	0	0
13	4	15	0	0
14	9	50	9	0.975177
Instant	31
1	727	26	2	0.48
2	23	16	0	0
3	25	73	23	10.0935
4	322	15	0	0
11	31	19	1	0
12	0	0	0	0
13	4	15	0	0
14	11	46	9	0.897513
Instant	32
1	782	27	1	0
2	26	17	0	0
3	30	68	23	7.431
4	312	15	0	0
11	33	18	0	0
12	0	0	0	0
13	4	15	0	0
14	10	47	8	0.781574
Instant	33
1	830	25	0	0
2	22	16	0	0
3	30	72	20	6.89752
4	320	15	0	0
11	37	19	0	0
12	0	0	0	0
13	4	15	0	0
14	11	50	9	0.822168
Instant	34
1	877	26	1	0
2	20	16	0	0
3	21	73	20	6.18375
4	307	15	0	0
11	37	18	0	0
12	2	65	26	12.9129
13	4	15	0	0
14	9	50	7	1.02848
Instant	35
1	794	26	1	0
2	30	17	0	0
3	33	73	17	6.17584
4	291	15	0	0
11	34	19	0	0
12	7	58	25	3.02288
13	4	15	0	0
14	9	49	8	1.11518
Instant	36
1	787	25	0	0
2	45	16	0	0
3	23	68	19	4.11148
4	313	15	0	0
11	34	19	0	0
12	7	78	21	2.12418
13	4	15	0	0
14	10	47	8	0.913879
Instant	37
1	723	25	1	0.0404531
2	35	16	0	0
3	24	70	17	8.44749
4	329	15	0	0
11	31	20	1	0
12	7	62	17	1.71958
13	4	15	0	0
14	11	51	8	0.879794
Instant	38
1	760	25	1	0
2	11	16	1	0
3	38	64	18	5.12017
4	326	15	0	0
11	33	19	0	0
12	12	74	25	2.28758
13	4	15	0	0
14	11	52	8	0.712719
Instant	39
1	699	27	2	0
2	26	16	0	0
3	33	75	14	7.32162
4	299	15	0	0
11	30	19	0	0
12	5	90	27	2.61438
13	5	15	0	0
14	9	48	9	0.897103
Instant	40
1	640	28	1	0.277264
2	23	17	0	0
3	32	67	18	4.89549
4	309	15	0	0
11	27	19	0	0
12	0	0	0	0
13	4	15	0	0
14	10	50	8	0.93985
Instant	41
1	630	27	2	0
2	21	15	0	0
3	31	64	28	6.51308
4	323	15	0	0
11	27	20	1	0
12	18	80	18	5.06536
13	4	15	0	0
14	10	50	8	0.857546
Instant	42
1	770	29	2	0
2	26	17	0	0
3	30	71	28	7.47222
4	306	15	0	0
11	34	19	1	0
12	7	86	12	2.45098
13	4	15	0	0
14	10	53	8	1.06417
Instant	43
1	712	27	2	0
2	24	17	0	0
3	21	77	29	4.57251
4	320	15	0	0
11	30	19	1	0.412541
12	15	80	19	2.02703
13	4	15	0	0
14	10	48	9	0.836356
Instant	44
1	732	27	1	0
2	16	16	0	0
3	40	70	13	5.7074
4	313	15	0	0
11	32	19	1	0
12	0	0	0	0
13	4	15	0	0
14	10	51	9	0.806452
Instant	45
1	814	28	2	0
2	22	16	0	0
3	21	70	13	6.80328
4	328	15	0	0
11	33	18	0	0.216138
12	0	0	0	0
13	4	15	0	0
14	11	49	8	0.861045
Instant	46
1	693	26	1	0.540765
2	18	15	0	0
3	23	63	23	3.40414
4	328	15	0	0
11	31	19	1	0
12	0	0	0	0
13	5	15	0	0
14	11	47	9	0.761596
Instant	47
1	640	28	1	0
2	23	16	0	0
3	32	72	21	10.8414
4	320	15	0	0
11	28	19	0	0
12	0	0	0	0
13	4	15	0	0
14	10	45	8	0.997367
Instant	48
1	658	27	2	0.529101
2	32	16	0	0
3	30	73	14	6.87919
4	322	15	0	0
11	29	19	1	0
12	0	0	0	0
13	4	15	0	0
14	11	51	8	0.708685
Instant	49
1	643	27	1	0.443262
2	30	16	0	0
3	25	72	23	4.58057
4	317	15	0	0
11	29	18	1	0
12	0	0	0	0
13	4	15	0	0
14	10	51	8	0.879346
Instant	50
1	666	27	2	0
2	31	16	0	0
3	28	71	19	5.2017
4	302	15	0	0
11	28	19	0	0
12	0	0	0	0
13	5	15	0	0
14	9	53	9	0.985433
Instant	51
1	665	26	1	0
2	16	16	0	0
3	33	66	17	4.81602
4	314	15	0	0
11	29	20	1	0
12	0	0	0	0
13	4	15	0	0
14	10	52	8	0.980697
Instant	52
1	652	26	1	0.0438596
2	22	16	0	0
3	27	69	12	8.24713
4	297	15	0	0
11	29	19	1	0
12	0	0	0	0
13	4	15	0	0
14	9	47	10	0.938585
Instant	53
1	603	25	1	0.580271
2	37	16	0	0
3	24	70	23	6.10932
4	332	15	0	0
11	26	18	0	0
12	5	76	29	28.5131
13	4	15	0	0
14	11	47	10	0.844067
Instant	54
1	616	26	1	0.0469925
2	42	16	0	0
3	21	73	16	5.16148
4	330	15	0	0
11	27	19	0	0
12	25	63	18	1.55229
13	4	15	0	0
14	11	51	9	0.68298
Instant	55
1	619	26	1	0
2	27	16	0	0
3	28	65	13	5.39216
4	314	15	0	0
11	26	19	1	0
12	0	0	0	0
13	4	15	0	0
14	10	46	9	0.840553
Instant	56
1	643	25	1	0
2	26	16	0	0
3	23	77	16	6.49387
4	298	15	0	0
11	27	18	0	0
12	0	0	0	0
13	4	15	0	0
14	9	50	8	1.12263
Instant	57
1	641	25	0	0
2	24	14	0	0
3	25	65	18	4.70012
4	315	15	0	0
11	28	18	0	0
12	16	76	19	7.84314
13	4	15	0	0
14	10	53	9	0.772559
Instant	58
1	634	25	1	0
2	33	15	0	0
3	31	78	19	9.1104
4	319	15	0	0
11	27	19	1	0
12	18	68	27	1.72673
13	4	15	0	0
14	10	46	7	0.809902
Instant	59
1	627	27	1	0
2	28	16	0	0
3	21	70	15	7.16724
4	330	15	0	0
11	27	18	0	0
12	11	81	14	1.79739
13	4	15	0	0
14	11	48	7	0.850039
Instant	60
1	611	26	1	0
2	21	16	0	0
3	29	71	20	7.35138
4	334	15	0	0
11	26	19	1	0
12	6	62	15	2.69608
13	4	15	0	0
14	11	48	8	0.922688
Instant	61
1	606	26	1	0
2	32	16	0	0
3	27	77	25	4.79233
4	308	15	0	0
11	26	19	1	0
12	0	0	0	0
13	4	15	0	0
14	9	48	8	0.917191
Instant	62
1	620	27	1	0
2	24	17	0	0
3	40	58	23	7.00443
4	314	15	0	0
11	26	19	0	0
12	0	0	0	0
13	4	15	0	0
14	10	51	9	0.832299
Instant	63
1	634	26	1	0
2	20	15	0	0
3	27	77	18	5.46709
4	308	15	0	0
11	27	18	1	0
12	0	0	0	0
13	4	15	0	0
14	10	48	8	0.927673
Instant	64
1	625	25	1	0
2	19	15	0	0
3	24	74	22	9.89071
4	346	15	0	0
11	26	19	1	0
12	7	70	22	10.5856
13	4	15	0	0
14	11	46	9	0.829584
Instant	65
1	626	26	1	0
2	22	16	0	0
3	28	64	23	5.17799
4	307	15	0	0
11	27	19	0	0
12	13	74	23	2.04248
13	4	15	0	0
14	9	53	9	1.01922
Instant	66
1	571	27	1	0.344488
2	29	15	0	0
3	29	67	24	5.07937
4	319	15	0	0
11	26	19	1	0
12	11	80	21	2.12418
13	5	15	0	0
14	11	47	8	0.85874
Instant	67
1	620	27	1	0
2	26	16	0	0
3	27	62	19	6.50871
4	316	15	0	0
11	26	18	0	0
12	0	0	0	0
13	4	15	0	0
14	11	49	8	0.723522
Instant	68
1	620	25	1	0
2	37	17	0	0
3	32	65	20	6.10932
4	307	15	0	0
11	26	20	1	0
12	0	0	0	0
13	4	15	0	0
14	9	48	8	0.884956
Instant	69
1	605	27	1	0.0490196
2	36	15	0	0
3	26	68	18	5.15873
4	307	15	0	0
11	26	19	0	0
12	0	0	0	0
13	4	15	0	0
14	9	47	9	1.02718
Instant	70
1	585	29	1	0
2	20	16	0	0
3	23	72	19	8.9364
4	298	15	0	0
11	25	18	0	0
12	0	0	0	0
13	4	15	0	0
14	9	51	9	0.925926
Instant	71
1	627	26	1	0
2	27	14	0	0
3	25	67	22	6.27119
4	310	15	0	0
11	26	19	1	0
12	6	85	19	13.9706
13	4	15	0	0
14	10	51	7	0.814536
Instant	72
1	620	25	0	0
2	26	16	0	0
3	33	68	13	6.5229
4	321	15	0	0
11	27	19	1	0
12	11	74	13	2.3569
13	4	15	0	0
14	11	53	9	0.727273
Instant	73
1	619	25	1	0
2	18	17	0	0
3	35	69	17	4.44622
4	326	15	0	0
11	26	18	0	0
12	19	71	21	1.21951
13	4	15	0	0
14	10	48	9	0.874056
Instant	74
1	621	26	1	0.287356
2	19	16	0	0
3	20	70	20	5.74324
4	344	15	0	0
11	26	19	1	0
12	19	73	27	1.71569
13	4	15	0	0
14	12	48	8	0.760582
Instant	75
1	601	27	2	0
2	26	15	0	0
3	33	72	21	8.30662
4	319	15	0	0
11	26	19	1	0
12	9	60	17	2.18855
13	4	15	0	0
14	10	52	9	0.912409
Instant	76
1	618	25	1	0
2	28	15	0	0
3	28	66	13	4.80043
4	331	15	0	0
11	26	20	1	0
12	0	0	0	0
13	4	15	0	0
14	11	50	8	0.846049
Instant	77
1	599	25	1	0
2	30	17	0	0
3	32	65	25	5.96026
4	330	15	0	0
11	26	22	1	0
12	0	0	0	0
13	4	15	0	0
14	11	49	10	0.69526
Instant	78
1	599	27	1	0
2	25	16	0	0
3	25	68	17	6.08035
4	327	15	0	0
11	26	19	1	0
12	0	0	0	0
13	4	15	0	0
14	11	52	8	0.859005
Instant	79
1	611	26	1	0
2	33	16	0	0
3	34	64	19	4.53552
4	337	15	0	0
11	26	20	1	0
12	11	80	29	9.75976
13	4	15	0	0
14	11	48	8	0.889081
Instant	80
1	633	25	1	0
2	23	15	0	0
3	37	69	22	6.03825
4	338	15	0	0
11	27	19	0	0
12	12	67	34	2.18855
13	4	15	0	0
14	11	52	7	0.818025
Instant	81
1	593	27	2	0
2	27	15	0	0
3	26	73	24	3.86049
4	325	15	0	0
11	25	19	1	0.297619
12	1	80	19	3.11448
13	4	15	0	0
14	11	47	8	0.698603
Instant	82
1	550	28	2	0.315126
2	32	15	0	0
3	35	71	19	11.5385
4	326	15	0	0
11	24	19	1	0
12	0	0	0	0
13	5	15	0	0
14	10	46	8	1.05536
Instant	83
1	569	26	2	0.439453
2	17	16	0	0
3	28	74	20	5.12208
4	333	15	0	0
11	26	18	0	0
12	0	0	0	0
13	4	15	0	0
14	11	47	7	0.716374
Instant	84
1	571	28	2	0.510204
2	24	14	0	0
3	22	75	20	6.71217
4	333	15	0	0
11	25	19	1	0
12	0	0	0	0
13	4	15	0	0
14	11	48	9	0.878982
Instant	85
1	608	27	2	0.0482625
2	22	16	0	0
3	24	69	22	5.53672
4	334	15	0	0
11	26	19	1	0
12	0	0	0	0
13	4	15	0	0
14	11	49	8	0.787896
Instant	86
1	622	26	1	0
2	27	15	0	0
3	26	68	17	6.08553
4	330	15	0	0
11	26	18	0	0
12	0	0	0	0
13	4	15	0	0
14	10	46	8	0.893208
Instant	87
1	606	26	1	0
2	28	16	0	0
3	30	69	17	5.20487
4	341	15	0	0
11	27	20	1	0
12	0	0	0	0
13	4	15	0	0
14	11	49	8	0.692058
Instant	88
1	598	27	1	0
2	32	16	0	0
3	33	71	25	8.25397
4	342	15	0	0
11	25	20	1	0
12	0	0	0	0
13	4	15	0	0
14	12	49	9	0.678733
Instant	89
1	594	28	2	0.147638
2	17	16	0	0
3	30	60	19	8.59195
4	309	15	0	0
11	26	19	1	0
12	0	0	0	0
13	4	15	0	0
14	10	50	8	0.939337
Instant	90
1	634	26	1	0
2	20	16	0	0
3	22	72	18	7.4973
4	310	15	0	0
11	27	18	0	0
12	0	0	0	0
13	4	15	0	0
14	10	50	8	0.916561
Instant	91
1	593	26	1	0.289017
2	26	15	0	0
3	22	74	14	6.19369
4	335	15	0	0
11	26	20	1	0
12	1	99	19	25.4504
13	4	15	0	0
14	11	47	9	0.641397
Instant	92
1	680	26	1	0
2	20	14	0	0
3	30	69	20	4.33114
4	312	15	0	0
11	28	19	1	0
12	6	63	30	2.94613
13	4	15	0	0
14	10	49	8	1.03125
Instant	93
1	658	25	1	0.0880282
2	33	16	0	0
3	32	72	14	3.17842
4	311	15	0	0
11	28	20	2	0
12	4	83	4	2.27273
13	4	15	0	0
14	10	45	8	0.900621
Instant	94
1	640	27	1	0
2	17	16	0	0
3	22	65	19	5.07991
4	323	15	0	0
11	27	19	0	0.274725
12	14	66	21	1.8018
13	4	15	0	0
14	10	51	9	0.851471
Instant	95
1	667	27	1	0
2	26	16	0	0
3	23	74	18	7.86579
4	320	15	0	0
11	28	19	1	0
12	10	78	18	2.53268
13	4	15	0	0
14	10	50	8	0.780616
Instant	96
1	717	26	2	0.0402576
2	31	17	0	0
3	25	76	17	8.14577
4	302	15	0	0
11	31	19	1	0
12	10	68	25	1.96078
13	4	15	0	0
14	9	50	9	1.01482
Instant	97
1	837	27	1	0
2	28	16	0	0
3	44	63	19	8.2265
4	307	15	0	0
11	35	18	0	0
12	0	0	0	0
13	4	15	0	0
14	10	54	9	0.975738
Instant	98
1	760	26	2	0
2	22	15	0	0
3	38	65	14	5.1282
4	297	15	0	0
11	33	19	1	0
12	15	53	17	5.55556
13	4	15	0	0
14	9	52	9	0.995431
Instant	99
1	759	25	1	0
2	29	15	0	0
3	27	78	15	7.41935
4	305	15	0	0
11	33	20	1	0.232198
12	5	66	23	2.53268
13	4	15	0	0
14	9	50	9	0.915283
Instant	100
1	736	27	1	0
2	24	16	0	0
3	36	63	17	4.52609
4	326	15	0	0
11	31	19	0	0
12	29	67	19	1.42643
13	5	15	0	0
14	11	52	8	0.852273
Instant	101
1	666	27	1	0
2	33	15	0	0
3	26	70	18	7.03642
4	281	15	0	0
11	29	18	0	0
12	15	82	19	1.79739
13	4	15	0	0
14	9	50	8	0.913793
Instant	102
1	649	28	2	0.0455373
2	26	16	0	0
3	25	70	24	5.7047
4	300	15	0	0
11	28	19	1	0
12	18	77	24	1.55229
13	4	15	0	0
14	9	49	8	0.884002
Instant	103
1	607	25	1	0.378072
2	41	16	0	0
3	28	70	23	5.15102
4	300	15	0	0
11	27	18	0	0
12	9	57	23	2.55255
13	4	15	0	0
14	9	49	8	0.924124
Instant	104
1	626	26	1	0
2	26	16	0	0
3	24	67	19	6.68896
4	318	15	0	0
11	27	18	0	0
12	0	0	0	0
13	4	15	0	0
14	11	51	8	0.884458
Instant	105
1	628	26	1	0
2	12	15	0	0
3	25	71	15	8.30574
4	330	15	0	0
11	27	19	1	0
12	0	0	0	0
13	4	15	0	0
14	11	50	8	0.840212
Instant	106
1	626	25	1	0
2	19	15	0	0
3	26	63	23	6.20861
4	322	15	0	0
11	27	19	1	0
12	10	80	33	6.90691
13	4	15	0	0
14	11	50	9	0.681818
Instant	107
1	621	26	1	0
2	37	16	0	0
3	28	64	24	6.85792
4	322	15	0	0
11	26	18	0	0
12	9	73	26	2.69608
13	5	15	0	0
14	11	47	9	0.858283
Instant	108
1	618	26	1	0
2	26	16	0	0
3	25	72	13	4.74232
4	299	15	0	0
11	26	19	0	0
12	5	77	29	2.45098
13	4	15	0	0
14	9	51	8	0.987694
Instant	109
1	629	25	1	0
2	24	16	0	0
3	23	76	20	4.25
4	331	15	0	0
11	28	18	0	0
12	1	70	0	2.38095
13	4	15	0	0
14	11	49	9	0.748621
Instant	110
1	606	27	1	0
2	30	16	0	0
3	28	66	23	5.00524
4	327	15	0	0
11	26	19	1	0
12	0	0	0	0
13	4	15	0	0
14	11	47	10	0.857115
Instant	111
1	626	25	1	0
2	30	16	0	0
3	28	61	23	8.33333
4	318	15	0	0
11	27	19	0	0
12	0	0	0	0
13	4	15	0	0
14	10	49	9	0.744594
Instant	112
1	611	26	1	0
2	26	16	0	0
3	25	60	22	5.67318
4	327	15	0	0
11	26	19	1	0
12	1	90	20	8.18318
13	4	15	0	0
14	11	45	7	0.735584
Instant	113
1	614	26	1	0
2	13	15	0	0
3	38	75	13	9.03646
4	321	15	0	0
11	27	19	1	0
12	0	0	0	0
13	5	15	0	0
14	10	52	8	0.9113
Instant	114
1	606	27	1	0
2	28	15	0	0
3	41	71	21	7.32714
4	330	15	0	0
11	26	19	1	0
12	5	80	29	5.14706
13	5	15	0	0
14	11	52	8	0.813609
Instant	115
1	620	26	1	0
2	33	15	0	0
3	25	70	12	5.02172
4	324	15	0	0
11	27	19	1	0
12	15	65	21	1.95195
13	4	15	0	0
14	11	51	8	0.873254
Instant	116
1	627	25	0	0
2	22	16	0	0
3	26	67	21	7.9849
4	313	15	0	0
11	27	19	1	0
12	14	75	25	1.87908
13	4	15	0	0
14	10	48	8	0.891376
Instant	117
1	599	26	1	0
2	24	17	0	0
3	30	73	16	4.30195
4	309	15	0	0
11	26	19	1	0
12	3	95	9	2.53268
13	4	15	0	0
14	10	48	9	0.976399
Instant	118
1	613	26	1	0
2	33	16	0	0
3	23	61	18	7.64803
4	320	15	0	0
11	26	19	1	0
12	18	69	33	2.32733
13	4	15	0	0
14	11	46	8	0.793892
Instant	119
1	627	25	1	0
2	27	16	0	0
3	38	77	18	5.37459
4	335	15	0	0
11	26	19	1	0
12	3	65	14	2.12418
13	4	15	0	0
14	11	50	8	0.737291
