	T	D	J	LP
Instant	0
1	0	0	0	0
2	0	0	0	0
3	0	0	0	0
4	0	0	0	0
11	0	0	0	0
12	0	0	0	0
13	0	0	0	0
14	0	0	0	0
Instant	1
1	294	26	2	0
2	18	16	0	0
3	36	50	14	1.67504
4	89	15	0	0
11	12	18	0	0
12	16	67	4	5.90446
13	2	15	0	0
14	2	47	12	0.355297
Instant	2
1	1406	28	2	0.822632
2	36	15	0	0
3	40	68	21	5.08008
4	598	17	0	0
11	63	19	0	0
12	13	73	23	0.798838
13	5	15	0	0
14	18	47	8	0.92955
Instant	3
1	1295	33	3	0.412088
2	23	16	0	0
3	60	57	28	4.28922
4	526	16	0	0
11	57	19	0	0
12	0	0	0	0
13	5	15	0	0
14	17	52	6	1.13131
Instant	4
1	1279	26	1	0.334523
2	35	16	0	0
3	40	64	19	5.48961
4	445	16	0	0
11	57	19	0	0
12	0	0	0	0
13	5	15	0	0
14	15	49	7	0.877193
Instant	5
1	1069	30	2	0.88047
2	23	16	0	0
3	34	66	21	4.94393
4	409	16	0	0
11	49	19	0	0
12	0	0	0	0
13	5	15	0	0
14	14	51	7	0.975513
Instant	6
1	885	26	1	0.202977
2	18	17	0	0
3	35	66	18	6.66667
4	404	16	0	0
11	38	19	0	0
12	0	0	0	0
13	4	15	0	0
14	13	47	6	0.803456
Instant	7
1	766	27	2	0
2	12	14	0	0
3	32	77	14	7.17456
4	352	15	0	0
11	34	19	0	0
12	0	0	0	0
13	5	15	0	0
14	12	49	7	1.12637
Instant	8
1	886	26	1	0
2	25	15	0	0
3	36	67	19	4.30769
4	341	15	0	0
11	37	18	0	0
12	0	0	0	0
13	5	15	0	0
14	12	50	8	0.754556
Instant	9
1	799	28	2	0
2	17	17	0	0
3	21	59	22	6.69399
4	328	15	0	0
11	35	19	0	0
12	0	99	8	8.75091
13	4	15	0	0
14	10	50	9	0.888626
Instant	10
1	634	26	1	0.319343
2	22	16	0	0
3	36	72	16	4.10373
4	332	15	0	0
11	28	20	0	0
12	3	76	19	1.26793
13	5	15	0	0
14	11	51	8	0.76998
Instant	11
1	683	25	1	0
2	29	17	0	0
3	40	70	16	7.46008
4	345	15	0	0
11	30	20	1	0
12	2	60	27	1.08932
13	5	15	0	0
14	11	50	8	0.847378
Instant	12
1	646	28	2	0
2	27	17	0	0
3	37	72	18	4.88241
4	327	15	0	0
11	28	18	0	0
12	10	72	25	0.980392
13	5	15	0	0
14	10	48	7	1.0006
Instant	13
1	602	26	1	0.292398
2	38	17	0	0
3	52	68	16	6.46465
4	305	15	0	0
11	26	18	0	0
12	13	77	21	0.646678
13	5	15	0	0
14	10	48	7	0.968869
Instant	14
1	621	25	1	0
2	25	15	0	0
3	40	69	20	4.89022
4	324	15	0	0
11	27	19	1	0
12	1	79	19	0.944081
13	5	15	0	0
14	10	54	9	0.758946
Instant	15
1	646	26	1	0
2	20	14	0	0
3	44	61	23	4.07747
4	313	15	0	0
11	27	18	0	0
12	9	75	16	1.19826
13	5	15	0	0
14	9	49	9	0.979478
Instant	16
1	602	25	1	0.285171
2	30	16	0	0
3	42	69	16	8.80039
4	312	15	0	0
11	26	19	1	0
12	5	70	20	1.1011
13	5	15	0	0
14	9	45	8	1.19344
Instant	17
1	586	28	2	0
2	23	16	0	0
3	36	70	16	3.75865
4	306	15	0	0
11	25	19	1	0
12	3	97	13	1.05301
13	5	15	0	0
14	10	48	9	0.942899
Instant	18
1	627	26	1	0
2	30	17	0	0
3	31	71	21	6.58854
4	307	15	0	0
11	26	19	1	0
12	9	74	24	0.980392
13	5	15	0	0
14	10	51	8	0.897761
Instant	19
1	620	25	1	0
2	25	16	0	0
3	48	66	20	4.38197
4	313	15	0	0
11	26	20	1	0
12	2	77	29	1.1011
13	5	15	0	0
14	10	48	8	0.930521
Instant	20
1	627	26	1	0
2	23	17	0	0
3	45	63	23	5.36929
4	310	15	0	0
11	26	18	0	0
12	1	90	0	1.16195
13	5	15	0	0
14	9	50	9	1.02083
Instant	21
1	591	26	1	0.28463
2	17	14	0	0
3	36	70	19	8.82202
4	300	15	0	0
11	26	18	0	0
12	5	92	7	1.05301
13	5	15	0	0
14	9	49	10	1.02948
Instant	22
1	592	27	2	0.0489237
2	15	18	0	0
3	43	67	22	4.8002
4	296	15	0	0
11	26	21	1	0
12	6	87	16	1.03437
13	5	15	0	0
14	10	52	8	0.917431
Instant	23
1	608	28	2	0
2	25	16	0	0
3	42	61	17	3.41131
4	314	15	0	0
11	26	19	0	0
12	0	0	0	0
13	5	15	0	0
14	10	49	8	0.766461
Instant	24
1	604	27	1	0.0490196
2	15	16	0	0
3	44	72	18	7.80938
4	325	15	0	0
11	25	19	1	0
12	0	0	0	0
13	5	15	0	0
14	11	50	8	0.832336
Instant	25
1	585	27	2	0.347222
2	23	15	0	0
3	46	68	24	3.78788
4	301	15	0	0
11	25	19	1	0
12	0	0	0	0
13	5	15	0	0
14	9	49	8	1.16366
Instant	26
1	558	26	1	0.30426
2	22	17	0	0
3	47	70	20	6.6376
4	344	15	0	0
11	25	19	0	0
12	7	81	15	4.86565
13	5	15	0	0
14	11	50	9	0.677201
Instant	27
1	602	26	1	0.336538
2	19	16	0	0
3	31	75	17	4.15392
4	331	15	0	0
11	26	19	0	0
12	3	77	19	1.08932
13	5	15	0	0
14	11	48	7	0.926471
Instant	28
1	494	30	2	1.1745
2	30	15	0	0
3	34	72	18	9.16149
4	314	15	0	0
11	22	19	0	0
12	0	0	0	0
13	5	15	0	0
14	10	48	8	1.08539
Instant	29
1	619	25	1	0
2	22	15	0	0
3	45	66	21	4.66567
4	319	15	0	0
11	26	20	1	0
12	0	0	0	0
13	5	15	0	0
14	10	51	8	0.835371
Instant	30
1	610	26	1	0
2	14	16	0	0
3	49	76	14	4.41883
4	313	15	0	0
11	26	19	1	0
12	0	0	0	0
13	5	15	0	0
14	10	47	8	1.0223
Instant	31
1	629	26	1	0
2	16	16	0	0
3	33	69	16	5.23077
4	315	15	0	0
11	27	19	1	0
12	2	84	9	4.83817
13	5	15	0	0
14	10	53	9	0.75524
Instant	32
1	559	28	2	0.366876
2	13	17	0	0
3	24	69	17	9.02778
4	311	15	0	0
11	24	19	1	0
12	1	99	9	1.16195
13	5	15	0	0
14	10	48	10	0.883209
Instant	33
1	612	26	1	0
2	11	16	0	0
3	41	75	16	4.93097
4	330	15	0	0
11	26	19	1	0
12	1	100	1	1.16195
13	5	15	0	0
14	11	49	9	0.849038
Instant	34
1	617	26	1	0
2	18	16	0	0
3	55	71	19	3.96486
4	334	15	0	0
11	26	19	1	0.285171
12	8	85	19	1.001
13	5	15	0	0
14	11	51	8	0.882809
Instant	35
1	617	26	1	0
2	34	17	0	0
3	40	65	22	6.66144
4	291	15	0	0
11	27	19	0	0
12	4	87	17	1.05301
13	5	15	0	0
14	8	48	10	0.993377
Instant	36
1	627	26	1	0
2	22	16	0	0
3	50	71	13	4.61142
4	300	15	0	0
11	27	18	1	0
12	0	0	0	0
13	5	15	0	0
14	9	47	8	0.911458
Instant	37
1	627	26	1	0
2	24	16	0	0
3	38	67	17	5.73395
4	305	15	0	0
11	26	19	0	0
12	5	60	23	1.85185
13	5	15	0	0
14	10	50	8	0.895886
Instant	38
1	605	27	1	0.0484496
2	19	16	0	0
3	43	62	29	7.02564
4	300	15	0	0
11	26	19	0	0
12	15	72	22	0.762527
13	5	15	0	0
14	10	50	9	0.942076
Instant	39
1	613	27	1	0
2	28	16	0	0
3	35	68	20	5.67941
4	312	15	0	0
11	26	19	1	0
12	7	77	31	1.12564
13	4	15	0	0
14	10	53	9	0.824005
Instant	40
1	584	27	1	0.343137
2	27	17	0	0
3	47	63	21	5.56358
4	354	15	0	0
11	26	19	0	0
12	5	81	27	1.03437
13	5	15	0	0
14	12	47	7	0.734479
Instant	41
1	599	26	1	0
2	22	16	0	0
3	40	68	15	5.36077
4	340	15	0	0
11	26	18	1	0
12	0	0	0	0
13	5	15	0	0
14	11	50	8	0.887743
Instant	42
1	641	25	0	0
2	30	16	0	0
3	39	66	18	3.95772
4	319	15	0	0
11	27	19	1	0
12	2	75	15	2.32389
13	5	15	0	0
14	10	51	10	0.968167
Instant	43
1	634	25	1	0
2	20	15	0	0
3	41	65	19	4.2522
4	357	15	0	0
11	27	19	0	0
12	5	82	27	1.06773
13	5	15	0	0
14	12	47	9	0.713377
Instant	44
1	620	25	1	0
2	20	15	0	0
3	37	71	11	6.26866
4	315	15	0	0
11	27	19	1	0
12	7	84	20	0.90777
13	5	15	0	0
14	10	47	9	0.961934
Instant	45
1	620	25	1	0
2	22	16	0	0
3	39	62	17	7.39921
4	324	15	0	0
11	26	20	1	0
12	10	73	28	0.944081
13	5	15	0	0
14	10	46	9	0.809353
Instant	46
1	633	26	1	0.0468165
2	35	16	0	0
3	33	71	16	5.53814
4	326	15	0	0
11	27	18	0	0
12	0	49	40	1.16783
13	5	15	0	0
14	10	45	8	0.857115
Instant	47
1	578	26	1	0.304878
2	24	15	0	0
3	49	70	15	8.50242
4	299	15	0	0
11	25	21	1	0
12	0	0	0	0
13	5	15	0	0
14	9	50	8	1.10278
Instant	48
1	641	25	1	0
2	24	15	0	0
3	34	67	13	2.19697
4	344	15	0	0
11	27	18	0	0
12	2	50	9	2.57807
13	5	15	0	0
14	11	47	8	0.888826
Instant	49
1	593	25	1	0.333969
2	35	16	0	0
3	39	62	23	7.24299
4	355	15	0	0
11	27	19	1	0
12	8	66	35	0.705467
13	5	15	0	0
14	12	47	8	0.730994
Instant	50
1	613	27	1	0
2	28	16	0	0
3	40	66	15	6.70029
4	331	15	0	0
11	25	18	0	0
12	3	77	4	1.23457
13	5	15	0	0
14	10	49	7	0.986714
Instant	51
1	618	26	1	0
2	19	16	0	0
3	45	62	21	3.65365
4	335	15	0	0
11	27	19	0	0
12	12	78	17	0.798838
13	5	15	0	0
14	11	51	8	0.797355
Instant	52
1	619	25	1	0
2	25	15	0	0
3	38	67	15	7.4211
4	309	15	0	0
11	26	20	2	0
12	1	59	30	1.37174
13	5	15	0	0
14	10	51	9	0.859539
Instant	53
1	621	25	0	0
2	27	15	0	0
3	27	73	15	5.86319
4	294	15	0	0
11	27	20	1	0
12	5	80	8	0.980392
13	4	15	0	0
14	9	52	9	0.998896
Instant	54
1	634	25	1	0
2	18	16	0	0
3	49	62	17	4.80676
4	318	15	0	0
11	27	19	0	0
12	7	76	31	0.87146
13	5	15	0	0
14	10	51	9	0.979192
Instant	55
1	585	28	2	0
2	17	16	0	0
3	41	63	25	6.52643
4	323	15	0	0
11	25	19	0	0
12	8	85	15	1.16783
13	5	15	0	0
14	10	50	9	0.803213
Instant	56
1	627	26	1	0
2	22	15	0	0
3	41	58	22	5.13731
4	323	15	0	0
11	26	19	1	0
12	6	78	20	1.0167
13	5	15	0	0
14	10	53	8	0.795318
Instant	57
1	627	26	1	0
2	19	16	0	0
3	35	68	21	3.44828
4	296	15	0	0
11	27	18	0	0
12	0	0	0	0
13	4	15	0	0
14	9	46	7	0.945976
Instant	58
1	599	28	1	0
2	28	16	0	0
3	30	69	19	7.33753
4	301	15	0	0
11	26	18	0	0
12	0	0	0	0
13	4	15	0	0
14	9	48	8	1.1766
Instant	59
1	643	25	1	0
2	27	16	0	0
3	33	69	17	8.38675
4	311	15	0	0
11	27	18	0	0
12	0	0	0	0
13	4	15	0	0
14	9	48	8	0.909185
Instant	60
1	608	26	1	0
2	25	15	0	0
3	30	69	15	6.19589
4	303	15	0	0
11	27	19	1	0
12	0	0	0	0
13	5	15	0	0
14	10	49	8	0.957424
Instant	61
1	577	28	2	0
2	14	16	0	0
3	35	69	19	4.97512
4	327	15	0	0
11	25	20	1	0
12	0	0	0	0
13	5	15	0	0
14	10	50	7	0.848214
Instant	62
1	577	27	1	0.355691
2	24	15	0	0
3	46	80	14	5.96979
4	319	15	0	0
11	24	20	1	0
12	0	0	0	0
13	5	15	0	0
14	10	49	8	1.01365
Instant	63
1	600	26	1	0
2	22	15	0	0
3	49	68	17	6.72691
4	344	15	0	0
11	26	20	1	0
12	0	0	0	0
13	5	15	0	0
14	12	51	9	0.705418
Instant	64
1	613	27	1	0
2	18	16	0	0
3	41	67	15	4.34888
4	297	15	0	0
11	26	19	1	0
12	0	0	0	0
13	5	15	0	0
14	8	50	7	1.19751
Instant	65
1	618	26	1	0
2	30	15	0	0
3	56	66	17	6.02679
4	295	15	0	0
11	26	19	0	0
12	0	0	0	0
13	5	15	0	0
14	9	51	8	0.9375
Instant	66
1	581	28	1	0
2	33	15	0	0
3	44	70	17	6.1657
4	310	15	0	0
11	25	20	1	0
12	0	0	0	0
13	5	15	0	0
14	10	49	8	0.791667
Instant	67
1	558	27	2	0
2	32	16	0	0
3	45	75	21	4.75831
4	306	15	0	0
11	24	19	0	0
12	0	0	0	0
13	5	15	0	0
14	9	50	8	1.01781
Instant	68
1	567	27	1	0.407332
2	22	16	0	0
3	43	66	18	3.55721
4	315	15	0	0
11	25	20	1	0
12	0	0	0	0
13	5	15	0	0
14	10	49	7	0.835383
Instant	69
1	613	25	1	0
2	24	18	0	0
3	48	67	21	6.30312
4	314	15	0	0
11	26	20	0	0
12	0	0	0	0
13	5	15	0	0
14	10	45	9	0.820942
Instant	70
1	627	26	1	0
2	34	16	0	0
3	49	62	20	5.53075
4	306	15	0	0
11	27	19	1	0
12	0	0	0	0
13	5	15	0	0
14	9	52	9	0.900042
Instant	71
1	599	27	1	0
2	26	16	0	0
3	24	63	14	4.32692
4	313	15	0	0
11	26	20	1	0
12	0	0	0	0
13	4	15	0	0
14	10	52	9	0.838509
Instant	72
1	606	28	1	0
2	14	16	0	0
3	29	62	18	5.60652
4	328	15	0	0
11	25	19	0	0
12	6	73	21	20.7632
13	5	15	0	0
14	11	49	9	0.870942
Instant	73
1	606	26	2	0
2	19	15	0	0
3	49	66	16	3.95522
4	305	15	0	0
11	26	19	0	0
12	7	73	16	0.873231
13	5	15	0	0
14	9	50	8	0.848176
Instant	74
1	620	26	1	0
2	30	16	0	0
3	34	69	19	6.47866
4	313	15	0	0
11	27	19	1	0
12	13	74	24	0.726216
13	5	15	0	0
14	10	47	9	0.993789
Instant	75
1	632	25	1	0
2	26	16	0	0
3	29	72	14	5.68536
4	302	15	0	0
11	27	19	1	0
12	5	58	26	0.97269
13	5	15	0	0
14	9	48	9	0.928909
Instant	76
1	606	26	1	0
2	35	16	0	0
3	48	64	20	5.94569
4	318	15	0	0
11	26	20	1	0
12	1	99	29	1.44033
13	5	15	0	0
14	10	45	7	0.790494
Instant	77
1	623	26	1	0
2	35	16	0	0
3	38	69	16	9.7619
4	317	15	0	0
11	27	19	0	0
12	5	78	26	0.964506
13	5	15	0	0
14	10	50	8	0.857994
Instant	78
1	582	26	1	0.393701
2	20	16	0	0
3	59	72	18	6.07981
4	289	15	0	0
11	25	20	1	0
12	0	0	0	0
13	5	15	0	0
14	9	50	9	0.998438
Instant	79
1	577	25	1	0.967413
2	23	16	0	0
3	50	76	18	4.92087
4	318	15	0	0
11	25	20	1	0
12	7	67	30	1.93527
13	5	15	0	0
14	10	46	9	0.799715
Instant	80
1	597	26	1	0
2	25	16	0	0
3	46	73	14	5.07143
4	299	15	0	0
11	26	19	0	0
12	9	81	23	0.823045
13	5	15	0	0
14	9	48	9	1.03351
Instant	81
1	593	28	1	0
2	17	15	0	0
3	29	68	18	3.31715
4	303	15	0	0
11	25	18	0	0.297619
12	8	74	37	1.0101
13	4	15	0	0
14	9	50	9	0.984461
Instant	82
1	641	25	1	0
2	21	17	0	0
3	49	70	13	6.65666
4	296	15	0	0
11	27	19	1	0
12	6	78	36	0.952381
13	5	15	0	0
14	9	49	10	1.02387
Instant	83
1	601	26	1	0
2	19	16	0	0
3	32	69	15	5.2673
4	303	15	0	0
11	26	21	1	0
12	0	0	0	0
13	4	15	0	0
14	10	48	9	0.902778
Instant	84
1	606	26	0	0
2	25	15	0	0
3	36	71	18	7.56881
4	322	15	0	0
11	26	20	1	0
12	0	0	0	0
13	5	15	0	0
14	11	51	10	0.707831
Instant	85
1	661	24	1	0
2	27	16	0	0
3	38	63	20	4.59433
4	307	15	0	0
11	28	18	0	0
12	0	0	0	0
13	5	15	0	0
14	10	53	8	0.928875
Instant	86
1	605	27	1	0
2	19	16	0	0
3	61	71	18	3.91738
4	321	15	0	0
11	27	19	1	0
12	0	0	0	0
13	5	15	0	0
14	10	48	7	0.787879
Instant	87
1	634	25	1	0
2	20	17	0	0
3	47	69	24	6.58284
4	301	15	0	0
11	27	19	0	0
12	0	0	0	0
13	5	15	0	0
14	9	50	9	0.946237
Instant	88
1	634	26	1	0
2	28	17	0	0
3	40	66	16	5.84089
4	326	15	0	0
11	26	19	0	0
12	0	0	0	0
13	5	15	0	0
14	11	51	9	0.845267
Instant	89
1	613	26	1	0
2	16	17	0	0
3	57	62	18	3.07263
4	314	15	0	0
11	26	20	1	0
12	6	81	24	8.78722
13	5	15	0	0
14	10	49	8	0.948383
Instant	90
1	530	26	2	0.700431
2	22	15	0	0
3	25	65	21	7.05347
4	313	15	0	0
11	23	19	0	0
12	8	81	16	0.810185
13	4	15	0	0
14	10	51	9	0.802277
Instant	91
1	632	26	1	0
2	28	14	0	0
3	44	64	13	5.23077
4	307	15	0	0
11	27	18	0	0
12	0	0	0	0
13	5	15	0	0
14	10	49	9	0.866961
Instant	92
1	634	25	0	0
2	16	15	0	0
3	58	60	18	4.25072
4	315	15	0	0
11	27	18	0	0
12	0	0	0	0
13	5	15	0	0
14	10	50	8	0.850866
Instant	93
1	617	26	1	0
2	21	16	0	0
3	45	65	19	3.76984
4	309	15	0	0
11	26	19	1	0
12	0	90	0	3.81594
13	5	15	0	0
14	10	48	8	0.898079
Instant	94
1	576	27	1	0.309278
2	29	16	0	0
3	34	53	18	7.29167
4	331	15	0	0
11	24	19	1	0
12	6	75	17	0.867534
13	5	15	0	0
14	11	48	7	0.921569
Instant	95
1	571	28	2	0.302419
2	28	16	0	0
3	34	73	15	8.67945
4	313	15	0	0
11	25	18	0	0
12	12	71	24	0.90777
13	4	15	0	0
14	10	51	9	0.839552
Instant	96
1	608	26	1	0
2	34	15	0	0
3	43	64	26	6.12297
4	296	15	0	0
11	26	19	1	0
12	9	85	20	0.835149
13	5	15	0	0
14	9	48	8	0.867147
Instant	97
1	579	28	2	0.0488281
2	28	16	0	0
3	49	74	27	4.66954
4	315	15	0	0
11	26	18	0	0
12	4	58	30	1.08401
13	5	15	0	0
14	10	48	8	0.787037
Instant	98
1	613	27	1	0.290698
2	26	16	0	0
3	37	75	19	4.87988
4	310	15	0	0
11	26	19	1	0
12	5	73	14	0.980392
13	5	15	0	0
14	10	51	9	0.764238
Instant	99
1	634	24	0	0
2	18	15	0	0
3	42	57	25	6.6358
4	307	15	0	0
11	27	19	1	0
12	10	69	30	0.798838
13	5	15	0	0
14	10	49	9	0.951777
Instant	100
1	641	25	0	0
2	18	16	0	0
3	29	76	14	4.60391
4	315	15	0	0
11	27	19	1	0
12	4	90	20	1.3013
13	5	15	0	0
14	10	51	8	0.834363
Instant	101
1	626	24	0	0
2	24	17	0	0
3	52	73	16	6.5641
4	294	15	0	0
11	28	19	0	0
12	0	0	0	0
13	5	15	0	0
14	9	53	10	0.912489
Instant	102
1	621	26	1	0
2	26	16	0	0
3	34	76	13	4.94393
4	318	15	0	0
11	26	20	1	0
12	0	0	0	0
13	5	15	0	0
14	10	49	8	0.855746
Instant	103
1	595	26	1	0.282486
2	22	16	0	0
3	48	73	16	5.84839
4	309	15	0	0
11	27	19	0	0
12	0	0	0	0
13	5	15	0	0
14	9	50	10	1.0101
Instant	104
1	642	25	1	0
2	37	16	0	0
3	48	64	20	6.23767
4	302	15	0	0
11	27	19	1	0
12	0	0	0	0
13	5	15	0	0
14	9	52	9	0.866496
Instant	105
1	592	27	1	0
2	31	15	0	0
3	44	60	13	3.99904
4	316	15	0	0
11	26	19	1	0
12	0	0	0	0
13	5	15	0	0
14	10	52	9	0.856938
Instant	106
1	634	26	1	0
2	25	15	0	0
3	44	68	18	5.18018
4	316	15	0	0
11	27	18	0	0
12	0	0	0	0
13	5	15	0	0
14	10	49	8	0.857994
Instant	107
1	612	26	1	0
2	26	17	0	0
3	48	67	17	3.42131
4	314	15	0	0
11	26	19	0	0
12	0	0	0	0
13	5	15	0	0
14	10	52	10	0.79316
Instant	108
1	600	29	2	0
2	36	15	0	0
3	34	64	18	10.4814
4	309	15	0	0
11	26	18	0	0
12	0	0	0	0
13	5	15	0	0
14	9	48	8	0.949832
Instant	109
1	608	26	1	0.196078
2	22	17	0	0
3	40	71	18	4.06184
4	314	15	0	0
11	25	19	1	0
12	0	0	0	0
13	4	15	0	0
14	10	52	8	0.854037
Instant	110
1	597	27	1	0
2	31	16	0	0
3	48	73	13	5.16717
4	296	15	0	0
11	25	20	1	0
12	0	0	0	0
13	5	15	0	0
14	10	51	8	0.768979
Instant	111
1	599	26	1	0.290698
2	29	16	0	0
3	42	67	19	5.27859
4	289	15	0	0
11	26	19	1	0
12	0	0	0	0
13	5	15	0	0
14	9	51	10	1.06264
Instant	112
1	578	27	2	0.0501002
2	23	17	0	0
3	42	71	17	4.65116
4	308	15	0	0
11	25	18	0	0
12	0	0	0	0
13	5	15	0	0
14	10	53	8	0.774336
Instant	113
1	636	25	1	0
2	32	16	0	0
3	56	78	15	7.07502
4	312	15	0	0
11	27	19	1	0
12	0	0	0	0
13	5	15	0	0
14	10	48	9	1.03516
Instant	114
1	566	25	1	0.359343
2	28	17	0	0
3	40	59	23	3.91414
4	311	15	0	0
11	25	19	1	0
12	0	0	0	0
13	5	15	0	0
14	10	49	10	0.943888
Instant	115
1	590	27	1	0.294118
2	37	16	0	0
3	41	65	18	4.64103
4	324	15	0	0
11	26	19	1	0
12	1	79	9	17.4842
13	5	15	0	0
14	10	49	8	0.830332
Instant	116
1	608	26	1	0
2	36	17	0	0
3	36	76	17	6.19792
4	309	15	0	0
11	26	19	1	0.289575
12	1	80	1	1.12564
13	5	15	0	0
14	10	48	9	0.829135
Instant	117
1	585	27	1	0
2	25	16	0	0
3	41	66	27	8.40665
4	331	15	0	0
11	25	20	1	0
12	2	70	35	1.19826
13	5	15	0	0
14	11	48	8	0.784314
Instant	118
1	620	26	1	0
2	30	15	0	0
3	43	73	15	5.9204
4	326	15	0	0
11	27	19	0	0
12	0	0	0	0
13	5	15	0	0
14	11	46	8	0.888955
Instant	119
1	606	28	1	0
2	35	15	0	0
3	34	69	21	5.35338
4	303	15	0	0
11	26	18	0	0
12	0	0	0	0
13	5	15	0	0
14	9	51	8	1.03098
