	T	D	J	LP
Instant	0
1	0	0	0	0
2	0	0	0	0
3	0	0	0	0
4	0	0	0	0
11	0	0	0	0
12	0	0	0	0
13	0	0	0	0
14	0	0	0	0
Instant	1
1	358	26	1	0
2	19	15	0	0
3	32	48	14	1.53509
4	107	16	0	0
11	14	19	0	0
12	52	56	9	4.75543
13	2	15	0	0
14	3	50	10	0.288842
Instant	2
1	1474	33	2	0.290473
2	30	16	0	0
3	40	65	20	5.33854
4	582	17	0	0
11	67	19	0	0
12	93	60	11	2.66544
13	4	15	0	0
14	18	49	6	0.935204
Instant	3
1	1448	30	3	0.307629
2	25	16	0	0
3	42	64	24	5.49303
4	557	17	0	0
11	63	19	0	0
12	94	58	10	0.965074
13	4	15	0	0
14	17	47	7	1.14191
Instant	4
1	893	28	2	1.61192
2	26	15	0	0
3	40	69	20	4.95427
4	497	16	0	0
11	42	20	0	0
12	100	61	9	0.760135
13	5	15	0	0
14	16	50	7	0.958268
Instant	5
1	812	28	2	1.1611
2	24	16	0	0
3	23	73	19	6.82566
4	449	16	0	0
11	35	18	0	0
12	90	56	10	0.413603
13	4	15	0	0
14	15	48	7	0.970171
Instant	6
1	879	27	2	0.0329381
2	33	16	0	0
3	43	65	17	5.33033
4	385	16	0	0
11	39	19	0	0
12	91	57	12	7.72059
13	5	15	0	0
14	12	52	7	0.95407
Instant	7
1	902	25	1	0
2	14	15	0	0
3	25	62	21	4.6875
4	346	15	0	0
11	40	18	0	0
12	80	60	13	2.15372
13	4	15	0	0
14	11	48	8	0.918635
Instant	8
1	641	28	3	1.34892
2	18	17	0	0
3	26	76	16	7.2165
4	377	15	0	0
11	28	20	0	0
12	96	54	11	1.37868
13	4	15	0	0
14	12	50	8	0.882404
Instant	9
1	653	26	2	0.307557
2	13	17	0	0
3	49	71	17	4.62144
4	332	15	0	0
11	29	19	0	0
12	73	55	14	1.37868
13	5	15	0	0
14	11	49	7	0.961163
Instant	10
1	760	26	1	0.94697
2	24	16	0	0
3	32	65	16	7.85563
4	309	15	0	0
11	33	21	1	0
12	81	57	11	0.886824
13	4	15	0	0
14	10	54	9	0.901468
Instant	11
1	712	27	2	0.546875
2	14	15	0	0
3	30	72	21	5.7047
4	320	15	0	0
11	32	19	0	0
12	84	51	8	1.01103
13	4	15	0	0
14	10	53	9	0.772358
Instant	12
1	840	26	2	0.468541
2	33	16	0	0
3	38	69	27	6.37255
4	317	15	0	0
11	38	19	0	0
12	85	54	10	0.689338
13	4	15	0	0
14	10	48	8	1.0061
Instant	13
1	756	26	1	0.867508
2	32	15	0	0
3	41	62	23	3.90947
4	333	15	0	0
11	32	19	1	0
12	78	61	15	1.15327
13	4	15	0	0
14	11	50	9	0.705802
Instant	14
1	735	26	2	0.233645
2	31	16	0	0
3	35	69	13	7.03884
4	318	15	0	0
11	33	19	1	0
12	104	53	10	0.551471
13	4	15	0	0
14	11	49	9	0.848577
Instant	15
1	574	28	2	1.20724
2	16	15	0	0
3	29	71	22	6.05573
4	311	15	0	0
11	25	19	0	0
12	90	56	9	0.919118
13	4	15	0	0
14	10	52	8	0.989583
Instant	16
1	615	28	2	0.0469043
2	22	14	0	0
3	34	63	23	6.35822
4	333	15	0	0
11	27	20	1	0
12	87	58	10	0.717905
13	4	15	0	0
14	11	50	8	0.785519
Instant	17
1	598	26	2	0.71977
2	32	15	0	0
3	34	75	21	5.71132
4	305	15	0	0
11	26	20	1	0
12	76	56	12	1.37868
13	4	15	0	0
14	10	49	9	0.778272
Instant	18
1	586	27	2	0.289575
2	31	16	0	0
3	29	68	21	6.10561
4	316	15	0	0
11	26	19	0	0
12	83	48	9	1.05699
13	4	15	0	0
14	10	48	9	0.846593
Instant	19
1	634	26	1	0
2	30	15	0	0
3	32	62	19	5.09709
4	312	15	0	0
11	27	19	1	0
12	48	54	15	2.28041
13	4	15	0	0
14	10	51	8	0.795126
Instant	20
1	679	26	1	0.313059
2	29	15	0	0
3	40	71	18	6.91919
4	325	15	0	0
11	28	19	0	0
12	86	55	10	1.24081
13	5	15	0	0
14	10	45	8	0.836338
Instant	21
1	658	27	1	0
2	33	15	0	0
3	45	67	26	5.71501
4	325	15	0	0
11	29	18	0	0
12	86	52	9	0.919118
13	5	15	0	0
14	11	45	8	0.793651
Instant	22
1	608	26	2	0.581395
2	35	16	0	0
3	31	75	21	6.03448
4	332	15	0	0
11	26	20	1	0
12	88	58	11	0.717905
13	5	15	0	0
14	11	53	9	0.830403
Instant	23
1	649	27	2	0.799663
2	28	16	0	0
3	30	76	20	6.89103
4	300	15	0	0
11	29	18	0	0
12	89	56	8	1.05699
13	5	15	0	0
14	9	51	8	0.912801
Instant	24
1	963	26	1	0
2	19	16	0	0
3	35	75	17	4.31217
4	301	15	0	0
11	42	18	0	0
12	64	60	11	1.65441
13	4	15	0	0
14	9	48	10	0.898588
Instant	25
1	1153	26	1	0
2	26	17	0	0
3	40	61	23	4.59433
4	312	15	0	0
11	49	19	0	0
12	86	63	10	0.669643
13	5	15	0	0
14	10	48	9	0.801082
Instant	26
1	772	29	4	0.637181
2	38	15	0	0
3	30	70	21	8.64198
4	287	15	0	0
11	35	19	1	0
12	92	66	10	31.9853
13	4	15	0	0
14	9	50	10	1.08793
Instant	27
1	702	26	1	0.247934
2	24	16	0	0
3	38	73	17	5.71946
4	321	15	0	0
11	30	19	1	0
12	77	63	10	1.37868
13	5	15	0	0
14	10	50	8	0.892857
Instant	28
1	606	26	2	0.145068
2	24	16	0	0
3	37	74	19	6.30208
4	324	15	0	0
11	26	19	0	0.482625
12	89	58	11	0.911458
13	5	15	0	0
14	10	51	9	0.901442
Instant	29
1	634	25	1	0
2	11	16	0	0
3	32	62	21	6.60066
4	309	15	0	0
11	27	19	0	0
12	84	63	14	1.42463
13	4	15	0	0
14	10	51	8	0.953566
Instant	30
1	599	28	1	0
2	22	15	0	0
3	35	66	19	3.67495
4	314	15	0	0
11	26	19	1	0
12	67	54	8	1.5625
13	4	15	0	0
14	9	49	8	1.00021
Instant	31
1	563	26	2	0.363071
2	28	15	0	0
3	30	77	15	6.73289
4	330	15	0	0
11	24	19	1	0
12	98	53	8	0.675676
13	4	15	0	0
14	11	50	8	0.758911
Instant	32
1	612	27	2	0.0479846
2	24	16	0	0
3	36	69	19	7.23118
4	317	15	0	0
11	26	19	0	0
12	74	56	9	1.5625
13	4	15	0	0
14	10	52	9	0.932152
Instant	33
1	592	27	1	0.294118
2	28	17	0	0
3	40	69	23	4.27794
4	331	15	0	0
11	26	19	1	0
12	74	60	13	1.47059
13	5	15	0	0
14	11	50	9	0.741942
Instant	34
1	597	27	1	0.0479846
2	29	16	0	0
3	36	74	13	6.28461
4	333	15	0	0
11	26	19	1	0
12	71	59	14	1.5625
13	5	15	0	0
14	11	47	8	0.865422
Instant	35
1	607	26	1	0
2	12	16	0	0
3	32	71	19	5.95238
4	313	15	0	0
11	26	20	1	0
12	65	59	11	1.42463
13	4	15	0	0
14	10	48	9	0.822981
Instant	36
1	542	25	2	0.660793
2	25	16	0	0
3	26	71	16	3.63248
4	317	15	0	0
11	23	19	1	0
12	88	58	8	0.965074
13	4	15	0	0
14	10	48	9	0.793407
Instant	37
1	607	26	1	0
2	20	15	0	0
3	36	68	17	8.65488
4	305	15	0	0
11	27	20	1	0
12	52	60	14	1.93452
13	5	15	0	0
14	10	48	7	0.918259
Instant	38
1	538	27	2	0.638298
2	22	14	0	0
3	33	72	14	6.97016
4	329	15	0	0
11	24	19	1	0
12	85	57	10	1.28676
13	5	15	0	0
14	10	50	8	0.905155
Instant	39
1	594	26	1	0
2	27	16	0	0
3	25	71	24	5.07479
4	304	15	0	0
11	26	19	0	0
12	85	63	11	0.735294
13	5	15	0	0
14	9	48	9	0.86739
Instant	40
1	613	25	1	0.290698
2	14	16	0	0
3	49	73	14	7.32087
4	323	15	0	0
11	26	19	0	0
12	62	51	9	2.19595
13	5	15	0	0
14	10	51	7	1.03414
Instant	41
1	601	26	1	0
2	33	15	0	0
3	30	71	17	4.65838
4	329	15	0	0
11	26	20	1	0
12	79	53	13	1.19485
13	4	15	0	0
14	11	51	9	0.706801
Instant	42
1	594	28	2	0
2	21	15	0	0
3	34	69	13	6.00775
4	318	15	0	0
11	26	19	0	0
12	82	62	11	1.10294
13	4	15	0	0
14	11	49	8	0.778388
Instant	43
1	585	27	1	0.304878
2	31	15	0	0
3	39	70	17	6.43821
4	308	15	0	0
11	24	19	1	0
12	69	59	12	1.5625
13	5	15	0	0
14	9	50	9	0.994318
Instant	44
1	570	27	1	0
2	36	17	0	0
3	33	63	22	4.82866
4	323	15	0	0
11	25	18	0	0.307377
12	91	52	11	1.33272
13	5	15	0	0
14	11	53	8	0.832331
Instant	45
1	634	26	1	0.0478927
2	33	17	0	0
3	36	71	18	4.94306
4	303	15	0	0
11	26	18	0	0
12	65	53	14	1.51654
13	5	15	0	0
14	9	49	9	1.01626
Instant	46
1	620	26	1	0
2	35	15	0	0
3	42	69	15	4.76555
4	309	15	0	0
11	27	19	1	0
12	72	61	13	1.85811
13	5	15	0	0
14	10	50	8	0.850126
Instant	47
1	557	27	1	0.306122
2	30	16	0	0
3	28	59	18	8.78165
4	305	15	0	0
11	25	19	0	0
12	76	50	8	1.51654
13	5	15	0	0
14	9	48	9	1.03768
Instant	48
1	621	26	1	0
2	14	16	0	0
3	40	70	16	4.81928
4	331	15	0	0
11	27	19	1	0
12	79	60	11	0.965074
13	5	15	0	0
14	11	54	8	0.754902
Instant	49
1	620	24	1	0.287356
2	30	15	0	0
3	37	65	21	7.2043
4	295	15	0	0
11	26	19	1	0
12	58	53	17	1.5997
13	5	15	0	0
14	9	45	8	1.1031
Instant	50
1	597	26	1	0
2	27	15	0	0
3	24	78	18	4.54301
4	346	15	0	0
11	25	18	0	0
12	82	48	10	1.51654
13	4	15	0	0
14	11	50	8	0.775085
Instant	51
1	562	26	1	0.554435
2	28	16	0	0
3	27	73	15	5.72581
4	329	15	0	0
11	25	20	1	0
12	78	62	13	1.42463
13	4	15	0	0
14	11	48	8	0.927562
Instant	52
1	548	27	1	0.939457
2	25	16	0	0
3	36	73	17	9.1998
4	342	15	0	0
11	24	19	1	0
12	63	60	13	1.69271
13	5	15	0	0
14	11	48	9	0.788673
Instant	53
1	607	25	1	0
2	16	17	0	0
3	32	68	18	5.38251
4	357	15	0	0
11	26	20	1	0
12	81	58	15	1.47059
13	4	15	0	0
14	12	47	8	0.744372
Instant	54
1	577	28	2	0.151822
2	19	17	0	0
3	30	71	11	5.92532
4	343	15	0	0
11	25	21	1	0
12	76	56	13	1.47059
13	5	15	0	0
14	11	49	8	0.837117
Instant	55
1	627	25	0	0
2	17	16	0	0
3	42	65	15	5.94159
4	328	15	0	0
11	26	20	1	0
12	56	60	17	1.9848
13	5	15	0	0
14	11	47	8	0.771971
Instant	56
1	571	26	1	0
2	28	16	0	0
3	36	76	20	4.57819
4	313	15	0	0
11	25	19	1	0.307377
12	50	60	14	2.80331
13	5	15	0	0
14	9	45	8	1.10629
Instant	57
1	606	26	1	0.0489237
2	23	16	0	0
3	28	70	21	6.75526
4	328	15	0	0
11	25	18	0	0.0968992
12	64	56	10	1.47059
13	4	15	0	0
14	10	50	7	1.16785
Instant	58
1	606	28	2	0
2	26	16	0	0
3	33	69	19	6.54008
4	339	15	0	0
11	26	18	0	0
12	71	58	11	2.02703
13	4	15	0	0
14	11	51	9	0.818025
Instant	59
1	632	24	1	0.27881
2	22	16	0	0
3	29	65	18	5.01055
4	328	15	0	0
11	27	18	0	0
12	57	65	18	2.15993
13	4	15	0	0
14	11	51	8	0.809637
Instant	60
1	620	25	1	0
2	21	15	0	0
3	36	70	22	7.06349
4	308	15	0	0
11	27	19	1	0
12	64	62	17	1.79228
13	5	15	0	0
14	10	48	9	0.965575
Instant	61
1	606	27	1	0
2	34	16	0	0
3	27	75	20	7.83543
4	324	15	0	0
11	26	19	0	0
12	65	58	11	1.45089
13	5	15	0	0
14	10	52	8	0.818363
Instant	62
1	586	27	2	0.34585
2	18	15	0	0
3	32	71	20	4.89418
4	300	15	0	0
11	25	19	1	0
12	80	48	8	1.60846
13	4	15	0	0
14	9	49	8	1.17508
Instant	63
1	619	26	1	0.0478927
2	30	14	0	0
3	41	69	17	5.9265
4	327	15	0	0
11	26	19	1	0
12	75	55	14	2.11397
13	5	15	0	0
14	11	50	9	0.68534
Instant	64
1	585	28	1	0
2	29	15	0	0
3	36	75	22	5.35144
4	326	15	0	0
11	26	20	1	0
12	76	55	10	1.43581
13	4	15	0	0
14	11	48	8	0.82936
Instant	65
1	599	27	1	0
2	23	16	0	0
3	38	74	19	4.85893
4	310	15	0	0
11	26	19	1	0
12	68	60	14	1.79228
13	5	15	0	0
14	9	46	8	0.935801
Instant	66
1	634	25	1	0
2	24	15	0	0
3	32	79	16	7.34323
4	303	15	0	0
11	27	18	0	0
12	55	56	15	2.25184
13	4	15	0	0
14	10	50	8	0.826931
Instant	67
1	542	26	1	0.369979
2	22	15	0	0
3	31	73	18	7.15037
4	297	15	0	0
11	23	20	1	0
12	74	58	6	1.39358
13	4	15	0	0
14	9	47	9	1.10677
Instant	68
1	524	26	2	0.652174
2	19	14	0	0
3	30	71	18	4.74277
4	324	15	0	0
11	23	20	1	0
12	97	54	7	0.78125
13	4	15	0	0
14	11	48	8	0.805322
Instant	69
1	571	28	2	0.368421
2	14	15	0	0
3	36	69	22	6.51945
4	299	15	0	0
11	24	18	0	0
12	75	60	13	1.33272
13	4	15	0	0
14	9	51	8	0.954861
Instant	70
1	620	26	1	0
2	17	15	0	0
3	28	79	15	5.73419
4	322	15	0	0
11	27	18	0	0
12	74	61	11	1.26689
13	4	15	0	0
14	11	48	7	0.748894
Instant	71
1	610	26	1	0.281955
2	21	15	0	0
3	27	63	20	5.17338
4	305	15	0	0
11	27	19	0	0
12	65	57	10	2.25184
13	4	15	0	0
14	10	50	9	0.842875
Instant	72
1	608	25	1	0
2	26	16	0	0
3	46	69	20	7.44048
4	295	15	0	0
11	26	20	1	0
12	85	60	13	1.04167
13	5	15	0	0
14	9	50	7	0.953947
Instant	73
1	534	28	2	0.383772
2	24	17	0	0
3	32	73	12	5.919
4	316	15	0	0
11	23	20	1	0
12	62	56	13	1.25762
13	5	15	0	0
14	10	47	8	0.803645
Instant	74
1	589	26	1	0.288462
2	24	16	0	0
3	46	66	19	3.97784
4	317	15	0	0
11	26	19	1	0
12	88	53	9	1.42463
13	5	15	0	0
14	10	46	8	0.940695
Instant	75
1	512	28	2	0.493421
2	33	16	0	0
3	37	65	21	4.35363
4	320	15	0	0
11	23	19	0	0
12	69	59	13	1.70455
13	4	15	0	0
14	10	48	8	0.871857
Instant	76
1	560	25	1	0.635593
2	18	16	0	0
3	39	66	28	7.87781
4	321	15	0	0
11	24	18	0	0
12	79	53	11	1.25868
13	4	15	0	0
14	10	50	9	0.964647
Instant	77
1	587	26	1	0.389105
2	18	15	0	0
3	36	72	18	6.44302
4	318	15	0	0
11	26	20	1	0
12	79	55	13	1.26953
13	4	15	0	0
14	10	51	10	0.854701
Instant	78
1	604	29	2	0
2	23	15	0	0
3	24	67	20	4.89549
4	329	15	0	0
11	25	18	0	0
12	82	56	9	1.2207
13	4	15	0	0
14	11	48	8	0.732383
Instant	79
1	548	26	1	0.575314
2	21	15	0	0
3	27	70	17	6.81063
4	307	15	0	0
11	24	19	0	0
12	67	53	10	1.64696
13	4	15	0	0
14	10	53	10	0.893232
Instant	80
1	607	26	1	0
2	20	16	0	0
3	33	75	19	7.37082
4	306	15	0	0
11	27	19	0	0
12	71	53	12	1.89394
13	5	15	0	0
14	9	54	7	0.951318
Instant	81
1	648	25	1	0
2	40	16	0	0
3	41	73	18	6.2701
4	311	15	0	0
11	27	18	0	0
12	75	60	15	1.23106
13	5	15	0	0
14	9	45	7	1.10938
Instant	82
1	606	27	1	0
2	30	15	0	0
3	37	69	17	4.93528
4	323	15	0	0
11	27	19	1	0
12	79	49	13	1.11607
13	4	15	0	0
14	11	51	8	0.744766
Instant	83
1	627	25	1	0
2	24	16	0	0
3	30	68	21	5.98705
4	330	15	0	0
11	27	19	1	0
12	84	65	10	0.757576
13	4	15	0	0
14	11	46	8	0.700157
Instant	84
1	598	26	1	0.346535
2	26	15	0	0
3	35	61	21	5.62566
4	325	15	0	0
11	25	18	1	0
12	56	51	12	2.32008
13	5	15	0	0
14	10	48	7	0.869305
Instant	85
1	614	26	1	0
2	32	16	0	0
3	34	69	22	5.07028
4	325	15	0	0
11	27	19	1	0
12	66	64	13	1.52244
13	5	15	0	0
14	10	50	9	0.822368
Instant	86
1	558	28	2	0.31185
2	24	16	0	0
3	38	68	20	5.36278
4	301	15	0	0
11	24	19	0	0
12	88	52	10	1.05699
13	5	15	0	0
14	10	47	9	0.887097
Instant	87
1	575	27	1	0.301205
2	25	15	0	0
3	32	67	18	8.15047
4	302	15	0	0
11	25	19	0	0
12	82	56	10	1.42463
13	5	15	0	0
14	10	53	9	0.916988
Instant	88
1	607	27	1	0
2	31	17	0	0
3	36	60	22	5.99891
4	310	15	0	0
11	25	19	1	0
12	81	55	12	0.886824
13	4	15	0	0
14	10	48	8	0.901042
Instant	89
1	641	25	0	0
2	25	16	0	0
3	34	71	18	5.11006
4	289	15	0	0
11	28	18	0	0
12	70	57	16	1.51654
13	4	15	0	0
14	9	48	9	1.00671
Instant	90
1	592	28	2	0
2	32	16	0	0
3	27	72	13	4.78959
4	313	15	0	0
11	25	20	1	0
12	86	59	13	1.31836
13	4	15	0	0
14	10	49	8	0.758045
Instant	91
1	605	27	1	0
2	23	16	0	0
3	49	66	15	7.10554
4	312	15	0	0
11	26	18	0	0
12	78	55	10	0.760135
13	5	15	0	0
14	10	50	8	0.844735
Instant	92
1	593	27	1	0
2	22	16	0	0
3	37	70	17	6.20341
4	314	15	0	0
11	25	21	1	0
12	80	57	12	1.51515
13	4	15	0	0
14	11	54	9	0.721055
Instant	93
1	592	25	1	0.301205
2	18	16	0	0
3	23	76	17	4.78142
4	330	15	0	0
11	25	20	1	0
12	71	54	10	1.60985
13	4	15	0	0
14	11	51	9	0.853946
Instant	94
1	619	25	1	0
2	18	16	1	0
3	27	68	23	5.40541
4	283	15	0	0
11	27	19	0	0
12	67	57	13	1.30912
13	4	15	0	0
14	9	52	10	0.90382
Instant	95
1	641	25	0	0
2	23	15	0	0
3	36	63	20	7.76749
4	311	15	0	0
11	27	18	0	0
12	70	62	11	1.47059
13	4	15	0	0
14	10	49	9	0.877193
Instant	96
1	627	26	1	0
2	23	17	0	0
3	36	76	20	6.65618
4	297	15	0	0
11	26	19	0	0
12	71	60	11	2.06801
13	5	15	0	0
14	9	52	8	0.984552
Instant	97
1	613	26	1	0
2	23	15	0	0
3	29	76	14	5.39832
4	324	15	0	0
11	26	19	1	0
12	63	64	9	1.14329
13	5	15	0	0
14	11	50	8	0.713573
Instant	98
1	603	27	2	0
2	33	15	0	0
3	35	69	15	6.31068
4	320	15	0	0
11	27	19	0	0
12	73	58	12	1.74632
13	4	15	0	0
14	10	51	9	0.726392
Instant	99
1	634	26	1	0
2	19	15	0	0
3	36	72	20	5.66239
4	318	15	0	0
11	28	18	0	0
12	80	61	12	1.5625
13	4	15	0	0
14	10	48	8	0.848671
Instant	100
1	585	27	2	0.3
2	33	14	0	0
3	28	74	20	4.90196
4	328	15	0	0
11	25	20	1	0
12	70	57	9	1.77365
13	5	15	0	0
14	11	48	9	0.887574
Instant	101
1	607	26	1	0
2	25	15	0	0
3	26	78	14	6.58602
4	300	15	0	0
11	25	19	1	0
12	53	53	8	2.15993
13	4	15	0	0
14	9	50	9	0.849567
Instant	102
1	591	25	1	0.290698
2	30	16	0	0
3	37	67	20	6.56646
4	326	15	0	0
11	26	20	1	0
12	78	63	9	1.74632
13	5	15	0	0
14	10	45	7	0.949682
Instant	103
1	596	27	1	0.0492126
2	29	17	0	0
3	41	70	19	7.16931
4	326	15	0	0
11	25	20	1	0
12	72	50	10	1.05574
13	4	15	0	0
14	11	46	7	0.821386
Instant	104
1	550	27	1	0.632911
2	26	17	0	0
3	37	73	13	4.28205
4	317	15	0	0
11	24	20	1	0
12	86	56	10	1.51654
13	5	15	0	0
14	10	48	9	0.97137
Instant	105
1	613	26	1	0
2	20	16	0	0
3	37	72	20	5.08827
4	300	15	0	0
11	27	19	0	0
12	76	56	10	1.19485
13	5	15	0	0
14	9	48	9	0.979759
Instant	106
1	627	26	1	0
2	39	15	0	0
3	29	72	11	6.43177
4	308	15	0	0
11	26	19	1	0
12	72	56	12	1.43581
13	4	15	0	0
14	10	50	9	0.840643
Instant	107
1	591	28	1	0
2	32	16	0	0
3	36	66	24	7.73624
4	314	15	0	0
11	25	19	0	0
12	89	58	11	0.965074
13	5	15	0	0
14	10	50	8	0.977047
Instant	108
1	513	26	2	1.04396
2	25	15	0	0
3	36	65	19	4.29607
4	314	15	0	0
11	23	19	0	0
12	90	54	8	0.597426
13	5	15	0	0
14	10	46	7	0.939039
Instant	109
1	590	27	1	0
2	33	15	0	0
3	32	74	14	6.25
4	304	15	0	0
11	25	19	1	0.298805
12	64	56	8	1.33929
13	4	15	0	0
14	10	48	9	0.996377
Instant	110
1	620	26	1	0
2	20	16	0	0
3	38	69	18	6.62879
4	315	15	0	0
11	27	19	1	0
12	90	57	10	1.02539
13	4	15	0	0
14	10	52	9	0.768358
Instant	111
1	547	27	1	0.426439
2	26	16	0	0
3	26	76	15	4.81073
4	310	15	0	0
11	24	18	0	0
12	78	52	10	1.51654
13	5	15	0	0
14	10	50	7	0.852154
Instant	112
1	524	28	2	0.328228
2	30	16	0	0
3	23	68	17	6.14035
4	305	15	0	0
11	23	19	1	0
12	83	55	10	0.929054
13	4	15	0	0
14	10	49	9	0.855655
Instant	113
1	582	27	2	0.659229
2	26	15	0	0
3	46	74	13	7.48136
4	336	15	0	0
11	25	19	1	0
12	86	57	10	1.37868
13	4	15	0	0
14	11	52	11	0.707275
Instant	114
1	597	26	2	0
2	30	15	0	0
3	35	68	23	5.97092
4	309	15	0	0
11	25	18	0	0
12	62	56	6	1.24081
13	5	15	0	0
14	10	51	8	0.837521
Instant	115
1	604	28	2	0.288462
2	38	16	0	0
3	31	72	13	6.34289
4	304	15	0	0
11	26	19	0	0
12	72	52	16	1.85811
13	5	15	0	0
14	10	50	11	0.828026
Instant	116
1	613	26	1	0
2	33	16	0	0
3	31	68	20	5.83067
4	345	15	0	0
11	27	18	0	0
12	75	60	15	1.01103
13	4	15	0	0
14	11	48	7	0.744721
Instant	117
1	598	26	1	0.347222
2	43	16	0	0
3	29	62	17	5.13228
4	318	15	0	0
11	25	19	0	0
12	73	56	10	1.93015
13	4	15	0	0
14	10	51	8	0.842525
Instant	118
1	619	26	1	0
2	31	15	0	0
3	47	71	18	6.3099
4	324	15	0	0
11	26	18	0	0
12	67	59	12	1.39358
13	5	15	0	0
14	11	48	8	0.738523
Instant	119
1	555	26	1	0.589391
2	39	15	0	0
3	32	71	23	5.41126
4	296	15	0	0
11	25	19	0	0.308642
12	86	58	13	1.33272
13	4	15	0	0
14	10	49	8	0.832245
