	T	D	J	LP
Instant	0
1	0	0	0	0
2	0	0	0	0
3	0	0	0	0
4	0	0	0	0
11	0	0	0	0
12	0	0	0	0
13	0	0	0	0
14	0	0	0	0
Instant	1
1	263	28	3	0.094697
2	16	16	0	0
3	25	46	15	1.67598
4	131	16	0	0
11	11	19	0	0
12	54	69	7	4.4837
13	1	15	0	0
14	4	45	10	0.157005
Instant	2
1	1336	30	3	0.286596
2	29	16	0	0
3	29	66	19	5.55556
4	687	21	1	0.241482
11	58	18	0	0
12	113	59	12	1.70037
13	5	15	0	0
14	25	51	6	0.585694
Instant	3
1	1413	28	2	0
2	23	16	0	0
3	52	66	26	5.26961
4	698	18	0	0.00351716
11	62	19	0	0
12	113	61	10	1.9761
13	5	15	0	0
14	24	47	7	0.894855
Instant	4
1	1267	29	2	0
2	29	16	0	0
3	42	65	18	4.80099
4	618	17	0	0
11	55	18	0	0
12	101	54	13	2.02703
13	5	15	0	0
14	22	49	9	0.770728
Instant	5
1	741	27	3	0.718608
2	25	15	0	0
3	41	63	20	5.58912
4	630	17	0	0
11	35	20	0	0
12	105	56	15	1.51654
13	5	15	0	0
14	24	46	7	0.490804
Instant	6
1	652	26	2	0.581395
2	40	16	0	0
3	53	66	20	4.73164
4	558	16	0	0
11	28	19	1	0
12	106	56	12	1.83824
13	5	15	0	0
14	20	46	7	0.560224
Instant	7
1	627	26	2	0.412844
2	20	16	0	0
3	29	75	22	4.51389
4	518	16	0	0
11	28	20	1	0
12	86	63	12	2.32264
13	5	15	0	0
14	19	49	6	0.667795
Instant	8
1	554	29	2	0.426439
2	23	17	0	0
3	47	70	15	7.2318
4	461	16	0	0
11	24	19	1	0
12	108	60	14	2.25184
13	5	15	0	0
14	17	48	8	0.567061
Instant	9
1	528	29	2	0.322581
2	23	16	0	0
3	40	69	19	6.75676
4	422	15	0	0
11	23	18	0	0
12	86	63	12	2.25184
13	5	15	0	0
14	15	46	8	0.6502
Instant	10
1	582	26	1	0.301205
2	14	16	0	0
3	46	67	20	4.63228
4	393	15	0	0
11	25	19	1	0
12	79	63	13	2.36486
13	5	15	0	0
14	14	49	7	0.655058
Instant	11
1	505	29	2	0.671141
2	20	16	0	0
3	47	74	17	6.10329
4	379	15	0	0
11	22	18	1	0
12	79	56	13	2.94118
13	5	15	0	0
14	13	48	7	0.695867
Instant	12
1	605	27	1	0
2	25	16	0	0
3	54	70	21	4.5961
4	382	15	0	0
11	26	18	0	0
12	78	63	17	2.98713
13	5	15	0	0
14	13	47	7	0.54791
Instant	13
1	576	28	2	0
2	31	16	0	0
3	50	73	17	5.44413
4	403	16	0	0
11	25	19	1	0
12	107	58	16	1.11607
13	5	15	0	0
14	14	47	7	0.572211
Instant	14
1	579	29	1	0
2	17	15	0	0
3	41	71	16	4.81537
4	358	15	0	0
11	25	20	1	0
12	100	58	13	2.11397
13	5	15	0	0
14	13	45	8	0.665038
Instant	15
1	584	27	1	0
2	29	15	0	0
3	50	69	20	6.20155
4	332	15	0	0
11	25	20	1	0
12	102	67	13	2.11397
13	5	15	0	0
14	11	49	9	0.698487
Instant	16
1	558	30	2	0
2	16	15	0	0
3	39	67	18	6.21963
4	365	16	0	0
11	24	20	1	0
12	84	52	11	2.91385
13	5	15	0	0
14	13	48	7	0.681818
Instant	17
1	546	28	2	0.636943
2	22	15	0	0
3	46	73	20	4.55426
4	335	15	0	0
11	24	19	0	0
12	101	57	13	1.47059
13	5	15	0	0
14	11	47	7	0.770349
Instant	18
1	599	28	2	0
2	31	16	0	0
3	53	65	15	6.36574
4	347	15	0	0
11	26	19	0	0
12	106	56	12	1.65441
13	5	15	0	0
14	12	48	7	0.64929
Instant	19
1	507	29	1	0.394144
2	26	16	0	0
3	43	66	22	4.9005
4	346	15	0	0
11	22	19	0	0
12	84	56	14	2.53378
13	5	15	0	0
14	12	46	9	0.803438
Instant	20
1	603	28	2	0.0489237
2	34	14	0	0
3	48	59	26	4.28504
4	331	15	0	0
11	26	18	0	0
12	87	54	14	2.80331
13	5	15	0	0
14	11	51	10	0.754902
Instant	21
1	614	26	1	0
2	32	15	0	0
3	33	72	23	7.92806
4	335	15	0	0
11	27	19	0	0
12	98	62	13	1.93015
13	5	15	0	0
14	11	50	8	0.717726
Instant	22
1	592	28	2	0
2	18	16	0	0
3	50	72	14	4.87689
4	362	15	0	0
11	25	19	1	0
12	81	61	14	2.44932
13	5	15	0	0
14	12	46	8	0.631313
Instant	23
1	583	28	1	0
2	29	15	0	0
3	38	74	17	5.70846
4	368	15	0	0
11	25	19	1	0
12	75	48	12	3.125
13	5	15	0	0
14	12	46	7	0.748767
Instant	24
1	560	28	3	0.481799
2	19	15	0	0
3	40	65	18	4.7862
4	319	15	0	0
11	24	19	1	0
12	108	56	11	1.33272
13	5	15	0	0
14	10	50	8	0.785973
Instant	25
1	594	28	1	0.0486381
2	23	16	0	0
3	42	69	15	4.33333
4	340	15	0	0
11	25	20	1	0
12	96	63	13	1.5997
13	5	15	0	0
14	12	48	7	0.704762
Instant	26
1	661	28	2	0
2	42	16	0	0
3	38	67	20	6.08504
4	336	15	0	0
11	30	19	1	0
12	100	63	14	1.93015
13	5	15	0	0
14	11	48	9	0.746124
Instant	27
1	754	27	2	0.470958
2	29	15	0	0
3	36	70	18	7.49761
4	333	15	0	0
11	32	18	0	0
12	85	63	13	2.48162
13	5	15	0	0
14	11	52	9	0.725273
Instant	28
1	572	28	2	1.31579
2	24	15	0	0
3	44	68	24	6.02886
4	363	16	0	0
11	26	19	1	0
12	100	52	13	2.17014
13	5	15	0	0
14	13	48	8	0.608011
Instant	29
1	567	27	2	0.462963
2	27	17	0	0
3	47	68	25	3.95238
4	340	15	0	0
11	24	18	0	0
12	105	64	13	1.93015
13	5	15	0	0
14	11	46	9	0.761905
Instant	30
1	584	26	1	0
2	23	15	0	0
3	40	76	13	8.3577
4	338	15	0	0
11	25	19	1	0.297619
12	88	64	12	2.61949
13	5	15	0	0
14	11	46	8	0.78725
Instant	31
1	585	29	1	0
2	16	15	0	0
3	39	73	20	3.98758
4	334	15	0	0
11	25	18	0	0
12	80	56	11	2.28041
13	5	15	0	0
14	11	46	7	0.761544
Instant	32
1	602	26	1	0
2	15	16	0	0
3	41	72	17	7.01133
4	362	15	0	0
11	26	20	1	0.291829
12	84	64	11	3.30882
13	5	15	0	0
14	12	45	7	0.716846
Instant	33
1	614	27	1	0
2	15	16	0	0
3	50	69	18	4.77612
4	350	15	0	0
11	26	18	0	0
12	97	60	13	2.11397
13	5	15	0	0
14	12	49	8	0.73828
Instant	34
1	548	28	1	0.313152
2	25	15	0	0
3	41	72	18	5.54703
4	336	15	0	0
11	24	21	1	0
12	120	56	10	0.844595
13	5	15	0	0
14	11	48	7	0.694444
Instant	35
1	599	28	1	0
2	21	15	0	0
3	44	73	13	5.14084
4	341	15	0	0
11	26	18	0	0
12	113	58	11	1.28676
13	5	15	0	0
14	12	49	9	0.761035
Instant	36
1	573	27	2	0.30426
2	26	16	0	0
3	36	68	20	7.72239
4	348	15	0	0
11	25	19	1	0
12	107	60	11	1.5625
13	5	15	0	0
14	11	49	7	0.723218
Instant	37
1	606	27	1	0
2	26	16	0	0
3	48	71	15	5.20231
4	325	15	0	0
11	26	19	0	0
12	96	57	12	1.67411
13	5	15	0	0
14	11	49	8	0.777512
Instant	38
1	479	28	3	1
2	29	15	0	0
3	50	64	21	5.52434
4	327	15	0	0
11	21	19	1	0
12	109	57	11	2.06801
13	5	15	0	0
14	10	49	8	0.788691
Instant	39
1	594	27	2	0.0481696
2	21	16	0	0
3	44	70	23	5.57157
4	350	15	0	0
11	26	19	1	0
12	105	65	16	1.79228
13	5	15	0	0
14	12	51	8	0.499445
Instant	40
1	555	29	3	0.313152
2	36	16	0	0
3	50	69	24	4.49087
4	359	15	0	0
11	24	18	0	0
12	102	57	11	1.85811
13	5	15	0	0
14	12	47	8	0.741947
Instant	41
1	602	27	2	0
2	29	15	0	0
3	35	65	24	6.28698
4	359	15	0	0
11	26	19	0	0
12	97	62	14	1.88419
13	5	15	0	0
14	12	48	7	0.643449
Instant	42
1	775	26	2	0
2	19	16	0	0
3	38	69	14	5.13731
4	367	15	0	0
11	33	20	1	0
12	80	65	11	3.125
13	5	15	0	0
14	12	44	8	0.762411
Instant	43
1	686	28	1	0.168919
2	18	16	0	0
3	53	63	17	5.37944
4	349	15	0	0
11	30	18	0	0
12	92	60	14	2.06926
13	5	15	0	0
14	12	47	8	0.682071
Instant	44
1	660	27	1	0
2	23	14	0	0
3	41	72	19	5.99034
4	345	15	0	0
11	27	19	1	0
12	80	64	12	2.57353
13	5	15	0	0
14	12	48	7	0.652215
Instant	45
1	660	27	1	0
2	27	15	0	0
3	41	69	20	5.28986
4	351	15	0	0
11	29	19	1	0
12	94	62	13	2.94118
13	5	15	0	0
14	12	43	7	0.663512
Instant	46
1	607	28	2	0.28626
2	20	14	0	0
3	47	65	17	4.84104
4	358	15	0	0
11	26	19	0	0
12	97	62	13	1.64696
13	5	15	0	0
14	12	49	10	0.643116
Instant	47
1	619	28	2	0.281426
2	16	15	0	0
3	49	71	19	4.98575
4	349	15	0	0
11	27	19	1	0
12	95	63	13	2.25184
13	5	15	0	0
14	12	48	9	0.644234
Instant	48
1	544	29	2	0.417537
2	26	16	0	0
3	42	73	20	6.20098
4	368	15	0	0
11	24	20	1	0
12	93	61	13	2.25184
13	5	15	0	0
14	13	44	8	0.598381
Instant	49
1	550	30	2	0.484914
2	28	17	0	0
3	45	74	14	7.30088
4	330	15	0	0
11	23	19	1	0
12	96	63	13	1.5997
13	5	15	0	0
14	12	50	8	0.677267
Instant	50
1	597	27	2	0.0961538
2	25	16	0	0
3	37	68	19	4.95098
4	338	15	0	0
11	26	19	1	0
12	81	60	15	2.7114
13	5	15	0	0
14	11	50	9	0.678517
Instant	51
1	577	28	1	0.301811
2	33	17	0	0
3	51	70	18	6.15023
4	324	15	0	0
11	25	19	0	0
12	105	67	12	2.29779
13	5	15	0	0
14	11	50	8	0.792464
Instant	52
1	572	27	2	0.308008
2	21	16	0	0
3	44	68	22	5.19578
4	344	15	0	0
11	24	18	1	0
12	91	63	12	1.95312
13	5	15	0	0
14	11	47	9	0.851204
Instant	53
1	595	28	1	0
2	30	17	0	0
3	51	70	17	4.93744
4	337	15	0	0
11	25	19	0	0
12	100	59	14	1.93015
13	5	15	0	0
14	11	48	7	0.840093
Instant	54
1	586	27	2	0
2	28	16	0	0
3	40	68	15	4.48909
4	329	15	0	0
11	26	20	1	0
12	81	58	12	3.125
13	5	15	0	0
14	11	47	8	0.820558
Instant	55
1	592	28	1	0
2	26	16	0	0
3	41	74	18	7.85714
4	355	15	0	0
11	26	19	0	0
12	80	61	19	2.32264
13	5	15	0	0
14	12	51	8	0.612208
Instant	56
1	589	28	2	0
2	31	16	0	0
3	47	72	27	3.96586
4	364	15	0	0
11	25	19	0	0
12	104	59	12	2.61949
13	5	15	0	0
14	12	48	9	0.713776
Instant	57
1	551	28	2	0.35497
2	20	15	0	0
3	38	70	19	5.65302
4	358	16	0	0
11	25	18	0	0
12	97	63	14	1.9761
13	5	15	0	0
14	12	46	7	0.840564
Instant	58
1	592	27	2	0.351406
2	23	16	0	0
3	35	70	17	5.94512
4	325	15	0	0
11	25	19	0	0
12	70	63	19	2.44932
13	5	15	0	0
14	10	46	9	0.910992
Instant	59
1	594	27	3	0
2	27	16	0	0
3	63	62	14	5.43478
4	331	15	0	0
11	25	20	1	0
12	109	58	15	2.25184
13	5	15	0	0
14	11	48	9	0.719742
Instant	60
1	582	28	3	0
2	30	16	0	0
3	49	72	16	5.31161
4	317	15	0	0
11	25	20	1	0
12	97	59	13	2.43566
13	5	15	0	0
14	10	49	9	0.864008
Instant	61
1	592	27	1	0.294118
2	13	17	0	0
3	41	74	21	4.72305
4	339	15	0	0
11	26	18	1	0
12	88	63	15	1.97173
13	5	15	0	0
14	12	48	7	0.607539
Instant	62
1	555	27	1	0.0524109
2	24	16	0	0
3	44	67	20	5.85054
4	351	15	0	0
11	24	19	1	0
12	68	60	14	3.35478
13	5	15	0	0
14	12	47	8	0.672043
Instant	63
1	570	29	2	0.154004
2	31	15	0	0
3	50	68	22	6.48926
4	353	15	0	0
11	24	19	0	0.306122
12	86	59	15	2.80331
13	5	15	0	0
14	12	49	8	0.6814
Instant	64
1	601	27	1	0
2	21	16	0	0
3	42	69	17	5.1863
4	356	15	0	0
11	26	19	1	0
12	83	64	14	2.99831
13	5	15	0	0
14	12	47	7	0.601751
Instant	65
1	573	27	1	0.6
2	11	18	1	0
3	44	64	25	4.69961
4	357	15	0	0
11	25	18	0	0
12	66	64	16	3.63051
13	5	15	0	0
14	12	46	7	0.709607
Instant	66
1	592	27	2	0.290698
2	30	16	0	0
3	48	71	24	5.84754
4	339	15	0	0
11	26	18	0	0
12	81	55	16	2.57353
13	5	15	0	0
14	11	47	10	0.824703
Instant	67
1	618	28	1	0
2	35	14	0	0
3	38	62	22	4.16667
4	321	15	0	0
11	26	18	0	0
12	58	55	14	3.63176
13	5	15	0	0
14	11	49	8	0.849417
Instant	68
1	572	28	2	0.305499
2	33	16	0	0
3	40	64	22	5.32129
4	332	15	0	0
11	25	20	1	0
12	96	61	10	2.53906
13	5	15	0	0
14	11	46	8	0.819592
Instant	69
1	607	27	1	0
2	34	16	0	0
3	37	68	16	8.55263
4	329	15	0	0
11	26	18	1	0
12	91	59	14	2.43566
13	5	15	0	0
14	11	50	9	0.681373
Instant	70
1	578	27	2	0.294118
2	30	17	0	0
3	46	77	21	4.09524
4	321	15	0	0
11	26	19	0	0
12	102	57	13	1.43581
13	5	15	0	0
14	10	50	9	0.938257
Instant	71
1	584	28	2	0.0502008
2	16	15	0	0
3	39	60	25	6.3615
4	356	15	0	0
11	25	20	1	0
12	103	67	11	2.06801
13	5	15	0	0
14	12	46	9	0.725037
Instant	72
1	568	31	2	0.0521921
2	22	15	0	0
3	45	72	22	6.25
4	331	15	0	0
11	24	19	1	0
12	93	53	10	2.36742
13	5	15	0	0
14	11	48	8	0.696067
Instant	73
1	582	27	2	0.295276
2	27	17	0	0
3	47	68	15	4.76533
4	337	15	0	0
11	26	18	1	0
12	83	60	14	1.63872
13	5	15	0	0
14	11	45	8	0.693642
Instant	74
1	610	27	1	0
2	25	16	0	0
3	41	65	20	4.17881
4	347	15	0	0
11	25	19	0	0
12	100	54	12	2.52757
13	5	15	0	0
14	12	50	8	0.572447
Instant	75
1	601	28	2	0
2	43	15	0	0
3	58	72	18	6.37523
4	330	15	0	0
11	26	19	1	0
12	115	68	13	1.4678
13	5	15	0	0
14	11	46	8	0.852941
Instant	76
1	578	29	1	0
2	31	16	0	0
3	46	71	17	5.31161
4	334	15	0	0
11	25	19	1	0
12	94	64	13	2.25694
13	5	15	0	0
14	11	48	7	0.728438
Instant	77
1	552	27	2	0.373134
2	21	15	0	0
3	46	62	16	4.91764
4	345	15	0	0
11	24	19	0	0
12	98	54	13	1.36719
13	5	15	0	0
14	12	47	7	0.545523
Instant	78
1	580	28	1	0
2	24	15	0	0
3	51	72	16	5.87838
4	338	15	0	0
11	25	19	1	0
12	100	63	13	2.05078
13	5	15	0	0
14	11	49	8	0.696045
Instant	79
1	575	29	2	0.0514403
2	27	16	0	0
3	45	64	17	3.60429
4	352	15	0	0
11	25	19	1	0
12	110	64	15	1.68919
13	5	15	0	0
14	12	47	8	0.617625
Instant	80
1	583	28	2	0
2	35	17	0	0
3	44	73	17	7.32323
4	346	15	0	0
11	26	18	0	0
12	82	57	15	2.93561
13	5	15	0	0
14	12	46	7	0.85578
Instant	81
1	603	27	1	0.291829
2	20	16	0	0
3	39	69	15	5
4	336	15	0	0
11	26	19	1	0
12	77	64	14	2.36742
13	5	15	0	0
14	12	47	8	0.599348
Instant	82
1	599	28	1	0
2	21	16	0	0
3	49	76	20	6.92857
4	342	15	0	0
11	25	19	1	0
12	98	65	14	2.1875
13	5	15	0	0
14	11	48	9	0.761035
Instant	83
1	610	27	1	0
2	17	18	0	0
3	48	71	18	4.49275
4	322	15	0	0
11	26	19	0	0
12	103	57	14	2.03598
13	5	15	0	0
14	11	51	8	0.753012
Instant	84
1	578	29	2	0
2	31	15	0	0
3	33	73	18	6.14553
4	350	15	0	0
11	25	19	1	0
12	109	58	14	1.32576
13	5	15	0	0
14	12	47	9	0.62106
Instant	85
1	599	27	1	0
2	47	14	0	0
3	33	63	19	4.35103
4	330	15	0	0
11	26	19	1	0
12	66	63	16	2.5641
13	5	15	0	0
14	11	47	8	0.869693
Instant	86
1	592	28	2	0.294118
2	27	15	0	0
3	37	70	17	5.59856
4	339	15	0	0
11	25	18	0	0
12	118	57	9	1.10294
13	5	15	0	0
14	11	47	7	0.688073
Instant	87
1	599	27	1	0
2	21	14	0	0
3	55	69	23	7.723
4	345	15	0	0
11	25	20	1	0
12	91	60	13	2.38971
13	5	15	0	0
14	12	49	8	0.687382
Instant	88
1	597	28	2	0.0484496
2	32	15	0	0
3	34	76	17	5.98098
4	330	15	0	0
11	26	18	0	0
12	88	63	15	2.87162
13	5	15	0	0
14	11	49	8	0.903673
Instant	89
1	564	29	2	0
2	35	15	0	0
3	50	72	15	5.494
4	329	15	0	0
11	24	20	1	0
12	98	61	9	2.02206
13	5	15	0	0
14	11	47	8	0.759369
Instant	90
1	555	31	2	0.365344
2	24	16	0	0
3	51	63	20	3.58447
4	316	15	0	0
11	24	18	0	0
12	96	59	15	2.09961
13	5	15	0	0
14	10	48	8	0.874486
Instant	91
1	589	28	2	0
2	25	15	0	0
3	39	77	17	6.15421
4	323	15	0	0
11	26	20	1	0
12	97	60	13	1.52027
13	5	15	0	0
14	10	46	8	0.957275
Instant	92
1	605	27	1	0.0496032
2	26	17	0	0
3	44	71	15	6.81599
4	352	15	0	0
11	25	19	0	0
12	93	59	14	2.65152
13	5	15	0	0
14	12	48	7	0.648455
Instant	93
1	615	27	2	0
2	31	16	0	0
3	43	65	24	6.34363
4	353	15	0	0
11	27	18	0	0
12	81	63	18	2.84091
13	5	15	0	0
14	12	50	10	0.760509
Instant	94
1	613	26	1	0
2	23	17	0	0
3	43	75	13	5.26183
4	328	15	0	0
11	26	19	0	0
12	99	62	15	1.52027
13	5	15	0	0
14	11	50	9	0.686216
Instant	95
1	592	27	1	0
2	27	17	0	0
3	43	69	20	6.32267
4	356	15	0	0
11	26	19	0	0
12	98	63	14	1.88419
13	5	15	0	0
14	12	47	8	0.721066
Instant	96
1	592	28	1	0
2	24	15	0	0
3	38	72	15	4.57849
4	349	15	0	0
11	25	19	0	0
12	103	67	12	2.02206
13	5	15	0	0
14	12	48	7	0.774543
Instant	97
1	599	28	1	0
2	24	16	0	0
3	47	68	18	6.32353
4	346	15	0	0
11	25	19	1	0
12	84	64	13	2.05793
13	5	15	0	0
14	11	48	9	0.688976
Instant	98
1	598	27	1	0
2	22	17	0	0
3	45	60	20	4.33723
4	331	15	0	0
11	26	20	1	0
12	115	63	17	1.70037
13	5	15	0	0
14	11	51	8	0.708284
Instant	99
1	600	28	1	0
2	22	15	0	0
3	47	75	24	6.09524
4	343	15	0	0
11	26	18	0	0
12	120	64	13	1.1489
13	5	15	0	0
14	12	48	8	0.708617
Instant	100
1	606	25	1	0
2	21	16	1	0
3	35	72	19	6.63055
4	337	15	0	0
11	26	20	1	0
12	84	64	17	2.32264
13	5	15	0	0
14	12	49	9	0.64214
Instant	101
1	560	28	2	0.681342
2	29	15	0	0
3	38	73	16	5.35714
4	336	15	0	0
11	24	18	0	0
12	94	56	13	1.9761
13	5	15	0	0
14	11	47	8	0.651042
Instant	102
1	494	29	2	0.862069
2	22	16	0	0
3	40	64	17	5.1264
4	332	15	0	0
11	22	19	1	0
12	117	62	13	2.48162
13	5	15	0	0
14	11	49	7	0.727823
Instant	103
1	561	27	1	0.31185
2	31	16	0	0
3	42	74	22	6.01592
4	330	15	0	0
11	24	20	1	0
12	98	65	11	1.73142
13	5	15	0	0
14	11	46	8	0.726345
Instant	104
1	550	28	2	0.159574
2	37	16	0	0
3	37	68	17	3.92604
4	353	15	0	0
11	23	19	1	0
12	101	55	11	1.9761
13	5	15	0	0
14	12	47	8	0.631453
Instant	105
1	573	29	2	0.296443
2	24	17	0	0
3	43	72	20	5.80524
4	349	15	0	0
11	26	18	0	0
12	109	61	11	1.28676
13	5	15	0	0
14	12	49	9	0.660342
Instant	106
1	619	26	1	0
2	30	16	0	0
3	36	62	25	7.59587
4	327	15	0	0
11	26	19	1	0
12	66	61	18	2.74493
13	5	15	0	0
14	11	46	9	0.771971
Instant	107
1	593	28	1	0
2	19	16	0	0
3	48	63	19	5.40346
4	355	15	0	0
11	25	19	0	0
12	94	59	12	2.80331
13	5	15	0	0
14	12	45	8	0.75257
Instant	108
1	567	28	2	0
2	28	15	0	0
3	40	68	17	5.74879
4	316	15	0	0
11	24	21	1	0
12	107	58	11	1.47059
13	5	15	0	0
14	10	48	8	0.807927
Instant	109
1	585	29	2	0
2	13	16	0	0
3	40	70	14	5.55556
4	329	15	0	0
11	25	19	1	0
12	92	56	14	1.78571
13	5	15	0	0
14	12	48	8	0.656596
Instant	110
1	584	28	1	0
2	24	15	0	0
3	44	64	20	5.80581
4	333	15	0	0
11	25	19	1	0
12	99	61	17	2.29492
13	5	15	0	0
14	11	45	8	0.75846
Instant	111
1	509	31	3	0.342466
2	24	15	0	0
3	53	72	20	5.82413
4	321	15	0	0
11	22	19	0	0
12	98	62	13	2.11397
13	5	15	0	0
14	10	47	7	0.797014
Instant	112
1	619	26	1	0
2	12	16	0	0
3	40	58	19	5.36232
4	360	15	0	0
11	26	19	1	0
12	84	60	13	2.49155
13	5	15	0	0
14	13	47	8	0.674086
Instant	113
1	539	27	3	0.31185
2	29	15	0	0
3	40	74	14	6.31313
4	324	15	0	0
11	24	19	1	0
12	71	60	17	2.57353
13	5	15	0	0
14	11	48	8	0.687799
Instant	114
1	606	27	1	0
2	24	17	0	0
3	32	72	14	5.38618
4	349	15	0	0
11	26	18	1	0
12	80	63	17	2.89522
13	5	15	0	0
14	12	46	8	0.63033
Instant	115
1	604	28	2	0
2	29	16	0	0
3	52	70	16	3.43137
4	321	15	0	0
11	26	19	0	0
12	101	58	10	2.44932
13	5	15	0	0
14	11	47	8	0.814118
Instant	116
1	565	30	2	0.204082
2	30	16	0	0
3	47	66	24	5.40346
4	345	15	0	0
11	25	18	0	0
12	100	55	12	2.20588
13	5	15	0	0
14	11	46	8	0.714823
Instant	117
1	579	29	1	0
2	31	16	0	0
3	39	63	23	7.02965
4	333	15	0	0
11	25	19	1	0
12	107	57	12	1.79228
13	5	15	0	0
14	11	48	9	0.713038
Instant	118
1	594	30	2	0
2	32	15	0	0
3	43	68	15	6.38889
4	328	15	0	0
11	25	18	0	0
12	118	63	14	0.886824
13	5	15	0	0
14	11	48	8	0.869909
Instant	119
1	556	29	2	0.311203
2	18	14	0	0
3	31	75	14	6.28788
4	325	15	0	0
11	24	19	1	0
12	113	61	14	1.5625
13	5	15	0	0
14	11	49	10	0.860344
