	T	D	J	LP
Instant	0
1	0	0	0	0
2	0	0	0	0
3	0	0	0	0
4	0	0	0	0
11	0	0	0	0
12	0	0	0	0
13	0	0	0	0
14	0	0	0	0
Instant	1
1	360	26	1	0
2	16	16	0	0
3	26	58	16	1.66667
4	90	15	0	0
11	14	19	1	0
12	15	73	5	8.21256
13	1	15	0	0
14	2	48	10	0.320856
Instant	2
1	1306	30	2	0.949914
2	24	15	0	0
3	23	61	22	5.07937
4	588	17	0	0
11	59	20	0	0
12	3	59	29	2.61438
13	4	15	0	0
14	20	46	6	0.594845
Instant	3
1	1579	29	2	0.352374
2	29	15	0	0
3	23	66	22	5.59482
4	555	17	0	0
11	69	18	0	0
12	0	0	0	0
13	4	15	0	0
14	17	50	6	1.09078
Instant	4
1	1606	29	2	0.0367918
2	21	16	0	0
3	25	72	16	6.36766
4	507	16	0	0
11	70	18	0	0
12	0	0	0	0
13	4	15	0	0
14	17	48	7	0.989623
Instant	5
1	1642	28	2	0
2	22	17	0	0
3	28	82	22	5.62988
4	438	16	0	0
11	74	19	0	0
12	0	0	0	0
13	4	15	0	0
14	14	50	7	1.02313
Instant	6
1	1451	29	2	0.202265
2	25	17	0	0
3	25	78	14	8.54908
4	351	15	0	0
11	64	19	0	0
12	0	0	0	0
13	4	15	0	0
14	11	49	7	0.913621
Instant	7
1	1195	27	1	0.0246305
2	20	17	0	0
3	23	72	19	6.27063
4	357	15	0	0
11	52	19	0	0
12	0	0	0	0
13	4	15	0	0
14	12	48	8	0.981198
Instant	8
1	1284	25	2	0.208333
2	32	15	0	0
3	30	66	18	6.63842
4	330	15	0	0
11	55	19	0	0
12	0	0	0	0
13	4	15	0	0
14	11	49	8	0.922654
Instant	9
1	993	27	2	0
2	27	15	0	0
3	22	74	23	6.59247
4	313	15	0	0
11	43	18	0	0.533175
12	0	0	0	0
13	4	15	0	0
14	9	49	8	0.974295
Instant	10
1	887	27	2	0
2	24	15	0	0
3	25	66	20	5.53653
4	329	15	0	0
11	38	18	0	0
12	0	0	0	0
13	4	15	0	0
14	10	48	10	0.862919
Instant	11
1	809	26	2	0
2	26	15	0	0
3	14	73	17	5.78231
4	291	15	0	0
11	35	19	1	0
12	0	0	0	0
13	4	15	0	0
14	9	48	10	0.909392
Instant	12
1	775	27	2	0
2	30	16	0	0
3	22	71	17	8.52649
4	321	15	0	0
11	33	18	0	0
12	0	0	0	0
13	4	15	0	0
14	10	50	9	1.06318
Instant	13
1	788	27	2	0
2	14	15	0	0
3	32	72	21	5.05465
4	304	15	0	0
11	34	20	1	0
12	0	0	0	0
13	4	15	0	0
14	9	48	8	1.01899
Instant	14
1	755	26	2	0
2	20	15	0	0
3	25	66	20	5.77342
4	303	15	0	0
11	33	20	1	0
12	0	0	0	0
13	4	15	0	0
14	9	49	8	1.00832
Instant	15
1	669	27	1	0.684932
2	37	14	0	0
3	30	67	15	6.73589
4	295	15	0	0
11	29	18	0	0
12	0	0	0	0
13	5	15	0	0
14	9	51	9	0.938045
Instant	16
1	624	25	1	0.47081
2	17	15	0	0
3	25	60	25	4.72595
4	320	15	0	0
11	27	19	1	0
12	0	0	0	0
13	4	15	0	0
14	10	50	10	0.974421
Instant	17
1	608	26	1	0.047619
2	21	14	0	0
3	29	73	29	9.36482
4	298	15	0	0
11	27	19	1	0
12	0	0	0	0
13	4	15	0	0
14	9	53	8	1.02948
Instant	18
1	625	26	1	0
2	34	16	0	0
3	25	77	20	6.25
4	320	15	0	0
11	27	18	0	0
12	0	0	0	0
13	4	15	0	0
14	10	48	9	0.814001
Instant	19
1	613	26	1	0
2	16	16	0	0
3	25	76	12	6.07877
4	318	15	0	0
11	27	19	1	0
12	0	0	0	0
13	4	15	0	0
14	10	46	8	0.917478
Instant	20
1	633	26	1	0.0473485
2	24	15	0	0
3	32	68	20	5.27157
4	290	15	0	0
11	27	18	0	0
12	0	0	0	0
13	4	15	0	0
14	8	55	10	1.00246
Instant	21
1	606	26	1	0
2	30	16	0	0
3	27	74	15	5.30303
4	314	15	0	0
11	27	19	0	0
12	0	0	0	0
13	5	15	0	0
14	10	50	8	1.00041
Instant	22
1	641	25	0	0
2	22	15	0	0
3	22	72	15	9.17245
4	310	15	0	0
11	27	19	1	0
12	0	0	0	0
13	4	15	0	0
14	10	47	8	0.963542
Instant	23
1	585	28	2	0
2	30	16	0	0
3	32	65	17	3.54437
4	303	15	0	0
11	25	20	1	0
12	0	0	0	0
13	4	15	0	0
14	9	48	9	0.910454
Instant	24
1	587	27	1	0.0499002
2	32	16	0	0
3	30	80	10	6.4693
4	305	15	0	0
11	25	20	1	0
12	0	0	0	0
13	4	15	0	0
14	9	51	8	1.02041
Instant	25
1	605	27	1	0
2	21	16	0	0
3	20	75	17	5.84452
4	297	15	0	0
11	26	19	1	0
12	0	0	0	0
13	4	15	0	0
14	9	48	9	1.01864
Instant	26
1	613	27	1	0
2	22	16	0	0
3	27	72	19	8.74724
4	308	15	0	0
11	26	19	1	0
12	0	0	0	0
13	4	15	0	0
14	9	46	9	0.885744
Instant	27
1	613	24	1	0
2	24	16	0	0
3	19	81	13	6.23543
4	312	15	0	0
11	27	20	1	0
12	0	0	0	0
13	4	15	0	0
14	10	48	8	1.03259
Instant	28
1	618	27	1	0.0968992
2	25	16	0	0
3	22	72	16	6.63842
4	316	15	0	0
11	26	19	0	0
12	0	0	0	0
13	4	15	0	0
14	10	49	9	0.866993
Instant	29
1	586	27	2	0.333969
2	24	16	0	0
3	28	61	25	8.51911
4	305	15	0	0
11	26	19	1	0
12	0	0	0	0
13	4	15	0	0
14	9	49	8	1.05364
Instant	30
1	561	26	1	0.374732
2	30	15	0	0
3	27	71	14	4.0144
4	315	15	0	0
11	24	19	1	0
12	0	0	0	0
13	4	15	0	0
14	10	48	8	0.907591
Instant	31
1	607	26	1	0
2	21	15	0	0
3	22	74	19	6.15819
4	324	15	0	0
11	26	19	1	0
12	0	0	0	0
13	4	15	0	0
14	11	48	7	0.78219
Instant	32
1	599	26	1	0
2	26	15	0	0
3	22	83	13	6.01045
4	328	15	0	0
11	25	21	1	0
12	0	0	0	0
13	4	15	0	0
14	11	48	8	0.873577
Instant	33
1	622	26	1	0
2	29	15	0	0
3	16	77	12	10.431
4	316	15	0	0
11	26	19	0	0
12	0	0	0	0
13	4	15	0	0
14	10	51	8	0.95092
Instant	34
1	595	28	2	0.0486381
2	15	16	0	0
3	34	81	19	4.47635
4	330	15	0	0
11	26	19	1	0
12	0	0	0	0
13	4	15	0	0
14	10	49	9	0.739645
Instant	35
1	620	26	1	0
2	17	15	0	0
3	22	73	20	7.71605
4	315	15	0	0
11	27	18	0	0
12	0	0	0	0
13	4	15	0	0
14	10	49	10	0.914509
Instant	36
1	604	27	1	0
2	25	16	0	0
3	22	71	16	6.62177
4	300	15	0	0
11	26	19	1	0
12	0	0	0	0
13	4	15	0	0
14	9	48	8	1.00668
Instant	37
1	634	26	1	0
2	29	16	0	0
3	30	66	16	4.57351
4	299	15	0	0
11	27	19	1	0
12	0	0	0	0
13	4	15	0	0
14	9	49	10	0.818162
Instant	38
1	618	26	1	0
2	28	16	0	0
3	25	68	22	8.60566
4	311	15	0	0
11	26	18	0	0
12	0	0	0	0
13	4	15	0	0
14	10	47	9	0.955944
Instant	39
1	578	26	1	0.304878
2	34	15	0	0
3	16	76	23	6.53378
4	313	15	0	0
11	24	20	1	0
12	0	0	0	0
13	4	15	0	0
14	10	48	10	0.89212
Instant	40
1	590	27	1	0
2	19	16	0	0
3	28	67	20	7.42873
4	313	15	0	0
11	25	20	1	0
12	0	0	0	0
13	4	15	0	0
14	10	54	8	0.824005
Instant	41
1	634	25	1	0
2	26	17	0	0
3	22	70	26	3.9669
4	317	15	0	0
11	27	19	1	0
12	0	0	0	0
13	4	15	0	0
14	10	48	8	0.963892
Instant	42
1	605	27	1	0
2	24	16	0	0
3	21	70	19	6.51815
4	290	15	0	0
11	26	19	1	0
12	0	0	0	0
13	4	15	0	0
14	9	52	8	0.955555
Instant	43
1	628	26	1	0
2	36	15	0	0
3	28	74	19	7.12321
4	300	15	0	0
11	26	19	1	0
12	0	0	0	0
13	4	15	0	0
14	9	51	8	1.05649
Instant	44
1	592	27	1	0
2	20	17	0	0
3	21	67	20	5.04459
4	309	15	0	0
11	26	19	1	0
12	0	0	0	0
13	4	15	0	0
14	10	47	7	0.913098
Instant	45
1	641	25	1	0
2	16	15	0	0
3	28	69	14	6.49387
4	301	15	0	0
11	27	19	1	0
12	0	0	0	0
13	4	15	0	0
14	9	50	8	0.983571
Instant	46
1	582	27	1	0
2	22	16	0	0
3	27	74	15	6.85619
4	317	15	0	0
11	26	20	1	0
12	0	0	0	0
13	4	15	0	0
14	10	49	9	0.819088
Instant	47
1	592	28	1	0
2	30	15	0	0
3	25	65	26	9.08333
4	286	15	0	0
11	25	19	0	0
12	0	0	0	0
13	4	15	0	0
14	9	53	9	0.938489
Instant	48
1	634	26	1	0
2	38	16	0	0
3	23	72	20	6.30556
4	300	15	0	0
11	27	19	0	0
12	0	0	0	0
13	4	15	0	0
14	8	48	8	1.07964
Instant	49
1	592	28	1	0
2	18	16	0	0
3	28	77	21	4.00641
4	298	15	0	0
11	26	19	1	0
12	0	0	0	0
13	4	15	0	0
14	9	50	9	1.14774
Instant	50
1	627	26	1	0
2	21	16	0	0
3	20	69	19	7.71186
4	321	15	0	0
11	26	18	0	0
12	0	0	0	0
13	4	15	0	0
14	11	49	8	0.714573
Instant	51
1	613	27	1	0
2	18	16	0	0
3	31	75	25	8.44557
4	309	15	0	0
11	27	18	0	0
12	0	0	0	0
13	4	15	0	0
14	9	51	9	0.972047
Instant	52
1	620	25	1	0
2	27	14	0	0
3	20	69	28	5.44444
4	314	15	0	0
11	26	20	1	0
12	0	0	0	0
13	4	15	0	0
14	10	48	9	0.881807
Instant	53
1	587	25	1	0.296443
2	22	15	0	0
3	32	75	21	5.14469
4	333	15	0	0
11	26	20	1	0
12	0	0	0	0
13	4	15	0	0
14	10	51	7	0.877193
Instant	54
1	614	25	1	0
2	30	15	0	0
3	28	67	17	7.73616
4	308	15	0	0
11	27	20	0	0
12	0	0	0	0
13	4	15	0	0
14	10	46	8	0.989057
Instant	55
1	641	25	1	0
2	27	15	0	0
3	32	63	18	6.6777
4	312	15	0	0
11	27	19	1	0
12	0	0	0	0
13	4	15	0	0
14	10	50	8	0.828157
Instant	56
1	620	27	1	0
2	20	17	0	0
3	25	65	14	4.44444
4	324	15	0	0
11	26	18	0	0
12	0	0	0	0
13	4	15	0	0
14	10	46	8	1.02041
Instant	57
1	599	28	1	0
2	24	17	0	0
3	20	75	15	6.53539
4	295	15	0	0
11	26	19	1	0
12	0	0	0	0
13	4	15	0	0
14	9	50	8	1.03342
Instant	58
1	634	25	1	0
2	28	16	0	0
3	23	66	18	6.68934
4	306	15	0	0
11	27	19	1	0
12	0	0	0	0
13	4	15	0	0
14	10	51	9	0.847099
Instant	59
1	634	26	1	0
2	26	15	0	0
3	22	71	19	7.15884
4	312	15	0	0
11	27	19	0	0
12	0	0	0	0
13	4	15	0	0
14	10	52	8	0.973085
Instant	60
1	599	28	1	0
2	32	16	0	0
3	22	69	17	5.3233
4	300	15	0	0
11	25	19	0	0
12	0	0	0	0
13	4	15	0	0
14	9	47	9	1
Instant	61
1	555	28	2	0.604839
2	27	14	0	0
3	26	68	17	6.55367
4	318	15	0	0
11	25	18	0	0
12	0	0	0	0
13	4	15	0	0
14	10	50	8	0.925926
Instant	62
1	621	26	1	0.384615
2	23	15	0	0
3	20	71	16	7.96359
4	311	15	0	0
11	26	18	0	0
12	0	0	0	0
13	4	15	0	0
14	10	52	10	0.899917
Instant	63
1	555	27	1	0.609756
2	29	17	0	0
3	23	74	20	7.71605
4	322	15	0	0
11	25	18	0	0
12	0	0	0	0
13	4	15	0	0
14	10	48	8	0.880636
Instant	64
1	628	26	1	0
2	19	16	0	0
3	21	71	17	6.19292
4	321	15	0	0
11	27	19	1	0
12	0	0	0	0
13	4	15	0	0
14	11	49	8	0.811165
Instant	65
1	588	26	1	0.292969
2	19	16	0	0
3	26	72	16	7.41051
4	332	15	0	0
11	26	18	0	0
12	0	0	0	0
13	4	15	0	0
14	11	49	9	0.804094
Instant	66
1	640	26	2	0
2	27	16	0	0
3	24	73	18	4.20933
4	300	15	0	0
11	28	18	0	0
12	0	0	0	0
13	4	15	0	0
14	10	51	7	0.911626
Instant	67
1	591	27	1	0
2	36	16	0	0
3	26	67	13	7.79396
4	308	15	0	0
11	26	21	1	0
12	0	0	0	0
13	4	15	0	0
14	10	50	9	0.890223
Instant	68
1	640	25	1	0
2	34	16	0	0
3	23	73	19	5.84746
4	310	15	0	0
11	27	18	0	0
12	0	0	0	0
13	4	15	0	0
14	10	49	8	0.867623
Instant	69
1	627	25	0	0
2	29	16	0	0
3	24	74	16	6.47194
4	313	15	0	0
11	27	19	0	0
12	0	0	0	0
13	4	15	0	0
14	10	47	9	0.962733
Instant	70
1	593	25	1	0.581395
2	33	15	0	0
3	27	72	14	7.22403
4	288	15	0	0
11	26	19	0	0
12	0	0	0	0
13	4	15	0	0
14	9	51	9	1.04167
Instant	71
1	612	26	1	0.290698
2	31	14	0	0
3	30	66	19	5.89569
4	315	15	0	0
11	26	19	0	0
12	0	0	0	0
13	4	15	0	0
14	10	46	10	0.90535
Instant	72
1	627	26	1	0
2	25	16	0	0
3	22	72	12	4.83871
4	306	15	0	0
11	27	19	0	0
12	0	0	0	0
13	4	15	0	0
14	10	52	9	0.893997
Instant	73
1	641	26	1	0
2	23	16	0	0
3	24	73	14	8.01833
4	297	15	0	0
11	27	18	0	0
12	0	0	0	0
13	4	15	0	0
14	9	50	8	1.12347
Instant	74
1	591	27	1	0.0480769
2	22	15	0	0
3	30	67	23	7.0407
4	301	15	0	0
11	26	19	1	0
12	0	0	0	0
13	4	15	0	0
14	10	52	12	0.833333
Instant	75
1	625	26	1	0
2	30	14	0	0
3	26	71	24	7.24273
4	299	15	0	0
11	27	18	0	0
12	0	0	0	0
13	4	15	0	0
14	9	49	9	1.016
Instant	76
1	613	26	1	0
2	16	16	0	0
3	24	66	17	4.55326
4	307	15	0	0
11	26	20	1	0
12	0	0	0	0
13	4	15	0	0
14	10	46	8	1.01922
Instant	77
1	627	25	1	0
2	21	15	0	0
3	21	59	21	6.71683
4	327	15	0	0
11	27	19	1	0
12	0	0	0	0
13	4	15	0	0
14	11	47	8	0.831342
Instant	78
1	610	27	1	0.287356
2	17	16	0	0
3	24	79	26	3.48136
4	323	15	0	0
11	26	18	0	0
12	0	0	0	0
13	4	15	0	0
14	10	48	8	0.824286
Instant	79
1	595	27	1	0
2	28	15	0	0
3	30	75	16	5.73446
4	312	15	0	0
11	25	20	1	0
12	0	0	0	0
13	4	15	0	0
14	10	51	9	0.78352
Instant	80
1	606	27	1	0
2	28	16	0	0
3	28	70	17	8.01486
4	307	15	0	0
11	25	20	1	0
12	0	0	0	0
13	4	15	0	0
14	10	53	8	0.870253
Instant	81
1	585	28	1	0
2	20	16	0	0
3	27	76	25	10.3588
4	313	15	0	0
11	25	21	1	0
12	0	0	0	0
13	4	15	0	0
14	10	49	9	0.847808
Instant	82
1	620	25	1	0
2	16	16	0	0
3	30	68	16	4.00433
4	298	15	0	0
11	27	19	1	0
12	0	0	0	0
13	4	15	0	0
14	9	50	8	0.987413
Instant	83
1	641	25	0	0
2	34	17	0	0
3	27	71	15	6.25
4	292	15	0	0
11	27	18	0	0
12	0	0	0	0
13	4	15	0	0
14	9	52	11	0.901948
Instant	84
1	612	26	1	0.0468165
2	36	16	0	0
3	24	63	20	5.44218
4	298	15	0	0
11	27	19	1	0
12	0	0	0	0
13	4	15	0	0
14	9	48	9	1.03489
Instant	85
1	620	26	1	0
2	27	16	0	0
3	24	72	19	8.5512
4	311	15	0	0
11	26	19	1	0
12	0	0	0	0
13	4	15	0	0
14	10	52	8	0.83647
Instant	86
1	633	25	1	0
2	20	16	0	0
3	19	75	15	5.40984
4	309	15	0	0
11	27	19	1	0
12	0	0	0	0
13	4	15	0	0
14	9	51	8	0.943396
Instant	87
1	621	26	1	0
2	35	16	0	0
3	16	74	16	9.85915
4	321	15	0	0
11	27	19	1	0
12	0	0	0	0
13	4	15	0	0
14	10	48	9	1.04293
Instant	88
1	613	26	1	0
2	26	15	0	0
3	30	73	24	5.27968
4	313	15	0	0
11	27	19	0	0
12	0	0	0	0
13	4	15	0	0
14	10	50	9	0.82196
Instant	89
1	619	27	1	0
2	28	16	0	0
3	20	77	19	6.14754
4	329	15	0	0
11	26	18	0	0
12	0	0	0	0
13	4	15	0	0
14	11	48	8	0.851043
Instant	90
1	613	26	1	0
2	21	15	0	0
3	34	75	11	4.5874
4	332	15	0	0
11	26	19	1	0
12	0	0	0	0
13	4	15	0	0
14	11	48	8	0.818713
Instant	91
1	591	27	1	0.0491159
2	28	16	0	0
3	21	57	21	5.45877
4	315	15	0	0
11	25	20	1	0
12	0	0	0	0
13	4	15	0	0
14	10	47	8	0.926495
Instant	92
1	628	26	1	0
2	17	17	0	0
3	22	78	18	9.34004
4	300	15	0	0
11	27	18	0	0
12	0	0	0	0
13	4	15	0	0
14	9	48	8	1.06452
Instant	93
1	620	26	1	0
2	27	16	0	0
3	25	75	12	5.96009
4	308	15	0	0
11	26	19	1	0
12	0	0	0	0
13	4	15	0	0
14	9	45	7	0.930626
Instant	94
1	620	26	1	0
2	31	17	0	0
3	36	75	17	6.68896
4	315	15	0	0
11	26	19	1	0
12	0	0	0	0
13	4	15	0	0
14	10	47	9	0.836412
Instant	95
1	585	26	1	0
2	31	15	0	0
3	17	68	19	7.99889
4	334	15	0	0
11	26	20	1	0
12	0	0	0	0
13	4	15	0	0
14	11	53	8	0.754478
Instant	96
1	622	27	1	0.28626
2	25	15	0	0
3	28	76	17	4.47481
4	293	15	0	0
11	26	19	1	0
12	0	0	0	0
13	4	15	0	0
14	9	46	8	0.948465
Instant	97
1	584	28	1	0
2	35	15	0	0
3	22	67	19	7.0407
4	309	15	0	0
11	26	19	1	0
12	0	0	0	0
13	4	15	0	0
14	10	52	10	0.81033
Instant	98
1	618	28	1	0.0486381
2	25	16	0	0
3	20	75	21	5.9681
4	326	15	0	0
11	26	18	0	0
12	0	0	0	0
13	4	15	0	0
14	11	49	8	0.861211
Instant	99
1	626	26	1	0
2	25	16	0	0
3	30	70	20	7.89183
4	300	15	0	0
11	27	18	0	0
12	0	0	0	0
13	4	15	0	0
14	9	49	8	0.955311
Instant	100
1	634	26	1	0
2	21	15	0	0
3	27	63	18	6.99554
4	296	15	0	0
11	26	19	1	0
12	0	0	0	0
13	4	15	0	0
14	9	50	9	0.985545
Instant	101
1	635	26	1	0
2	30	15	0	0
3	16	75	15	6.38418
4	281	15	0	0
11	28	18	0	0
12	0	0	0	0
13	4	15	0	0
14	8	51	9	1.13532
Instant	102
1	606	26	1	0
2	26	15	0	0
3	25	72	14	4.45931
4	302	15	0	0
11	26	19	0	0
12	0	0	0	0
13	4	15	0	0
14	9	52	8	0.889032
Instant	103
1	618	27	1	0
2	40	16	0	0
3	19	75	22	7.85473
4	328	15	0	0
11	26	19	1	0
12	0	0	0	0
13	4	15	0	0
14	11	51	8	0.76117
Instant	104
1	532	28	1	0.592672
2	29	15	0	0
3	16	69	22	5.59441
4	310	15	0	0
11	23	19	1	0
12	0	0	0	0
13	4	15	0	0
14	9	46	8	1.17934
Instant	105
1	618	26	1	0
2	25	17	0	0
3	27	72	17	8.66778
4	308	15	0	0
11	26	20	1	0
12	0	0	0	0
13	4	15	0	0
14	10	52	8	0.871117
Instant	106
1	615	26	1	0
2	25	16	0	0
3	25	74	18	6.1149
4	310	15	0	0
11	27	19	0	0
12	0	0	0	0
13	4	15	0	0
14	10	48	10	0.831242
Instant	107
1	595	28	2	0
2	31	17	0	0
3	17	69	13	7.08042
4	312	15	0	0
11	25	19	1	0
12	0	0	0	0
13	4	15	0	0
14	10	48	8	0.882109
Instant	108
1	620	25	0	0.0473485
2	29	16	0	0
3	35	68	22	7.46187
4	315	15	0	0
11	27	19	1	0
12	0	0	0	0
13	4	15	0	0
14	10	51	9	1.03014
Instant	109
1	620	26	1	0
2	19	16	1	0
3	27	77	18	5.11006
4	302	15	0	0
11	26	20	1	0
12	0	0	0	0
13	4	15	0	0
14	10	53	9	0.817204
Instant	110
1	620	26	1	0
2	29	16	0	0
3	23	75	18	4.92289
4	303	15	0	0
11	26	20	1	0
12	0	0	0	0
13	4	15	0	0
14	9	48	8	0.933632
Instant	111
1	627	26	1	0
2	22	17	0	0
3	22	67	19	5.30035
4	288	15	0	0
11	27	19	1	0
12	0	0	0	0
13	4	15	0	0
14	9	48	7	1.08647
Instant	112
1	627	25	1	0
2	32	16	0	0
3	18	68	20	6.21516
4	284	15	0	0
11	27	19	0	0
12	0	0	0	0
13	4	15	0	0
14	8	48	9	1.08696
Instant	113
1	620	25	1	0
2	23	15	0	0
3	22	77	15	8.11258
4	309	15	0	0
11	27	19	1	0
12	0	0	0	0
13	4	15	0	0
14	10	49	7	0.965575
Instant	114
1	613	26	1	0.290135
2	21	15	0	0
3	16	71	13	9.73684
4	300	15	0	0
11	26	19	1	0
12	0	0	0	0
13	4	15	0	0
14	10	51	9	0.789304
Instant	115
1	637	25	1	0
2	28	16	0	0
3	24	75	19	6.37088
4	297	15	0	0
11	27	19	0	0
12	0	0	0	0
13	4	15	0	0
14	9	49	8	0.836593
Instant	116
1	610	27	1	0
2	23	16	0	0
3	27	63	13	7.59887
4	284	15	0	0
11	27	18	0	0
12	0	0	0	0
13	4	15	0	0
14	9	51	8	0.967161
Instant	117
1	578	28	1	0
2	24	16	0	0
3	25	64	14	6.37088
4	294	15	0	0
11	25	20	1	0
12	0	0	0	0
13	4	15	0	0
14	9	52	9	1.09562
Instant	118
1	604	26	1	0
2	31	15	0	0
3	31	75	20	7.54098
4	317	15	0	0
11	26	19	1	0
12	0	0	0	0
13	4	15	0	0
14	10	49	8	0.772932
Instant	119
1	620	26	1	0
2	35	16	0	0
3	34	70	16	4.48718
4	315	15	0	0
11	26	19	0	0
12	0	0	0	0
13	4	15	0	0
14	10	46	8	0.91677
