	T	D	J	LP
Instant	0
1	0	0	0	0
2	0	0	0	0
3	0	0	0	0
4	0	0	0	0
11	0	0	0	0
12	0	0	0	0
13	0	0	0	0
14	0	0	0	0
Instant	1
1	294	26	2	0
2	18	19	0	0
3	34	51	14	1.625
4	114	16	0	0
11	12	18	0	0
12	19	70	4	7.00976
13	2	15	0	0
14	3	47	10	0.311526
Instant	2
1	1299	29	3	0.205667
2	31	16	0	0
3	32	70	20	5.88542
4	616	19	0	0.0155812
11	56	20	0	0
12	17	66	20	1.56062
13	4	15	0	0
14	20	48	6	0.931775
Instant	3
1	1298	29	3	0
2	26	16	0	0
3	47	64	27	4.10095
4	610	17	0	0
11	59	19	0	0
12	12	81	19	1.5006
13	5	15	0	0
14	18	48	6	1.1802
Instant	4
1	1308	29	3	0.50505
2	27	16	0	0
3	47	65	23	5.28701
4	564	17	0	0
11	56	18	0	0
12	5	70	17	1.82019
13	5	15	0	0
14	19	49	6	0.952216
Instant	5
1	1297	28	2	0.0679348
2	32	16	0	0
3	41	69	18	4.1791
4	487	17	0	0
11	57	18	0	0
12	13	70	21	1.5006
13	5	15	0	0
14	16	46	5	0.900991
Instant	6
1	1381	28	3	0.0211327
2	22	16	0	0
3	37	69	17	7.88823
4	419	16	0	0
11	61	19	0	0
12	16	68	27	1.20048
13	5	15	0	0
14	14	48	6	0.976744
Instant	7
1	1366	26	2	0
2	24	16	0	0
3	35	72	22	4.5913
4	373	15	0	0
11	59	19	0	0
12	4	86	22	1.70987
13	4	15	0	0
14	12	51	9	0.822884
Instant	8
1	1427	28	2	0.0200803
2	19	16	0	0
3	36	74	20	4.92188
4	363	15	0	0
11	64	18	0	0
12	4	70	22	1.80072
13	4	15	0	0
14	12	50	7	0.736081
Instant	9
1	1364	28	2	0
2	22	16	0	0
3	37	71	18	7.43386
4	382	15	0	0
11	60	20	0	0
12	14	73	21	1.80072
13	5	15	0	0
14	13	49	8	0.543663
Instant	10
1	1213	30	2	0.0251004
2	21	15	0	0
3	53	64	16	5.82852
4	376	16	0	0
11	51	18	0	0
12	14	62	26	0.99283
13	5	15	0	0
14	13	50	7	0.865186
Instant	11
1	1017	28	3	0.0278087
2	22	17	0	0
3	39	69	19	3.85196
4	410	16	0	0
11	47	20	0	0
12	1	99	20	2.16086
13	5	15	0	0
14	14	49	7	0.634317
Instant	12
1	892	28	2	0
2	16	16	0	0
3	37	67	20	5.14925
4	385	15	0	0
11	38	19	0	0
12	7	67	27	1.92077
13	5	15	0	0
14	13	47	7	0.707786
Instant	13
1	874	29	2	0.539811
2	29	17	0	0
3	38	71	15	8.68687
4	403	16	0	0
11	38	19	0	0
12	11	84	21	1.16618
13	5	15	0	0
14	14	47	6	0.771156
Instant	14
1	721	28	1	0.396825
2	22	16	0	0
3	42	60	24	4.04554
4	335	15	0	0
11	32	20	1	0
12	7	66	33	1.7407
13	5	15	0	0
14	11	47	8	0.771246
Instant	15
1	695	27	2	0.416667
2	37	16	0	0
3	53	63	16	3.9272
4	315	15	0	0
11	30	18	0	0
12	12	67	29	1.68067
13	5	15	0	0
14	10	48	9	0.863132
Instant	16
1	799	27	1	0
2	29	15	0	0
3	40	70	17	8.11594
4	308	15	0	0
11	34	19	0	0.294118
12	6	68	23	1.87534
13	5	15	0	0
14	10	50	8	0.911294
Instant	17
1	554	31	3	1.20968
2	29	15	0	0
3	36	71	17	3.86727
4	313	15	0	0
11	25	19	0	0
12	12	69	23	1.2605
13	5	15	0	0
14	10	44	8	0.864197
Instant	18
1	673	28	2	0
2	29	15	0	0
3	45	71	15	6.01578
4	330	15	0	0
11	29	19	0	0
12	6	75	19	1.56062
13	5	15	0	0
14	10	49	8	0.814573
Instant	19
1	657	27	1	0
2	35	16	0	0
3	44	68	14	5.41667
4	314	15	0	0
11	28	19	0	0
12	9	55	16	1.87534
13	5	15	0	0
14	10	47	9	0.949302
Instant	20
1	658	27	1	0
2	27	15	0	0
3	42	73	17	5.86785
4	343	15	0	0
11	29	18	0	0
12	0	0	0	0
13	5	15	0	0
14	11	50	8	0.879682
Instant	21
1	639	29	2	0
2	33	16	0	0
3	43	74	19	6.23123
4	357	15	0	0
11	27	19	0	0
12	0	0	0	0
13	5	15	0	0
14	12	48	9	0.62568
Instant	22
1	683	27	1	0
2	34	16	0	0
3	36	72	18	5.89304
4	321	15	0	0
11	29	18	0	0
12	0	0	0	0
13	4	15	0	0
14	11	49	8	0.747475
Instant	23
1	662	28	1	0
2	22	16	0	0
3	37	73	19	5.09524
4	305	15	0	0
11	28	18	0	0
12	0	0	0	0
13	5	15	0	0
14	10	48	9	0.864979
Instant	24
1	643	30	2	0.0456204
2	28	14	0	0
3	35	66	18	5.66465
4	322	15	0	0
11	28	18	0	0
12	0	0	0	0
13	5	15	0	0
14	11	48	7	0.830314
Instant	25
1	635	27	2	0
2	18	17	0	0
3	46	71	29	5.58882
4	334	15	0	0
11	27	20	1	0
12	8	80	27	9.71817
13	5	15	0	0
14	11	49	9	0.648471
Instant	26
1	738	28	2	0
2	16	15	0	0
3	51	70	21	5.19324
4	335	15	0	0
11	31	19	0	0
12	4	95	7	1.68067
13	5	15	0	0
14	11	46	7	0.891473
Instant	27
1	924	27	1	0
2	29	16	0	0
3	40	71	19	6.34058
4	334	15	0	0
11	41	18	0	0
12	0	0	0	0
13	5	15	0	0
14	11	48	8	0.753598
Instant	28
1	980	27	1	0
2	21	16	0	0
3	36	76	16	6.76594
4	333	15	0	0
11	42	19	0	0
12	0	0	0	0
13	5	15	0	0
14	10	50	8	0.83236
Instant	29
1	882	26	1	0.033557
2	17	16	0	0
3	39	76	10	3.55721
4	319	15	0	0
11	38	19	0	0
12	0	0	0	0
13	5	15	0	0
14	11	49	8	0.857694
Instant	30
1	735	27	2	0
2	24	16	0	0
3	38	72	16	4.6627
4	332	15	0	0
11	33	20	0	0
12	0	0	0	0
13	5	15	0	0
14	11	45	8	0.882066
Instant	31
1	755	27	2	0.236967
2	19	15	0	0
3	46	73	19	5.8526
4	326	15	0	0
11	32	19	0	0
12	9	69	21	9.65251
13	5	15	0	0
14	10	49	9	0.797448
Instant	32
1	716	27	2	0.0408497
2	15	15	0	0
3	28	73	18	6.6829
4	323	15	0	0
11	31	19	0	0
12	13	67	19	1.62065
13	4	15	0	0
14	10	48	8	0.830332
Instant	33
1	678	28	2	0.0841751
2	22	15	0	0
3	47	72	19	4.19132
4	303	15	0	0
11	30	19	0	0
12	6	78	14	1.56062
13	5	15	0	0
14	9	50	9	0.940689
Instant	34
1	703	28	2	0
2	23	15	0	0
3	40	76	20	10.3916
4	291	15	0	0
11	30	19	0	0
12	13	62	35	1.59956
13	5	15	0	0
14	9	50	9	1.02075
Instant	35
1	823	28	2	0.246479
2	31	15	0	0
3	57	70	17	4.61931
4	344	15	0	0
11	35	18	0	0
12	0	0	0	0
13	5	15	0	0
14	11	48	7	0.954271
Instant	36
1	863	26	1	0
2	22	16	0	0
3	53	69	28	2.85515
4	339	15	0	0
11	37	20	0	0
12	7	80	17	3.90156
13	5	15	0	0
14	11	51	9	0.774083
Instant	37
1	656	26	1	0
2	30	16	0	0
3	44	67	19	5.65657
4	324	15	0	0
11	29	20	1	0
12	3	80	34	1.36054
13	5	15	0	0
14	10	47	8	0.76074
Instant	38
1	551	30	3	0.649351
2	34	16	0	0
3	47	67	17	8.13492
4	309	15	0	0
11	23	20	0	0
12	9	71	20	1.98079
13	5	15	0	0
14	10	48	8	0.983796
Instant	39
1	627	29	3	0.325279
2	19	17	0	0
3	41	70	16	4.08113
4	320	15	0	0
11	27	19	0	0
12	14	77	24	1.44058
13	5	15	0	0
14	10	48	8	0.807927
Instant	40
1	638	28	2	0.26738
2	12	16	0	0
3	37	68	18	5.69164
4	324	15	0	0
11	28	19	0	0
12	1	80	9	2.09597
13	5	15	0	0
14	11	48	8	0.816306
Instant	41
1	674	30	2	0
2	17	16	0	0
3	34	66	24	5.27263
4	321	15	0	0
11	29	19	1	0
12	0	0	0	0
13	5	15	0	0
14	11	47	9	0.780935
Instant	42
1	686	28	2	0
2	34	15	0	0
3	55	70	16	5.57116
4	327	15	0	0
11	30	19	0	0
12	0	0	0	0
13	5	15	0	0
14	11	50	8	0.716686
Instant	43
1	651	28	2	0
2	26	16	0	0
3	34	74	17	7.02161
4	318	15	0	0
11	27	19	0	0
12	6	75	23	5.40541
13	5	15	0	0
14	10	46	8	0.809902
Instant	44
1	601	28	2	0
2	14	16	0	0
3	38	63	14	4.83281
4	312	15	0	0
11	26	21	1	0
12	0	0	0	0
13	5	15	0	0
14	10	48	8	0.887298
Instant	45
1	608	27	1	0
2	17	14	0	0
3	55	75	16	5.32274
4	329	15	0	0
11	25	19	0	0
12	1	99	1	3.84154
13	5	15	0	0
14	11	50	8	0.814573
Instant	46
1	578	28	1	0
2	27	15	0	0
3	39	69	16	6.18449
4	331	15	0	0
11	25	19	1	0
12	6	80	26	1.98566
13	5	15	0	0
14	11	48	8	0.871524
Instant	47
1	599	27	1	0
2	15	15	0	0
3	36	77	15	6.14035
4	323	15	0	0
11	25	19	1	0
12	0	0	0	0
13	5	15	0	0
14	11	49	7	0.666867
Instant	48
1	584	28	1	0.301811
2	24	16	0	0
3	34	75	11	4.24242
4	352	15	0	0
11	25	18	0	0
12	0	0	0	0
13	5	15	0	0
14	12	48	8	0.702923
Instant	49
1	564	29	1	0.0513347
2	20	15	0	0
3	33	68	18	7.55694
4	337	15	0	0
11	24	20	1	0
12	12	75	19	4.56754
13	5	15	0	0
14	11	50	9	0.816052
Instant	50
1	576	27	1	0.308642
2	26	18	0	0
3	38	64	17	5.08189
4	314	15	0	0
11	24	19	1	0
12	5	87	16	1.68067
13	5	15	0	0
14	10	52	9	0.886964
Instant	51
1	586	27	2	0
2	23	15	0	0
3	35	75	14	7.41026
4	310	15	0	0
11	26	19	1	0
12	3	66	13	1.98079
13	5	15	0	0
14	10	50	9	0.805103
Instant	52
1	592	27	1	0.294118
2	29	14	0	0
3	38	62	19	5.64182
4	323	15	0	0
11	26	19	0	0
12	0	0	0	0
13	5	15	0	0
14	10	45	8	0.888554
Instant	53
1	613	26	1	0
2	27	15	0	0
3	41	66	17	5.4798
4	312	15	0	0
11	27	20	1	0
12	0	0	0	0
13	5	15	0	0
14	10	45	7	0.971529
Instant	54
1	578	30	2	0
2	38	16	0	0
3	38	79	25	5.2657
4	312	15	0	0
11	24	18	1	0
12	0	0	0	0
13	5	15	0	0
14	10	46	8	0.805452
Instant	55
1	604	27	1	0
2	36	18	0	0
3	60	58	22	5.23743
4	337	15	0	0
11	26	19	1	0
12	0	0	0	0
13	5	15	0	0
14	11	45	8	0.789069
Instant	56
1	596	27	1	0
2	20	18	0	0
3	36	75	23	6.92346
4	299	15	0	0
11	26	20	0	0
12	0	0	0	0
13	5	15	0	0
14	10	49	8	0.853869
Instant	57
1	572	28	2	0.15
2	25	16	0	0
3	55	78	15	4.40639
4	316	15	0	0
11	25	20	1	0
12	0	0	0	0
13	5	15	0	0
14	10	48	7	0.923645
Instant	58
1	611	28	1	0
2	31	17	0	0
3	42	71	19	5.02008
4	315	15	0	0
11	25	18	1	0
12	0	0	0	0
13	5	15	0	0
14	10	50	8	0.809758
Instant	59
1	606	27	2	0
2	23	16	0	0
3	41	69	16	7.32843
4	321	15	0	0
11	26	18	0	0
12	0	0	0	0
13	5	15	0	0
14	10	50	8	0.780616
Instant	60
1	589	28	2	0
2	21	16	0	0
3	38	71	14	5.61325
4	320	15	0	0
11	25	20	1	0
12	0	0	0	0
13	5	15	0	0
14	10	48	9	0.898295
Instant	61
1	627	26	1	0
2	28	16	0	0
3	33	60	21	5.75943
4	312	15	0	0
11	27	18	0	0
12	0	0	0	0
13	5	15	0	0
14	10	48	9	0.953566
Instant	62
1	599	28	1	0
2	22	16	0	0
3	24	73	15	4.98418
4	312	15	0	0
11	25	19	1	0
12	11	62	22	22.8691
13	4	15	0	0
14	10	48	8	0.79291
Instant	63
1	601	26	1	0.28626
2	19	16	0	0
3	38	67	21	7.2327
4	307	15	0	0
11	26	18	0	0
12	6	72	14	1.68067
13	5	15	0	0
14	9	50	9	0.957492
Instant	64
1	582	27	2	0.356415
2	24	16	0	0
3	39	61	23	5.40675
4	324	15	0	0
11	24	19	1	0
12	9	73	14	1.98566
13	5	15	0	0
14	10	46	9	0.888224
Instant	65
1	621	25	1	0
2	31	17	0	0
3	45	63	19	5.99251
4	314	15	0	0
11	27	19	1	0
12	6	75	19	1.62065
13	5	15	0	0
14	10	48	9	0.772181
Instant	66
1	591	28	1	0
2	34	16	0	0
3	49	68	21	4.7371
4	308	15	0	0
11	26	19	0	0
12	9	79	20	1.56062
13	5	15	0	0
14	9	47	8	1.05214
Instant	67
1	593	29	1	0
2	28	15	0	0
3	31	75	13	5.5726
4	326	15	0	0
11	25	19	0	0
12	12	73	27	1.32377
13	5	15	0	0
14	11	48	8	0.706046
Instant	68
1	592	27	1	0
2	38	14	0	0
3	49	70	22	3.89364
4	323	15	0	0
11	26	19	1	0
12	0	0	0	0
13	5	15	0	0
14	11	49	9	0.774025
Instant	69
1	592	27	1	0.297619
2	33	16	0	0
3	42	64	25	7.31949
4	335	15	0	0
11	25	18	0	0
12	14	60	27	3.36134
13	5	15	0	0
14	11	49	8	0.60562
Instant	70
1	619	25	1	0
2	26	16	0	0
3	41	68	17	5.38348
4	339	15	0	0
11	27	18	0	0
12	10	81	24	1.65472
13	5	15	0	0
14	11	49	7	0.737548
Instant	71
1	575	27	2	0.613497
2	25	16	0	0
3	42	70	19	6.21998
4	326	15	0	0
11	24	19	1	0
12	3	63	34	1.86074
13	5	15	0	0
14	11	50	7	0.814462
Instant	72
1	612	26	1	0
2	30	16	0	0
3	40	67	16	6.54397
4	336	15	0	0
11	27	19	0	0
12	0	0	0	0
13	5	15	0	0
14	11	54	10	0.705723
Instant	73
1	580	29	2	0
2	31	17	0	0
3	48	68	15	4.64836
4	323	15	0	0
11	25	19	1	0
12	0	0	0	0
13	5	15	0	0
14	11	49	8	0.778112
Instant	74
1	578	28	1	0.3
2	25	17	0	0
3	34	66	17	6.68663
4	332	15	0	0
11	25	19	1	0
12	0	0	0	0
13	5	15	0	0
14	11	49	8	0.868462
Instant	75
1	568	28	1	0.309917
2	31	16	0	0
3	32	67	22	4.60042
4	325	15	0	0
11	24	20	1	0
12	0	0	0	0
13	5	15	0	0
14	11	47	8	0.732656
Instant	76
1	620	26	1	0
2	27	15	0	0
3	50	70	18	6.79104
4	318	15	0	0
11	26	19	1	0
12	0	0	0	0
13	5	15	0	0
14	10	49	9	0.900488
Instant	77
1	632	26	1	0
2	29	17	0	0
3	54	72	27	4.09564
4	347	15	0	0
11	27	19	0	0
12	0	0	0	0
13	5	15	0	0
14	11	50	7	0.853863
Instant	78
1	598	28	2	0
2	28	15	0	0
3	40	69	15	5.03635
4	323	15	0	0
11	25	18	1	0
12	0	0	0	0
13	5	15	0	0
14	10	49	9	0.903614
Instant	79
1	558	30	2	0
2	28	16	0	0
3	42	64	23	6.06509
4	330	15	0	0
11	25	19	1	0
12	0	0	0	0
13	5	15	0	0
14	10	49	7	0.882353
Instant	80
1	599	28	1	0
2	18	16	0	0
3	59	72	12	4.8103
4	352	15	0	0
11	25	19	0	0
12	0	0	0	0
13	6	15	0	0
14	12	51	9	0.768519
Instant	81
1	634	25	1	0
2	20	15	0	0
3	54	74	15	5.53161
4	326	15	0	0
11	27	18	0	0
12	0	0	0	0
13	5	15	0	0
14	11	48	8	0.646722
Instant	82
1	620	26	1	0
2	26	15	0	0
3	47	71	15	6.18979
4	345	15	0	0
11	26	19	0	0
12	0	0	0	0
13	5	15	0	0
14	11	47	8	0.801282
Instant	83
1	592	28	2	0
2	18	16	0	0
3	33	71	18	4.59082
4	344	15	0	0
11	26	18	0	0
12	0	0	0	0
13	5	15	0	0
14	11	48	8	0.7023
Instant	84
1	575	29	2	0
2	19	16	0	0
3	38	81	21	6.93613
4	347	15	0	0
11	25	19	1	0
12	0	0	0	0
13	5	15	0	0
14	12	47	7	0.787402
Instant	85
1	614	27	1	0.0490196
2	23	16	0	0
3	38	63	22	6.05606
4	320	15	0	0
11	26	19	1	0
12	0	0	0	0
13	5	15	0	0
14	11	47	8	0.837369
Instant	86
1	606	28	2	0
2	25	16	0	0
3	63	68	16	3.55494
4	329	15	0	0
11	26	18	0	0
12	0	0	0	0
13	5	15	0	0
14	11	49	9	0.739645
Instant	87
1	599	27	1	0
2	23	14	0	0
3	30	70	17	6.6565
4	328	15	0	0
11	26	19	1	0
12	11	66	27	32.533
13	5	15	0	0
14	11	47	8	0.918246
Instant	88
1	598	27	1	0
2	17	16	0	0
3	27	67	11	4.69409
4	336	15	0	0
11	26	19	1	0
12	1	89	0	1.98566
13	4	15	0	0
14	11	50	8	0.777327
Instant	89
1	593	28	1	0
2	18	17	0	0
3	40	68	17	4.5078
4	332	16	0	0
11	26	19	1	0
12	0	0	0	0
13	5	15	0	0
14	11	48	8	0.845057
Instant	90
1	606	27	1	0
2	23	16	0	0
3	44	71	15	5.96285
4	322	15	0	0
11	25	19	1	0
12	0	0	0	0
13	5	15	0	0
14	11	51	8	0.763052
Instant	91
1	617	28	2	0
2	12	16	0	0
3	51	68	13	7.0868
4	349	15	0	0
11	26	18	0	0
12	0	0	0	0
13	5	15	0	0
14	12	48	7	0.637091
Instant	92
1	474	26	2	1.2761
2	27	17	0	0
3	37	66	18	6.69154
4	342	15	0	0
11	22	19	0	0
12	0	0	0	0
13	5	15	0	0
14	11	50	8	0.789822
Instant	93
1	591	28	2	0
2	31	15	0	0
3	52	68	22	4.0692
4	344	15	0	0
11	24	20	1	0
12	0	0	0	0
13	5	15	0	0
14	11	52	9	0.68972
Instant	94
1	599	27	1	0.0486381
2	20	15	0	0
3	25	72	17	4.78056
4	341	15	0	0
11	26	19	1	0
12	7	86	20	11.1969
13	4	15	0	0
14	11	48	7	0.909091
Instant	95
1	599	27	2	0.143678
2	29	16	0	0
3	47	70	15	7.24952
4	338	15	0	0
11	26	20	1	0
12	15	73	23	1.02041
13	5	15	0	0
14	11	50	8	0.803503
Instant	96
1	590	28	1	0
2	29	14	0	0
3	34	67	19	5.68068
4	361	15	0	0
11	25	19	0	0
12	2	75	35	2.28091
13	5	15	0	0
14	12	47	8	0.613276
Instant	97
1	592	28	1	0
2	23	15	0	0
3	46	75	19	6.52174
4	352	15	0	0
11	25	19	1	0
12	3	65	35	1.64261
13	5	15	0	0
14	11	46	8	0.747158
Instant	98
1	605	26	1	0
2	25	15	0	0
3	32	78	15	6.14712
4	334	15	0	0
11	26	20	1	0
12	8	67	23	1.7407
13	5	15	0	0
14	11	47	8	0.941017
Instant	99
1	600	27	1	0
2	17	16	0	0
3	42	64	22	4.30108
4	325	15	0	0
11	26	20	1	0
12	0	0	0	0
13	5	15	0	0
14	11	50	9	0.832336
Instant	100
1	596	27	1	0
2	26	17	0	0
3	42	73	21	6.36676
4	353	15	0	0
11	25	20	1	0
12	0	0	0	0
13	5	15	0	0
14	12	49	9	0.725836
Instant	101
1	592	27	1	0
2	32	16	0	0
3	38	70	15	6.5047
4	343	15	0	0
11	26	19	0	0
12	0	0	0	0
13	5	15	0	0
14	11	49	8	0.85034
Instant	102
1	577	27	2	0.308642
2	35	15	0	0
3	51	68	21	6.15135
4	327	15	0	0
11	25	19	1	0
12	0	0	0	0
13	5	15	0	0
14	11	47	8	0.78373
Instant	103
1	578	28	2	0
2	34	14	0	0
3	49	63	21	5.53161
4	332	15	0	0
11	25	19	1	0
12	1	99	59	9.76282
13	5	15	0	0
14	11	49	8	0.637656
Instant	104
1	561	30	2	0.309917
2	22	15	0	0
3	41	63	19	4.72904
4	346	15	0	0
11	24	18	0	0
12	2	86	10	1.68067
13	5	15	0	0
14	11	49	7	0.821134
Instant	105
1	585	29	1	0
2	19	16	0	0
3	36	70	14	4.38343
4	334	15	0	0
11	25	19	0	0
12	6	95	12	1.86074
13	5	15	0	0
14	11	49	8	0.919977
Instant	106
1	592	28	2	0
2	30	16	0	0
3	37	66	17	4.33333
4	328	15	0	0
11	25	19	0	0
12	0	0	0	0
13	5	15	0	0
14	11	49	9	0.702634
Instant	107
1	581	28	2	0.0492126
2	23	14	0	0
3	51	77	20	5.90278
4	324	15	0	0
11	26	19	1	0
12	0	0	0	0
13	5	15	0	0
14	11	48	8	0.814349
Instant	108
1	592	27	1	0
2	33	15	0	0
3	35	63	15	7.78867
4	311	15	0	0
11	25	19	1	0
12	2	95	11	6.06242
13	4	15	0	0
14	10	52	8	0.821889
Instant	109
1	627	26	1	0
2	21	15	0	0
3	39	67	18	6.1828
4	338	15	0	0
11	27	19	1	0
12	10	61	31	1.45773
13	5	15	0	0
14	11	50	8	0.810318
Instant	110
1	569	30	2	0
2	25	16	0	0
3	42	73	17	3.83085
4	316	15	0	0
11	25	19	1	0
12	15	65	24	1.84949
13	5	15	0	0
14	11	50	9	0.836412
Instant	111
1	585	27	1	0.30426
2	33	15	0	0
3	44	59	24	6.77083
4	334	15	0	0
11	25	19	1	0
12	5	80	44	1.62065
13	5	15	0	0
14	11	47	8	0.706543
Instant	112
1	591	29	2	0
2	34	16	0	0
3	38	70	21	6.99802
4	343	15	0	0
11	26	18	0	0
12	9	69	15	1.59956
13	5	15	0	0
14	11	46	7	0.811627
Instant	113
1	606	27	1	0
2	34	16	0	0
3	29	70	19	4.37371
4	332	15	0	0
11	26	19	1	0
12	7	60	30	1.86074
13	4	15	0	0
14	11	48	8	0.840132
Instant	114
1	611	27	2	0
2	27	16	0	0
3	32	73	14	8.82812
4	362	15	0	0
11	26	19	0	0
12	1	90	0	1.86074
13	5	15	0	0
14	13	53	8	0.652019
Instant	115
1	592	27	1	0
2	35	17	0	0
3	61	67	18	3.80037
4	335	15	0	0
11	25	19	1	0
12	11	78	22	1.43409
13	5	15	0	0
14	11	50	8	0.853706
Instant	116
1	575	30	2	0
2	28	16	0	0
3	43	71	16	5.69231
4	328	15	0	0
11	25	19	0	0
12	11	73	17	1.62065
13	5	15	0	0
14	11	49	9	0.851043
Instant	117
1	589	27	1	0
2	34	16	0	0
3	34	76	11	5.09119
4	332	15	0	0
11	25	19	1	0.298805
12	0	0	0	0
13	5	15	0	0
14	11	47	8	0.815748
Instant	118
1	578	28	1	0
2	11	15	0	0
3	47	71	22	5.15385
4	331	15	0	0
11	25	20	1	0
12	0	0	0	0
13	5	15	0	0
14	11	48	8	0.814793
Instant	119
1	591	28	2	0
2	24	15	0	0
3	49	71	19	4.51779
4	335	15	0	0
11	25	19	1	0
12	0	0	0	0
13	5	15	0	0
14	11	49	8	0.748358
