	T	D	J	LP
Instant	0
1	0	0	0	0
2	0	0	0	0
3	0	0	0	0
4	0	0	0	0
11	0	0	0	0
12	0	0	0	0
13	0	0	0	0
14	0	0	0	0
Instant	1
1	294	26	2	0
2	19	16	0	0
3	32	51	17	1.52284
4	80	15	0	0
11	12	18	0	0
12	26	66	10	6.92103
13	1	15	0	0
14	2	51	13	0.480769
Instant	2
1	1299	29	3	0.205667
2	24	15	0	0
3	26	69	19	5.26024
4	578	17	0	0
11	56	20	0	0
12	0	0	0	0
13	4	15	0	0
14	18	49	6	0.907144
Instant	3
1	1298	29	3	0
2	16	17	0	0
3	36	68	20	6.7086
4	582	17	0	0
11	59	19	0	0
12	0	0	0	0
13	4	15	0	0
14	18	50	7	1.19886
Instant	4
1	1308	29	3	0.50505
2	29	15	0	0
3	25	72	18	6.77083
4	509	16	0	0
11	56	18	0	0
12	0	0	0	0
13	4	15	0	0
14	16	50	7	1.01618
Instant	5
1	1297	28	2	0.0679348
2	25	15	0	0
3	27	68	20	5.06536
4	431	16	0	0
11	57	18	0	0
12	0	0	0	0
13	4	15	0	0
14	13	47	5	1.16787
Instant	6
1	1381	28	3	0.0211327
2	27	15	0	0
3	35	58	23	5.96847
4	404	16	0	0
11	61	19	0	0
12	0	0	0	0
13	4	15	0	0
14	13	48	7	1.00547
Instant	7
1	1366	26	2	0
2	24	16	0	0
3	25	77	18	6.35048
4	348	15	0	0
11	59	19	0	0
12	0	0	0	0
13	4	15	0	0
14	11	52	8	0.970511
Instant	8
1	1427	28	2	0.0200803
2	14	15	0	0
3	19	78	22	7.10784
4	325	15	0	0
11	64	18	0	0
12	0	0	0	0
13	4	15	0	0
14	10	48	7	1.03668
Instant	9
1	1364	28	2	0
2	36	16	0	0
3	33	71	14	5.50895
4	330	15	0	0
11	60	20	0	0
12	0	0	0	0
13	4	15	0	0
14	11	49	9	0.660211
Instant	10
1	1213	30	2	0.0251004
2	37	17	0	0
3	31	71	16	7.32804
4	334	15	0	0
11	51	18	0	0
12	0	0	0	0
13	4	15	0	0
14	11	49	8	1.01142
Instant	11
1	1017	28	3	0.0278087
2	19	17	0	0
3	34	69	22	4.16667
4	333	15	0	0
11	47	20	0	0
12	0	0	0	0
13	4	15	0	0
14	11	50	8	0.7846
Instant	12
1	895	28	2	0.267738
2	23	15	0	0
3	25	64	18	7.1047
4	318	15	0	0
11	38	19	0	0
12	0	0	0	0
13	5	15	0	0
14	10	48	8	1.07346
Instant	13
1	932	27	2	0
2	35	15	0	0
3	24	70	12	6.68239
4	312	15	0	0
11	40	19	0	0
12	0	0	0	0
13	5	15	0	0
14	9	51	8	1.07276
Instant	14
1	870	27	2	0
2	20	15	0	0
3	25	74	16	3.38624
4	305	15	0	0
11	39	19	0	0
12	0	0	0	0
13	4	15	0	0
14	10	51	8	0.923567
Instant	15
1	876	27	2	0
2	16	16	0	0
3	28	75	15	7.84314
4	318	15	0	0
11	37	18	0	0
12	0	0	0	0
13	4	15	0	0
14	10	52	9	0.813008
Instant	16
1	750	28	3	0
2	26	15	0	0
3	26	73	19	6.73981
4	316	15	0	0
11	32	20	1	0
12	0	0	0	0
13	4	15	0	0
14	10	48	7	1.01601
Instant	17
1	701	28	2	0
2	20	15	0	0
3	28	64	23	7.30212
4	298	15	0	0
11	31	18	0	0
12	0	0	0	0
13	4	15	0	0
14	9	50	8	1.06209
Instant	18
1	669	28	2	0.130662
2	30	15	0	0
3	28	72	24	5.83596
4	302	15	0	0
11	29	19	0	0
12	0	0	0	0
13	5	15	0	0
14	10	52	9	0.775567
Instant	19
1	685	27	2	0.29661
2	27	17	0	0
3	23	71	18	8.47315
4	316	15	0	0
11	30	19	1	0
12	0	0	0	0
13	4	15	0	0
14	10	50	8	0.983725
Instant	20
1	660	30	2	0
2	21	15	0	0
3	28	76	19	5.11423
4	307	15	0	0
11	29	19	0	0
12	0	0	0	0
13	4	15	0	0
14	9	47	8	1.09316
Instant	21
1	689	29	2	0
2	34	17	0	0
3	31	77	16	7.99794
4	299	15	0	0
11	30	18	0	0
12	0	0	0	0
13	5	15	0	0
14	9	52	8	1.01876
Instant	22
1	714	29	2	0
2	32	15	0	0
3	28	67	17	5.64346
4	317	15	0	0
11	30	19	1	0
12	0	0	0	0
13	4	15	0	0
14	10	50	9	0.890663
Instant	23
1	823	27	3	0
2	32	15	0	0
3	34	70	21	4.27215
4	314	15	0	0
11	35	20	0	0
12	0	0	0	0
13	5	15	0	0
14	10	52	9	0.910494
Instant	24
1	816	27	2	0.388967
2	39	16	0	0
3	30	65	17	9.34829
4	312	15	0	0
11	36	19	0	0
12	0	0	0	0
13	4	15	0	0
14	10	50	8	0.834376
Instant	25
1	700	30	3	0
2	28	15	0	0
3	25	77	13	6.00962
4	324	15	0	0
11	30	19	1	0
12	0	0	0	0
13	4	15	0	0
14	10	42	8	0.869305
Instant	26
1	700	29	1	0.0415282
2	29	16	0	0
3	20	78	17	4.83333
4	318	15	0	0
11	30	18	0	0
12	0	0	0	0
13	5	15	0	0
14	10	53	9	0.780294
Instant	27
1	735	28	3	0
2	26	16	0	0
3	30	66	22	5.7672
4	319	15	0	0
11	32	19	1	0
12	0	0	0	0
13	4	15	0	0
14	10	50	8	0.902271
Instant	28
1	741	27	2	0.542636
2	26	17	0	0
3	38	71	21	5.56452
4	320	15	0	0
11	33	18	0	0
12	0	0	0	0
13	4	15	0	0
14	10	52	7	0.814996
Instant	29
1	717	28	2	0
2	27	16	0	0
3	27	80	17	7.9816
4	303	15	0	0
11	31	19	0	0
12	0	0	0	0
13	5	15	0	0
14	9	50	8	1.07768
Instant	30
1	701	27	2	0
2	18	15	0	0
3	29	77	13	6.65602
4	321	15	0	0
11	31	20	1	0
12	0	0	0	0
13	5	15	0	0
14	11	49	8	0.811165
Instant	31
1	699	28	1	0
2	26	16	0	0
3	30	74	17	7.37705
4	313	15	0	0
11	30	19	0	0
12	0	0	0	0
13	4	15	0	0
14	10	51	8	0.824005
Instant	32
1	660	29	2	0
2	16	17	0	0
3	29	67	23	6.03825
4	325	15	0	0
11	29	19	0	0
12	0	0	0	0
13	4	15	0	0
14	11	51	8	0.765712
Instant	33
1	765	27	2	0.447761
2	24	16	0	0
3	33	70	15	5.89034
4	321	15	0	0
11	34	18	0	0
12	0	0	0	0
13	4	15	0	0
14	10	49	8	0.963098
Instant	34
1	720	29	2	0
2	16	17	0	0
3	30	70	21	5.5371
4	292	15	0	0
11	31	19	1	0
12	0	0	0	0
13	4	15	0	0
14	9	51	9	0.913015
Instant	35
1	767	26	1	0.344037
2	28	16	0	0
3	30	77	19	5.80308
4	306	15	0	0
11	33	18	0	0
12	0	0	0	0
13	4	15	0	0
14	9	46	10	0.934727
Instant	36
1	730	27	1	0
2	17	16	0	0
3	23	70	20	6.93096
4	290	15	0	0
11	32	18	0	0
12	0	0	0	0
13	4	15	0	0
14	9	47	8	1.18491
Instant	37
1	714	27	2	0
2	22	17	0	0
3	33	72	22	5.68783
4	314	15	0	0
11	31	19	1	0
12	0	0	0	0
13	5	15	0	0
14	10	50	9	0.827168
Instant	38
1	666	29	2	0.133929
2	32	15	1	0
3	34	64	22	4.4709
4	319	15	0	0
11	28	19	1	0
12	0	0	0	0
13	5	15	0	0
14	11	49	8	0.805961
Instant	39
1	630	30	2	0.587703
2	37	16	0	0
3	31	78	11	8.41346
4	329	15	0	0
11	28	18	0	0
12	0	0	0	0
13	4	15	0	0
14	10	45	7	0.894261
Instant	40
1	641	28	1	0
2	25	16	0	0
3	26	66	16	4.71491
4	295	15	0	0
11	27	19	1	0
12	0	0	0	0
13	4	15	0	0
14	9	50	8	1.1279
Instant	41
1	650	28	2	0
2	27	15	0	0
3	24	73	18	7.08599
4	306	15	0	0
11	28	19	0	0
12	0	0	0	0
13	4	15	0	0
14	10	53	8	0.871599
Instant	42
1	650	27	2	0
2	16	15	0	0
3	30	65	17	6.0582
4	299	15	0	0
11	28	19	0	0
12	0	0	0	0
13	5	15	0	0
14	9	50	9	0.886295
Instant	43
1	573	29	1	0
2	27	15	0	0
3	26	74	20	8.03571
4	292	15	0	0
11	25	21	1	0
12	0	0	0	0
13	4	15	0	0
14	8	48	8	1.07634
Instant	44
1	592	29	1	0
2	27	15	0	0
3	33	72	19	5.50214
4	323	15	0	0
11	25	18	0	0
12	0	0	0	0
13	5	15	0	0
14	10	50	7	0.948795
Instant	45
1	571	30	2	0
2	35	16	0	0
3	29	66	18	5.70175
4	307	15	0	0
11	25	19	0	0
12	0	0	0	0
13	5	15	0	0
14	9	53	8	0.966413
Instant	46
1	606	27	1	0
2	28	15	0	0
3	32	71	19	6.07966
4	311	15	0	0
11	26	19	0	0
12	0	0	0	0
13	5	15	0	0
14	9	47	8	1.01562
Instant	47
1	606	27	1	0
2	28	15	0	0
3	25	71	22	7.08469
4	310	15	0	0
11	26	19	1	0
12	0	0	0	0
13	4	15	0	0
14	10	48	8	0.933459
Instant	48
1	584	30	1	0
2	23	15	0	0
3	37	61	28	4.62963
4	328	15	0	0
11	25	18	0	0
12	0	0	0	0
13	5	15	0	0
14	11	46	8	0.829384
Instant	49
1	574	28	2	0
2	18	17	0	0
3	33	70	15	6.9857
4	306	15	0	0
11	25	19	1	0
12	0	0	0	0
13	4	15	0	0
14	9	49	9	0.940008
Instant	50
1	617	27	1	0
2	32	14	0	0
3	30	71	16	4.07466
4	299	15	0	0
11	26	19	0	0
12	0	0	0	0
13	5	15	0	0
14	10	52	9	0.86039
Instant	51
1	613	26	1	0
2	16	16	0	0
3	19	75	21	6.81818
4	299	15	0	0
11	26	18	0	0
12	0	0	0	0
13	4	15	0	0
14	9	50	9	0.859274
Instant	52
1	595	29	2	0.0492126
2	21	16	0	0
3	28	68	25	9.54392
4	312	15	0	0
11	26	19	1	0
12	0	0	0	0
13	4	15	0	0
14	10	51	9	0.833333
Instant	53
1	592	28	1	0
2	33	16	0	0
3	23	75	23	5.71581
4	323	15	0	0
11	26	18	1	0
12	0	0	0	0
13	4	15	0	0
14	11	46	9	0.867429
Instant	54
1	606	28	1	0
2	27	15	0	0
3	26	75	16	5.90615
4	303	15	0	0
11	25	19	1	0
12	0	0	0	0
13	4	15	0	0
14	9	53	7	0.806624
Instant	55
1	592	28	1	0
2	19	16	0	0
3	27	71	20	4.13961
4	286	15	0	0
11	26	18	0	0
12	0	0	0	0
13	4	15	0	0
14	8	55	9	1.07983
Instant	56
1	550	29	1	0.609756
2	16	16	0	0
3	31	70	17	8.5197
4	298	15	0	0
11	24	18	0	0
12	0	0	0	0
13	4	15	0	0
14	9	49	9	0.991547
Instant	57
1	555	28	2	0.32538
2	20	16	0	0
3	27	71	21	5.42201
4	318	15	0	0
11	23	19	0	0
12	0	0	0	0
13	4	15	0	0
14	10	47	8	1.01351
Instant	58
1	575	27	2	0
2	26	16	0	0
3	28	71	18	5.18764
4	295	15	0	0
11	25	18	0	0
12	0	0	0	0
13	4	15	0	0
14	9	52	10	0.897941
Instant	59
1	596	28	2	0.298805
2	26	16	0	0
3	22	67	18	4.15318
4	305	15	0	0
11	25	19	0	0
12	0	0	0	0
13	4	15	0	0
14	9	51	8	1.03635
Instant	60
1	599	26	1	0
2	29	17	0	0
3	34	64	17	8.59294
4	321	15	0	0
11	26	21	1	0
12	0	0	0	0
13	4	15	0	0
14	11	51	8	0.780935
Instant	61
1	578	27	1	0.290698
2	21	16	0	0
3	25	71	20	5.17719
4	310	15	0	0
11	26	18	0	0
12	0	0	0	0
13	4	15	0	0
14	10	50	10	0.901042
Instant	62
1	567	31	2	0.0523013
2	25	16	0	0
3	26	74	16	10.0218
4	357	15	0	0
11	24	18	1	0
12	0	0	0	0
13	4	15	0	0
14	12	49	8	0.849691
Instant	63
1	567	27	1	0.606061
2	29	16	0	0
3	25	75	15	5.3262
4	338	15	0	0
11	25	19	0	0
12	0	0	0	0
13	5	15	0	0
14	11	50	9	0.77196
Instant	64
1	567	28	1	0.412371
2	18	17	0	0
3	20	67	19	8.01833
4	316	15	0	0
11	24	19	0	0
12	0	0	0	0
13	4	15	0	0
14	10	52	8	0.793407
Instant	65
1	605	27	2	0.0484496
2	34	16	0	0
3	30	71	16	6.88525
4	322	15	0	0
11	26	19	0	0
12	0	0	0	0
13	4	15	0	0
14	10	48	8	0.778112
Instant	66
1	585	28	2	0
2	32	16	0	0
3	27	69	21	7.18202
4	311	15	0	0
11	25	19	1	0
12	0	0	0	0
13	4	15	0	0
14	10	50	10	0.973958
Instant	67
1	596	27	2	0.288462
2	18	15	0	0
3	23	64	21	5.13039
4	322	15	0	0
11	26	18	0	0
12	0	0	0	0
13	4	15	0	0
14	11	49	10	0.792218
Instant	68
1	570	28	2	0
2	21	15	0	0
3	27	73	22	6.20805
4	321	15	0	0
11	24	19	0	0
12	0	0	0	0
13	4	15	0	0
14	10	49	8	0.927046
Instant	69
1	639	25	1	0.28463
2	26	15	0	0
3	32	68	14	5.07246
4	319	15	0	0
11	27	19	1	0
12	0	0	0	0
13	4	15	0	0
14	10	48	9	0.940041
Instant	70
1	620	25	1	0
2	20	17	0	0
3	26	71	14	8.44262
4	338	15	0	0
11	27	19	1	0
12	0	0	0	0
13	4	15	0	0
14	11	48	8	0.833333
Instant	71
1	596	28	1	0.0496032
2	31	15	0	0
3	28	65	19	6.99554
4	326	15	0	0
11	25	18	0	0
12	0	0	0	0
13	4	15	0	0
14	10	49	8	0.898888
Instant	72
1	600	27	1	0
2	25	16	0	0
3	27	75	17	5.39374
4	331	15	0	0
11	26	19	1	0
12	0	0	0	0
13	4	15	0	0
14	10	48	8	0.934077
Instant	73
1	575	29	2	0
2	25	15	0	0
3	29	70	19	4.57516
4	335	15	0	0
11	24	20	1	0
12	0	0	0	0
13	4	15	0	0
14	11	49	10	0.937742
Instant	74
1	596	28	2	0
2	27	17	0	0
3	15	74	15	5.9247
4	328	15	0	0
11	26	19	1	0
12	0	0	0	0
13	4	15	0	0
14	10	50	9	0.969913
Instant	75
1	605	26	1	0
2	18	15	0	0
3	27	67	20	8.57684
4	305	15	0	0
11	26	20	1	0
12	0	0	0	0
13	4	15	0	0
14	10	50	8	0.938819
Instant	76
1	614	26	1	0
2	34	16	0	0
3	32	67	20	4.89247
4	302	15	0	0
11	27	19	0	0
12	0	0	0	0
13	4	15	0	0
14	9	55	9	1.03763
Instant	77
1	592	28	2	0
2	37	17	0	0
3	27	65	17	8.06277
4	301	15	0	0
11	26	19	1	0
12	0	0	0	0
13	4	15	0	0
14	9	50	10	0.933076
Instant	78
1	599	27	1	0
2	35	16	0	0
3	28	72	21	8.60043
4	306	15	0	0
11	25	19	1	0
12	0	0	0	0
13	5	15	0	0
14	10	51	8	0.867174
Instant	79
1	555	29	2	0.373932
2	33	16	0	0
3	17	74	20	3.01535
4	298	15	0	0
11	23	19	1	0
12	0	0	0	0
13	4	15	0	0
14	9	51	8	0.926528
Instant	80
1	598	25	1	0
2	33	16	0	0
3	25	71	19	8.46731
4	290	15	0	0
11	26	20	1	0
12	0	0	0	0
13	4	15	0	0
14	9	50	9	0.959831
Instant	81
1	598	28	1	0.295276
2	36	17	0	0
3	29	63	22	6.44444
4	301	15	0	0
11	25	18	1	0
12	0	0	0	0
13	4	15	0	0
14	9	50	9	0.986417
Instant	82
1	592	28	2	0.199203
2	30	15	1	0
3	21	72	18	7.28823
4	302	15	0	0
11	25	19	0	0
12	0	0	0	0
13	4	15	0	0
14	9	49	8	0.990788
Instant	83
1	613	26	1	0
2	28	15	0	0
3	36	72	17	6.7086
4	307	15	0	0
11	27	19	1	0
12	0	0	0	0
13	5	15	0	0
14	10	51	8	0.812236
Instant	84
1	613	27	2	0
2	31	16	0	0
3	31	70	18	6.06996
4	316	15	0	0
11	27	19	0	0
12	0	0	0	0
13	5	15	0	0
14	9	46	9	1.07114
Instant	85
1	576	29	1	0.0514403
2	30	16	0	0
3	25	76	16	5.7508
4	300	15	0	0
11	25	19	0	0
12	0	0	0	0
13	4	15	0	0
14	10	52	8	0.888243
Instant	86
1	592	28	2	0
2	25	15	1	0
3	36	70	17	4.49134
4	296	15	0	0
11	26	19	1	0
12	0	0	0	0
13	5	15	0	0
14	9	52	9	0.998037
Instant	87
1	608	26	2	0.0480769
2	30	16	0	0
3	35	69	21	7.66254
4	308	15	0	0
11	26	20	1	0
12	0	0	0	0
13	5	15	0	0
14	10	47	9	0.916039
Instant	88
1	612	28	2	0
2	18	16	0	0
3	25	77	14	5.86518
4	319	15	0	0
11	26	18	0	0
12	0	0	0	0
13	4	15	0	0
14	10	49	9	0.896496
Instant	89
1	632	26	1	0
2	32	15	0	0
3	31	70	19	2.98387
4	303	15	0	0
11	27	19	0	0
12	0	0	0	0
13	4	15	0	0
14	9	52	8	1.0763
Instant	90
1	605	26	1	0
2	15	17	0	0
3	27	75	20	9.47817
4	310	15	0	0
11	26	20	1	0
12	0	0	0	0
13	4	15	0	0
14	10	50	7	0.805103
Instant	91
1	596	28	2	0
2	23	16	0	0
3	18	79	12	4.73118
4	300	15	0	0
11	25	19	1	0
12	0	0	0	0
13	4	15	0	0
14	9	47	7	1.1712
Instant	92
1	600	26	1	0
2	32	16	0	0
3	33	68	19	5.2935
4	320	15	0	0
11	26	20	1	0
12	0	0	0	0
13	5	15	0	0
14	10	48	9	0.857694
Instant	93
1	613	28	2	0
2	31	16	0	0
3	27	64	18	8.0914
4	307	15	0	0
11	25	18	0	0
12	0	0	0	0
13	4	15	0	0
14	10	51	9	0.887199
Instant	94
1	602	26	1	0
2	34	17	0	0
3	28	65	20	8.25137
4	293	15	0	0
11	26	19	1	0
12	0	0	0	0
13	4	15	0	0
14	9	50	9	0.90388
Instant	95
1	586	28	2	0
2	36	15	0	0
3	22	75	14	6.54952
4	291	15	0	0
11	26	20	1	0
12	0	0	0	0
13	5	15	0	0
14	9	49	8	0.915446
Instant	96
1	590	27	2	0
2	19	16	0	0
3	26	78	27	7.1885
4	309	15	0	0
11	26	20	1	0
12	0	0	0	0
13	4	15	0	0
14	10	54	7	0.851198
Instant	97
1	599	28	2	0
2	31	15	0	0
3	27	75	18	4.55298
4	290	15	0	0
11	25	18	0	0
12	0	0	0	0
13	4	15	0	0
14	9	51	10	0.923454
Instant	98
1	594	28	2	0
2	35	16	0	0
3	33	72	17	6.59609
4	297	15	0	0
11	25	19	1	0
12	0	0	0	0
13	4	15	0	0
14	9	48	9	1.01292
Instant	99
1	578	28	1	0
2	33	15	0	0
3	27	67	23	4.52778
4	306	15	0	0
11	26	19	1	0
12	0	0	0	0
13	4	15	0	0
14	10	52	9	0.929447
Instant	100
1	599	28	1	0
2	40	15	0	0
3	26	64	24	7.03704
4	307	15	0	0
11	25	18	1	0
12	0	0	0	0
13	4	15	0	0
14	9	49	8	1.02978
Instant	101
1	606	28	2	0
2	20	16	0	0
3	26	79	15	7.83828
4	306	15	0	0
11	25	18	0	0
12	0	0	0	0
13	4	15	0	0
14	10	48	8	0.924758
Instant	102
1	599	28	1	0
2	28	16	0	0
3	24	71	18	6.72378
4	315	15	0	0
11	26	18	0	0
12	0	0	0	0
13	4	15	0	0
14	10	46	9	0.891018
Instant	103
1	598	27	1	0.0478927
2	34	16	0	0
3	25	75	14	6.72757
4	298	15	0	0
11	26	19	1	0
12	0	0	0	0
13	4	15	0	0
14	9	51	8	0.884332
Instant	104
1	620	27	1	0
2	20	15	0	0
3	27	70	19	6.6829
4	299	15	0	0
11	26	19	1	0
12	0	0	0	0
13	4	15	0	0
14	10	51	10	0.957792
Instant	105
1	590	28	2	0.0484496
2	24	16	0	0
3	22	67	21	7.3955
4	296	15	0	0
11	26	18	1	0
12	0	0	0	0
13	4	15	0	0
14	9	53	9	1.01693
Instant	106
1	604	28	1	0
2	13	15	0	0
3	24	74	14	6.36315
4	306	15	0	0
11	25	19	1	0
12	0	0	0	0
13	4	15	0	0
14	9	49	8	0.900042
Instant	107
1	599	27	1	0
2	37	15	0	0
3	25	75	16	5.87918
4	283	15	0	0
11	26	19	1	0
12	0	0	0	0
13	5	15	0	0
14	8	51	10	1.09739
Instant	108
1	578	28	1	0
2	31	15	0	0
3	32	59	24	6.67211
4	305	15	0	0
11	26	19	1	0
12	0	0	0	0
13	4	15	0	0
14	10	48	9	0.842875
Instant	109
1	538	30	3	0.376344
2	21	16	0	0
3	12	76	16	6.49718
4	316	15	0	0
11	23	20	1	0
12	0	0	0	0
13	4	15	0	0
14	10	53	8	0.796342
Instant	110
1	558	29	1	0.31185
2	30	17	0	0
3	36	68	19	5.9562
4	283	15	0	0
11	24	18	0	0
12	0	0	0	0
13	4	15	0	0
14	9	47	8	1.02608
Instant	111
1	599	28	2	0
2	20	16	0	0
3	23	73	22	8.27833
4	318	15	0	0
11	26	19	0	0
12	0	0	0	0
13	4	15	0	0
14	10	49	8	0.798526
Instant	112
1	603	29	2	0
2	16	16	0	0
3	27	70	17	5.43249
4	298	15	0	0
11	25	19	1	0
12	0	0	0	0
13	5	15	0	0
14	9	49	8	1.01059
Instant	113
1	578	29	1	0
2	15	15	0	0
3	22	70	25	5.01089
4	314	15	0	0
11	25	19	0	0
12	0	0	0	0
13	4	15	0	0
14	10	48	9	1.00041
Instant	114
1	606	28	1	0
2	22	16	0	0
3	27	68	18	8.76623
4	291	15	0	0
11	25	19	1	0
12	0	0	0	0
13	5	15	0	0
14	9	50	9	0.961111
Instant	115
1	580	28	2	0.0492126
2	5	15	0	0
3	21	75	19	5.72581
4	293	15	0	0
11	25	19	0	0
12	0	0	0	0
13	4	15	0	0
14	9	51	8	1.03892
Instant	116
1	614	27	2	0
2	25	17	0	0
3	24	70	17	6.27119
4	305	15	0	0
11	26	19	1	0
12	0	0	0	0
13	4	15	0	0
14	10	51	8	0.766709
Instant	117
1	578	29	2	0
2	22	16	0	0
3	31	69	16	7.7325
4	289	15	0	0
11	25	19	0	0
12	0	0	0	0
13	5	15	0	0
14	8	48	9	1.08232
Instant	118
1	579	30	2	0
2	30	17	0	0
3	22	70	18	4.84048
4	290	15	0	0
11	25	19	1	0
12	0	0	0	0
13	4	15	0	0
14	9	49	9	1.0918
Instant	119
1	561	28	2	0.366876
2	18	16	0	0
3	35	70	17	4.51274
4	304	15	0	0
11	24	21	1	0
12	0	0	0	0
13	4	15	0	0
14	9	48	8	0.996377
