	T	D	J	LP
Instant	0
1	0	0	0	0
2	0	0	0	0
3	0	0	0	0
4	0	0	0	0
11	0	0	0	0
12	0	0	0	0
13	0	0	0	0
14	0	0	0	0
Instant	1
1	294	26	2	0
2	13	16	0	0
3	25	50	17	1.51961
4	113	16	0	0
11	12	18	0	0
12	33	67	6	5.57065
13	1	15	0	0
14	3	45	11	0.290084
Instant	2
1	1175	29	2	0.473108
2	25	16	0	0
3	39	60	29	5.76132
4	697	22	1	0.207176
11	51	20	0	0
12	31	74	9	2.02206
13	5	15	0	0
14	24	48	7	0.795656
Instant	3
1	1213	28	2	0.0465983
2	22	16	0	0
3	39	67	25	5.22152
4	669	18	0	0
11	55	19	0	0
12	39	62	8	0.0919118
13	4	15	0	0
14	20	51	7	1.09457
Instant	4
1	1242	31	3	0.434783
2	30	16	0	0
3	30	64	20	4.8722
4	610	17	0	0
11	53	18	0	0
12	25	54	8	0.168919
13	4	15	0	0
14	20	49	7	1.04366
Instant	5
1	1049	27	2	0.350216
2	23	15	0	0
3	29	63	16	5.46265
4	529	16	0	0
11	48	19	0	0
12	28	55	11	0.735294
13	5	15	0	0
14	18	49	7	0.805658
Instant	6
1	1121	29	2	0.214823
2	25	15	0	0
3	41	67	21	7.54469
4	481	16	0	0
11	48	19	0	0
12	28	65	8	0.413603
13	5	15	0	0
14	17	53	7	0.853576
Instant	7
1	1129	27	2	0
2	25	16	0	0
3	33	72	18	4.51496
4	510	16	0	0
11	50	19	0	0
12	17	62	11	0.717905
13	5	15	0	0
14	18	49	7	0.596149
Instant	8
1	1115	27	3	0.162338
2	23	16	0	0
3	40	75	14	6.99899
4	386	16	0	0
11	47	19	0	0
12	16	64	11	0.873162
13	5	15	0	0
14	12	47	8	0.954423
Instant	9
1	1063	28	2	0.184599
2	31	15	0	0
3	43	68	16	4.33541
4	350	15	0	0
11	49	18	0	0
12	33	39	4	0
13	4	15	0	0
14	12	45	8	0.782998
Instant	10
1	1055	27	2	0
2	37	15	0	0
3	33	69	13	5.12232
4	325	15	0	0
11	44	18	0	0.668151
12	19	67	16	0.591216
13	5	15	0	0
14	11	48	8	0.773809
Instant	11
1	988	28	3	0.357569
2	15	16	0	0
3	37	61	18	7.5641
4	337	15	0	0
11	43	19	0	0
12	32	48	6	0.275735
13	5	15	0	0
14	11	48	8	0.802397
Instant	12
1	892	27	2	0.0954198
2	17	16	0	0
3	33	69	19	4.98955
4	324	15	0	0
11	40	19	0	0
12	21	54	10	0.551471
13	5	15	0	0
14	11	49	9	0.814349
Instant	13
1	902	27	2	0
2	21	16	0	0
3	33	72	14	6.11598
4	343	15	0	0
11	38	19	0	0
12	13	66	17	0.744048
13	5	15	0	0
14	11	48	7	0.775634
Instant	14
1	866	27	3	0.133511
2	23	15	0	0
3	34	67	20	5.92105
4	341	15	0	0
11	38	19	0	0
12	30	52	12	0.229779
13	4	15	0	0
14	11	48	8	0.807678
Instant	15
1	721	29	2	0.321027
2	11	16	0	0
3	32	69	20	7.0997
4	338	15	0	0
11	32	19	0	0
12	20	63	12	0.873162
13	5	15	0	0
14	11	46	8	0.838123
Instant	16
1	708	28	2	0.0417362
2	16	16	0	0
3	29	68	25	6.71683
4	348	15	0	0
11	30	18	1	0
12	16	50	14	0.717905
13	4	15	0	0
14	11	48	7	0.779209
Instant	17
1	727	27	1	0.236967
2	34	16	0	0
3	35	69	18	5.48902
4	373	15	0	0
11	32	19	0	0
12	17	55	10	0.735294
13	5	15	0	0
14	12	46	7	0.717641
Instant	18
1	709	28	3	0
2	28	15	0	0
3	43	77	17	4.17926
4	386	15	0	0
11	31	19	0	0
12	33	59	9	0.413603
13	5	15	0	0
14	13	46	7	0.676243
Instant	19
1	711	28	2	0.294613
2	26	15	0	0
3	21	72	14	9.26554
4	366	15	0	0
11	30	19	0	0
12	18	47	14	0.717905
13	4	15	0	0
14	13	47	8	0.757979
Instant	20
1	669	29	2	0.301205
2	17	15	0	0
3	31	70	21	5.97092
4	363	15	0	0
11	29	19	0	0
12	21	59	9	0.643382
13	5	15	0	0
14	12	45	7	0.806595
Instant	21
1	644	30	3	0.545455
2	25	15	0	0
3	43	69	24	4.88591
4	341	15	0	0
11	28	19	1	0
12	29	68	11	0.275735
13	5	15	0	0
14	11	45	7	0.910564
Instant	22
1	712	26	1	0
2	15	16	0	0
3	34	69	20	6.57895
4	314	15	0	0
11	31	18	1	0
12	24	70	16	0.464527
13	5	15	0	0
14	10	46	9	0.89212
Instant	23
1	661	29	2	0
2	25	14	0	0
3	37	67	21	4.77321
4	323	15	0	0
11	29	19	0	0
12	25	59	10	0.459559
13	5	15	0	0
14	11	48	9	0.898594
Instant	24
1	680	27	2	0.043554
2	26	16	0	0
3	26	75	16	5.61709
4	315	15	0	0
11	29	18	0	0
12	24	74	12	0.551471
13	5	15	0	0
14	10	49	8	0.827168
Instant	25
1	641	28	2	0.0463822
2	28	16	0	0
3	34	66	19	6.15265
4	312	15	0	0
11	27	19	0	0
12	18	62	14	0.558036
13	5	15	0	0
14	10	50	9	0.812629
Instant	26
1	629	28	2	0
2	28	15	0	0
3	33	68	23	6.25
4	339	15	0	0
11	27	19	0	0
12	29	57	18	0.551471
13	5	15	0	0
14	12	50	8	0.743191
Instant	27
1	645	28	1	0
2	24	16	0	0
3	32	71	24	5.36636
4	326	15	0	0
11	27	19	1	0
12	22	54	11	0.643382
13	5	15	0	0
14	10	47	8	0.884737
Instant	28
1	648	29	2	0.347826
2	32	16	0	0
3	44	79	15	6.70078
4	338	15	0	0
11	29	18	0	0
12	10	63	6	1.12847
13	5	15	0	0
14	11	49	9	0.670332
Instant	29
1	685	26	1	0.338983
2	30	15	0	0
3	25	80	14	3.5865
4	304	15	0	0
11	30	19	1	0
12	29	56	12	0.551471
13	5	15	0	0
14	10	51	8	0.920605
Instant	30
1	706	29	2	0
2	19	16	0	0
3	26	75	16	5.58974
4	329	15	0	0
11	31	18	1	0
12	19	52	15	0.78125
13	5	15	0	0
14	10	46	9	0.912229
Instant	31
1	683	27	1	0
2	17	16	0	0
3	45	69	23	8.67647
4	321	15	0	0
11	29	20	0	0
12	20	49	8	0.211149
13	5	15	0	0
14	10	45	8	0.976248
Instant	32
1	641	28	1	0
2	12	16	0	0
3	29	72	13	5.30769
4	324	15	0	0
11	28	19	0	0
12	36	59	9	0.367647
13	5	15	0	0
14	10	46	8	0.923154
Instant	33
1	599	28	2	0
2	19	17	0	0
3	41	66	21	7.31343
4	336	15	0	0
11	25	19	1	0.392157
12	24	58	10	0.459559
13	5	15	0	0
14	11	47	8	0.830453
Instant	34
1	571	29	1	0
2	18	16	0	0
3	33	73	23	5.78491
4	354	15	0	0
11	25	19	1	0
12	19	55	13	0.717905
13	5	15	0	0
14	12	46	9	0.705904
Instant	35
1	620	27	1	0
2	21	16	0	0
3	35	68	15	4.75831
4	340	15	0	0
11	26	18	0	0
12	23	51	10	0.689338
13	5	15	0	0
14	12	48	7	0.729405
Instant	36
1	599	27	2	0
2	14	17	0	0
3	19	74	20	8.22034
4	348	15	0	0
11	26	18	0	0
12	34	61	11	0
13	4	15	0	0
14	12	47	10	0.612472
Instant	37
1	585	28	1	0
2	27	16	0	0
3	41	71	26	6.86128
4	356	15	0	0
11	25	20	1	0
12	31	50	8	0.14881
13	5	15	0	0
14	12	47	7	0.691392
Instant	38
1	591	28	2	0.0502008
2	24	16	0	0
3	31	62	25	6.13889
4	318	15	0	0
11	25	19	0	0
12	28	54	9	0.275735
13	5	15	0	0
14	10	47	8	0.838446
Instant	39
1	591	26	1	0.29703
2	17	16	0	0
3	29	71	24	7.46583
4	315	15	0	0
11	26	18	0	0
12	17	54	11	1.10294
13	4	15	0	0
14	10	48	9	0.816993
Instant	40
1	524	29	3	0.374732
2	27	15	0	0
3	35	70	15	4.39394
4	325	15	0	0
11	24	19	1	0
12	28	65	14	0.295608
13	5	15	0	0
14	11	50	8	0.742972
Instant	41
1	523	29	2	0.715859
2	31	15	0	0
3	26	69	15	7.03463
4	327	15	0	0
11	23	20	1	0
12	17	55	10	0.597426
13	5	15	0	0
14	11	48	9	0.702692
Instant	42
1	584	28	1	0.0502008
2	33	16	0	0
3	27	74	19	6.71958
4	342	15	0	0
11	25	19	1	0
12	26	64	11	0.735294
13	4	15	0	0
14	12	43	7	0.80219
Instant	43
1	613	28	1	0
2	23	18	0	0
3	38	70	22	6.70671
4	354	15	0	0
11	26	17	0	0.287356
12	28	62	10	0.253378
13	5	15	0	0
14	12	52	9	0.647026
Instant	44
1	592	26	1	0.290698
2	22	15	0	0
3	29	77	13	5.17516
4	354	15	0	0
11	26	19	1	0
12	14	50	11	0.597426
13	4	15	0	0
14	12	47	10	0.644189
Instant	45
1	606	28	2	0
2	23	16	0	0
3	32	71	17	6.5625
4	328	15	0	0
11	26	18	0	0
12	15	60	13	0.827206
13	5	15	0	0
14	11	51	8	0.705964
Instant	46
1	535	29	2	0.701944
2	31	15	0	0
3	45	75	20	5.80357
4	342	15	0	0
11	23	19	1	0
12	31	74	11	0.633446
13	5	15	0	0
14	11	49	8	0.780061
Instant	47
1	521	29	2	0.701944
2	20	16	0	0
3	19	71	26	4.53552
4	327	15	0	0
11	23	18	0	0
12	22	46	13	0.505515
13	4	15	0	0
14	11	48	9	0.869909
Instant	48
1	557	28	1	0.360082
2	31	15	0	0
3	49	73	18	7.43781
4	325	15	0	0
11	24	19	1	0
12	21	56	16	0.78125
13	5	15	0	0
14	11	48	7	0.822368
Instant	49
1	532	27	2	0.669643
2	30	15	0	0
3	34	68	20	5.10101
4	315	15	0	0
11	22	20	1	0
12	31	57	8	0.0744048
13	5	15	0	0
14	10	50	7	0.819001
Instant	50
1	527	29	2	0.32538
2	29	17	0	0
3	43	74	18	4.63243
4	342	15	0	0
11	23	21	1	0
12	37	53	8	0.229779
13	5	15	0	0
14	12	48	7	0.764047
Instant	51
1	564	27	2	0
2	17	16	0	0
3	29	64	21	6.01998
4	342	15	0	0
11	25	19	1	0
12	18	54	15	0.597426
13	5	15	0	0
14	11	49	8	0.677083
Instant	52
1	551	29	2	0.631579
2	38	15	0	0
3	36	68	18	7.97872
4	336	15	0	0
11	24	18	0	0
12	23	54	9	0.477431
13	5	15	0	0
14	11	43	7	0.876686
Instant	53
1	571	30	3	0
2	28	16	0	0
3	25	73	21	6.00836
4	351	15	0	0
11	24	19	1	0
12	27	53	4	0.459559
13	5	15	0	0
14	12	48	8	0.744543
Instant	54
1	567	27	1	0.302419
2	24	15	0	0
3	34	76	13	5.05291
4	351	15	0	0
11	25	19	0	0
12	21	45	13	0.873162
13	4	15	0	0
14	12	47	8	0.721421
Instant	55
1	565	27	2	0.419287
2	27	16	0	0
3	34	71	16	5.97092
4	340	15	0	0
11	24	19	1	0
12	24	59	9	0.464527
13	5	15	0	0
14	11	48	7	0.806606
Instant	56
1	579	29	2	0
2	26	16	0	0
3	25	77	23	5.96009
4	341	15	0	0
11	25	19	1	0
12	27	64	14	0.551471
13	4	15	0	0
14	11	49	8	0.935956
Instant	57
1	613	28	2	0
2	17	18	0	0
3	23	63	17	7.55627
4	328	15	0	0
11	26	18	0	0
12	23	68	9	0.367647
13	4	15	0	0
14	11	46	8	0.807723
Instant	58
1	592	27	1	0
2	24	16	0	0
3	49	68	16	6.0999
4	340	15	0	0
11	26	19	1	0
12	11	66	13	1.01351
13	5	15	0	0
14	11	47	9	0.731917
Instant	59
1	592	28	1	0
2	25	16	0	0
3	25	72	23	4.24479
4	332	15	0	0
11	25	18	1	0
12	8	80	15	0.827206
13	5	15	0	0
14	11	52	8	0.550682
Instant	60
1	604	28	1	0
2	28	15	0	0
3	35	67	17	7.16612
4	310	15	0	0
11	25	19	1	0
12	23	53	16	1.10294
13	5	15	0	0
14	10	51	9	0.872215
Instant	61
1	559	28	1	0.304878
2	26	15	0	0
3	25	73	17	6.73289
4	337	15	0	0
11	25	20	1	0
12	31	70	10	0.111607
13	4	15	0	0
14	11	45	8	0.779446
Instant	62
1	590	27	1	0
2	37	16	0	0
3	18	75	11	5.86021
4	344	15	0	0
11	25	20	1	0
12	37	52	13	0.321691
13	4	15	0	0
14	11	46	9	0.821995
Instant	63
1	620	26	1	0
2	23	16	0	0
3	24	62	24	5.78859
4	342	15	0	0
11	27	19	0	0
12	17	57	16	0.413603
13	4	15	0	0
14	12	44	7	0.824801
Instant	64
1	581	28	2	0.25
2	29	16	0	0
3	30	66	18	6.34058
4	330	15	0	0
11	25	19	1	0
12	23	57	9	0.675676
13	4	15	0	0
14	11	48	9	0.763807
Instant	65
1	530	30	2	0.330396
2	20	16	0	0
3	45	62	19	5.73395
4	325	15	0	0
11	23	19	0	0
12	21	56	6	0.689338
13	5	15	0	0
14	10	48	8	0.832336
Instant	66
1	591	27	1	0.0497018
2	18	16	0	0
3	36	77	24	6.35417
4	327	15	0	0
11	25	19	1	0
12	10	55	16	1.19485
13	5	15	0	0
14	11	49	8	0.860183
Instant	67
1	547	27	2	0.314465
2	19	16	0	0
3	35	66	21	5.9816
4	317	15	0	0
11	24	20	1	0
12	28	74	9	0.380068
13	5	15	0	0
14	10	47	8	0.806617
Instant	68
1	604	27	1	0.0490196
2	12	16	0	0
3	36	74	19	4.07523
4	312	15	0	0
11	26	19	0	0
12	29	65	8	0.195312
13	4	15	0	0
14	10	50	8	0.840553
Instant	69
1	581	28	2	0
2	15	17	0	0
3	35	69	19	9.51258
4	343	15	0	0
11	25	19	1	0
12	14	53	13	1.01103
13	5	15	0	0
14	12	49	9	0.650893
Instant	70
1	589	28	1	0
2	27	17	0	0
3	29	67	20	5.09834
4	332	15	0	0
11	26	19	1	0
12	6	31	7	0.717905
13	5	15	0	0
14	11	47	7	0.842146
Instant	71
1	596	29	2	0
2	28	16	0	0
3	53	70	20	5.88512
4	320	15	0	0
11	25	19	0	0
12	27	48	5	0.873162
13	5	15	0	0
14	11	51	8	0.740966
Instant	72
1	602	26	1	0
2	22	15	0	0
3	47	69	19	5.31219
4	317	15	0	0
11	26	20	1	0
12	25	60	9	0.426136
13	5	15	0	0
14	10	49	10	0.916257
Instant	73
1	605	27	2	0
2	35	17	0	0
3	43	68	17	5.13972
4	318	15	0	0
11	25	19	0	0
12	15	50	14	0.647866
13	5	15	0	0
14	10	50	9	0.883374
Instant	74
1	599	28	1	0
2	19	16	0	0
3	40	68	21	6.33838
4	326	15	0	0
11	25	19	0	0
12	26	48	5	0.321691
13	5	15	0	0
14	11	46	9	0.670441
Instant	75
1	598	26	2	0
2	29	16	0	0
3	38	69	16	6.49802
4	323	15	0	0
11	26	20	1	0
12	18	53	16	0.994318
13	5	15	0	0
14	10	51	9	0.873494
Instant	76
1	557	29	2	0.426439
2	20	15	0	0
3	39	69	16	4.82983
4	314	15	0	0
11	24	18	0	0
12	25	61	7	0.477431
13	5	15	0	0
14	10	49	11	0.748257
Instant	77
1	585	28	1	0
2	30	15	0	0
3	36	75	17	6.48703
4	326	15	0	0
11	26	19	1	0
12	30	69	16	0.292969
13	5	15	0	0
14	11	52	8	0.71599
Instant	78
1	578	29	1	0
2	37	16	0	0
3	43	64	18	5.17949
4	349	15	0	0
11	24	20	1	0
12	10	64	22	1.07422
13	5	15	0	0
14	12	46	7	0.715347
Instant	79
1	589	28	1	0
2	30	15	0	0
3	41	71	19	5.48115
4	318	15	0	0
11	26	18	0	0
12	24	65	15	0.548986
13	5	15	0	0
14	10	48	9	0.815993
Instant	80
1	580	29	2	0
2	33	16	0	0
3	40	69	19	5.28701
4	313	15	0	0
11	24	19	1	0
12	28	68	11	0.378788
13	5	15	0	0
14	10	49	8	0.863317
Instant	81
1	589	27	1	0
2	35	16	0	0
3	34	62	25	4.56827
4	346	15	0	0
11	25	21	1	0
12	20	62	12	0.662879
13	5	15	0	0
14	12	47	9	0.735019
Instant	82
1	607	26	1	0
2	31	16	0	0
3	38	63	24	8.70253
4	331	15	0	0
11	26	18	0	0
12	15	56	17	0.892857
13	5	15	0	0
14	12	46	8	0.653021
Instant	83
1	578	28	1	0.297619
2	25	15	0	0
3	56	70	24	4.49658
4	333	15	0	0
11	25	20	1	0
12	22	66	9	0.61553
13	5	15	0	0
14	11	49	9	0.612602
Instant	84
1	620	27	1	0
2	25	15	0	0
3	43	64	16	6.07178
4	347	15	0	0
11	26	19	0	0
12	25	50	10	0.331439
13	5	15	0	0
14	12	46	9	0.706929
Instant	85
1	601	28	2	0
2	23	15	0	0
3	31	69	20	5.77532
4	331	15	0	0
11	25	19	1	0
12	14	58	12	0.761218
13	5	15	0	0
14	11	46	8	0.886212
Instant	86
1	598	27	2	0
2	23	15	0	0
3	25	72	29	4.62073
4	322	15	0	0
11	26	19	0	0
12	32	55	10	0.551471
13	4	15	0	0
14	10	50	9	0.811165
Instant	87
1	571	28	2	0.155602
2	14	18	1	0
3	29	69	14	4.8722
4	327	15	0	0
11	24	21	1	0
12	14	49	8	0.505515
13	4	15	0	0
14	11	50	8	0.729167
Instant	88
1	613	27	2	0
2	20	16	0	0
3	28	69	23	5.98629
4	335	15	0	0
11	26	20	1	0
12	9	55	19	1.22466
13	4	15	0	0
14	11	49	8	0.777001
Instant	89
1	592	28	1	0
2	30	15	0	0
3	34	73	22	7.15021
4	335	15	0	0
11	26	19	1	0
12	32	54	7	0.229779
13	5	15	0	0
14	11	50	9	0.745257
Instant	90
1	595	28	2	0
2	36	16	0	0
3	29	62	23	4.4697
4	343	15	0	0
11	26	19	1	0
12	18	59	10	0.830078
13	5	15	0	0
14	12	49	8	0.675548
Instant	91
1	578	29	2	0.0504032
2	37	16	0	0
3	34	67	20	3.84036
4	341	15	0	0
11	25	19	1	0
12	26	64	10	0.464527
13	5	15	0	0
14	11	49	8	0.656393
Instant	92
1	620	26	1	0
2	27	15	0	0
3	29	64	20	9.52381
4	310	15	0	0
11	26	19	0	0
12	9	51	15	1.04167
13	4	15	0	0
14	10	51	9	0.773735
Instant	93
1	606	27	1	0
2	18	16	0	0
3	37	69	23	5.34862
4	332	15	0	0
11	26	19	0	0
12	13	59	11	1.04167
13	5	15	0	0
14	11	48	10	0.819672
Instant	94
1	592	27	1	0.290698
2	29	15	0	0
3	43	69	17	9.98521
4	308	15	0	0
11	26	19	1	0
12	19	59	10	0.591216
13	5	15	0	0
14	10	49	9	0.823888
Instant	95
1	584	27	1	0.148221
2	26	16	0	0
3	35	74	19	5.08966
4	343	15	0	0
11	25	19	0	0
12	24	60	10	0.551471
13	5	15	0	0
14	12	51	8	0.719697
Instant	96
1	568	27	2	0.512295
2	25	16	0	0
3	45	66	23	6.10161
4	305	15	0	0
11	25	19	1	0
12	27	66	13	0.275735
13	5	15	0	0
14	10	50	9	0.805768
Instant	97
1	565	29	2	0.154959
2	32	15	0	0
3	32	69	16	5.62701
4	314	15	0	0
11	24	19	1	0
12	21	49	16	0.533537
13	4	15	0	0
14	10	47	8	0.840553
Instant	98
1	620	26	1	0
2	21	15	1	0
3	35	61	21	5.96774
4	348	15	0	0
11	27	19	0	0
12	31	61	13	0.459559
13	4	15	0	0
14	12	49	9	0.643897
Instant	99
1	571	28	2	0
2	18	18	0	0
3	34	65	25	7.38806
4	305	15	0	0
11	25	20	1	0
12	26	50	13	0
13	5	15	0	0
14	10	48	10	0.771018
Instant	100
1	606	28	1	0
2	33	16	0	0
3	41	74	25	3.65034
4	320	15	0	0
11	26	19	1	0
12	10	48	12	1.30912
13	5	15	0	0
14	10	49	8	0.854571
Instant	101
1	587	29	2	0
2	26	16	0	0
3	40	72	15	4.1791
4	326	15	0	0
11	24	19	1	0
12	22	56	17	0.597426
13	5	15	0	0
14	10	47	8	0.875891
Instant	102
1	542	28	1	0.369979
2	17	16	0	0
3	31	65	20	7.04114
4	331	15	0	0
11	24	18	0	0
12	28	61	10	0.643382
13	5	15	0	0
14	11	46	8	0.768703
Instant	103
1	571	28	2	0
2	20	15	0	0
3	38	57	18	8.93939
4	330	15	0	0
11	25	19	1	0
12	29	62	9	0.253378
13	5	15	0	0
14	10	46	8	0.816608
Instant	104
1	599	29	2	0
2	22	15	0	0
3	38	69	16	4.93552
4	336	15	0	0
11	25	19	0	0
12	19	59	15	0.735294
13	5	15	0	0
14	11	47	8	0.910405
Instant	105
1	567	28	2	0.153689
2	23	15	0	0
3	50	72	19	6.04991
4	339	15	0	0
11	24	19	0	0
12	17	56	17	0.873162
13	5	15	0	0
14	11	45	7	0.769304
Instant	106
1	582	27	1	0.200803
2	23	15	0	0
3	26	63	19	5.41159
4	397	15	0	0
11	25	21	1	0
12	21	55	8	0.548986
13	5	15	0	0
14	14	44	6	0.637545
Instant	107
1	551	29	2	0.519751
2	36	16	0	0
3	31	74	15	5.79827
4	354	15	0	0
11	24	19	1	0
12	29	57	8	0.321691
13	5	15	0	0
14	12	49	9	0.777534
Instant	108
1	682	28	2	0.042735
2	28	16	0	0
3	33	72	15	6.22396
4	356	15	0	0
11	29	19	1	0
12	17	68	11	0.735294
13	5	15	0	0
14	11	48	9	0.832424
Instant	109
1	580	26	2	1.33333
2	37	15	0	0
3	28	76	15	6.10215
4	341	15	0	0
11	26	18	0	0
12	27	56	9	0.260417
13	4	15	0	0
14	12	48	7	0.836184
Instant	110
1	666	28	2	0
2	22	16	0	0
3	29	77	12	5.89304
4	372	15	0	0
11	29	18	0	0
12	27	48	13	0.78125
13	4	15	0	0
14	13	49	8	0.604558
Instant	111
1	662	27	2	0
2	31	15	0	0
3	33	71	18	6.20341
4	355	15	0	0
11	29	19	1	0
12	27	63	16	0.321691
13	5	15	0	0
14	11	49	8	0.946762
Instant	112
1	581	27	2	0.7
2	35	15	0	0
3	23	77	16	5.88542
4	337	15	0	0
11	25	20	1	0
12	22	58	8	0.337838
13	4	15	0	0
14	11	47	8	0.832371
Instant	113
1	662	28	1	0
2	19	15	0	0
3	29	67	21	5.84137
4	310	15	0	0
11	29	18	0	0
12	27	63	12	0.459559
13	5	15	0	0
14	10	48	9	0.925345
Instant	114
1	627	28	1	0
2	22	15	0	0
3	45	75	15	6.24378
4	328	15	0	0
11	27	19	1	0
12	25	54	10	0.689338
13	5	15	0	0
14	11	50	10	0.702692
Instant	115
1	667	27	1	0
2	25	16	0	0
3	31	66	20	4.99466
4	340	15	0	0
11	28	18	0	0
12	24	65	13	0.422297
13	4	15	0	0
14	12	45	7	0.79706
Instant	116
1	601	28	2	0.287908
2	29	15	0	0
3	37	77	18	5.36636
4	355	15	0	0
11	26	19	1	0.289575
12	29	54	13	0.321691
13	5	15	0	0
14	12	46	8	0.748448
Instant	117
1	624	28	2	0
2	32	15	0	0
3	36	71	17	6.15828
4	355	15	0	0
11	27	20	1	0
12	28	50	10	0.505515
13	5	15	0	0
14	12	49	8	0.741758
Instant	118
1	685	27	1	0
2	30	15	0	0
3	31	69	15	9.46154
4	354	15	0	0
11	30	19	1	0
12	31	52	10	0.168919
13	5	15	0	0
14	12	48	8	0.680738
Instant	119
1	700	28	2	0
2	27	16	0	0
3	42	70	19	3.5126
4	353	15	0	0
11	30	19	1	0
12	19	69	9	0.689338
13	5	15	0	0
14	12	46	8	0.751291
