	T	D	J	LP
Instant	0
1	0	0	0	0
2	0	0	0	0
3	0	0	0	0
4	0	0	0	0
11	0	0	0	0
12	0	0	0	0
13	0	0	0	0
14	0	0	0	0
Instant	1
1	294	26	2	0
2	18	16	0	0
3	27	53	16	1.82446
4	76	15	0	0
11	12	18	0	0
12	37	70	3	7.00483
13	1	15	0	0
14	1	50	12	0.544294
Instant	2
1	1299	29	3	0.205667
2	34	15	0	0
3	22	65	27	6.43678
4	570	17	0	0
11	56	20	0	0
12	32	54	11	1.22549
13	4	15	0	0
14	17	49	7	1.00673
Instant	3
1	1282	29	3	0
2	33	15	0	0
3	32	68	22	5.85046
4	574	17	0	0
11	58	19	0	0
12	43	56	16	0.816993
13	4	15	0	0
14	18	50	7	1.03812
Instant	4
1	1170	28	3	1.01626
2	26	15	0	0
3	26	71	19	6.13155
4	555	17	0	0
11	51	18	0	0
12	45	51	12	0.225225
13	4	15	0	0
14	18	51	7	0.945772
Instant	5
1	1308	28	2	0.111607
2	36	16	0	0
3	22	70	23	6.14657
4	484	16	0	0
11	57	18	0	0
12	45	55	9	0.0816993
13	4	15	0	0
14	16	47	6	0.852807
Instant	6
1	1463	29	3	0.436508
2	25	16	0	0
3	28	68	18	4.95418
4	456	16	0	0
11	65	19	0	0
12	44	56	13	0.408497
13	4	15	0	0
14	15	48	6	0.883946
Instant	7
1	1362	28	3	0.254237
2	14	16	0	0
3	20	76	17	7.6414
4	392	15	0	0
11	60	18	0	0
12	41	55	10	0.3003
13	4	15	0	0
14	14	53	7	0.726792
Instant	8
1	1351	28	3	0.0426257
2	22	15	0	0
3	16	74	20	6.10169
4	400	15	0	0
11	60	19	0	0
12	39	52	7	0.490196
13	4	15	0	0
14	14	48	8	0.634146
Instant	9
1	1194	28	2	0.171737
2	13	15	0	0
3	19	72	19	4.45042
4	408	16	0	0
11	53	19	0	0
12	31	53	9	0.898693
13	4	15	0	0
14	14	46	8	0.721001
Instant	10
1	822	29	3	0.704225
2	20	17	0	0
3	14	58	20	6.5331
4	331	15	0	0
11	37	19	0	0
12	44	65	6	0
13	4	15	0	0
14	11	49	8	1.02947
Instant	11
1	735	27	2	0
2	27	16	0	0
3	20	74	18	10.0465
4	371	15	0	0
11	31	20	1	0
12	36	60	15	0.816993
13	4	15	0	0
14	13	47	7	0.609008
Instant	12
1	699	27	2	0
2	15	16	0	0
3	19	71	19	5.80808
4	375	15	0	0
11	31	19	1	0
12	32	56	10	0.653595
13	4	15	0	0
14	13	49	9	0.677893
Instant	13
1	640	27	2	0.326493
2	24	16	0	0
3	17	65	22	9.21361
4	402	15	0	0
11	27	18	1	0.452899
12	42	50	7	0.396825
13	4	15	0	0
14	14	47	9	0.697131
Instant	14
1	654	27	2	0
2	32	16	0	0
3	25	73	14	6.24303
4	365	15	0	0
11	29	19	1	0
12	43	60	9	0.163399
13	4	15	0	0
14	12	45	8	0.921006
Instant	15
1	675	27	1	0
2	33	15	0	0
3	28	72	18	2.66885
4	328	15	0	0
11	29	18	0	0
12	33	71	14	1.14379
13	4	15	0	0
14	10	46	8	0.90945
Instant	16
1	526	28	2	0.865801
2	23	17	0	0
3	21	75	18	10.3132
4	332	15	0	0
11	23	20	1	0
12	46	61	5	0.15015
13	4	15	0	0
14	11	48	9	1.00137
Instant	17
1	534	28	2	0.554324
2	30	15	0	0
3	23	75	18	7.82313
4	334	15	0	0
11	22	20	1	0
12	38	58	12	0.245098
13	4	15	0	0
14	11	50	8	0.780039
Instant	18
1	555	27	2	0.358607
2	37	16	0	0
3	25	78	19	5.24146
4	366	15	0	0
11	24	18	1	0
12	39	58	15	0.898693
13	4	15	0	0
14	12	48	9	0.680452
Instant	19
1	573	27	1	0.29703
2	27	17	0	0
3	24	71	24	7.30303
4	344	15	0	0
11	26	19	1	0
12	43	59	9	0.3003
13	4	15	0	0
14	11	50	8	0.901284
Instant	20
1	620	26	1	0.283554
2	28	16	0	0
3	20	68	20	5.92783
4	336	15	0	0
11	27	19	0	0
12	35	46	10	0.898693
13	4	15	0	0
14	11	49	8	0.854577
Instant	21
1	583	28	1	0.050813
2	30	16	0	0
3	19	76	20	4.7089
4	320	15	0	0
11	25	19	1	0
12	29	53	12	1.06209
13	4	15	0	0
14	10	49	9	0.871857
Instant	22
1	606	26	1	0
2	29	15	0	0
3	21	66	25	7.26644
4	330	15	0	0
11	26	19	1	0
12	30	66	12	0.975976
13	4	15	0	0
14	11	51	9	0.732979
Instant	23
1	585	27	1	0
2	23	15	0	0
3	22	67	21	8.39244
4	335	15	0	0
11	24	21	1	0
12	32	49	12	0.980392
13	4	15	0	0
14	11	49	8	0.926459
Instant	24
1	585	28	2	0
2	21	17	0	0
3	23	75	16	6.63842
4	332	15	0	0
11	25	20	1	0
12	31	50	17	0.898693
13	4	15	0	0
14	11	49	8	0.885172
Instant	25
1	568	28	2	0.295276
2	27	16	0	0
3	17	70	18	6.67828
4	325	15	0	0
11	25	18	1	0
12	38	52	6	0.396825
13	4	15	0	0
14	10	49	9	0.866189
Instant	26
1	627	26	1	0
2	39	15	0	0
3	22	64	17	6.15079
4	311	15	0	0
11	26	18	0	0
12	33	62	12	1.06209
13	4	15	0	0
14	10	51	8	0.873066
Instant	27
1	599	28	2	0
2	20	15	0	0
3	21	78	12	6.38792
4	319	15	0	0
11	26	18	0	0
12	24	63	19	1.14379
13	4	15	0	0
14	10	47	9	0.746951
Instant	28
1	599	26	1	0
2	27	14	0	0
3	21	73	20	5.71096
4	311	15	0	0
11	26	19	0	0
12	34	49	8	1.08025
13	4	15	0	0
14	9	46	9	1.09264
Instant	29
1	648	26	1	0
2	31	17	0	0
3	18	71	13	7.32861
4	305	15	0	0
11	27	18	0	0
12	12	51	22	1.79739
13	4	15	0	0
14	10	47	8	0.89436
Instant	30
1	620	26	1	0
2	39	16	0	0
3	28	71	18	8.93471
4	301	15	0	0
11	27	18	0	0
12	37	61	15	0.735294
13	4	15	0	0
14	9	53	7	1.01206
Instant	31
1	606	27	1	0
2	16	14	0	0
3	15	78	15	4.7089
4	315	15	0	0
11	26	19	1	0
12	26	68	8	1.27628
13	4	15	0	0
14	10	49	8	0.87963
Instant	32
1	553	29	2	0.102881
2	19	17	0	0
3	18	81	19	7.74441
4	334	15	0	0
11	24	19	0	0.316456
12	40	53	10	0.816993
13	4	15	0	0
14	11	48	9	0.850836
Instant	33
1	570	28	1	0.356415
2	23	15	0	0
3	23	71	22	6.99013
4	315	15	0	0
11	25	19	1	0
12	33	59	15	0.816993
13	4	15	0	0
14	10	49	9	0.730188
Instant	34
1	574	28	2	0.306748
2	25	15	0	0
3	26	79	12	6.33929
4	304	15	0	0
11	25	18	0	0
12	29	64	10	0.975976
13	4	15	0	0
14	9	52	9	0.889812
Instant	35
1	552	29	2	0
2	29	15	0	0
3	30	68	15	5.96065
4	284	15	0	0
11	24	18	0	0
12	22	52	17	1.55229
13	4	15	0	0
14	9	49	10	0.900136
Instant	36
1	563	26	2	0.862069
2	36	17	0	0
3	17	71	16	5.24798
4	294	15	0	0
11	25	19	1	0
12	41	53	12	0.245098
13	4	15	0	0
14	9	50	8	1.10229
Instant	37
1	619	25	1	0.287908
2	26	16	0	0
3	21	71	24	7.04698
4	325	15	0	0
11	26	18	0	0
12	38	58	13	0.330688
13	4	15	0	0
14	11	49	7	0.698603
Instant	38
1	531	28	2	0.0538793
2	32	16	0	0
3	18	63	23	8.97436
4	318	15	0	0
11	23	18	1	0.440529
12	42	56	14	0.490196
13	4	15	0	0
14	10	48	8	0.984292
Instant	39
1	588	28	2	0
2	26	15	0	0
3	26	74	22	5.19031
4	317	15	0	0
11	25	19	1	0
12	34	70	10	1.38889
13	4	15	0	0
14	10	50	8	0.983089
Instant	40
1	601	27	2	0
2	29	17	0	0
3	35	71	19	5.24892
4	338	15	0	0
11	26	20	1	0
12	36	57	10	0.525526
13	4	15	0	0
14	11	46	8	0.840054
Instant	41
1	592	26	1	0
2	24	16	0	0
3	18	65	21	6.52174
4	331	15	0	0
11	25	20	1	0.297619
12	35	55	15	0.816993
13	4	15	0	0
14	11	48	7	0.807873
Instant	42
1	590	28	1	0
2	35	15	0	0
3	17	77	17	7.45773
4	300	15	0	0
11	25	19	1	0
12	33	56	13	0.898693
13	4	15	0	0
14	10	50	9	0.783935
Instant	43
1	591	27	1	0.291262
2	22	15	0	0
3	13	75	19	9.08827
4	338	15	0	0
11	26	18	0	0
12	35	69	11	0.525526
13	4	15	0	0
14	11	49	9	0.813125
Instant	44
1	579	28	2	0.304878
2	18	16	0	0
3	16	70	16	6.03448
4	328	15	0	0
11	25	18	0	0
12	48	49	9	0.0816993
13	4	15	0	0
14	11	46	8	0.820558
Instant	45
1	526	27	1	0.976139
2	26	16	0	0
3	19	67	21	6.80507
4	341	15	0	0
11	23	18	1	0
12	24	56	17	1.30719
13	4	15	0	0
14	12	48	8	0.72381
Instant	46
1	565	27	2	0
2	13	17	0	0
3	16	72	16	5.57432
4	327	15	0	0
11	25	19	1	0
12	34	53	9	0.825826
13	4	15	0	0
14	11	49	9	0.874852
Instant	47
1	565	27	1	0.30426
2	23	15	0	0
3	21	71	16	8.18765
4	327	15	0	0
11	25	18	0	0
12	40	48	7	0.408497
13	4	15	0	0
14	11	47	9	0.689519
Instant	48
1	613	27	1	0.280899
2	29	16	0	0
3	26	75	13	7.72018
4	355	15	0	0
11	27	19	0	0
12	28	70	15	1.14379
13	4	15	0	0
14	12	48	8	0.748448
Instant	49
1	610	28	2	0
2	29	16	0	0
3	21	62	21	4.52778
4	329	15	0	0
11	25	19	1	0
12	31	58	12	0.859788
13	4	15	0	0
14	11	52	13	0.759369
Instant	50
1	582	29	1	0
2	28	16	0	0
3	11	67	24	7.92541
4	334	15	0	0
11	25	18	0	0
12	29	62	14	1.06209
13	4	15	0	0
14	11	52	8	0.829453
Instant	51
1	570	28	3	0.249004
2	24	16	0	0
3	23	70	21	7.45763
4	322	15	0	0
11	25	20	1	0
12	51	44	8	0.408497
13	4	15	0	0
14	11	50	8	0.864495
Instant	52
1	599	27	1	0
2	24	15	0	0
3	27	67	16	5.99891
4	317	15	0	0
11	25	20	1	0
12	41	56	10	0.154321
13	4	15	0	0
14	10	49	8	0.676638
Instant	53
1	589	27	1	0.288462
2	17	17	0	0
3	18	70	24	6.02518
4	328	15	0	0
11	26	18	0	0
12	38	57	11	0.980392
13	4	15	0	0
14	11	47	8	0.978648
Instant	54
1	592	26	1	0.294118
2	26	14	0	0
3	18	75	16	6.38418
4	321	15	0	0
11	26	18	0	0
12	41	65	13	0.163399
13	4	15	0	0
14	10	48	7	0.649155
Instant	55
1	606	27	1	0
2	19	15	0	0
3	17	67	20	7.69231
4	311	15	0	0
11	26	20	1	0
12	32	55	11	0.750751
13	4	15	0	0
14	10	50	8	1.06918
Instant	56
1	549	29	1	0.316456
2	30	15	0	0
3	22	83	13	8.64407
4	314	15	0	0
11	24	20	1	0
12	39	71	17	0.653595
13	4	15	0	0
14	10	49	8	0.678175
Instant	57
1	596	27	2	0
2	22	14	0	0
3	32	67	22	6.27119
4	319	15	0	0
11	25	20	1	0
12	39	64	11	0.490196
13	4	15	0	0
14	11	51	8	0.816099
Instant	58
1	528	31	3	0.214592
2	32	15	0	0
3	20	73	23	5.45977
4	306	15	0	0
11	23	21	2	0
12	33	58	13	0.750751
13	4	15	0	0
14	9	48	9	0.875796
Instant	59
1	578	29	2	0
2	19	15	0	0
3	26	65	18	8.24801
4	306	15	0	0
11	25	19	1	0
12	44	58	12	0.408497
13	4	15	0	0
14	10	51	9	0.986005
Instant	60
1	598	29	1	0.0494071
2	30	15	0	0
3	23	70	19	5.22931
4	310	15	0	0
11	25	18	0	0
12	39	57	11	0.326797
13	4	15	0	0
14	10	53	9	0.820786
Instant	61
1	605	28	2	0.0496032
2	24	17	0	0
3	20	74	20	6.11888
4	315	15	0	0
11	25	19	0	0
12	30	61	25	0.925926
13	4	15	0	0
14	10	50	8	0.811755
Instant	62
1	577	27	1	0
2	24	15	0	0
3	27	69	17	6.22867
4	331	15	0	0
11	25	19	1	0.304878
12	28	74	14	1.14379
13	4	15	0	0
14	11	47	9	0.726971
Instant	63
1	621	27	1	0
2	28	16	0	0
3	20	72	24	5.19406
4	297	15	0	0
11	26	18	0	0
12	28	65	18	1.30719
13	4	15	0	0
14	10	45	9	0.91623
Instant	64
1	589	28	2	0
2	24	16	0	0
3	10	81	15	8.39141
4	324	15	0	0
11	26	19	0	0
12	38	58	9	0.750751
13	4	15	0	0
14	10	44	8	0.902113
Instant	65
1	592	28	1	0
2	27	16	0	0
3	18	79	26	5.5848
4	335	15	0	0
11	24	19	1	0
12	22	60	18	1.63399
13	4	15	0	0
14	11	48	7	0.735008
Instant	66
1	568	29	2	0
2	28	16	0	0
3	27	70	25	10.3025
4	350	15	0	0
11	26	19	1	0
12	37	67	12	0.980392
13	4	15	0	0
14	11	46	8	0.76095
Instant	67
1	606	28	1	0
2	22	16	0	0
3	19	76	19	7.69697
4	334	15	0	0
11	25	19	1	0
12	31	70	14	0.750751
13	4	15	0	0
14	12	48	8	0.738702
Instant	68
1	595	27	2	0.0492126
2	24	17	0	0
3	20	76	10	5.61283
4	310	15	0	0
11	26	19	0	0
12	36	62	12	0.868056
13	4	15	0	0
14	10	49	8	0.985325
Instant	69
1	618	27	1	0
2	23	16	0	0
3	17	79	18	5.44101
4	323	15	0	0
11	26	18	0	0
12	36	59	15	0.816993
13	4	15	0	0
14	11	50	8	0.712851
Instant	70
1	597	28	2	0
2	30	14	0	0
3	24	72	22	7.23606
4	298	15	0	0
11	25	19	1	0
12	35	54	12	0.750751
13	4	15	0	0
14	9	49	8	1.01852
Instant	71
1	589	28	2	0
2	24	15	0	0
3	14	73	21	6.28415
4	311	15	0	0
11	26	19	1	0
12	39	49	9	0.408497
13	4	15	0	0
14	10	50	9	1.04688
Instant	72
1	606	26	1	0
2	22	17	0	0
3	17	71	17	6.97809
4	317	15	0	0
11	27	19	0	0
12	45	66	13	0.3367
13	4	15	0	0
14	10	48	8	0.862949
Instant	73
1	584	28	2	0.0516529
2	23	16	0	0
3	30	71	23	5.52721
4	314	15	0	0
11	24	20	1	0
12	40	46	9	0.271003
13	4	15	0	0
14	10	50	9	0.788985
Instant	74
1	606	27	1	0
2	32	17	0	0
3	27	71	14	9.36033
4	319	15	0	0
11	26	19	1	0
12	47	48	9	0.571895
13	4	15	0	0
14	10	49	8	0.869121
Instant	75
1	599	26	1	0
2	22	17	0	0
3	31	70	17	5.45404
4	313	15	0	0
11	27	19	1	0
12	37	64	12	0.50505
13	4	15	0	0
14	10	51	9	0.797101
Instant	76
1	580	30	2	0.0510204
2	29	17	0	0
3	24	71	19	6.56566
4	323	15	0	0
11	25	18	0	0
12	42	66	8	0.231481
13	4	15	0	0
14	10	49	8	0.888554
Instant	77
1	566	29	3	0.354251
2	28	15	0	0
3	21	68	16	5.24476
4	310	15	0	0
11	25	20	1	0
12	34	63	10	0.694444
13	4	15	0	0
14	10	48	8	0.855236
Instant	78
1	610	27	1	0
2	21	16	0	0
3	18	78	15	6.78904
4	290	15	0	0
11	26	19	1	0
12	29	73	16	1.21528
13	4	15	0	0
14	9	52	9	0.97352
Instant	79
1	541	28	2	0.321199
2	15	16	0	0
3	26	63	28	6.95383
4	325	15	0	0
11	23	20	1	0
12	35	51	11	0.525526
13	4	15	0	0
14	10	49	8	0.951522
Instant	80
1	585	28	1	0
2	28	16	0	0
3	18	78	15	8.68545
4	334	15	0	0
11	25	20	1	0
12	45	54	12	0
13	4	15	0	0
14	11	51	8	0.809108
Instant	81
1	578	30	2	0
2	17	16	0	0
3	15	82	16	6.94444
4	318	15	0	0
11	24	19	0	0
12	22	58	14	1.51515
13	4	15	0	0
14	10	53	8	0.794621
Instant	82
1	613	27	1	0
2	32	16	0	0
3	25	71	11	5.97762
4	328	15	0	0
11	26	18	0	0
12	25	64	25	1.19048
13	4	15	0	0
14	11	52	9	0.688705
Instant	83
1	591	28	2	0
2	30	16	0	0
3	18	73	16	5.72542
4	310	15	0	0
11	25	19	1	0
12	30	56	13	0.925926
13	4	15	0	0
14	10	50	9	0.860621
Instant	84
1	570	27	2	0.644841
2	20	16	0	0
3	15	68	21	7.28128
4	336	15	0	0
11	25	18	0	0
12	30	63	13	1.0101
13	4	15	0	0
14	12	47	7	0.777327
Instant	85
1	558	28	2	0.37155
2	25	16	0	0
3	15	70	16	6.71857
4	311	15	0	0
11	24	18	0	0
12	25	57	20	1.1396
13	4	15	0	0
14	9	46	8	1.01309
Instant	86
1	574	28	2	0
2	24	17	0	0
3	16	75	15	9.38628
4	318	15	0	0
11	25	19	1	0
12	36	54	17	0.816993
13	4	15	0	0
14	10	46	9	1.00062
Instant	87
1	618	27	1	0
2	17	15	0	0
3	27	72	18	5.66667
4	302	15	0	0
11	26	18	0	0
12	37	60	14	0.653595
13	4	15	0	0
14	9	51	10	1.03367
Instant	88
1	566	28	2	0.304878
2	23	16	0	0
3	21	80	11	4.15205
4	313	15	0	0
11	25	19	1	0
12	39	64	16	0.600601
13	4	15	0	0
14	10	46	8	0.974629
Instant	89
1	603	28	2	0
2	31	15	0	0
3	25	70	18	8.72727
4	309	15	0	0
11	25	19	1	0
12	40	61	8	0.653595
13	4	15	0	0
14	10	51	8	0.777638
Instant	90
1	605	26	1	0
2	23	16	0	0
3	26	69	16	4.64527
4	326	15	0	0
11	26	19	1	0
12	34	67	15	0.868056
13	4	15	0	0
14	11	50	7	0.719246
Instant	91
1	541	28	2	0.317797
2	28	15	0	0
3	21	73	19	5.29197
4	326	15	0	0
11	24	19	1	0
12	37	52	6	0.45045
13	4	15	0	0
14	11	49	8	0.81143
Instant	92
1	600	28	2	0
2	27	16	0	0
3	13	68	17	10.7143
4	314	15	0	0
11	26	18	0	0
12	24	54	12	1.0101
13	4	15	0	0
14	10	51	8	0.78801
Instant	93
1	584	27	1	0.298211
2	29	16	0	0
3	20	67	20	5.65878
4	310	15	0	0
11	25	18	0	0
12	41	56	10	0.841751
13	4	15	0	0
14	9	49	8	1.0299
Instant	94
1	593	28	1	0
2	38	16	0	0
3	22	64	19	4.75788
4	298	15	0	0
11	25	19	1	0
12	31	64	9	0.675676
13	4	15	0	0
14	9	50	10	0.919278
Instant	95
1	587	28	2	0
2	29	16	0	0
3	17	69	22	7.64881
4	328	15	0	0
11	25	19	1	0
12	28	54	20	1.38889
13	4	15	0	0
14	11	49	8	0.906225
Instant	96
1	525	27	2	0.752688
2	31	17	0	0
3	29	77	15	7.42274
4	293	15	0	0
11	24	19	1	0
12	12	57	27	1.38889
13	4	15	0	0
14	9	51	10	0.71004
Instant	97
1	532	28	2	0.32967
2	20	17	0	0
3	21	61	25	7.69896
4	320	15	0	0
11	23	19	1	0
12	40	56	10	0.880759
13	4	15	0	0
14	11	49	8	0.865735
Instant	98
1	544	29	2	0.580169
2	20	15	0	0
3	16	77	15	6.55397
4	302	15	0	0
11	24	19	0	0
12	31	64	17	0.980392
13	4	15	0	0
14	10	52	13	0.876068
Instant	99
1	592	28	1	0
2	28	16	0	0
3	16	76	14	6.97279
4	303	15	0	0
11	25	19	1	0
12	31	62	12	1.14379
13	4	15	0	0
14	10	47	10	0.738733
Instant	100
1	591	29	2	0.148221
2	23	16	0	0
3	19	72	20	3.87006
4	311	15	0	0
11	25	18	0	0
12	38	61	16	0.750751
13	4	15	0	0
14	9	47	10	0.951935
Instant	101
1	599	27	2	0
2	30	15	0	0
3	24	67	12	9.94152
4	290	15	0	0
11	26	19	1	0
12	32	71	8	0.898693
13	4	15	0	0
14	9	49	9	1.14555
Instant	102
1	613	27	2	0
2	20	15	0	0
3	20	73	20	6.28604
4	321	15	0	0
11	26	19	1	0
12	46	64	14	0.245098
13	4	15	0	0
14	11	48	8	0.763973
Instant	103
1	611	27	1	0
2	24	15	0	0
3	28	72	22	6.35179
4	341	15	0	0
11	26	19	1	0
12	39	56	12	0.45045
13	4	15	0	0
14	11	49	8	0.61092
Instant	104
1	526	29	1	0.381264
2	28	15	0	0
3	12	73	18	5.27389
4	315	15	0	0
11	23	19	1	0
12	36	59	21	0.816993
13	4	15	0	0
14	10	49	9	0.838446
Instant	105
1	601	26	1	0
2	23	15	0	0
3	20	76	20	9.22108
4	320	15	0	0
11	25	19	1	0
12	32	59	13	0.898693
13	4	15	0	0
14	10	50	9	0.894309
Instant	106
1	606	26	1	0
2	31	15	0	0
3	23	78	11	5.54598
4	309	15	0	0
11	26	20	1	0
12	29	51	13	0.975976
13	4	15	0	0
14	10	52	9	0.787154
Instant	107
1	599	28	2	0
2	28	15	0	0
3	15	70	18	7.31415
4	313	15	0	0
11	25	18	1	0
12	27	57	17	1.30719
13	4	15	0	0
14	10	47	8	0.920182
Instant	108
1	541	30	2	0.0520833
2	16	16	0	0
3	18	74	13	5.11494
4	299	15	0	0
11	24	20	1	0
12	46	63	16	0.163399
13	4	15	0	0
14	10	52	9	0.846354
Instant	109
1	613	28	2	0
2	22	17	0	0
3	23	75	19	9.70819
4	314	15	0	0
11	26	18	0	0
12	32	58	11	0.661376
13	4	15	0	0
14	10	50	8	0.856023
Instant	110
1	573	28	3	0.303644
2	25	14	0	0
3	21	68	17	7.38095
4	313	15	0	0
11	25	18	0	0
12	32	41	11	1.21528
13	4	15	0	0
14	10	49	9	0.806452
Instant	111
1	611	27	1	0
2	31	16	0	0
3	28	61	29	6.02958
4	302	15	0	0
11	26	19	1	0
12	43	59	11	0.326797
13	4	15	0	0
14	10	49	9	0.834403
Instant	112
1	598	27	2	0
2	33	16	0	0
3	21	76	19	6.04745
4	312	15	0	0
11	26	19	0	0
12	31	64	9	0.900901
13	4	15	0	0
14	10	46	8	0.848861
Instant	113
1	609	27	2	0
2	29	15	0	0
3	30	73	20	7.90816
4	316	15	0	0
11	25	19	1	0
12	48	51	9	0.0816993
13	4	15	0	0
14	10	47	7	0.882594
Instant	114
1	542	26	2	0.526316
2	32	14	0	0
3	12	63	21	5.80357
4	308	15	0	0
11	24	19	1	0
12	40	57	8	0.326797
13	4	15	0	0
14	9	48	8	1.04167
Instant	115
1	597	28	1	0
2	25	16	0	0
3	25	68	21	7.07331
4	315	15	0	0
11	25	19	1	0
12	39	47	11	0.375375
13	4	15	0	0
14	10	51	7	0.823045
Instant	116
1	585	27	1	0
2	18	15	0	0
3	20	64	21	6.70804
4	323	15	0	0
11	25	21	1	0
12	43	47	14	0.326797
13	4	15	0	0
14	10	47	8	0.780312
Instant	117
1	567	29	1	0.0520833
2	31	17	0	0
3	20	71	18	6.80751
4	325	15	0	0
11	24	20	1	0
12	33	66	14	1.06209
13	4	15	0	0
14	10	48	9	0.910992
Instant	118
1	608	27	1	0
2	34	17	0	0
3	27	65	15	5.10845
4	327	15	0	0
11	27	18	0	0
12	32	61	10	0.825826
13	4	15	0	0
14	11	48	8	0.835322
Instant	119
1	578	28	1	0.304878
2	23	17	0	0
3	17	77	20	7.75
4	311	15	0	0
11	25	19	0	0
12	28	64	9	0.898693
13	4	15	0	0
14	10	53	10	0.776042
