	T	D	J	LP
Instant	0
1	0	0	0	0
2	0	0	0	0
3	0	0	0	0
4	0	0	0	0
11	0	0	0	0
12	0	0	0	0
13	0	0	0	0
14	0	0	0	0
Instant	1
1	294	26	2	0
2	12	17	0	0
3	37	53	14	1.47569
4	133	16	0	0
11	12	18	0	0
12	30	72	10	6.8323
13	2	15	0	0
14	4	44	11	0.261126
Instant	2
1	1209	30	3	0.560429
2	27	16	0	0
3	36	67	21	6.01469
4	641	18	1	0
11	52	20	0	0
12	36	58	7	2.28091
13	5	15	0	0
14	23	47	6	0.533537
Instant	3
1	1299	29	3	0.0650477
2	31	16	0	0
3	59	68	18	4.24746
4	593	17	0	0
11	59	19	0	0
12	39	70	9	0.660264
13	5	15	0	0
14	21	46	6	0.671159
Instant	4
1	1389	31	3	0.344828
2	17	16	0	0
3	49	72	21	5.88768
4	593	17	0	0
11	60	19	0	0
12	40	52	6	0
13	5	15	0	0
14	22	43	6	0.611696
Instant	5
1	1277	28	3	0.0926784
2	30	15	0	0
3	45	70	21	4.52646
4	475	16	0	0
11	56	20	0	0
12	28	60	11	0.540216
13	5	15	0	0
14	17	43	7	0.664748
Instant	6
1	1413	27	3	0
2	30	14	0	0
3	47	71	22	4.47531
4	453	16	0	0
11	62	18	0	0
12	35	49	12	0.540216
13	5	15	0	0
14	16	46	7	0.576813
Instant	7
1	1461	28	2	0
2	22	16	0	0
3	41	72	15	7.63285
4	423	16	0	0
11	64	18	0	0
12	34	50	8	0.275786
13	5	15	0	0
14	15	49	7	0.680979
Instant	8
1	1382	28	2	0
2	31	15	0	0
3	52	67	16	4.12186
4	427	16	0	0
11	60	18	0	0
12	32	61	9	0.360144
13	5	15	0	0
14	16	51	7	0.526994
Instant	9
1	1051	27	3	0.0837054
2	31	15	0	0
3	52	67	21	6.61698
4	416	16	0	0
11	46	21	0	0
12	30	46	7	0.60024
13	6	15	0	0
14	15	46	9	0.523765
Instant	10
1	927	29	3	0
2	28	16	0	0
3	44	71	17	4.97807
4	398	16	0	0
11	41	19	0	0
12	33	53	9	0.275786
13	6	15	0	0
14	14	45	8	0.533561
Instant	11
1	959	27	2	0
2	27	16	0	0
3	43	66	18	5.51506
4	405	16	0	0
11	41	19	0	0
12	19	41	8	1.02041
13	5	15	0	0
14	15	46	8	0.617581
Instant	12
1	939	29	2	0.0304878
2	16	16	0	0
3	46	70	17	4.08497
4	408	16	0	0
11	41	19	0	0
12	31	71	11	0.480192
13	5	15	0	0
14	15	47	8	0.440896
Instant	13
1	1041	27	2	0.0285714
2	29	16	0	0
3	45	69	18	7.26496
4	404	16	0	0
11	45	20	0	0
12	23	58	10	0.728863
13	5	15	0	0
14	14	48	7	0.60789
Instant	14
1	1076	28	3	0
2	27	16	0	0
3	46	71	18	5.53241
4	406	16	0	0
11	48	19	1	0
12	39	73	10	0.120048
13	5	15	0	0
14	15	45	7	0.443858
Instant	15
1	869	31	4	0.469169
2	35	16	0	0
3	39	62	17	4.87465
4	366	15	0	0
11	38	19	1	0
12	30	54	12	0.660264
13	5	15	0	0
14	13	47	7	0.61548
Instant	16
1	926	28	2	0
2	31	15	0	0
3	51	69	16	7.21767
4	387	15	0	0
11	39	19	0	0
12	18	62	13	1.26862
13	5	15	0	0
14	14	45	8	0.565327
Instant	17
1	671	31	3	0.377517
2	18	16	0	0
3	56	74	15	5.2168
4	375	15	0	0
11	30	20	0	0
12	28	63	11	0.60024
13	5	15	0	0
14	13	45	7	0.667873
Instant	18
1	665	28	3	0.267857
2	17	15	0	0
3	46	73	16	4.10896
4	398	16	0	0
11	28	19	0	0
12	32	59	4	0.480192
13	5	15	0	0
14	15	45	8	0.531567
Instant	19
1	712	27	1	0.124172
2	28	15	0	0
3	47	67	22	6.52557
4	405	16	0	0
11	30	19	0	0
12	35	59	12	0.220629
13	6	15	0	0
14	15	47	8	0.464744
Instant	20
1	754	30	3	0.115207
2	15	15	0	0
3	36	69	18	5.74713
4	386	16	0	0
11	33	18	1	0
12	36	65	11	0.120048
13	5	15	0	0
14	14	49	8	0.600034
Instant	21
1	624	30	2	0.739372
2	25	16	0	0
3	39	77	15	5.91621
4	400	16	0	0
11	28	19	0	0
12	25	55	10	0.720288
13	5	15	0	0
14	14	44	7	0.547179
Instant	22
1	651	28	2	0.0899281
2	25	16	0	0
3	48	69	12	4.89805
4	374	15	0	0
11	28	19	0	0
12	22	57	11	0.937672
13	5	15	0	0
14	13	47	9	0.666144
Instant	23
1	633	27	1	0.275229
2	24	15	0	0
3	39	69	18	6.23809
4	364	15	0	0
11	27	19	0	0
12	28	57	10	0.660264
13	5	15	0	0
14	13	51	8	0.543091
Instant	24
1	629	27	1	0
2	19	15	0	0
3	50	69	19	5.61694
4	382	16	0	0
11	28	20	0	0
12	24	56	13	0.90036
13	5	15	0	0
14	14	49	9	0.577642
Instant	25
1	711	26	2	0
2	25	16	0	0
3	54	66	14	5.40418
4	410	16	0	0
11	30	19	1	0
12	16	70	18	1.02041
13	5	15	0	0
14	15	46	7	0.463403
Instant	26
1	676	28	2	0.29661
2	35	17	0	0
3	37	68	20	4.53466
4	427	15	0	0
11	30	19	1	0
12	21	62	18	1.02041
13	5	15	0	0
14	15	44	7	0.563166
Instant	27
1	737	27	1	0
2	18	15	0	0
3	59	66	21	3.50529
4	379	16	0	0
11	31	19	0	0
12	23	76	9	1.38055
13	6	15	0	0
14	13	50	8	0.727989
Instant	28
1	688	28	2	0
2	22	15	0	0
3	47	69	18	6.73077
4	381	15	0	0
11	30	19	0	0
12	28	46	10	0.453515
13	5	15	0	0
14	13	44	8	0.626278
Instant	29
1	743	27	2	0.233645
2	38	15	0	0
3	53	63	15	5.24079
4	358	15	0	0
11	32	19	1	0
12	34	62	12	0.360144
13	5	15	0	0
14	13	48	9	0.638587
Instant	30
1	972	28	2	0
2	36	15	0	0
3	37	65	23	8.241
4	366	16	0	0
11	42	18	0	0
12	30	57	10	0.720288
13	5	15	0	0
14	13	48	8	0.572417
Instant	31
1	862	31	3	0.166003
2	22	15	0	0
3	48	74	19	5.18518
4	356	16	0	0
11	39	20	0	0
12	36	57	9	0.220629
13	5	15	0	0
14	12	48	7	0.584155
Instant	32
1	834	30	3	0.213068
2	20	15	0	0
3	58	69	18	5.21978
4	344	15	0	0
11	36	19	1	0
12	36	60	8	0.30012
13	6	15	0	0
14	12	47	7	0.698377
Instant	33
1	778	30	3	0.266362
2	25	16	0	0
3	39	65	20	6.02119
4	336	16	0	0
11	33	19	0	0
12	21	52	13	1.02041
13	5	15	0	0
14	11	50	8	0.717726
Instant	34
1	696	27	2	0.164204
2	15	16	0	0
3	48	72	19	5.93638
4	348	15	0	0
11	31	20	0	0
12	26	61	14	0.496415
13	5	15	0	0
14	13	48	8	0.613839
Instant	35
1	646	27	2	0.668449
2	18	17	0	0
3	40	62	23	4.64015
4	365	16	0	0
11	28	18	0	0
12	28	57	6	0.780312
13	5	15	0	0
14	13	47	7	0.499109
Instant	36
1	748	29	2	0
2	22	16	0	0
3	41	73	21	7.04607
4	380	16	0	0
11	32	18	0	0
12	37	53	10	0
13	6	15	0	0
14	14	46	7	0.488683
Instant	37
1	683	27	2	0.33557
2	25	16	0	0
3	48	70	14	4.70615
4	327	15	0	0
11	30	19	0	0
12	26	56	16	0.58309
13	5	15	0	0
14	11	48	8	0.733846
Instant	38
1	618	26	1	0.327103
2	30	15	0	0
3	29	73	20	4.65616
4	359	15	0	0
11	27	18	0	0
12	35	61	13	0.540216
13	5	15	0	0
14	13	47	8	0.524792
Instant	39
1	652	28	1	0
2	25	14	0	0
3	65	72	18	6.07498
4	369	16	0	0
11	28	18	0	0
12	31	60	8	0.480192
13	6	15	0	0
14	14	46	7	0.524137
Instant	40
1	648	28	1	0
2	25	15	0	0
3	49	71	18	4.29088
4	364	15	0	0
11	27	19	0	0
12	23	64	10	0.99283
13	5	15	0	0
14	13	50	9	0.61943
Instant	41
1	669	26	1	0
2	24	15	0	0
3	45	71	16	6.41373
4	347	15	0	0
11	29	19	0	0
12	31	69	11	0.540216
13	5	15	0	0
14	12	48	8	0.676558
Instant	42
1	616	28	1	0
2	23	16	0	0
3	54	74	15	4.78142
4	351	15	0	0
11	27	20	0	0
12	23	71	19	1.02041
13	5	15	0	0
14	12	45	8	0.528298
Instant	43
1	667	28	3	0.0883392
2	24	17	0	0
3	56	69	19	4.45175
4	378	15	0	0
11	28	19	0	0
12	27	51	15	0.606729
13	5	15	0	0
14	14	44	7	0.571895
Instant	44
1	635	28	2	0.805009
2	25	15	0	0
3	49	71	16	6.18985
4	368	15	0	0
11	28	19	1	0
12	30	57	8	0.360144
13	6	15	0	0
14	13	46	7	0.599647
Instant	45
1	655	29	2	0
2	20	15	0	0
3	38	67	26	6.95225
4	376	15	0	0
11	27	19	1	0
12	22	60	10	1.08043
13	5	15	0	0
14	13	47	7	0.553825
Instant	46
1	635	29	2	0.0456204
2	29	15	0	0
3	48	76	12	4.6347
4	389	16	0	0
11	28	19	0	0
12	23	62	5	0.772201
13	5	15	0	0
14	14	48	8	0.588088
Instant	47
1	635	27	1	0.323475
2	23	16	0	0
3	45	64	16	4.75225
4	369	15	0	0
11	27	19	0	0
12	38	62	10	0.240096
13	6	15	0	0
14	13	45	7	0.63425
Instant	48
1	706	27	3	0.247525
2	25	16	0	0
3	42	72	15	7.78237
4	354	15	0	0
11	31	18	0	0
12	30	54	11	0.420168
13	5	15	0	0
14	12	48	7	0.621547
Instant	49
1	716	27	1	0
2	24	17	0	0
3	40	71	13	4.48718
4	343	16	0	0
11	31	20	0	0
12	29	63	9	0.437318
13	5	15	0	0
14	11	48	7	0.72361
Instant	50
1	646	27	1	0
2	22	17	0	0
3	55	72	15	5.53333
4	349	15	0	0
11	29	19	0	0
12	26	68	9	0.840336
13	6	15	0	0
14	12	46	8	0.77023
Instant	51
1	667	26	1	0
2	13	18	0	0
3	44	72	15	5.46667
4	341	15	0	0
11	28	19	0	0
12	37	60	9	0.360144
13	6	15	0	0
14	11	51	7	0.694444
Instant	52
1	572	27	2	0.354251
2	21	16	0	0
3	44	69	28	7.04942
4	343	15	0	0
11	25	20	1	0
12	20	70	14	0.793651
13	5	15	0	0
14	12	46	8	0.669134
Instant	53
1	666	25	1	0
2	32	16	0	0
3	57	72	20	5.58376
4	373	15	0	0
11	29	19	0	0
12	26	60	10	0.660264
13	6	15	0	0
14	14	48	8	0.615183
Instant	54
1	621	28	1	0
2	15	15	0	0
3	40	68	18	5.2682
4	358	16	0	0
11	27	20	1	0
12	30	58	15	0.90036
13	5	15	0	0
14	12	48	9	0.543478
Instant	55
1	660	30	2	0.530035
2	29	16	0	0
3	56	71	16	4.60758
4	380	16	0	0
11	28	18	0	0
12	35	46	7	0.275786
13	6	15	0	0
14	14	42	7	0.538462
Instant	56
1	680	30	2	0.33557
2	27	16	0	0
3	30	63	17	6.62879
4	352	15	0	0
11	30	20	0	0
12	21	50	12	0.90036
13	5	15	0	0
14	12	45	8	0.606395
Instant	57
1	699	28	3	0.0423012
2	24	16	0	0
3	33	64	20	6.23188
4	376	16	0	0
11	30	19	1	0
12	42	45	5	0
13	5	15	0	0
14	13	47	7	0.667873
Instant	58
1	700	30	2	0
2	23	16	0	0
3	50	64	19	5.72776
4	385	16	0	0
11	30	18	0	0
12	23	53	12	0.3861
13	6	15	0	0
14	14	44	8	0.522413
Instant	59
1	704	27	1	0
2	23	18	0	0
3	46	69	18	5.99647
4	375	16	0	0
11	30	19	0	0
12	28	63	12	1.2605
13	6	15	0	0
14	13	47	9	0.710326
Instant	60
1	693	27	2	0.2443
2	26	16	0	0
3	43	67	22	4.87288
4	359	15	0	0
11	31	19	1	0
12	21	58	14	1.08043
13	5	15	0	0
14	12	47	8	0.644144
Instant	61
1	680	27	2	0.252951
2	17	16	0	0
3	61	68	25	6.12477
4	368	16	0	0
11	30	18	0	0
12	24	60	5	0.631681
13	5	15	0	0
14	13	48	8	0.60911
Instant	62
1	745	25	2	0.0396197
2	24	15	0	0
3	45	71	17	5.19663
4	344	15	0	0
11	32	18	0	0
12	33	62	13	0.180072
13	5	15	0	0
14	12	48	9	0.769158
Instant	63
1	641	28	1	0
2	24	16	0	0
3	62	63	19	4.06504
4	345	15	0	0
11	27	19	0	0
12	14	57	14	1.38055
13	6	15	0	0
14	12	44	8	0.650019
Instant	64
1	659	28	2	0
2	25	17	0	0
3	42	69	18	6.04396
4	337	15	0	0
11	28	19	0	0
12	22	40	9	1.26862
13	5	15	0	0
14	11	48	9	0.746628
Instant	65
1	588	28	2	0.340467
2	20	16	1	0
3	49	74	17	5.97184
4	378	15	0	0
11	26	20	1	0
12	30	56	17	0.420168
13	5	15	0	0
14	13	47	7	0.560732
Instant	66
1	626	28	2	0.0462963
2	24	17	0	0
3	41	73	16	5.21699
4	350	16	0	0
11	27	21	1	0
12	20	55	12	1.14046
13	5	15	0	0
14	12	46	9	0.616943
Instant	67
1	665	27	1	0
2	21	15	1	0
3	47	62	18	5.3653
4	347	15	0	0
11	29	18	0	0
12	23	61	10	0.99283
13	5	15	0	0
14	12	48	9	0.574552
Instant	68
1	630	28	2	0.0464684
2	25	16	0	0
3	45	77	15	6.69362
4	367	15	0	0
11	27	20	0	0
12	29	67	13	0.446429
13	5	15	0	0
14	13	49	8	0.636267
Instant	69
1	596	27	2	0.387597
2	29	17	0	0
3	39	69	15	5.27108
4	372	16	0	0
11	26	20	1	0
12	27	57	13	0.780312
13	5	15	0	0
14	13	45	7	0.690077
Instant	70
1	647	28	2	0.276243
2	21	16	0	0
3	53	72	18	4.80263
4	384	16	0	0
11	27	18	0	0
12	27	62	15	0.661886
13	6	15	0	0
14	14	48	7	0.524535
Instant	71
1	572	29	2	0.390625
2	24	16	0	0
3	51	75	18	5.56306
4	349	15	0	0
11	25	19	0	0
12	29	55	9	0.60024
13	5	15	0	0
14	12	47	7	0.792319
Instant	72
1	774	27	2	0
2	18	15	0	0
3	49	71	15	5.76923
4	366	16	0	0
11	34	18	0	0
12	19	54	13	1.05133
13	5	15	0	0
14	13	45	8	0.523607
Instant	73
1	583	30	3	0.6917
2	32	15	0	0
3	57	66	17	5.69728
4	358	15	0	0
11	26	19	0	0
12	24	60	12	0.696864
13	6	15	0	0
14	13	46	8	0.484075
Instant	74
1	631	27	2	0
2	20	16	0	0
3	54	70	19	4.33604
4	356	15	0	0
11	26	19	0	0
12	31	71	9	0.480192
13	6	15	0	0
14	13	48	7	0.500911
Instant	75
1	590	27	1	0
2	28	16	0	0
3	38	71	20	5.7423
4	329	15	0	0
11	26	20	1	0
12	26	72	15	1.11317
13	5	15	0	0
14	11	47	8	0.737028
Instant	76
1	600	28	1	0
2	24	17	0	0
3	47	72	17	6.38441
4	336	15	0	0
11	25	19	1	0
12	8	82	4	1.53061
13	5	15	0	0
14	11	47	6	0.806296
Instant	77
1	585	28	2	0
2	17	18	0	0
3	47	69	21	4.47443
4	361	16	0	0
11	25	19	1	0
12	35	50	7	0.255102
13	5	15	0	0
14	12	43	7	0.603604
Instant	78
1	596	29	2	0
2	27	15	0	0
3	61	74	15	4.95924
4	345	15	0	0
11	25	19	1	0
12	27	47	8	0.701531
13	5	15	0	0
14	12	46	7	0.677201
Instant	79
1	578	27	1	0
2	22	15	0	0
3	39	59	21	5.86957
4	344	15	0	0
11	25	20	1	0
12	27	73	8	0.551572
13	5	15	0	0
14	12	45	9	0.645739
Instant	80
1	535	27	1	0.382932
2	23	16	0	0
3	51	65	24	4.84973
4	365	16	0	0
11	23	20	1	0
12	35	49	11	0.309215
13	5	15	0	0
14	12	45	7	0.649235
Instant	81
1	574	28	1	0
2	19	17	0	0
3	41	68	19	5.05194
4	364	15	0	0
11	25	19	0	0
12	21	47	16	0.803958
13	5	15	0	0
14	13	48	8	0.635517
Instant	82
1	568	29	2	0.356415
2	23	17	0	0
3	54	67	18	6.00559
4	358	15	0	0
11	25	19	1	0
12	23	53	6	0.874636
13	5	15	0	0
14	13	49	11	0.597826
Instant	83
1	577	29	2	0.0509165
2	26	15	0	0
3	52	73	16	6.06061
4	357	16	0	0
11	25	19	1	0
12	35	58	14	0.309215
13	6	15	0	0
14	13	45	7	0.59459
Instant	84
1	571	29	2	0.308642
2	25	16	0	0
3	44	54	26	4.08357
4	359	15	0	0
11	24	19	1	0
12	33	59	10	0.4329
13	5	15	0	0
14	13	46	7	0.622969
Instant	85
1	599	27	1	0
2	26	15	0	0
3	57	69	14	5.66038
4	338	15	0	0
11	26	18	0	0
12	26	48	8	0.523286
13	5	15	0	0
14	12	50	9	0.679977
Instant	86
1	599	27	1	0.287356
2	34	14	0	0
3	54	67	15	5.44041
4	354	15	0	0
11	26	19	0	0
12	25	65	17	0.720288
13	6	15	0	0
14	12	45	9	0.677656
Instant	87
1	520	30	2	0.343249
2	26	18	0	0
3	51	72	15	5.41188
4	355	15	0	0
11	22	19	1	0
12	30	63	12	0.840336
13	5	15	0	0
14	12	47	9	0.625914
Instant	88
1	590	28	1	0
2	29	18	0	0
3	42	69	13	4.86891
4	344	15	0	0
11	25	19	1	0
12	16	49	9	0.937672
13	5	15	0	0
14	12	46	8	0.651189
Instant	89
1	566	28	2	0.301205
2	21	16	0	0
3	47	68	23	7.04787
4	361	15	0	0
11	25	18	0	0
12	25	50	12	1.02041
13	5	15	0	0
14	13	47	7	0.658369
Instant	90
1	596	28	2	0
2	20	17	0	0
3	45	70	21	5.05465
4	325	16	0	0
11	26	19	1	0
12	24	64	12	1.08418
13	6	15	0	0
14	11	46	10	0.663892
Instant	91
1	592	27	1	0.301205
2	27	16	0	0
3	45	66	18	6.11753
4	342	15	0	0
11	25	19	1	0
12	16	55	17	0.99283
13	5	15	0	0
14	12	48	8	0.681818
Instant	92
1	592	27	1	0
2	28	17	0	0
3	51	67	16	5.28674
4	368	15	0	0
11	25	18	0	0.297619
12	30	56	7	0.742115
13	5	15	0	0
14	13	47	8	0.568586
Instant	93
1	544	27	2	0.319149
2	27	15	0	0
3	47	67	23	5.08748
4	338	15	0	0
11	24	21	1	0
12	25	46	11	0.742115
13	5	15	0	0
14	11	47	8	0.767165
Instant	94
1	545	25	1	0.703463
2	24	16	0	0
3	57	72	17	6.05862
4	376	16	0	0
11	23	19	1	0
12	19	56	16	1.21346
13	6	15	0	0
14	13	46	8	0.595238
Instant	95
1	558	27	2	0.0510204
2	24	15	0	0
3	48	77	27	4.00901
4	375	16	0	0
11	25	19	1	0
12	34	57	11	0.240096
13	5	15	0	0
14	13	48	7	0.619369
Instant	96
1	603	28	2	0
2	23	15	0	0
3	38	75	16	4.3616
4	370	16	0	0
11	26	19	1	0
12	23	56	15	0.840336
13	5	15	0	0
14	13	45	6	0.627854
Instant	97
1	625	27	2	0
2	24	15	0	0
3	39	74	18	7.93119
4	366	16	0	0
11	27	18	0	0
12	29	59	8	0.547536
13	5	15	0	0
14	13	46	7	0.626333
Instant	98
1	564	30	1	0
2	31	17	0	0
3	56	67	18	4.31034
4	376	15	0	0
11	24	18	0	0
12	12	42	6	1.44058
13	6	15	0	0
14	13	43	7	0.64036
Instant	99
1	612	27	1	0.284091
2	31	17	0	0
3	40	72	14	5.54769
4	373	16	0	0
11	27	19	1	0
12	17	76	17	1.32053
13	5	15	0	0
14	14	45	8	0.533403
Instant	100
1	601	28	2	0.145349
2	37	15	0	0
3	46	64	23	6.29017
4	352	15	0	0
11	26	19	0	0
12	32	69	8	0.551572
13	5	15	0	0
14	12	47	8	0.620861
Instant	101
1	677	27	2	0
2	27	16	0	0
3	46	64	12	5.27066
4	345	15	0	0
11	29	18	0	0
12	31	54	15	0.30012
13	5	15	0	0
14	12	46	8	0.675676
Instant	102
1	639	27	2	0
2	22	15	0	0
3	47	67	18	4.97238
4	343	15	0	0
11	28	19	1	0
12	37	69	9	0.540216
13	5	15	0	0
14	12	47	7	0.631169
Instant	103
1	688	27	2	0.25
2	36	17	0	0
3	53	71	18	6.43739
4	363	16	0	0
11	30	18	0	0
12	29	63	13	0.441258
13	6	15	0	0
14	13	45	7	0.735558
Instant	104
1	718	27	2	0
2	23	16	0	0
3	51	69	20	4.28824
4	373	15	0	0
11	31	19	1	0
12	16	77	17	1.08043
13	6	15	0	0
14	13	48	7	0.603299
Instant	105
1	721	30	2	0
2	18	15	0	0
3	56	69	17	5.85344
4	361	16	0	0
11	31	19	0	0
12	10	53	14	1.56062
13	5	15	0	0
14	13	48	10	0.501792
Instant	106
1	805	29	2	0.183554
2	28	15	0	0
3	44	70	19	6.88825
4	381	15	0	0
11	35	18	0	0
12	25	50	7	0.827358
13	5	15	0	0
14	13	43	7	0.521903
Instant	107
1	743	27	1	0
2	37	16	0	0
3	47	73	13	4.30036
4	350	16	0	0
11	32	18	0	0
12	34	60	10	0.480192
13	5	15	0	0
14	12	49	7	0.597866
Instant	108
1	695	27	2	0
2	31	16	0	0
3	40	72	19	6.93237
4	353	15	0	0
11	30	19	1	0
12	29	56	11	0.60024
13	5	15	0	0
14	12	49	7	0.788164
Instant	109
1	573	27	2	0
2	26	16	0	0
3	45	70	13	5.95562
4	363	15	0	0
11	25	21	2	0
12	28	69	8	0.485909
13	6	15	0	0
14	13	50	9	0.629689
Instant	110
1	555	27	2	1.03306
2	17	16	0	0
3	33	69	19	6.34111
4	396	16	0	0
11	24	19	1	0
12	44	59	10	0
13	5	15	0	0
14	14	46	7	0.606359
Instant	111
1	600	27	1	0
2	22	16	0	0
3	41	71	19	5.24781
4	389	15	0	0
11	26	19	1	0
12	34	61	10	0.480192
13	5	15	0	0
14	13	46	8	0.54638
Instant	112
1	576	28	2	0.254582
2	30	15	0	0
3	60	70	16	5.17164
4	372	15	0	0
11	24	18	0	0
12	26	53	9	0.661886
13	6	15	0	0
14	13	44	8	0.605823
Instant	113
1	613	27	1	0.047259
2	24	16	0	0
3	49	74	14	4.61931
4	376	15	0	0
11	26	18	0	0
12	21	51	10	0.540216
13	5	15	0	0
14	13	47	8	0.692281
Instant	114
1	551	27	1	0.373134
2	29	15	0	0
3	43	70	12	5.92486
4	394	15	0	0
11	23	18	0	0
12	29	62	11	0.840336
13	5	15	0	0
14	14	44	7	0.51054
Instant	115
1	575	28	2	0
2	31	16	0	0
3	46	70	15	6.11578
4	356	15	0	0
11	25	19	1	0
12	25	53	7	0.441258
13	5	15	0	0
14	12	47	7	0.709607
Instant	116
1	546	29	2	0.791139
2	30	14	0	0
3	47	70	13	5.46139
4	381	16	0	0
11	24	19	1	0
12	32	60	12	0.960384
13	5	15	0	0
14	14	44	7	0.558683
Instant	117
1	589	28	1	0
2	20	16	0	0
3	44	65	15	5.46448
4	367	16	0	0
11	25	18	1	0
12	20	45	13	0.480192
13	5	15	0	0
14	13	44	8	0.626766
Instant	118
1	606	28	1	0
2	21	16	0	0
3	48	72	21	5.54801
4	364	16	0	0
11	26	19	1	0
12	26	62	11	1.10314
13	5	15	0	0
14	13	49	8	0.562099
Instant	119
1	577	27	2	0.0490196
2	25	16	0	0
3	51	72	18	4.375
4	392	15	0	0
11	26	19	0	0
12	29	72	11	0.780312
13	5	15	0	0
14	14	45	8	0.493367
