	T	D	J	LP
Instant	0
1	0	0	0	0
2	0	0	0	0
3	0	0	0	0
4	0	0	0	0
11	0	0	0	0
12	0	0	0	0
13	0	0	0	0
14	0	0	0	0
Instant	1
1	375	26	1	0
2	16	13	0	0
3	253	39	4	0
4	296	13	0	0
11	15	17	0	0
12	138	42	6	0
13	11	13	0	0
14	10	41	6	0
Instant	2
1	1679	27	2	0
2	16	14	0	0
3	802	43	7	0.755396
4	1818	13	0	0
11	73	18	0	0
12	296	52	11	2.57353
13	36	13	0	0
14	78	37	1	0.185844
Instant	3
1	1588	26	2	0
2	44	13	0	0
3	777	41	7	1.05225
4	1699	13	0	0
11	69	18	0	0
12	305	56	9	0.919118
13	35	13	0	0
14	73	40	2	0.320069
Instant	4
1	1326	27	2	0
2	28	13	0	0
3	689	41	6	1.26222
4	1594	13	0	0
11	59	18	0	0
12	279	55	10	1.18243
13	31	13	0	0
14	68	41	3	0.285556
Instant	5
1	1340	27	2	0.0447628
2	27	13	0	0
3	700	38	5	0.532787
4	1263	13	0	0
11	58	17	0	0
12	273	51	13	1.65441
13	31	13	0	0
14	55	39	3	0.116387
Instant	6
1	1209	26	2	0.0487805
2	42	13	0	0
3	728	38	5	0.198728
4	847	13	0	0
11	52	17	0	0
12	267	52	8	2.94118
13	32	13	0	0
14	36	40	4	0.295139
Instant	7
1	1072	25	2	0
2	30	13	0	0
3	832	37	5	0.0352113
4	701	13	0	0
11	47	18	0	0
12	267	51	7	0.506757
13	36	13	0	0
14	29	42	6	0.292642
Instant	8
1	1002	27	2	0
2	36	13	0	0
3	687	37	5	0
4	770	13	0	0
11	44	18	0	0
12	252	46	6	2.57353
13	29	13	0	0
14	33	38	4	0.0954198
Instant	9
1	967	25	1	0
2	40	13	0	0
3	613	36	5	0.0468165
4	591	13	0	0
11	42	18	0	0.242718
12	262	48	8	1.47059
13	27	13	0	0
14	25	39	5	0.27336
Instant	10
1	1078	25	2	0
2	14	13	0	0
3	622	36	3	0
4	628	13	0	0
11	47	17	0	0
12	264	51	7	0
13	26	13	0	0
14	26	37	3	0.140187
Instant	11
1	1056	26	2	0
2	18	13	0	0
3	590	36	6	0.531915
4	605	13	0	0
11	46	18	0	0
12	267	52	8	1.10294
13	26	13	0	0
14	25	38	4	0.508721
Instant	12
1	872	27	2	0.374659
2	23	13	0	0
3	567	39	6	0.4158
4	592	13	0	0
11	38	17	0	0
12	266	43	8	0.735294
13	24	13	0	0
14	25	40	4	0.149105
Instant	13
1	500	27	2	1.73378
2	36	13	0	0
3	586	37	5	0.289575
4	590	13	0	0
11	23	18	1	0
12	251	48	7	1.78571
13	26	13	0	0
14	24	40	5	0.223658
Instant	14
1	507	27	1	1.03037
2	15	13	0	0
3	524	36	5	0.759219
4	583	13	0	0
11	23	17	0	0
12	296	48	7	1.10294
13	23	13	0	0
14	24	41	5	0.301811
Instant	15
1	528	29	2	0.269978
2	32	13	0	0
3	453	38	5	1.73267
4	601	13	0	0
11	23	18	1	0
12	246	49	8	4.59559
13	20	13	0	0
14	25	40	5	0.146771
Instant	16
1	585	27	2	0.146771
2	25	13	0	0
3	568	35	4	0.200401
4	612	13	0	0
11	26	16	0	0
12	246	47	8	2.7027
13	25	13	0	0
14	26	37	4	0.359195
Instant	17
1	565	27	1	0.681342
2	18	13	0	0
3	582	36	4	0.101833
4	597	13	0	0
11	24	18	0	0
12	282	44	7	1.28676
13	25	13	0	0
14	24	39	4	0.295276
Instant	18
1	625	28	2	0.0473485
2	24	13	0	0
3	561	37	3	0
4	626	13	0	0
11	26	17	0	0
12	261	49	8	1.10294
13	24	13	0	0
14	26	38	4	0.281426
Instant	19
1	564	28	2	0.15
2	11	13	0	0
3	566	35	4	0.30426
4	545	13	0	0
11	25	18	0	0
12	253	48	9	1.85811
13	25	13	0	0
14	22	38	5	0.674946
Instant	20
1	501	30	3	1.23874
2	21	13	0	0
3	573	36	4	0.101626
4	539	13	0	0
11	22	18	1	0
12	274	50	10	1.83824
13	25	13	0	0
14	22	39	5	0.0816993
Instant	21
1	553	26	1	0.671488
2	7	13	0	0
3	596	35	3	0.0497018
4	529	13	0	0
11	25	17	0	0
12	269	46	7	0.183824
13	25	13	0	0
14	22	39	5	0.166667
Instant	22
1	600	27	1	0.341797
2	23	13	0	0
3	585	36	4	0.0507099
4	517	13	0	0
11	25	17	0	0
12	267	44	9	0.506757
13	25	13	0	0
14	22	37	5	0.311791
Instant	23
1	538	27	2	0.889121
2	7	13	0	0
3	498	37	4	0.730337
4	542	13	0	0
11	24	16	0	0
12	273	44	8	1.83824
13	22	13	0	0
14	22	38	4	0.324675
Instant	24
1	657	26	1	0.134168
2	24	13	0	0
3	611	35	3	0.0984252
4	546	13	0	0
11	28	17	0	0
12	263	47	6	0.367647
13	25	13	0	0
14	23	37	5	0.241935
Instant	25
1	591	27	1	0.335249
2	35	13	0	0
3	561	34	4	0.444664
4	546	13	0	0
11	26	17	0	0
12	244	44	7	1.78571
13	26	13	0	0
14	22	38	4	0.322581
Instant	26
1	606	26	1	0.581395
2	22	13	0	0
3	528	37	4	0.764192
4	548	13	0	0
11	26	17	0	0
12	316	45	7	0.735294
13	23	13	0	0
14	23	39	4	0.321199
Instant	27
1	575	27	2	0.352823
2	15	13	0	0
3	562	36	3	0.309917
4	632	13	0	0
11	25	17	0	0
12	251	51	7	2.02206
13	25	13	0	0
14	27	35	4	0.0697026
Instant	28
1	620	26	1	0.277264
2	10	13	0	0
3	594	35	4	0
4	581	13	0	0
11	27	17	0	0
12	275	46	7	1.90972
13	25	13	0	0
14	24	37	4	0.226815
Instant	29
1	618	26	1	0.285171
2	29	13	0	0
3	573	36	3	0
4	550	13	0	0
11	26	17	0	0
12	264	44	7	0.919118
13	25	13	0	0
14	23	37	5	0.239872
Instant	30
1	536	28	2	0.578947
2	25	13	0	0
3	552	34	3	0.821355
4	558	13	0	0
11	24	18	1	0
12	252	45	7	5.33088
13	24	13	0	0
14	23	38	5	0.237342
Instant	31
1	614	25	1	0.284091
2	29	13	0	0
3	600	34	4	0
4	551	13	0	0
11	27	18	1	0
12	269	45	8	0.675676
13	25	13	0	0
14	22	39	5	0.398089
Instant	32
1	596	27	2	0.288462
2	29	13	0	0
3	604	33	3	0.0486381
4	594	13	0	0
11	26	17	0	0
12	267	45	9	0.919118
13	26	13	0	0
14	25	36	4	0.544554
Instant	33
1	641	27	1	0
2	17	13	0	0
3	557	37	4	0.518672
4	609	13	0	0
11	27	16	0	0
12	262	48	7	3.125
13	24	13	0	0
14	25	39	4	0.337187
Instant	34
1	588	26	1	0.30303
2	13	13	0	0
3	580	34	3	0.298805
4	699	13	0	0
11	25	17	0	0
12	268	44	7	0.168919
13	25	13	0	0
14	29	36	4	0.0629195
Instant	35
1	627	25	1	0.277778
2	20	13	0	0
3	571	35	4	0.357143
4	622	13	0	0
11	27	17	0	0
12	280	44	6	0
13	24	13	0	0
14	26	37	4	0.401701
Instant	36
1	568	27	1	0.604839
2	27	13	0	0
3	582	36	5	0.150602
4	575	13	0	0
11	25	18	0	0
12	261	40	6	1.83824
13	25	13	0	0
14	24	40	5	0.306748
Instant	37
1	560	26	1	0.955734
2	12	13	0	0
3	575	35	5	0.349301
4	543	13	0	0
11	25	17	0	0
12	268	47	8	0
13	25	13	0	0
14	22	38	5	0.431965
Instant	38
1	641	26	1	0
2	19	13	0	0
3	549	35	4	0.574113
4	543	13	0	0
11	27	17	0	0
12	301	45	6	2.20588
13	24	13	0	0
14	23	37	4	0.162338
Instant	39
1	667	24	1	0.258621
2	26	13	0	0
3	636	32	2	0
4	578	13	0	0
11	29	16	0	0
12	294	40	6	0
13	27	13	0	0
14	25	36	4	0
Instant	40
1	567	26	1	0.30426
2	17	13	0	0
3	548	36	5	0.313808
4	512	13	0	0
11	25	18	1	0
12	247	43	6	2.53378
13	24	13	0	0
14	21	40	5	0.257437
Instant	41
1	546	28	2	0.729167
2	19	13	0	0
3	558	36	6	0.514403
4	505	13	0	0
11	24	18	0	0
12	289	45	8	0.919118
13	24	13	0	0
14	21	39	5	0.494186
Instant	42
1	613	28	1	0
2	13	13	0	0
3	574	34	4	0.305499
4	525	13	0	0
11	27	17	0	0
12	255	48	8	1.65441
13	25	13	0	0
14	22	40	5	0.251678
Instant	43
1	663	26	1	0
2	19	13	0	0
3	531	36	4	0.485961
4	535	13	0	0
11	27	17	0	0
12	240	41	6	1.18243
13	23	13	0	0
14	22	38	4	0.164474
Instant	44
1	623	27	1	0.0464684
2	24	13	0	0
3	500	36	4	1.37665
4	504	13	0	0
11	27	18	0	0
12	281	46	6	2.57353
13	23	13	0	0
14	20	40	6	0.699301
Instant	45
1	640	26	1	0
2	17	13	0	0
3	605	33	2	0.0490196
4	553	13	0	0
11	27	17	0	0
12	264	45	7	0
13	26	13	0	0
14	23	36	4	0.0796178
Instant	46
1	657	25	0	0
2	26	13	0	0
3	598	34	3	0.291829
4	550	13	0	0
11	28	17	0	0
12	267	41	6	1.68919
13	26	13	0	0
14	23	37	4	0.240385
Instant	47
1	602	25	1	0.448207
2	30	13	0	0
3	552	33	4	0.675676
4	534	13	0	0
11	25	18	0	0
12	284	40	5	0.551471
13	24	13	0	0
14	22	39	5	0.246711
Instant	48
1	624	25	0	0.271739
2	31	13	0	0
3	575	33	3	0.199203
4	527	13	0	0
11	28	17	0	0
12	272	43	6	0
13	25	13	0	0
14	22	40	5	0.0833333
Instant	49
1	593	26	1	0.574713
2	31	13	0	0
3	559	35	3	0.323276
4	537	13	0	0
11	26	18	0	0
12	234	41	6	2.08333
13	23	13	0	0
14	22	38	4	0.246711
Instant	50
1	634	27	1	0
2	18	13	0	0
3	581	34	4	0.0490196
4	549	13	0	0
11	27	17	0	0
12	300	43	6	1.47059
13	26	13	0	0
14	23	38	5	0.160256
Instant	51
1	618	25	1	0
2	20	13	0	0
3	576	35	4	0.0506073
4	554	13	0	0
11	27	17	0	0
12	278	50	7	0
13	25	13	0	0
14	23	37	4	0.158898
Instant	52
1	587	26	2	0.589391
2	22	13	0	0
3	553	36	5	0.989583
4	558	13	0	0
11	25	16	0	0
12	268	47	7	1.21528
13	24	13	0	0
14	23	38	4	0.473684
Instant	53
1	564	27	1	0.355691
2	47	13	0	0
3	585	35	4	0
4	550	13	0	0
11	24	17	0	0
12	274	47	9	2.02206
13	25	13	0	0
14	23	37	5	0.186567
Instant	54
1	628	25	1	0.280899
2	28	13	0	0
3	582	36	4	0.0510204
4	506	13	0	0
11	27	17	0	0
12	258	38	5	1.10294
13	25	13	0	0
14	21	39	4	0.405093
Instant	55
1	621	26	1	0
2	14	13	0	0
3	523	37	4	0.332594
4	526	13	0	0
11	27	17	0	0
12	266	45	7	0.675676
13	23	13	0	0
14	22	38	5	0.251678
Instant	56
1	611	27	1	0
2	21	13	0	0
3	584	35	5	0.148221
4	550	13	0	0
11	26	18	1	0
12	292	41	6	0.183824
13	26	13	0	0
14	23	38	5	0
Instant	57
1	644	26	1	0
2	16	13	0	0
3	587	36	5	0.15121
4	531	13	0	0
11	28	17	0	0
12	268	47	6	0.367647
13	25	13	0	0
14	22	39	5	0.248344
Instant	58
1	592	27	2	0.295276
2	30	13	0	0
3	578	34	4	0.198413
4	545	13	0	0
11	26	17	0	0
12	248	45	8	2.36486
13	25	13	0	0
14	22	38	5	0.241935
Instant	59
1	575	27	2	0.357873
2	29	13	0	0
3	567	37	3	0
4	496	13	0	0
11	25	18	0	0
12	275	43	8	2.94118
13	24	13	0	0
14	21	41	5	0.533175
Instant	60
1	621	25	1	0.278293
2	45	13	0	0
3	598	35	5	0
4	540	13	0	0
11	27	17	0	0
12	276	42	6	0.367647
13	26	13	0	0
14	22	37	5	0.16269
Instant	61
1	614	24	1	0.280374
2	39	13	0	0
3	618	32	2	0.189394
4	569	13	0	0
11	27	17	1	0
12	273	42	6	0.297619
13	27	13	0	0
14	24	35	4	0.310559
Instant	62
1	659	25	1	0
2	21	13	0	0
3	604	33	3	0
4	567	13	0	0
11	27	17	0	0
12	321	40	6	2.02206
13	26	13	0	0
14	23	35	4	0.232919
Instant	63
1	602	26	1	0.28626
2	25	13	0	0
3	595	34	3	0.194553
4	554	13	0	0
11	26	17	0	0
12	275	38	4	0
13	26	13	0	0
14	23	36	4	0.238853
Instant	64
1	634	26	1	0
2	17	13	0	0
3	599	35	4	0.0496032
4	539	13	0	0
11	27	17	0	0
12	269	46	6	0.675676
13	25	13	0	0
14	22	38	5	0.163399
Instant	65
1	646	25	1	0.0905797
2	32	13	0	0
3	613	32	2	0
4	542	13	0	0
11	28	17	0	0
12	305	40	7	0
13	26	13	0	0
14	23	37	5	0.243506
Instant	66
1	669	26	1	0
2	34	13	0	0
3	648	31	2	0
4	555	13	0	0
11	28	16	0	0
12	273	39	5	0
13	27	13	0	0
14	23	37	4	0.158228
Instant	67
1	634	25	1	0
2	32	13	0	0
3	533	39	5	0.211864
4	522	13	0	0
11	27	19	1	0
12	242	51	9	2.36486
13	24	13	0	0
14	22	42	6	0.168919
Instant	68
1	631	25	1	0.277778
2	8	13	0	0
3	593	36	4	0.0502008
4	520	13	0	0
11	27	17	0	0
12	285	48	8	0.585938
13	25	13	0	0
14	22	38	5	0.253378
Instant	69
1	665	25	1	0.0443262
2	20	13	0	0
3	612	32	3	0
4	539	13	0	0
11	29	17	0	0
12	277	48	7	0
13	27	13	0	0
14	22	38	5	0.408497
Instant	70
1	648	26	1	0
2	31	13	0	0
3	590	33	3	0.304878
4	536	13	0	0
11	28	17	0	0
12	266	40	4	1.01351
13	25	13	0	0
14	23	39	5	0.164474
Instant	71
1	589	25	0	0.341131
2	54	13	0	0
3	551	33	4	0.603622
4	521	13	0	0
11	26	17	0	0
12	278	48	7	1.47059
13	25	13	0	0
14	21	39	5	0.422297
Instant	72
1	596	26	1	0.287908
2	20	13	0	0
3	604	34	5	0.296443
4	516	13	0	0
11	26	17	0	0
12	273	47	7	0
13	25	13	0	0
14	22	40	5	0.255102
Instant	73
1	641	25	1	0
2	34	13	0	0
3	568	34	4	0.298211
4	565	13	0	0
11	27	17	0	0
12	262	41	7	0
13	26	13	0	0
14	24	38	4	0
Instant	74
1	641	26	1	0
2	27	13	0	0
3	550	34	3	0.631579
4	524	13	0	0
11	27	17	0	0
12	316	45	6	0.551471
13	24	13	0	0
14	22	40	5	0.167785
Instant	75
1	625	27	1	0
2	25	13	0	0
3	605	33	4	0.0481696
4	528	13	0	0
11	26	17	0	0
12	242	42	6	2.65152
13	26	13	0	0
14	22	38	4	0.25
Instant	76
1	648	27	1	0
2	31	13	0	0
3	601	34	4	0.343137
4	554	13	0	0
11	27	16	0	0
12	261	43	6	2.43056
13	26	13	0	0
14	23	36	4	0.318471
Instant	77
1	681	24	0	0
2	24	13	0	0
3	625	31	3	0
4	549	13	0	0
11	30	16	0	0
12	285	41	6	0.585938
13	27	13	0	0
14	23	36	5	0.239872
Instant	78
1	648	25	1	0
2	51	13	0	0
3	608	33	3	0.292398
4	529	13	0	0
11	28	17	0	0
12	259	40	6	2.14844
13	26	13	0	0
14	22	39	5	0.25
Instant	79
1	670	24	0	0
2	33	13	0	0
3	613	33	3	0
4	542	13	0	0
11	28	17	0	0
12	245	38	4	2.19595
13	27	13	0	0
14	23	37	4	0.324675
Instant	80
1	641	25	0	0
2	25	13	0	0
3	574	36	6	0.15
4	532	13	0	0
11	27	17	0	0.274725
12	271	47	7	1.89394
13	25	13	0	0
14	22	38	5	0.331126
Instant	81
1	633	26	1	0
2	30	13	0	0
3	599	34	3	0
4	542	13	0	0
11	27	17	0	0
12	262	45	8	0.94697
13	26	13	0	0
14	23	38	5	0.243506
Instant	82
1	634	27	2	0.0469043
2	17	13	0	0
3	618	34	4	0
4	560	13	0	0
11	27	17	0	0
12	271	46	8	0.178571
13	26	13	0	0
14	23	36	4	0.235849
Instant	83
1	613	26	1	0.280374
2	13	14	0	0
3	544	37	4	0.41841
4	532	13	0	0
11	27	17	0	0
12	265	46	7	0.378788
13	24	13	0	0
14	22	39	4	0.165563
Instant	84
1	648	26	1	0
2	24	13	0	0
3	579	35	3	0.201613
4	539	13	0	0
11	28	17	0	0
12	269	45	6	1.89394
13	25	13	0	0
14	22	37	4	0.408497
Instant	85
1	641	26	1	0
2	28	13	0	0
3	595	33	4	0.195695
4	546	13	0	0
11	27	17	0	0
12	277	48	9	0.160256
13	26	13	0	0
14	23	38	4	0.16129
Instant	86
1	646	27	1	0
2	17	13	0	0
3	579	32	3	0.3
4	535	13	0	0
11	27	17	0	0
12	296	46	6	1.10294
13	25	13	0	0
14	23	40	5	0.0822368
Instant	87
1	594	27	1	0.287356
2	20	13	0	0
3	598	33	3	0.291829
4	532	13	0	0
11	26	18	0	0
12	287	50	8	1.83824
13	26	13	0	0
14	22	38	5	0.165563
Instant	88
1	648	25	0	0
2	24	13	0	0
3	562	33	3	0.603622
4	528	13	0	0
11	28	16	0	0
12	257	40	6	0
13	25	13	0	0
14	22	41	5	0
Instant	89
1	624	26	1	0.281955
2	17	13	0	0
3	585	36	3	0
4	554	13	0	0
11	27	17	0	0
12	284	43	8	1.83824
13	25	13	0	0
14	23	35	4	0.238853
Instant	90
1	663	26	1	0
2	43	13	0	0
3	592	34	3	0.347222
4	549	13	0	0
11	28	17	0	0
12	247	42	5	0.585938
13	25	13	0	0
14	23	37	5	0.320513
Instant	91
1	660	25	1	0
2	44	13	0	0
3	620	32	2	0
4	520	13	0	0
11	29	17	0	0
12	255	38	4	2.53378
13	27	13	0	0
14	21	39	5	0.168919
Instant	92
1	650	25	1	0.0451264
2	28	13	0	0
3	572	35	3	0.0510204
4	554	13	0	0
11	28	17	0	0
12	291	49	8	0
13	24	13	0	0
14	23	38	5	0.159236
Instant	93
1	655	26	1	0
2	26	13	0	0
3	627	33	4	0
4	524	13	0	0
11	28	17	0	0
12	270	46	6	0
13	27	13	0	0
14	22	40	5	0.0838926
Instant	94
1	634	26	1	0
2	15	13	0	0
3	582	34	4	0.295276
4	539	13	0	0
11	27	17	0	0
12	264	41	7	0
13	26	13	0	0
14	22	37	4	0.326797
Instant	95
1	633	26	2	0.141509
2	17	13	0	0
3	545	35	5	0.732218
4	509	13	0	0
11	27	18	0	0
12	261	43	7	2.38971
13	24	13	0	0
14	21	39	4	0.517241
Instant	96
1	663	25	1	0
2	51	13	0	0
3	632	32	2	0.139925
4	572	13	0	0
11	29	17	0	0
12	262	44	5	0
13	27	13	0	0
14	24	36	4	0.154321
Instant	97
1	662	25	1	0
2	37	13	0	0
3	606	34	3	0
4	549	13	0	0
11	29	17	0	0
12	267	41	6	0.609756
13	25	13	0	0
14	23	37	4	0.160256
Instant	98
1	655	25	0	0
2	15	13	0	0
3	584	33	3	0.387597
4	550	13	0	0
11	27	17	0	0
12	321	44	6	0.183824
13	26	13	0	0
14	23	37	4	0.160256
Instant	99
1	605	27	1	0.287356
2	31	13	0	0
3	635	31	3	0.136364
4	542	13	0	0
11	26	17	0	0
12	281	42	5	0.367647
13	28	13	0	0
14	22	39	4	0.162338
Instant	100
1	627	27	1	0
2	35	13	0	0
3	612	33	4	0
4	557	13	0	0
11	27	17	0	0
12	261	38	7	0.844595
13	26	13	0	0
14	24	36	3	0.158228
Instant	101
1	625	27	1	0.0478927
2	51	13	0	0
3	555	36	5	0.782881
4	528	13	0	0
11	26	18	0	0
12	263	44	7	2.57353
13	24	13	0	0
14	22	40	5	0.0833333
Instant	102
1	644	26	1	0
2	30	14	0	0
3	615	32	4	0.333333
4	544	13	0	0
11	28	17	0	0
12	267	47	7	0.735294
13	26	13	0	0
14	22	36	4	0.485961
Instant	103
1	634	27	1	0
2	32	13	0	0
3	533	33	4	1.20545
4	541	13	0	0
11	26	17	0	0
12	265	49	7	1.35135
13	24	13	0	0
14	22	39	4	0.405844
Instant	104
1	611	26	1	0.276243
2	29	13	0	0
3	541	35	4	0.317125
4	544	13	0	0
11	27	17	0	0
12	282	43	6	0.551471
13	24	13	0	0
14	22	38	4	0.351732
Instant	105
1	670	25	1	0
2	15	13	0	0
3	626	33	4	0
4	573	13	0	0
11	28	17	0	0
12	252	46	7	2.02206
13	27	13	0	0
14	24	40	5	0.229592
Instant	106
1	625	26	1	0.281955
2	22	13	0	0
3	593	35	4	0.19685
4	569	13	0	0
11	27	17	0	0
12	247	45	7	2.7027
13	26	13	0	0
14	24	39	5	0.283505
Instant	107
1	613	26	1	0
2	27	13	0	0
3	601	34	3	0
4	600	13	0	0
11	26	17	0	0
12	288	41	5	0.367647
13	26	13	0	0
14	25	37	4	0.0735294
Instant	108
1	648	25	0	0.268336
2	26	13	0	0
3	602	33	4	0.189753
4	532	13	0	0
11	28	17	0	0
12	272	48	8	0
13	27	13	0	0
14	22	40	5	0.469095
Instant	109
1	627	28	1	0
2	26	13	0	0
3	527	38	4	0.545852
4	529	13	0	0
11	27	17	0	0
12	254	45	6	1.19048
13	23	13	0	0
14	21	37	4	0.332594
Instant	110
1	634	26	1	0.271739
2	27	13	0	0
3	575	35	4	0.153689
4	528	13	0	0
11	28	16	0	0
12	325	44	5	0.585938
13	24	13	0	0
14	22	40	4	0.166667
Instant	111
1	663	26	1	0
2	30	13	0	0
3	603	35	3	0
4	525	13	0	0
11	28	17	0	0
12	250	45	7	0.735294
13	26	13	0	0
14	22	38	4	0.251678
Instant	112
1	656	25	1	0
2	17	13	0	0
3	548	34	4	1.10994
4	542	13	0	0
11	28	17	0	0
12	266	39	5	1.35135
13	24	13	0	0
14	22	38	5	0.243506
Instant	113
1	609	27	2	0.140449
2	35	13	0	0
3	587	34	3	0.0963391
4	546	13	0	0
11	27	17	0	0
12	286	41	8	0
13	26	13	0	0
14	22	38	5	0.241935
Instant	114
1	662	25	0	0
2	50	13	0	0
3	628	33	4	0.0475285
4	528	13	0	0
11	28	17	1	0
12	265	40	6	0.735294
13	27	13	0	0
14	22	38	5	0.332594
Instant	115
1	585	28	2	0.297619
2	44	13	0	0
3	588	33	6	0.535019
4	509	13	0	0
11	25	17	0	0
12	247	53	9	2.7027
13	26	13	0	0
14	21	41	6	0.17321
Instant	116
1	653	26	1	0
2	38	13	0	0
3	586	36	4	0.0506073
4	517	13	0	0
11	28	17	0	0
12	298	43	8	0.551471
13	25	13	0	0
14	21	38	5	0.340136
Instant	117
1	670	24	0	0
2	24	13	0	0
3	581	34	2	0
4	554	13	0	0
11	28	17	0	0
12	271	42	4	0
13	25	13	0	0
14	23	38	5	0
Instant	118
1	635	26	1	0.0451264
2	32	13	0	0
3	573	33	3	0.641026
4	506	13	0	0
11	28	17	0	0
12	262	46	6	1.18243
13	25	13	0	0
14	21	40	5	0.434028
Instant	119
1	643	26	1	0
2	24	13	0	0
3	555	36	4	0.365344
4	532	13	0	0
11	27	17	0	0
12	279	48	7	1.47059
13	24	13	0	0
14	22	40	5	0.0827815
