	T	D	J	LP
Instant	0
1	0	0	0	0
2	0	0	0	0
3	0	0	0	0
4	0	0	0	0
11	0	0	0	0
12	0	0	0	0
13	0	0	0	0
14	0	0	0	0
Instant	1
1	473	26	1	0
2	14	13	0	0
3	387	28	1	0
4	300	13	0	0
11	20	16	0	0
12	138	37	4	0
13	16	13	0	0
14	9	42	5	0
Instant	2
1	3368	28	2	0
2	12	13	0	0
3	548	47	5	8.06938
4	1326	13	0	0
11	144	16	0	0
12	336	43	5	0.183824
13	34	13	0	0
14	56	42	2	0.554078
Instant	3
1	2908	26	2	0
2	20	13	1	0
3	521	43	4	12.279
4	1025	13	0	0
11	132	16	0	0
12	283	49	6	0.735294
13	41	13	0	0
14	43	43	3	0.430046
Instant	4
1	1931	27	2	0.214724
2	44	13	0	0
3	642	44	4	7.46644
4	996	13	0	0
11	85	17	0	0
12	279	42	5	1.52027
13	46	13	0	0
14	42	40	3	0.471698
Instant	5
1	1152	27	2	0.210084
2	43	13	0	0
3	875	41	4	5.42135
4	842	13	0	0
11	50	18	0	0
12	304	41	6	0.551471
13	46	13	0	0
14	35	42	4	0.522284
Instant	6
1	810	25	1	0.280112
2	23	13	0	0
3	1066	38	3	1.5625
4	792	13	0	0
11	36	18	0	0
12	272	41	3	0
13	49	13	0	0
14	34	44	5	0.130015
Instant	7
1	794	27	1	0.298063
2	16	14	0	0
3	860	37	3	1.22354
4	689	13	0	0
11	34	17	0	0
12	273	39	4	0
13	39	13	0	0
14	28	45	5	0.511945
Instant	8
1	709	25	1	0.566343
2	23	13	0	0
3	842	33	4	0.542005
4	619	13	0	0
11	31	17	0	0
12	288	40	4	0
13	37	13	0	0
14	26	42	5	0.308349
Instant	9
1	799	24	0	0
2	20	13	0	0
3	872	29	2	0.660502
4	628	13	0	0
11	34	16	0	0
12	268	35	2	0
13	39	13	0	0
14	26	40	6	0.21028
Instant	10
1	786	25	1	0
2	21	13	0	0
3	688	32	4	0.840336
4	565	13	0	0
11	34	17	0	0
12	264	43	5	0
13	30	13	0	0
14	24	42	6	0.311203
Instant	11
1	748	26	1	0
2	30	13	0	0
3	612	30	2	0.910747
4	691	13	0	0
11	32	17	0	0
12	280	37	5	0.183824
13	28	13	0	0
14	29	38	4	0.191327
Instant	12
1	583	26	2	1.10365
2	19	13	0	0
3	512	30	3	1.0158
4	633	13	0	0
11	27	17	0	0
12	268	41	5	0
13	22	13	0	0
14	26	41	5	0.347866
Instant	13
1	599	26	1	0.431862
2	37	13	0	0
3	595	31	3	0.342466
4	611	13	0	0
11	26	16	0	0
12	271	41	5	0.297619
13	26	13	0	0
14	26	41	5	0.431862
Instant	14
1	677	25	1	0
2	34	13	0	0
3	614	29	1	0.276243
4	664	13	0	0
11	28	16	0	0
12	322	36	4	0.551471
13	27	13	0	0
14	27	38	5	0.132979
Instant	15
1	581	26	1	0.933202
2	27	13	0	0
3	642	31	3	0
4	613	13	0	0
11	26	16	0	0
12	282	44	5	0
13	28	13	0	0
14	26	41	6	0
Instant	16
1	581	26	1	0.3
2	17	13	0	0
3	596	32	2	0.584795
4	620	13	0	0
11	25	17	0	0
12	266	37	4	0
13	26	13	0	0
14	26	40	5	0.142045
Instant	17
1	606	25	1	0.234082
2	16	13	0	0
3	700	30	2	0
4	692	13	0	0
11	27	16	0	0
12	285	40	5	0
13	30	13	0	0
14	29	38	5	0.191002
Instant	18
1	654	25	1	0.358423
2	33	13	0	0
3	701	29	2	0.288303
4	650	13	0	0
11	28	17	0	0
12	271	38	5	0
13	31	13	0	0
14	27	41	6	0.202703
Instant	19
1	655	25	1	0
2	24	13	0	0
3	608	34	3	0.425331
4	612	13	0	0
11	28	16	0	0
12	270	36	3	0
13	26	13	0	0
14	25	40	5	0.432692
Instant	20
1	580	26	1	0.294695
2	32	13	0	0
3	683	32	2	0.170068
4	574	13	0	0
11	26	17	0	0
12	289	41	6	0
13	30	13	0	0
14	24	40	5	0.357873
Instant	21
1	667	26	1	0.0446429
2	44	13	0	0
3	576	32	3	1.2279
4	560	13	0	0
11	28	16	0	0
12	271	35	3	0
13	26	13	0	0
14	23	41	5	0.235849
Instant	22
1	662	25	1	0
2	27	13	0	0
3	676	29	1	0
4	577	13	0	0
11	29	16	0	0
12	273	38	4	0
13	29	13	0	0
14	24	37	4	0.534623
Instant	23
1	618	26	1	0.27881
2	32	13	0	0
3	625	32	2	0
4	574	13	0	0
11	27	16	0	0
12	292	40	5	0
13	27	13	0	0
14	23	41	5	0.230533
Instant	24
1	603	26	1	0.349301
2	25	13	0	0
3	634	30	3	0.271739
4	555	13	0	0
11	25	17	0	0
12	264	42	5	0
13	28	13	0	0
14	22	39	5	0.580169
Instant	25
1	620	27	1	0
2	27	13	0	0
3	639	31	2	0.317029
4	580	13	0	0
11	27	17	0	0
12	249	39	5	1.6369
13	28	13	0	0
14	24	38	5	0.380325
Instant	26
1	617	25	1	0.27933
2	31	13	0	0
3	600	30	2	0.299401
4	504	13	0	0
11	27	16	0	0
12	321	39	4	0
13	25	13	0	0
14	20	41	4	0.668605
Instant	27
1	641	27	1	0
2	57	13	0	0
3	641	31	2	0.044964
4	541	13	0	0
11	27	17	0	0
12	269	41	6	1.47059
13	28	13	0	0
14	23	41	6	0
Instant	28
1	691	23	0	0
2	39	13	0	0
3	677	28	1	0
4	548	13	0	0
11	30	17	0	0
12	275	34	4	0
13	29	13	0	0
14	23	39	5	0
Instant	29
1	655	27	1	0
2	27	13	0	0
3	662	31	2	0
4	500	13	0	0
11	27	16	0	0
12	304	39	4	0
13	28	13	0	0
14	21	40	6	0.352113
Instant	30
1	666	24	0	0
2	33	13	0	0
3	653	29	2	0.261324
4	507	13	0	0
11	29	17	0	0
12	265	37	4	0
13	29	13	0	0
14	21	40	5	0.260417
Instant	31
1	627	24	0	0.562852
2	12	13	0	0
3	662	29	2	0
4	536	13	0	0
11	27	17	0	0
12	269	33	4	1.01351
13	28	13	0	0
14	23	39	6	0.0822368
Instant	32
1	668	24	0	0
2	24	13	0	0
3	662	30	2	0
4	545	13	0	0
11	29	17	0	0
12	296	39	4	0
13	29	13	0	0
14	23	39	6	0.0806452
Instant	33
1	677	25	0	0
2	41	13	0	0
3	645	29	2	0.315884
4	532	13	0	0
11	28	17	0	0
12	276	38	5	0
13	28	13	0	0
14	23	39	5	0
Instant	34
1	576	27	1	0
2	6	13	0	0
3	563	33	2	0.657895
4	525	13	0	0
11	25	18	0	0
12	267	41	4	0.337838
13	25	13	0	0
14	21	38	4	0.33557
Instant	35
1	654	24	0	0.307557
2	10	13	0	0
3	625	32	3	0.141509
4	518	13	0	0
11	29	16	0	0
12	284	38	4	0
13	27	13	0	0
14	21	37	4	0.595238
Instant	36
1	638	27	1	0.0459559
2	20	13	0	0
3	638	32	2	0
4	482	13	0	0
11	27	17	0	0
12	273	38	4	0.183824
13	27	13	0	0
14	20	43	6	0.456204
Instant	37
1	648	24	0	0.274725
2	28	13	0	0
3	627	32	2	0
4	518	13	0	0
11	27	17	0	0
12	268	35	2	0
13	27	13	0	0
14	21	40	5	0.170068
Instant	38
1	656	26	1	0
2	25	13	0	0
3	658	30	2	0
4	535	13	0	0
11	28	17	0	0
12	325	40	4	1.28676
13	29	13	0	0
14	22	38	5	0.246711
Instant	39
1	663	25	1	0
2	31	13	0	0
3	669	29	1	0
4	556	13	0	0
11	28	16	0	0
12	276	36	4	0
13	29	13	0	0
14	24	37	4	0
Instant	40
1	655	26	0	0
2	7	14	0	0
3	660	29	1	0
4	518	13	0	0
11	28	17	0	0
12	265	41	5	0.506757
13	29	13	0	0
14	22	41	6	0.170068
Instant	41
1	639	26	1	0
2	10	13	0	0
3	620	33	2	0.0478927
4	517	13	0	0
11	28	17	0	0
12	297	39	5	0
13	26	13	0	0
14	21	39	4	0.255102
Instant	42
1	702	24	1	0
2	18	13	0	0
3	687	28	1	0.085034
4	584	13	0	0
11	30	16	0	0
12	271	32	3	0
13	30	13	0	0
14	24	35	4	0.0754527
Instant	43
1	663	26	1	0
2	23	13	0	0
3	648	30	3	0
4	581	13	0	0
11	28	16	0	0
12	268	37	4	0
13	28	13	0	0
14	24	37	4	0.429293
Instant	44
1	698	23	1	0
2	17	13	0	0
3	705	27	1	0
4	533	13	0	0
11	30	16	0	0
12	295	32	4	0
13	30	13	0	0
14	22	38	6	0.330396
Instant	45
1	663	24	0	0
2	12	13	0	0
3	654	29	1	0.275229
4	550	13	0	0
11	28	17	0	0
12	274	39	4	0
13	28	13	0	0
14	23	36	5	0.239872
Instant	46
1	612	25	1	0.281426
2	11	13	0	0
3	602	29	1	0.564972
4	604	13	0	0
11	27	16	0	0
12	268	35	5	0.675676
13	27	13	0	0
14	25	39	5	0.218447
Instant	47
1	658	25	0	0
2	18	13	0	0
3	561	31	2	0.604839
4	538	13	0	0
11	28	17	0	0
12	292	36	4	0
13	25	13	0	0
14	23	41	5	0.0820569
Instant	48
1	663	25	0	0
2	21	13	0	0
3	654	30	1	0.272232
4	550	13	0	0
11	28	17	0	0
12	268	35	3	0.183824
13	28	13	0	0
14	23	38	5	0.239872
Instant	49
1	655	26	1	0
2	8	13	0	0
3	615	30	3	0.412088
4	500	13	0	0
11	28	17	0	0
12	261	34	4	0
13	28	13	0	0
14	21	42	6	0.205399
Instant	50
1	655	25	0	0
2	31	13	0	0
3	585	30	2	0.346535
4	519	13	0	0
11	28	17	0	0
12	331	39	5	0
13	25	13	0	0
14	22	41	5	0.085034
Instant	51
1	626	26	1	0.418994
2	39	13	0	0
3	650	31	3	0
4	498	13	0	0
11	27	16	0	0
12	275	39	4	0
13	28	13	0	0
14	20	40	5	0.441176
Instant	52
1	648	26	1	0
2	6	13	0	0
3	674	29	1	0
4	506	13	0	0
11	28	17	0	0
12	268	34	5	0
13	28	13	0	0
14	21	40	5	0.520833
Instant	53
1	640	26	0	0
2	29	13	0	0
3	561	32	3	0.496032
4	518	13	0	0
11	27	17	0	0
12	298	35	3	0
13	25	13	0	0
14	21	43	5	0.311791
Instant	54
1	656	25	1	0
2	37	13	0	0
3	645	30	2	0
4	558	13	0	0
11	28	17	0	0
12	267	35	4	0.183824
13	28	13	0	0
14	23	38	4	0.315789
Instant	55
1	656	25	0	0
2	27	13	0	0
3	628	31	2	0.0471698
4	566	13	0	0
11	28	17	0	0
12	273	38	4	0
13	27	13	0	0
14	23	36	5	0.31185
Instant	56
1	627	26	1	0.277778
2	8	13	0	0
3	653	30	2	0
4	539	13	0	0
11	27	17	0	0
12	290	36	3	0
13	28	13	0	0
14	22	39	5	0.163399
Instant	57
1	612	28	2	0.0488281
2	24	13	0	0
3	616	30	2	0.279851
4	487	13	0	0
11	26	17	0	0
12	239	39	4	1.10294
13	27	13	0	0
14	20	42	6	0.359712
Instant	58
1	655	25	1	0.264085
2	15	13	0	0
3	638	31	2	0.275735
4	545	13	0	0
11	29	17	0	0
12	280	39	5	1.85811
13	27	13	0	0
14	23	38	5	0.242981
Instant	59
1	677	24	1	0
2	28	13	0	0
3	669	30	1	0
4	555	13	0	0
11	28	16	0	0
12	289	35	5	0.919118
13	28	13	0	0
14	23	38	6	0.237844
Instant	60
1	670	25	1	0
2	18	13	0	0
3	632	32	2	0.0460405
4	553	13	0	0
11	30	16	0	0
12	278	30	2	0
13	27	13	0	0
14	23	37	4	0.317797
Instant	61
1	662	25	1	0
2	43	13	0	0
3	608	33	2	0
4	585	13	0	0
11	28	17	0	0
12	265	38	5	1.04167
13	26	13	0	0
14	25	37	4	0.0753012
Instant	62
1	650	26	1	0.0451264
2	29	13	0	0
3	609	33	3	0.28626
4	541	13	0	0
11	28	17	0	0
12	319	39	5	0.551471
13	26	13	0	0
14	22	41	5	0.0813449
Instant	63
1	634	25	1	0
2	39	13	0	0
3	639	31	3	0.280899
4	498	13	0	0
11	27	18	1	0
12	260	44	9	2.94118
13	27	13	0	0
14	20	43	5	0.560142
Instant	64
1	684	24	0	0
2	19	13	0	0
3	686	28	1	0
4	544	13	0	0
11	30	16	0	0
12	273	35	5	0.168919
13	29	13	0	0
14	23	38	5	0
Instant	65
1	663	25	1	0
2	23	13	0	0
3	662	29	1	0
4	527	13	0	0
11	28	17	0	0
12	281	38	5	2.02206
13	29	13	0	0
14	22	38	5	0.416667
Instant	66
1	677	24	1	0
2	30	13	0	0
3	673	28	1	0
4	585	13	0	0
11	29	17	0	0
12	273	39	4	0
13	29	13	0	0
14	24	35	4	0.326305
Instant	67
1	681	24	1	0
2	6	13	0	0
3	667	29	1	0.0441696
4	601	13	0	0
11	28	17	0	0
12	267	33	3	0
13	28	13	0	0
14	25	39	5	0
Instant	68
1	676	25	1	0
2	26	13	0	0
3	658	30	2	0
4	588	13	0	0
11	29	16	0	0
12	286	36	3	0.585938
13	28	13	0	0
14	25	38	4	0.0748503
Instant	69
1	584	25	1	0.582524
2	27	13	0	0
3	610	30	2	0.597426
4	574	13	0	0
11	26	17	0	0
12	277	39	3	0
13	28	13	0	0
14	24	39	5	0.281762
Instant	70
1	662	26	1	0
2	18	13	0	0
3	655	30	1	0
4	543	13	0	0
11	28	16	0	0
12	277	40	5	0
13	29	13	0	0
14	22	37	4	0.404095
Instant	71
1	685	24	0	0
2	28	13	0	0
3	654	29	1	0
4	594	13	0	0
11	30	16	0	0
12	293	34	3	0
13	28	13	0	0
14	25	36	5	0
Instant	72
1	670	25	0	0
2	14	13	0	0
3	660	30	2	0
4	510	13	0	0
11	28	17	0	0
12	267	43	5	0.568182
13	28	13	0	0
14	21	39	5	0.373563
Instant	73
1	662	25	1	0
2	17	13	0	0
3	669	30	2	0.0448029
4	537	13	0	0
11	29	16	0	0
12	262	36	4	0
13	28	13	0	0
14	22	38	5	0.164474
Instant	74
1	684	24	0	0
2	29	13	0	0
3	681	28	1	0
4	521	13	0	0
11	29	16	0	0
12	323	36	3	1.10294
13	29	13	0	0
14	22	38	5	0.422297
Instant	75
1	655	25	1	0
2	35	13	0	0
3	668	30	1	0
4	514	13	0	0
11	28	17	0	0
12	268	38	6	0
13	28	13	0	0
14	21	39	5	0.171233
Instant	76
1	634	25	1	0.277778
2	36	13	0	0
3	579	32	2	0.290698
4	532	13	0	0
11	27	17	0	0
12	273	39	5	0
13	26	13	0	0
14	22	40	6	0.165563
Instant	77
1	569	27	1	0.347222
2	36	13	0	0
3	640	31	2	0
4	514	13	0	0
11	25	16	0	0
12	288	37	5	0.78125
13	28	13	0	0
14	22	40	5	0.171233
Instant	78
1	671	25	1	0
2	31	13	0	0
3	638	29	2	0.0459559
4	524	13	0	0
11	28	16	0	0
12	276	37	5	0
13	27	13	0	0
14	21	38	5	0.33557
Instant	79
1	619	27	1	0.291262
2	18	13	0	0
3	608	31	2	0.619048
4	525	13	0	0
11	26	17	0	0
12	272	36	3	0
13	26	13	0	0
14	22	40	5	0.167785
Instant	80
1	652	26	1	0
2	39	13	0	0
3	593	32	3	0.729572
4	477	13	0	0
11	28	17	0	0
12	288	39	5	0
13	26	13	0	0
14	19	41	5	0.461823
Instant	81
1	661	25	1	0
2	47	13	0	0
3	670	28	2	0.129534
4	529	13	0	0
11	28	17	0	0
12	272	39	5	0
13	29	13	0	0
14	22	38	5	0.25
Instant	82
1	642	26	1	0
2	25	13	0	0
3	642	31	2	0
4	517	13	0	0
11	28	17	0	0
12	269	39	4	0.178571
13	28	13	0	0
14	22	40	6	0.170068
Instant	83
1	684	24	0	0
2	21	13	0	0
3	676	28	2	0.308099
4	531	13	0	0
11	29	16	0	0
12	292	36	4	0
13	29	13	0	0
14	22	38	5	0.165563
Instant	84
1	683	23	0	0
2	15	13	0	0
3	654	29	1	0
4	540	13	0	0
11	30	17	0	0
12	269	36	3	0
13	29	13	0	0
14	22	38	5	0.163399
Instant	85
1	662	26	1	0
2	22	13	0	0
3	605	33	2	0.291829
4	506	13	0	0
11	28	16	0	0
12	277	42	6	0.160256
13	26	13	0	0
14	21	39	5	0.434028
Instant	86
1	667	25	1	0
2	24	13	0	0
3	613	31	2	0.277778
4	528	13	0	0
11	29	16	0	0
12	344	37	4	0
13	27	13	0	0
14	22	38	4	0.25
Instant	87
1	634	25	1	0.274725
2	24	13	0	0
3	584	33	3	0.305499
4	508	13	0	0
11	27	16	0	0
12	268	36	3	0
13	25	13	0	0
14	21	41	6	0.173611
Instant	88
1	678	24	0	0
2	21	13	0	0
3	686	28	2	0
4	535	13	0	0
11	28	16	0	0
12	271	35	3	0
13	29	13	0	0
14	22	37	5	0.328947
Instant	89
1	628	24	1	0.134892
2	28	13	0	0
3	608	32	2	0
4	543	13	0	0
11	28	17	0	0
12	288	39	5	0.183824
13	27	13	0	0
14	22	39	5	0.242981
Instant	90
1	669	25	0	0.265957
2	18	13	0	0
3	605	31	2	0.582524
4	554	13	0	0
11	28	16	0	0
12	267	38	5	0
13	26	13	0	0
14	23	41	6	0.0794492
Instant	91
1	677	25	1	0
2	41	13	0	0
3	641	30	3	0
4	530	13	0	0
11	28	17	0	0
12	269	36	4	0
13	27	13	0	0
14	22	38	5	0.332594
Instant	92
1	662	24	1	0
2	21	13	0	0
3	647	30	3	0.361011
4	528	13	0	0
11	30	18	1	0
12	293	35	4	0
13	28	13	0	0
14	22	40	5	0
Instant	93
1	677	25	0	0
2	33	13	0	0
3	611	31	3	0.28463
4	503	13	0	0
11	28	16	0	0
12	259	36	4	0.94697
13	27	13	0	0
14	20	39	5	0.524476
Instant	94
1	684	24	0	0
2	10	13	0	0
3	592	31	2	0.428571
4	516	13	0	0
11	29	16	0	0
12	264	37	5	0
13	26	13	0	0
14	21	40	5	0.170843
Instant	95
1	655	26	1	0
2	36	13	0	0
3	641	31	2	0.369004
4	490	13	0	0
11	28	16	0	0
12	286	34	4	0
13	27	13	0	0
14	20	41	6	0.448565
Instant	96
1	691	24	0	0
2	29	13	0	0
3	662	29	1	0
4	540	13	0	0
11	30	16	0	0
12	268	36	5	0
13	29	13	0	0
14	22	37	5	0.326797
Instant	97
1	668	25	0	0
2	44	13	0	0
3	654	29	1	0.0448029
4	542	13	0	0
11	28	16	0	0
12	255	38	5	1.06707
13	28	13	0	0
14	23	39	6	0
Instant	98
1	650	26	1	0
2	13	13	0	0
3	585	33	2	0.641026
4	511	13	0	0
11	28	17	0	0
12	309	39	4	1.65441
13	25	13	0	0
14	21	39	5	0.258621
Instant	99
1	655	25	0	0
2	16	13	0	0
3	665	30	2	0
4	535	13	0	0
11	28	17	0	0
12	262	36	4	1.47059
13	29	13	0	0
14	22	37	4	0.411184
Instant	100
1	695	23	0	0
2	20	13	0	0
3	687	28	1	0
4	562	13	0	0
11	30	17	0	0
12	270	32	4	0
13	30	13	0	0
14	24	36	5	0.0784519
Instant	101
1	663	25	1	0
2	34	13	0	0
3	645	31	2	0
4	555	13	0	0
11	28	16	0	0
12	267	36	4	1.28676
13	27	13	0	0
14	23	37	5	0.158562
Instant	102
1	655	25	1	0
2	39	13	0	0
3	635	31	3	0.0451264
4	528	13	0	0
11	28	17	0	0
12	268	40	6	2.02206
13	28	13	0	0
14	22	40	5	0.333333
Instant	103
1	670	25	1	0
2	26	13	0	0
3	666	31	3	0.137363
4	525	13	0	0
11	28	17	0	0
12	267	38	4	0.506757
13	28	13	0	0
14	22	39	5	0.30692
Instant	104
1	669	26	1	0
2	19	13	0	0
3	662	28	1	0.255102
4	559	13	0	0
11	29	16	0	0
12	289	33	3	0.551471
13	30	13	0	0
14	23	36	4	0.315789
Instant	105
1	641	26	1	0
2	22	13	0	0
3	609	32	3	0.333333
4	606	13	0	0
11	27	17	0	0
12	270	37	5	0
13	27	13	0	0
14	25	39	5	0.145068
Instant	106
1	641	26	1	0
2	24	13	0	0
3	511	31	3	1.12613
4	505	13	0	0
11	28	17	0	0
12	274	38	4	0
13	23	13	0	0
14	21	40	6	0.348837
Instant	107
1	656	25	0	0
2	19	13	0	0
3	618	28	1	0.285171
4	540	13	0	0
11	28	17	0	0
12	290	37	5	0.183824
13	26	13	0	0
14	23	38	5	0.245098
Instant	108
1	655	25	0	0
2	12	13	0	0
3	628	31	2	0
4	525	13	0	0
11	28	17	0	0
12	248	41	5	2.20588
13	27	13	0	0
14	21	38	5	0.33557
Instant	109
1	670	25	1	0
2	19	13	0	0
3	660	30	2	0
4	542	13	0	0
11	28	16	0	0
12	269	40	4	0
13	29	13	0	0
14	23	37	4	0.0811688
Instant	110
1	611	24	1	0.827206
2	12	13	0	0
3	612	31	2	0.283019
4	522	13	0	0
11	27	16	0	0
12	321	41	5	0
13	27	13	0	0
14	22	39	5	0.337838
Instant	111
1	648	26	1	0
2	25	13	0	0
3	658	31	2	0
4	528	13	0	0
11	28	17	0	0
12	273	35	3	0.551471
13	28	13	0	0
14	22	40	6	0
Instant	112
1	662	26	1	0
2	36	13	0	0
3	569	34	3	0.302419
4	496	13	0	0
11	28	16	0	0
12	264	36	3	0.506757
13	25	13	0	0
14	20	41	5	0.35461
Instant	113
1	634	25	1	0.265957
2	17	13	0	0
3	681	29	1	0
4	546	13	0	0
11	28	17	0	0
12	292	41	5	0
13	29	13	0	0
14	23	39	5	0.0806452
Instant	114
1	669	25	1	0
2	13	13	0	0
3	650	29	1	0
4	528	13	0	0
11	29	16	0	0
12	271	39	5	0
13	29	13	0	0
14	22	39	5	0.166667
Instant	115
1	655	26	1	0
2	17	13	0	0
3	512	31	1	0.720621
4	497	13	0	0
11	27	16	0	0
12	270	39	3	0
13	23	13	0	0
14	20	41	5	0.35461
Instant	116
1	662	25	1	0
2	40	13	0	0
3	606	32	3	0.477099
4	542	13	0	0
11	28	16	0	0
12	303	37	4	0
13	26	13	0	0
14	22	38	5	0.242981
Instant	117
1	669	24	1	0
2	35	13	0	0
3	611	30	2	0.339806
4	589	13	0	0
11	29	17	0	0
12	271	39	4	0
13	26	13	0	0
14	25	36	4	0.149402
Instant	118
1	669	24	0	0
2	10	13	0	0
3	632	29	2	0.266904
4	553	13	0	0
11	29	17	0	0
12	268	33	4	0.168919
13	28	13	0	0
14	23	38	5	0.0797872
Instant	119
1	648	26	1	0
2	17	13	0	0
3	652	30	2	0
4	507	13	0	0
11	27	17	0	0
12	274	39	5	1.83824
13	28	13	0	0
14	21	40	5	0.520833
