	T	D	J	LP
Instant	0
1	0	0	0	0
2	0	0	0	0
3	0	0	0	0
4	0	0	0	0
11	0	0	0	0
12	0	0	0	0
13	0	0	0	0
14	0	0	0	0
Instant	1
1	538	27	2	0
2	16	13	0	0
3	273	31	2	0
4	359	13	0	0
11	21	16	0	0
12	138	38	5	0
13	12	13	0	0
14	12	35	4	0
Instant	2
1	1688	36	2	0.816667
2	3	13	0	0
3	700	40	7	0.540765
4	1955	14	0	0
11	78	16	0	0
12	315	48	8	0
13	31	13	0	0
14	83	34	1	0.157942
Instant	3
1	1641	32	2	1.05857
2	13	13	0	0
3	553	36	6	1.40845
4	2066	14	0	0
11	73	16	0	0
12	323	55	8	0.183824
13	25	13	0	0
14	90	35	1	0.426621
Instant	4
1	1510	28	2	0.11646
2	36	13	0	0
3	601	36	5	0.613208
4	2229	14	0	0
11	67	16	0	0
12	284	51	8	0.168919
13	27	13	0	0
14	97	35	2	0.0593042
Instant	5
1	1176	29	1	0
2	20	13	0	0
3	632	36	3	0.0463822
4	1935	13	0	0
11	51	17	0	0
12	301	47	8	0
13	27	13	0	0
14	84	35	2	0.113843
Instant	6
1	1076	24	1	0.274424
2	11	13	0	0
3	667	32	3	0.256849
4	1852	14	0	0
11	46	16	0	0.43573
12	274	44	5	0.735294
13	29	13	0	0
14	77	34	2	0.22194
Instant	7
1	1161	26	1	0.0244858
2	15	13	0	0
3	650	34	4	0.806452
4	1524	13	0	0
11	52	16	0	0
12	273	42	5	0
13	28	13	0	0
14	66	35	2	0.472973
Instant	8
1	1443	25	1	0
2	19	13	0	0
3	714	34	4	0.488599
4	1304	13	0	0
11	62	16	0	0
12	283	44	6	0
13	31	13	0	0
14	57	34	2	0.146528
Instant	9
1	1521	25	2	0
2	34	13	0	0
3	685	32	3	0.457571
4	1156	13	0	0
11	67	16	0	0
12	271	49	8	0
13	31	13	0	0
14	50	35	4	0.050813
Instant	10
1	1300	26	2	0.426009
2	34	13	0	0
3	591	35	5	0.346535
4	1010	13	0	0
11	58	16	0	0
12	253	44	7	1.35135
13	25	13	0	0
14	44	34	2	0.101863
Instant	11
1	1313	27	1	0
2	32	13	0	0
3	624	33	3	0.587703
4	967	13	0	0
11	59	16	0	0
12	268	47	6	1.47059
13	28	13	0	0
14	41	35	3	0.0910194
Instant	12
1	1169	26	2	0.594648
2	9	13	0	0
3	690	35	5	0.0859107
4	893	13	0	0
11	52	16	0	0
12	256	47	6	1.65441
13	30	13	0	0
14	38	35	3	0.0494071
Instant	13
1	1171	26	1	0.471698
2	12	13	0	0
3	640	35	2	0.0934579
4	885	13	0	0
11	51	16	0	0
12	271	45	7	0.14881
13	27	13	0	0
14	38	34	2	0.0996016
Instant	14
1	1093	27	1	0.325027
2	26	13	0	0
3	718	36	4	0
4	905	13	0	0
11	47	16	0	0
12	335	43	6	0.551471
13	31	13	0	0
14	38	35	3	0.0486381
Instant	15
1	1106	28	1	0.181913
2	24	13	0	0
3	655	37	4	0.216638
4	867	13	0	0
11	49	17	0	0
12	251	46	7	2.02206
13	29	13	0	0
14	38	33	3	0.101489
Instant	16
1	1088	27	2	0.107875
2	18	13	0	0
3	592	37	5	1.05364
4	786	13	0	0
11	47	16	0	0
12	256	45	5	1.01351
13	26	13	0	0
14	33	38	3	0.187126
Instant	17
1	1014	29	2	0.511364
2	16	13	0	0
3	626	34	3	0.418216
4	824	13	0	0
11	45	17	0	0
12	275	38	5	0.735294
13	27	13	0	0
14	36	35	4	0
Instant	18
1	1066	25	1	0.163755
2	25	13	0	0
3	614	35	4	0.710227
4	805	13	0	0
11	47	16	0	0
12	275	44	5	0
13	27	13	0	0
14	35	33	3	0.0547445
Instant	19
1	1099	26	1	0.315457
2	31	13	0	0
3	632	32	3	0.0458716
4	750	13	0	0
11	49	16	0	0
12	270	40	4	0
13	28	13	0	0
14	32	35	3	0
Instant	20
1	1049	25	1	0.278396
2	14	13	0	0
3	586	34	3	0
4	665	13	0	0
11	46	16	0	0
12	283	41	5	0.551471
13	25	13	0	0
14	28	34	3	0.265018
Instant	21
1	1079	26	1	0
2	22	13	0	0
3	606	32	3	0.574713
4	672	13	0	0
11	48	16	0	0
12	271	42	5	0
13	27	13	0	0
14	29	35	4	0.0655594
Instant	22
1	1060	27	1	0.0277162
2	27	13	0	0
3	576	32	3	0.491159
4	640	13	0	0
11	46	16	0	0
12	273	40	7	0
13	26	13	0	0
14	26	35	3	0.458716
Instant	23
1	1136	27	2	0
2	13	13	0	0
3	553	34	3	0.313152
4	669	13	0	0
11	49	16	0	0
12	277	45	6	1.28676
13	24	13	0	0
14	29	32	3	0.13181
Instant	24
1	1414	26	1	0
2	28	13	0	0
3	637	30	3	0.599631
4	674	13	0	0
11	60	15	0	0
12	258	44	7	0.551471
13	27	13	0	0
14	28	32	3	0.195993
Instant	25
1	1553	27	1	0.112528
2	30	13	0	0
3	581	35	5	0.446429
4	639	13	0	0
11	68	16	0	0
12	272	49	6	0
13	25	13	0	0
14	27	35	4	0.0689338
Instant	26
1	1475	26	1	0.230769
2	12	13	0	0
3	592	35	4	0
4	668	13	0	0
11	67	16	0	0
12	326	47	7	0
13	26	13	0	0
14	28	32	3	0.0659051
Instant	27
1	1314	27	2	0.0445236
2	34	13	0	0
3	616	31	2	0.278293
4	632	13	0	0
11	58	16	0	0
12	274	44	8	0.735294
13	27	13	0	0
14	27	36	3	0.139405
Instant	28
1	1414	26	1	0.147183
2	16	13	0	0
3	706	35	3	0
4	642	13	0	0
11	61	16	0	0
12	268	44	5	0.694444
13	30	13	0	0
14	28	35	3	0
Instant	29
1	1079	27	2	0.219539
2	27	13	0	0
3	546	37	3	0.816993
4	646	13	0	0
11	46	17	0	0.695931
12	292	48	8	1.28676
13	24	13	0	0
14	27	34	3	0.204918
Instant	30
1	1049	25	1	0.167411
2	26	13	0	0
3	611	32	3	0
4	656	13	0	0
11	45	16	0	0.722222
12	242	41	5	2.75735
13	27	13	0	0
14	28	34	3	0
Instant	31
1	1014	24	1	0.029036
2	18	13	0	0
3	619	32	2	0.0468165
4	634	13	0	0
11	43	16	0	0.464037
12	275	41	5	0
13	27	13	0	0
14	27	33	4	0.162037
Instant	32
1	1068	26	1	0.162866
2	17	13	0	0
3	591	33	4	0.289575
4	632	13	0	0
11	47	16	0	0
12	277	40	6	2.20588
13	26	13	0	0
14	26	33	3	0.139405
Instant	33
1	992	26	1	0.522042
2	32	13	0	0
3	518	39	6	0.786517
4	606	13	0	0
11	44	16	0	0
12	270	48	7	0.735294
13	22	13	0	0
14	26	34	3	0.145349
Instant	34
1	966	27	1	0.181159
2	7	13	0	0
3	568	33	3	0
4	611	13	0	0
11	42	16	0	0
12	255	45	5	1.18243
13	25	13	0	0
14	26	35	4	0.0721154
Instant	35
1	1120	25	1	0
2	16	13	0	0
3	586	33	2	0.346535
4	644	13	0	0
11	49	15	0	0
12	284	37	4	0
13	25	13	0	0
14	27	32	3	0.0684307
Instant	36
1	1134	25	1	0.331971
2	22	13	0	0
3	598	34	4	0
4	595	13	0	0
11	50	17	0	0
12	274	45	7	0
13	26	13	0	0
14	25	34	3	0.147929
Instant	37
1	1070	25	1	0.195095
2	16	13	0	0
3	604	32	3	0.481696
4	613	13	0	0
11	46	16	0	0
12	254	43	6	1.04167
13	26	13	0	0
14	26	33	3	0
Instant	38
1	1225	25	0	0
2	24	13	0	0
3	596	32	2	0.287908
4	599	13	0	0
11	52	15	0	0.671785
12	321	46	5	0
13	26	13	0	0
14	26	34	3	0
Instant	39
1	1381	24	0	0
2	31	13	0	0
3	627	31	2	0.284091
4	597	13	0	0
11	61	16	0	0
12	293	40	6	0
13	27	13	0	0
14	25	35	3	0.221022
Instant	40
1	1402	25	1	0
2	9	13	0	0
3	584	30	2	0.528846
4	680	13	0	0
11	59	16	0	0
12	272	42	6	0
13	26	13	0	0
14	29	32	3	0
Instant	41
1	973	28	2	0.0593824
2	27	13	0	0
3	571	33	3	0.10352
4	615	13	0	0
11	43	17	0	0.478469
12	286	47	9	0
13	24	13	0	0
14	26	34	3	0.0715649
Instant	42
1	965	26	1	0.362757
2	40	13	0	0
3	593	33	2	0.588235
4	613	13	0	0
11	42	16	0	0
12	256	39	6	2.57353
13	26	13	0	0
14	26	34	3	0
Instant	43
1	963	25	1	0
2	28	13	0	0
3	512	33	3	1.03037
4	595	13	0	0
11	42	16	0	0
12	253	43	5	1.52027
13	23	13	0	0
14	26	33	3	0.147929
Instant	44
1	848	28	1	0.207756
2	37	13	0	0
3	546	34	4	0.842105
4	589	13	0	0
11	37	16	0	0
12	295	40	6	0
13	24	13	0	0
14	25	35	3	0.0748503
Instant	45
1	931	24	1	0.186567
2	44	13	0	0
3	632	31	2	0.27881
4	620	13	0	0
11	41	16	0	0
12	274	39	5	0
13	27	13	0	0
14	26	32	3	0
Instant	46
1	795	25	1	0.255848
2	0	13	0	0
3	629	32	3	0
4	585	13	0	0
11	34	16	0	0.58309
12	274	44	6	0
13	27	13	0	0
14	24	35	3	0.0753012
Instant	47
1	957	25	1	0
2	17	13	0	0
3	638	31	2	0.0456204
4	632	13	0	0
11	42	16	0	0
12	294	42	7	0
13	28	13	0	0
14	27	32	3	0.139147
Instant	48
1	776	25	1	0
2	31	13	0	0
3	578	35	2	0
4	587	13	0	0
11	33	17	0	0.30303
12	268	41	6	0
13	25	13	0	0
14	25	36	4	0.225
Instant	49
1	768	24	1	0
2	6	13	0	0
3	639	32	3	0
4	642	13	0	0
11	33	16	0	0
12	253	41	7	0.744048
13	27	13	0	0
14	28	32	3	0.0685558
Instant	50
1	720	26	1	0
2	22	13	0	0
3	610	34	3	0.0480769
4	631	13	0	0
11	30	16	0	0
12	315	39	6	2.02206
13	26	13	0	0
14	27	34	3	0
Instant	51
1	703	25	1	0
2	23	13	0	0
3	538	32	3	0.691489
4	623	13	0	0
11	31	16	0	0
12	261	42	6	0
13	24	13	0	0
14	26	32	3	0.212264
Instant	52
1	693	24	1	0.29661
2	29	13	0	0
3	566	34	4	0.704225
4	576	13	0	0
11	30	16	0	0
12	268	42	5	0.868056
13	25	13	0	0
14	24	37	4	0.0762195
Instant	53
1	758	25	1	0
2	29	13	0	0
3	713	29	1	0
4	593	13	0	0
11	32	16	0	0
12	298	42	6	0
13	31	13	0	0
14	25	33	3	0.14881
Instant	54
1	711	24	1	0.241158
2	35	13	0	0
3	651	33	3	0.274725
4	616	13	0	0
11	31	16	0	0
12	266	39	5	0.367647
13	27	13	0	0
14	26	32	3	0.142857
Instant	55
1	698	26	1	0.255973
2	31	13	0	0
3	658	32	3	0.0434028
4	592	13	0	0
11	30	16	0	0
12	251	40	6	1.85811
13	29	13	0	0
14	25	34	3	0.0744048
Instant	56
1	721	26	1	0
2	43	13	0	0
3	722	30	3	0.0403877
4	595	13	0	0
11	32	16	0	0
12	296	41	5	0.183824
13	31	13	0	0
14	25	35	4	0.0739645
Instant	57
1	698	26	1	0
2	30	13	0	0
3	701	34	3	0
4	588	13	0	0
11	30	17	0	0
12	262	49	7	1.28676
13	30	13	0	0
14	25	34	4	0.0748503
Instant	58
1	669	26	1	0
2	43	13	0	0
3	675	31	2	0.0428082
4	595	13	0	0
11	28	16	0	0
12	275	42	7	0
13	30	13	0	0
14	26	34	3	0
Instant	59
1	640	27	1	0
2	29	13	0	0
3	620	32	3	0.704887
4	628	13	0	0
11	28	16	0	0
12	286	33	3	0
13	27	13	0	0
14	27	32	2	0.0702247
Instant	60
1	613	27	1	0.287356
2	26	13	0	0
3	561	34	5	0.642292
4	578	13	0	0
11	26	17	0	0
12	271	46	5	1.83824
13	25	13	0	0
14	25	35	3	0.0762195
Instant	61
1	668	26	1	0
2	20	13	0	0
3	716	32	4	0.699013
4	619	13	0	0
11	29	16	0	0
12	270	39	5	0.446429
13	31	13	0	0
14	26	31	3	0.0710227
Instant	62
1	648	26	1	0
2	17	13	0	0
3	659	32	2	0
4	592	13	0	0
11	28	16	0	0
12	314	45	6	1.28676
13	29	13	0	0
14	24	35	3	0.14881
Instant	63
1	625	26	1	0.27881
2	34	13	0	0
3	726	34	3	0.0407166
4	585	13	0	0
11	27	16	0	0
12	248	41	7	1.10294
13	31	13	0	0
14	24	34	3	0.225904
Instant	64
1	635	26	1	0.271248
2	34	13	0	0
3	685	33	3	0.261324
4	612	13	0	0
11	28	16	0	0
12	275	45	6	2.7027
13	29	13	0	0
14	26	32	3	0.143678
Instant	65
1	669	26	1	0
2	33	13	0	0
3	787	33	4	0.453278
4	613	13	0	0
11	28	16	0	0
12	261	43	7	1.47059
13	36	13	0	0
14	26	33	3	0
Instant	66
1	677	25	1	0
2	14	13	0	0
3	978	31	2	0.152625
4	606	13	0	0
11	29	16	0	0
12	279	40	6	1.65441
13	42	13	0	0
14	26	32	3	0.217602
Instant	67
1	676	25	0	0
2	19	13	0	0
3	760	30	2	0
4	599	13	0	0
11	28	16	0	0
12	238	42	5	1.52027
13	34	13	0	0
14	25	32	3	0.147059
Instant	68
1	669	25	1	0
2	35	13	0	0
3	645	33	3	0.642202
4	612	13	0	0
11	29	16	0	0
12	286	44	7	1.5625
13	28	13	0	0
14	26	32	3	0.0718391
Instant	69
1	644	25	1	0.269784
2	18	13	0	0
3	601	31	2	0.295276
4	592	13	0	0
11	28	16	0	0
12	267	47	8	0.919118
13	25	13	0	0
14	25	34	3	0.0744048
Instant	70
1	675	24	1	0.26455
2	38	13	0	0
3	589	33	3	0.520833
4	592	13	0	0
11	28	16	0	0
12	267	43	7	0.844595
13	27	13	0	0
14	25	35	4	0
Instant	71
1	670	25	1	0
2	41	13	0	0
3	583	33	4	0.395257
4	609	13	0	0
11	29	16	0	0
12	293	39	4	0
13	25	13	0	0
14	25	34	3	0.0722543
Instant	72
1	663	26	1	0
2	33	13	0	0
3	606	32	2	0.335249
4	592	13	0	0
11	29	16	0	0
12	267	40	6	0.568182
13	26	13	0	0
14	25	34	3	0.223214
Instant	73
1	712	23	1	0
2	10	13	0	0
3	662	30	2	0
4	645	13	0	0
11	31	16	0	0
12	262	40	6	0
13	28	13	0	0
14	28	31	3	0
Instant	74
1	655	27	1	0
2	16	13	0	0
3	581	35	3	0
4	588	13	0	0
11	28	16	0	0
12	289	43	5	2.94118
13	25	13	0	0
14	25	34	3	0.0747012
Instant	75
1	618	24	1	0.275735
2	52	13	0	0
3	514	34	4	0.494505
4	578	13	0	0
11	27	17	0	0.56391
12	276	49	6	0.189394
13	23	13	0	0
14	24	33	3	0.381098
Instant	76
1	691	24	1	0
2	37	13	0	0
3	595	31	3	0.872093
4	638	13	0	0
11	30	16	0	0
12	273	40	7	0.694444
13	26	13	0	0
14	27	31	2	0.0690608
Instant	77
1	676	24	0	0.257732
2	17	13	0	0
3	662	30	1	0
4	634	13	0	0
11	30	16	0	0
12	297	43	8	0
13	28	13	0	0
14	27	32	3	0
Instant	78
1	669	25	0	0
2	36	13	0	0
3	600	31	3	0.427757
4	567	13	0	0
11	29	16	0	0
12	276	39	5	0
13	26	13	0	0
14	24	36	3	0.232919
Instant	79
1	627	24	0	0.330813
2	44	13	0	0
3	647	31	2	0
4	596	13	0	0
11	27	16	0	0
12	257	46	7	1.18243
13	28	13	0	0
14	25	34	3	0
Instant	80
1	600	24	1	0.519849
2	29	13	0	0
3	557	33	3	0.511247
4	595	13	0	0
11	27	16	0	0
12	288	38	6	0
13	25	13	0	0
14	25	34	3	0.0739645
Instant	81
1	662	25	2	0
2	20	13	0	0
3	575	35	3	0.618557
4	584	13	0	0
11	29	16	0	0
12	248	40	5	2.27273
13	24	13	0	0
14	25	36	4	0.0753012
Instant	82
1	670	25	1	0.260417
2	27	13	0	0
3	650	30	2	0.0446429
4	624	13	0	0
11	29	15	0	0
12	265	40	6	0.535714
13	28	13	0	0
14	27	32	3	0.0706215
Instant	83
1	691	24	1	0
2	13	13	0	0
3	635	31	2	0.139405
4	617	13	0	0
11	30	16	0	0
12	286	40	5	0.757576
13	27	13	0	0
14	26	32	3	0.0714286
Instant	84
1	719	23	0	0
2	42	13	0	0
3	677	28	1	0
4	620	13	0	0
11	31	15	0	0
12	269	35	4	0
13	30	13	0	0
14	27	31	3	0.0710227
Instant	85
1	670	25	0	0
2	15	13	0	0
3	568	32	2	0.528541
4	596	13	0	0
11	29	16	0	0
12	279	40	5	0
13	24	13	0	0
14	25	34	3	0.147638
Instant	86
1	669	25	1	0
2	31	13	0	0
3	557	32	2	0.695825
4	595	13	0	0
11	29	16	0	0
12	338	42	5	0
13	26	13	0	0
14	25	33	3	0.0739645
Instant	87
1	712	24	0	0
2	12	13	0	0
3	587	31	2	0.292398
4	621	13	0	0
11	30	16	0	0
12	273	41	5	0
13	26	13	0	0
14	26	33	3	0.0710227
Instant	88
1	655	26	1	0
2	16	13	0	0
3	594	31	2	0.585938
4	581	13	0	0
11	29	16	0	0
12	271	36	6	0
13	26	13	0	0
14	25	35	3	0
Instant	89
1	656	24	1	0.271248
2	31	13	0	0
3	645	31	2	0.0899281
4	623	13	0	0
11	28	16	0	0
12	290	40	5	0
13	28	13	0	0
14	26	31	3	0.141243
Instant	90
1	662	25	1	0
2	31	13	0	0
3	639	31	2	0
4	602	13	0	0
11	29	16	0	0
12	258	43	8	0
13	27	13	0	0
14	25	34	3	0.0730994
Instant	91
1	627	27	1	0
2	44	13	0	0
3	560	36	4	0.310559
4	564	13	0	0
11	27	16	0	0
12	269	43	7	0.675676
13	24	13	0	0
14	24	37	4	0.078125
Instant	92
1	618	26	1	0.562852
2	25	13	0	0
3	588	35	4	0.0994036
4	592	13	0	0
11	27	16	0	0
12	256	43	7	3.40909
13	25	13	0	0
14	26	35	3	0.0744048
Instant	93
1	667	23	0	0.259067
2	39	13	0	0
3	563	33	3	0.748503
4	602	13	0	0
11	29	16	0	0
12	268	36	6	0
13	25	13	0	0
14	25	33	3	0.219298
Instant	94
1	685	25	1	0
2	38	13	0	0
3	650	31	2	0
4	609	13	0	0
11	29	16	0	0
12	262	38	5	0.168919
13	28	13	0	0
14	26	33	3	0.0722543
Instant	95
1	684	24	0	0
2	29	13	0	0
3	635	31	2	0.0456204
4	610	13	0	0
11	30	16	0	0
12	286	37	4	0
13	28	13	0	0
14	25	34	3	0.0722543
Instant	96
1	651	25	1	0.318761
2	43	13	0	0
3	617	32	3	0.140977
4	602	13	0	0
11	28	16	0	0
12	263	41	6	0.551471
13	27	13	0	0
14	26	34	3	0
Instant	97
1	699	24	0	0
2	25	13	0	0
3	607	34	2	0
4	638	13	0	0
11	31	16	0	0
12	269	40	4	0
13	25	13	0	0
14	27	32	3	0
Instant	98
1	663	26	1	0
2	31	13	0	0
3	605	32	2	0.186567
4	589	13	0	0
11	28	16	0	0
12	317	45	6	0.551471
13	27	13	0	0
14	26	34	3	0.0747012
Instant	99
1	648	27	1	0
2	18	13	0	0
3	589	32	3	0.581395
4	608	13	0	0
11	28	16	0	0
12	252	44	7	1.83824
13	26	13	0	0
14	26	34	4	0.0967118
Instant	100
1	620	29	1	0.139665
2	28	13	0	0
3	634	33	3	0.5
4	578	13	0	0
11	27	16	0	0
12	256	39	5	2.7027
13	28	13	0	0
14	24	35	4	0.228659
Instant	101
1	602	27	1	0.380952
2	30	13	0	0
3	502	37	4	1.06502
4	595	13	0	0
11	26	16	0	0
12	285	45	7	0.551471
13	23	13	0	0
14	25	35	4	0.0739645
Instant	102
1	683	25	1	0
2	20	13	0	0
3	625	33	3	0
4	605	13	0	0
11	29	16	0	0
12	275	42	5	0.183824
13	27	13	0	0
14	26	32	3	0.145349
Instant	103
1	684	25	1	0
2	35	13	0	0
3	620	30	3	0.286807
4	602	13	0	0
11	29	16	0	0
12	273	40	6	0
13	26	13	0	0
14	25	35	3	0.0976562
Instant	104
1	691	24	0	0
2	37	13	0	0
3	640	29	2	0
4	624	13	0	0
11	29	16	0	0
12	294	36	4	0
13	28	13	0	0
14	27	31	3	0.0706215
Instant	105
1	626	25	1	0.275229
2	32	13	0	0
3	617	31	2	0.281955
4	585	13	0	0
11	27	16	0	0
12	255	42	5	1.47059
13	27	13	0	0
14	24	34	3	0.225904
Instant	106
1	667	25	1	0
2	6	14	0	0
3	670	31	3	0.266904
4	588	13	0	0
11	28	16	0	0
12	249	41	6	2.02703
13	28	13	0	0
14	24	33	3	0.299401
Instant	107
1	627	27	1	0
2	43	13	0	0
3	640	35	3	0
4	602	13	0	0
11	27	16	0	0
12	265	41	6	2.57353
13	28	13	0	0
14	25	34	3	0.146199
Instant	108
1	670	25	1	0.260417
2	25	13	0	0
3	701	33	2	0
4	581	13	0	0
11	29	16	0	0
12	257	39	6	1.83824
13	30	13	0	0
14	24	34	3	0.227273
Instant	109
1	662	26	1	0
2	23	13	0	0
3	682	32	3	0.516351
4	599	13	0	0
11	28	16	0	0
12	260	44	7	0.744048
13	29	13	0	0
14	25	34	4	0.0735294
Instant	110
1	684	25	0	0
2	32	13	0	0
3	655	29	1	0.043554
4	627	13	0	0
11	29	15	0	0
12	321	40	4	0
13	29	13	0	0
14	27	30	3	0.0702247
Instant	111
1	648	25	1	0.271739
2	23	13	0	0
3	600	34	3	0
4	620	13	0	0
11	28	16	0	0
12	271	47	6	0.735294
13	26	13	0	0
14	26	33	3	0.0710227
Instant	112
1	625	26	1	0.0915751
2	25	13	0	0
3	552	38	4	0.208333
4	574	13	0	0
11	28	16	0	0
12	265	40	6	0.844595
13	24	13	0	0
14	25	35	3	0.153374
Instant	113
1	640	28	1	0
2	18	13	0	0
3	560	34	4	0.729167
4	584	13	0	0
11	27	16	0	0
12	284	45	9	0.183824
13	24	13	0	0
14	24	33	4	0.225451
Instant	114
1	691	25	1	0
2	36	13	0	0
3	663	30	1	0
4	669	13	0	0
11	29	15	0	0
12	271	38	5	0
13	28	13	0	0
14	28	30	2	0.0659051
Instant	115
1	684	25	1	0
2	30	13	0	0
3	597	32	2	0.288462
4	628	13	0	0
11	29	16	0	0
12	270	38	6	0
13	26	13	0	0
14	27	33	3	0
Instant	116
1	640	25	1	0.26643
2	14	13	0	0
3	632	32	3	0
4	614	13	0	0
11	28	16	0	0
12	286	36	6	1.28676
13	27	13	0	0
14	26	31	3	0.310707
Instant	117
1	682	25	0	0
2	28	13	0	0
3	527	33	3	0.638298
4	624	13	0	0
11	29	16	0	0
12	271	41	6	0
13	24	13	0	0
14	26	33	3	0.0706215
Instant	118
1	651	25	1	0.263158
2	18	13	0	0
3	595	32	3	0.0487329
4	578	13	0	0
11	29	16	0	0
12	272	41	6	0.168919
13	26	13	0	0
14	25	35	4	0.0762195
Instant	119
1	698	24	0	0
2	35	13	0	0
3	565	31	2	0.809717
4	598	13	0	0
11	30	16	0	0
12	290	38	5	0.367647
13	25	13	0	0
14	25	34	3	0.0735294
