	T	D	J	LP
Instant	0
1	0	0	0	0
2	0	0	0	0
3	0	0	0	0
4	0	0	0	0
11	0	0	0	0
12	0	0	0	0
13	0	0	0	0
14	0	0	0	0
Instant	1
1	499	30	1	0
2	12	13	0	0
3	261	36	4	0
4	340	13	0	0
11	18	17	0	0
12	152	38	6	0
13	10	13	0	0
14	11	34	5	0.208333
Instant	2
1	2680	32	2	0.549806
2	6	14	0	0
3	733	39	7	0.116279
4	2457	14	0	0
11	121	17	0	0
12	277	52	10	2.38971
13	33	13	0	0
14	103	39	2	0.358852
Instant	3
1	2484	29	2	0.0824694
2	20	14	1	0
3	719	38	7	0.757576
4	2283	14	0	0
11	110	18	0	0
12	290	52	8	2.38971
13	32	13	0	0
14	97	38	2	0.251289
Instant	4
1	2125	30	2	0
2	10	14	0	0
3	639	33	5	1.21185
4	1741	13	0	0
11	95	17	0	0
12	259	50	10	2.36486
13	28	13	0	0
14	75	38	2	0.834457
Instant	5
1	1808	28	2	0
2	22	14	1	0
3	622	36	3	1.53509
4	1546	13	0	0
11	80	17	0	0
12	300	51	10	2.02206
13	28	13	0	0
14	64	37	3	0.39003
Instant	6
1	1663	26	2	0
2	21	13	0	0
3	657	37	5	0.732759
4	1418	13	0	0
11	71	18	0	0
12	250	49	9	2.20588
13	29	13	0	0
14	63	37	3	0.0621891
Instant	7
1	1361	26	1	0.271739
2	18	13	0	0
3	640	38	3	0.183824
4	1145	13	0	0
11	62	17	0	0
12	269	45	6	1.52027
13	28	13	0	0
14	49	37	3	0.0769231
Instant	8
1	1315	26	1	0
2	24	13	0	0
3	638	35	3	0
4	933	13	0	0
11	56	17	0	0
12	275	43	6	0.183824
13	27	13	0	0
14	40	37	5	0.173174
Instant	9
1	983	26	1	0.295858
2	26	13	0	0
3	608	36	4	0.426136
4	958	13	0	0
11	44	18	0	0
12	266	49	8	0.919118
13	27	13	0	0
14	41	36	4	0.0917993
Instant	10
1	925	25	1	0
2	37	13	0	0
3	609	36	4	0.333969
4	699	13	0	0
11	41	17	0	0
12	248	46	11	1.85811
13	26	13	0	0
14	29	38	4	0.147059
Instant	11
1	894	25	1	0
2	23	13	0	0
3	781	34	2	0
4	654	13	0	0
11	39	16	0	0
12	284	43	6	0
13	34	13	0	0
14	28	35	4	0.134892
Instant	12
1	755	27	2	0.463679
2	31	13	0	0
3	719	35	3	0.124585
4	674	13	0	0
11	33	17	0	0
12	262	43	6	0.735294
13	31	13	0	0
14	29	35	3	0.065331
Instant	13
1	631	27	1	0.545455
2	26	13	0	0
3	607	36	3	0.237192
4	666	13	0	0
11	28	17	0	0
12	259	44	5	1.04167
13	27	13	0	0
14	28	37	4	0.132275
Instant	14
1	668	26	1	0.26087
2	13	13	0	0
3	649	31	2	0.176991
4	676	13	0	0
11	29	17	0	0
12	328	46	7	1.10294
13	29	13	0	0
14	27	35	3	0.391304
Instant	15
1	621	29	2	0.59633
2	11	13	0	0
3	625	36	4	0.551471
4	597	13	0	0
11	27	17	0	0
12	271	52	8	0
13	27	13	0	0
14	25	38	5	0.368369
Instant	16
1	743	25	1	0.813953
2	7	13	0	0
3	708	34	4	0.529316
4	619	13	0	0
11	33	16	0	0
12	254	43	6	1.01351
13	31	13	0	0
14	26	35	4	0.355787
Instant	17
1	624	27	2	0.620567
2	15	13	0	0
3	587	35	3	0.539216
4	636	13	0	0
11	28	18	0	0
12	265	47	7	0.919118
13	26	13	0	0
14	27	36	4	0
Instant	18
1	668	26	2	0.467687
2	18	13	0	0
3	608	34	3	0.0487329
4	627	13	0	0
11	30	17	0	0
12	273	45	7	1.28676
13	26	13	0	0
14	27	34	3	0.140713
Instant	19
1	673	25	1	0.265487
2	32	13	0	0
3	626	31	3	0.234082
4	615	13	0	0
11	29	17	0	0
12	268	45	6	0.337838
13	27	13	0	0
14	25	35	3	0.28626
Instant	20
1	688	25	1	0.555556
2	19	13	0	0
3	617	33	2	0.0471698
4	648	13	0	0
11	30	16	0	0
12	289	39	4	0
13	27	13	0	0
14	27	34	3	0.136116
Instant	21
1	733	24	1	0
2	4	13	0	0
3	620	33	2	0
4	646	13	0	0
11	31	16	0	0
12	271	43	6	0
13	26	13	0	0
14	28	34	3	0.0680581
Instant	22
1	648	27	2	0.26643
2	33	13	0	0
3	595	34	2	0.0491159
4	621	13	0	0
11	28	18	0	0
12	246	46	7	2.36486
13	25	13	0	0
14	26	34	3	0.284091
Instant	23
1	567	27	1	0.796813
2	13	13	0	0
3	573	35	3	0.547809
4	619	13	0	0
11	25	18	0	0
12	292	41	7	0
13	25	13	0	0
14	27	37	4	0
Instant	24
1	651	26	1	0.531915
2	22	13	0	0
3	632	32	3	1.03604
4	606	13	0	0
11	29	17	0	0
12	250	47	8	1.47059
13	28	13	0	0
14	25	36	4	0.217602
Instant	25
1	691	27	1	0
2	19	13	0	0
3	607	33	3	0.50738
4	597	13	0	0
11	30	17	0	0
12	251	43	6	1.4881
13	27	13	0	0
14	25	39	5	0.295276
Instant	26
1	654	29	3	0
2	15	13	0	0
3	688	35	4	0.0424448
4	594	13	0	0
11	28	18	0	0
12	298	45	7	1.28676
13	30	13	0	0
14	25	38	4	0.148515
Instant	27
1	585	29	2	0.759013
2	30	13	0	0
3	575	35	4	1.07212
4	597	13	0	0
11	26	17	0	0
12	264	52	9	2.94118
13	26	13	0	0
14	25	37	4	0.19685
Instant	28
1	722	26	1	0
2	38	13	0	0
3	715	33	3	0.570962
4	560	13	0	0
11	30	16	0	0
12	265	39	7	0.868056
13	31	13	0	0
14	23	38	6	0.157233
Instant	29
1	675	26	1	0
2	42	13	0	0
3	758	34	4	0.417299
4	560	13	0	0
11	30	18	0	0
12	302	49	7	0
13	34	13	0	0
14	23	39	5	0.235849
Instant	30
1	667	27	1	0.265018
2	28	13	0	0
3	575	35	3	0.592885
4	567	13	0	0
11	28	17	0	0
12	270	48	7	0.367647
13	26	13	0	0
14	23	36	4	0.465839
Instant	31
1	800	26	1	0
2	23	13	0	0
3	624	33	3	0
4	598	13	0	0
11	35	17	0	0
12	275	49	9	0
13	27	13	0	0
14	25	36	4	0.147348
Instant	32
1	802	28	2	0.14245
2	7	13	0	0
3	573	35	4	0.354251
4	569	13	0	0
11	35	17	0	0
12	280	49	5	1.10294
13	25	13	0	0
14	24	37	4	0.0774793
Instant	33
1	837	24	1	0.638298
2	7	13	0	0
3	641	32	2	0.0469925
4	572	13	0	0
11	36	17	0	0
12	281	42	6	0
13	27	13	0	0
14	25	37	4	0.0768443
Instant	34
1	905	25	0	0
2	33	13	0	0
3	618	32	3	0.0469925
4	582	13	0	0
11	39	17	0	0
12	270	43	6	0
13	27	13	0	0
14	25	36	4	0
Instant	35
1	618	27	2	0.798872
2	21	13	0	0
3	566	34	4	0.404858
4	555	13	0	0
11	27	18	0	0
12	282	50	10	0.183824
13	25	13	0	0
14	23	37	4	0.158228
Instant	36
1	625	28	1	0.274725
2	19	13	0	0
3	568	34	4	0.795229
4	623	13	0	0
11	27	17	0	0
12	269	49	8	0.551471
13	25	13	0	0
14	26	37	4	0.141777
Instant	37
1	651	26	1	0.52356
2	31	13	0	0
3	638	32	4	0.315884
4	561	13	0	0
11	29	17	0	0
12	263	45	5	0.446429
13	28	13	0	0
14	24	38	4	0.156904
Instant	38
1	620	27	1	0.609756
2	19	13	0	0
3	586	36	3	0.639764
4	549	13	0	0
11	27	17	0	0
12	305	43	6	1.28676
13	26	13	0	0
14	23	37	4	0.160256
Instant	39
1	684	25	0	0.252101
2	31	13	0	0
3	582	36	5	0.542406
4	554	13	0	0
11	30	17	0	0
12	284	42	6	1.28676
13	26	13	0	0
14	23	36	5	0.132415
Instant	40
1	701	26	1	0
2	26	13	0	0
3	637	35	4	0.0466418
4	546	13	0	0
11	29	17	0	0
12	272	41	7	0
13	27	13	0	0
14	23	36	4	0.403226
Instant	41
1	823	25	1	0
2	35	13	0	0
3	729	32	2	0.0792393
4	565	13	0	0
11	35	16	0	0
12	295	46	7	0
13	32	13	0	0
14	23	36	4	0.155925
Instant	42
1	872	26	1	0
2	15	13	0	0
3	694	33	3	0.126476
4	540	13	0	0
11	39	16	0	0
12	267	41	7	0.735294
13	30	13	0	0
14	22	39	4	0.243506
Instant	43
1	796	26	1	0
2	24	13	0	0
3	838	31	2	0.243733
4	555	13	0	0
11	34	17	0	0
12	268	47	6	0
13	36	13	0	0
14	23	36	4	0.318471
Instant	44
1	724	25	1	0
2	26	13	0	0
3	804	30	3	0.859697
4	578	13	0	0
11	31	17	0	0
12	289	41	7	0.735294
13	37	13	0	0
14	24	34	4	0.152439
Instant	45
1	638	26	1	0.585586
2	3	13	0	0
3	771	35	4	1.07407
4	563	13	0	0
11	28	16	0	0
12	262	48	7	1.28676
13	34	13	0	0
14	24	36	4	0.234375
Instant	46
1	679	27	1	0
2	0	0	0	0
3	771	34	4	0.30349
4	582	13	0	0
11	29	17	0	0
12	242	45	7	2.53378
13	34	13	0	0
14	24	35	3	0
Instant	47
1	684	26	1	0.259516
2	17	13	0	0
3	600	32	3	0.899621
4	537	13	0	0
11	29	16	0	0
12	280	39	5	1.65441
13	27	13	0	0
14	23	37	4	0.245098
Instant	48
1	655	26	2	0.258621
2	41	13	0	0
3	532	34	3	0.744681
4	555	13	0	0
11	29	17	0	0
12	249	41	7	1.47059
13	24	13	0	0
14	23	38	4	0.0796178
Instant	49
1	696	25	1	0.255973
2	24	13	0	0
3	626	31	2	0.0465549
4	578	13	0	0
11	29	17	0	0
12	259	43	7	0.595238
13	27	13	0	0
14	24	34	4	0.228659
Instant	50
1	749	26	1	0
2	28	13	0	0
3	597	35	4	0.197239
4	564	13	0	0
11	32	17	0	0
12	318	40	6	0
13	25	13	0	0
14	24	36	4	0.15625
Instant	51
1	705	27	1	0.409836
2	31	13	0	0
3	577	35	4	0.353535
4	549	13	0	0
11	31	17	0	0
12	279	49	9	0.919118
13	25	13	0	0
14	23	37	4	0.160256
Instant	52
1	656	26	1	0
2	11	13	0	0
3	599	31	4	0.576923
4	524	13	0	0
11	29	19	0	0
12	266	47	6	0.173611
13	26	13	0	0
14	22	40	5	0.251678
Instant	53
1	681	24	1	0
2	23	13	0	0
3	545	34	3	0.420168
4	561	13	0	0
11	29	17	0	0
12	298	43	7	0
13	24	13	0	0
14	23	38	5	0.235849
Instant	54
1	670	24	1	0
2	33	13	0	0
3	659	30	2	0
4	578	13	0	0
11	29	17	0	0
12	260	41	6	0.919118
13	28	13	0	0
14	25	35	4	0.0762195
Instant	55
1	683	24	1	0
2	19	13	0	0
3	655	30	1	0
4	581	13	0	0
11	29	16	0	0
12	273	41	4	0
13	28	13	0	0
14	25	35	4	0.0757576
Instant	56
1	691	24	0	0
2	36	13	0	0
3	648	31	2	0
4	585	13	0	0
11	30	16	0	0
12	296	41	6	0
13	28	13	0	0
14	25	34	3	0.150602
Instant	57
1	648	26	1	0
2	38	13	0	0
3	613	29	2	0.32833
4	583	13	0	0
11	27	17	0	0
12	274	46	7	0
13	27	13	0	0
14	25	35	3	0.0753012
Instant	58
1	639	26	1	0
2	34	13	0	0
3	548	34	3	0.824742
4	571	13	0	0
11	28	17	0	0
12	262	44	6	1.18243
13	24	13	0	0
14	24	37	4	0.0771605
Instant	59
1	634	27	1	0
2	11	13	0	0
3	633	30	2	0.137868
4	556	13	0	0
11	27	17	0	0
12	283	42	6	0.735294
13	27	13	0	0
14	24	37	4	0.0791139
Instant	60
1	654	26	1	0
2	38	13	0	0
3	631	33	3	0.0469925
4	564	13	0	0
11	28	17	0	0
12	275	41	5	1.10294
13	27	13	0	0
14	23	35	4	0.234375
Instant	61
1	671	25	1	0
2	28	13	0	0
3	621	30	3	0.415129
4	593	13	0	0
11	28	17	0	0
12	274	44	5	0
13	27	13	0	0
14	25	34	3	0
Instant	62
1	627	27	1	0
2	43	13	0	0
3	631	32	4	0
4	539	13	0	0
11	27	17	0	0
12	309	48	8	2.38971
13	27	13	0	0
14	23	38	4	0.245098
Instant	63
1	677	23	0	0
2	21	13	0	0
3	654	30	2	0
4	606	13	0	0
11	29	16	0	0
12	272	39	6	0
13	28	13	0	0
14	26	34	4	0
Instant	64
1	684	25	1	0
2	25	13	0	0
3	587	31	2	0.34585
4	581	13	0	0
11	28	17	0	0
12	289	47	6	0
13	26	13	0	0
14	24	34	4	0.151515
Instant	65
1	641	26	1	0
2	17	13	0	0
3	508	34	4	0.717439
4	561	13	0	0
11	28	17	0	0
12	272	46	10	2.38971
13	23	13	0	0
14	24	37	4	0
Instant	66
1	663	25	1	0
2	17	13	0	0
3	633	31	2	0.278293
4	577	13	0	0
11	28	17	0	0
12	279	42	6	0
13	27	13	0	0
14	24	35	4	0
Instant	67
1	677	25	1	0
2	21	14	0	0
3	588	33	2	0.291829
4	553	13	0	0
11	28	17	0	0
12	255	40	5	0
13	26	13	0	0
14	23	37	5	0.318471
Instant	68
1	634	26	2	0
2	41	13	0	0
3	621	32	3	0
4	567	13	0	0
11	28	17	0	0
12	281	45	8	2.34375
13	26	13	0	0
14	24	36	5	0.0776398
Instant	69
1	598	25	0	0.343137
2	45	13	0	0
3	534	34	2	0.685654
4	568	13	0	0
11	26	17	0	0
12	277	42	6	0
13	24	13	0	0
14	24	37	4	0
Instant	70
1	661	25	1	0
2	18	13	0	0
3	678	31	2	0.259516
4	566	13	0	0
11	28	17	0	0
12	277	41	6	0
13	29	13	0	0
14	23	34	3	0.310559
Instant	71
1	640	27	1	0
2	40	13	0	0
3	619	34	3	0.276753
4	550	13	0	0
11	27	17	0	0
12	282	47	8	1.28676
13	27	13	0	0
14	23	37	5	0.160256
Instant	72
1	608	26	1	0.27933
2	35	13	0	0
3	630	35	3	0.18622
4	574	13	0	0
11	27	17	0	0
12	271	42	6	0.189394
13	27	13	0	0
14	24	37	5	0.153374
Instant	73
1	590	28	2	0.452716
2	23	13	0	0
3	589	33	4	0.680934
4	578	13	0	0
11	25	17	0	0
12	260	48	8	0.152439
13	26	13	0	0
14	24	35	4	0.0762195
Instant	74
1	670	25	1	0
2	41	13	0	0
3	589	32	3	0.770713
4	559	13	0	0
11	28	16	0	0
12	323	41	5	0
13	26	13	0	0
14	24	37	4	0
Instant	75
1	655	25	1	0
2	47	13	0	0
3	628	30	3	0
4	568	13	0	0
11	29	17	0	0
12	279	41	5	0
13	27	13	0	0
14	23	36	4	0.15528
Instant	76
1	662	25	1	0
2	19	13	0	0
3	614	33	3	0.28626
4	578	13	0	0
11	28	17	0	0
12	264	43	5	0
13	26	13	0	0
14	24	36	4	0.0762195
Instant	77
1	648	25	0	0
2	26	13	0	0
3	613	33	2	0
4	563	13	0	0
11	28	17	0	0
12	288	36	8	0.976562
13	26	13	0	0
14	24	37	4	0.078125
Instant	78
1	656	26	1	0
2	16	13	0	0
3	610	34	3	0.145349
4	554	13	0	0
11	28	17	0	0
12	265	41	5	1.95312
13	26	13	0	0
14	23	37	4	0.159236
Instant	79
1	638	26	1	0.0464684
2	51	13	0	0
3	628	32	3	0.0462963
4	585	13	0	0
11	27	17	0	0
12	272	46	8	0
13	27	13	0	0
14	25	35	4	0.150602
Instant	80
1	655	25	1	0.265957
2	37	13	0	0
3	572	32	2	0.891089
4	590	13	0	0
11	28	16	0	0
12	294	39	7	0
13	25	13	0	0
14	25	35	4	0.0745527
Instant	81
1	625	28	1	0.0469043
2	35	13	0	0
3	609	33	3	0.0967118
4	605	13	0	0
11	27	17	0	0
12	267	42	6	0
13	26	13	0	0
14	26	35	4	0.0728155
Instant	82
1	685	24	0	0
2	30	13	0	0
3	645	30	2	0.134892
4	565	13	0	0
11	30	16	0	0
12	271	38	5	0
13	28	13	0	0
14	24	35	4	0.259875
Instant	83
1	655	26	1	0
2	32	13	0	0
3	603	31	2	0.429389
4	581	13	0	0
11	28	16	0	0
12	285	38	5	0
13	26	13	0	0
14	24	35	4	0.151515
Instant	84
1	595	28	1	0.292398
2	43	13	0	0
3	545	35	3	0.373932
4	571	13	0	0
11	26	17	0	0
12	263	46	8	1.32576
13	23	13	0	0
14	24	37	4	0.0771605
Instant	85
1	662	26	1	0
2	38	13	0	0
3	606	35	4	0
4	560	13	0	0
11	28	16	0	0
12	265	47	8	0.961538
13	26	13	0	0
14	24	36	4	0.0786164
Instant	86
1	632	25	1	0.0454545
2	17	13	0	0
3	592	33	4	0.147638
4	550	13	0	0
11	28	18	0	0
12	324	42	7	0.367647
13	26	13	0	0
14	23	37	4	0.240385
Instant	87
1	649	26	1	0
2	18	13	0	0
3	620	34	3	0
4	574	13	0	0
11	27	17	0	0
12	264	48	7	2.38971
13	27	13	0	0
14	23	36	4	0.153374
Instant	88
1	655	26	1	0
2	29	13	0	0
3	620	32	2	0.18797
4	578	13	0	0
11	27	16	0	0
12	265	41	8	0.675676
13	27	13	0	0
14	25	36	3	0.0762195
Instant	89
1	620	25	1	0
2	17	13	0	0
3	621	33	3	0.0480769
4	578	13	0	0
11	27	19	1	0
12	271	42	7	0.183824
13	26	13	0	0
14	24	34	3	0.152439
Instant	90
1	663	25	1	0
2	1	13	0	0
3	609	31	2	0.280899
4	595	13	0	0
11	28	17	0	0.265957
12	257	43	7	2.53906
13	27	13	0	0
14	25	35	4	0
Instant	91
1	633	26	1	0
2	21	13	0	0
3	630	32	2	0
4	584	13	0	0
11	27	17	0	0
12	269	44	6	0
13	27	13	0	0
14	24	36	3	0
Instant	92
1	647	27	1	0
2	7	13	0	0
3	574	35	3	0.150602
4	538	13	0	0
11	27	16	0	0
12	268	44	6	2.08333
13	25	13	0	0
14	23	38	4	0.0816993
Instant	93
1	646	26	1	0
2	38	13	0	0
3	578	33	3	0.795229
4	560	13	0	0
11	27	17	0	0
12	254	46	8	1.51515
13	26	13	0	0
14	24	37	5	0.0786164
Instant	94
1	647	25	1	0.0443262
2	18	13	0	0
3	653	29	2	0.26738
4	575	13	0	0
11	28	17	0	0
12	264	41	5	0
13	28	13	0	0
14	24	36	4	0.0766871
Instant	95
1	668	24	0	0
2	26	13	0	0
3	569	33	1	0.305499
4	581	13	0	0
11	28	17	0	0
12	276	38	4	0.551471
13	25	13	0	0
14	24	35	4	0
Instant	96
1	575	28	2	0.30303
2	20	13	0	0
3	524	37	4	0.599129
4	554	13	0	0
11	25	17	0	0
12	260	46	6	1.65441
13	23	13	0	0
14	24	36	4	0.0794492
Instant	97
1	634	27	1	0
2	28	13	0	0
3	626	33	4	0.186916
4	523	13	0	0
11	27	17	0	0
12	246	43	7	1.67683
13	27	13	0	0
14	21	38	4	0.33557
Instant	98
1	669	25	1	0
2	28	13	0	0
3	729	31	2	0
4	573	13	0	0
11	29	16	0	0
12	334	38	4	0
13	31	13	0	0
14	24	35	4	0.0770021
Instant	99
1	641	26	1	0
2	32	13	0	0
3	819	34	4	0
4	545	13	0	0
11	27	17	0	0
12	260	44	6	1.47059
13	35	13	0	0
14	23	39	5	0.16129
Instant	100
1	581	28	1	0.34585
2	18	13	0	0
3	623	35	4	0.319927
4	546	13	0	0
11	26	16	0	0
12	247	48	8	1.35135
13	28	13	0	0
14	23	37	4	0.0804721
Instant	101
1	629	25	1	0.27881
2	20	13	0	0
3	704	33	2	0
4	547	13	0	0
11	27	17	0	0
12	298	43	9	0.919118
13	30	13	0	0
14	23	36	4	0.403226
Instant	102
1	646	26	1	0.0905797
2	29	13	0	0
3	624	33	3	0.362319
4	578	13	0	0
11	28	17	0	0
12	271	49	9	0
13	28	13	0	0
14	24	37	5	0
Instant	103
1	698	23	0	0
2	28	13	0	0
3	723	30	2	0
4	578	13	0	0
11	31	16	0	0
12	273	37	5	0
13	31	13	0	0
14	25	35	4	0
Instant	104
1	670	25	1	0
2	41	13	0	0
3	633	31	2	0.537634
4	575	13	0	0
11	28	17	0	0
12	288	40	5	0
13	28	13	0	0
14	24	36	4	0.153374
Instant	105
1	641	26	1	0
2	22	13	0	0
3	636	32	3	0.644567
4	602	13	0	0
11	27	17	0	0
12	270	47	8	0.735294
13	27	13	0	0
14	25	34	4	0
Instant	106
1	663	25	1	0
2	32	13	0	0
3	732	31	2	0
4	577	13	0	0
11	29	17	0	0
12	274	40	5	0
13	32	13	0	0
14	24	35	4	0.0762195
Instant	107
1	648	26	1	0
2	34	13	0	0
3	764	32	2	0.115207
4	585	13	0	0
11	27	17	0	0
12	280	47	7	0
13	33	13	0	0
14	25	35	4	0.0753012
Instant	108
1	625	26	1	0
2	29	13	0	0
3	647	33	2	0.65331
4	545	13	0	0
11	27	18	1	0
12	236	50	8	4.41176
13	29	13	0	0
14	23	37	5	0.16129
Instant	109
1	665	26	1	0
2	32	13	0	0
3	687	33	3	0
4	592	13	0	0
11	28	16	0	0
12	264	42	7	0.446429
13	29	13	0	0
14	24	34	4	0.298211
Instant	110
1	620	27	1	0
2	11	13	0	0
3	654	33	3	0.475779
4	611	13	0	0
11	27	18	1	0
12	304	48	9	0
13	29	13	0	0
14	26	36	3	0.143954
Instant	111
1	627	26	1	0.0473485
2	16	13	0	0
3	734	34	3	0
4	571	13	0	0
11	26	17	0	0
12	282	50	8	0.735294
13	32	13	0	0
14	23	36	4	0.462963
Instant	112
1	601	27	1	0.23855
2	23	13	0	0
3	747	32	2	0.0394322
4	533	13	0	0
11	26	17	0	0
12	262	44	6	1.18243
13	32	13	0	0
14	22	40	6	0.164835
Instant	113
1	656	26	1	0
2	19	13	0	0
3	674	36	4	0.0440141
4	548	13	0	0
11	27	17	0	0
12	292	36	6	0
13	29	13	0	0
14	23	38	5	0
Instant	114
1	655	25	1	0
2	49	13	0	0
3	712	31	3	0
4	599	13	0	0
11	28	16	0	0
12	264	45	6	0.735294
13	31	13	0	0
14	25	33	4	0.147059
Instant	115
1	648	25	1	0
2	21	13	0	0
3	651	31	3	0.357143
4	578	13	0	0
11	28	17	0	0
12	270	49	9	0
13	28	13	0	0
14	25	34	3	0.152439
Instant	116
1	662	25	0	0
2	36	13	0	0
3	706	35	3	0.326797
4	552	13	0	0
11	28	16	0	0
12	303	44	6	0
13	31	13	0	0
14	22	37	5	0.318471
Instant	117
1	617	28	1	0.142045
2	19	13	0	0
3	727	34	4	0
4	568	13	0	0
11	26	17	0	0
12	260	51	9	1.28676
13	31	13	0	0
14	24	36	4	0
Instant	118
1	655	26	1	0
2	44	13	0	0
3	750	33	3	0.824588
4	560	13	0	0
11	28	16	0	0
12	259	45	6	1.18243
13	34	13	0	0
14	23	37	4	0.235849
Instant	119
1	613	28	1	0
2	30	13	0	0
3	667	36	5	0.215517
4	557	13	0	0
11	26	18	1	0
12	266	45	7	2.38971
13	29	13	0	0
14	23	37	4	0.158228
