	T	D	J	LP
Instant	0
1	0	0	0	0
2	0	0	0	0
3	0	0	0	0
4	0	0	0	0
11	0	0	0	0
12	0	0	0	0
13	0	0	0	0
14	0	0	0	0
Instant	1
1	380	27	2	0
2	18	13	0	0
3	245	40	4	0
4	209	13	0	0
11	14	17	0	0
12	138	46	10	0
13	10	13	0	0
14	6	43	10	0.0672043
Instant	2
1	2036	27	2	0
2	26	13	0	0
3	653	41	6	1.77665
4	1580	13	0	0
11	90	16	0	0
12	308	53	9	1.10294
13	30	13	0	0
14	67	42	2	0.167162
Instant	3
1	1202	25	2	0.847458
2	28	13	0	0
3	687	41	6	0.665557
4	1568	13	0	0
11	55	17	0	0.336538
12	319	54	8	0.735294
13	30	13	0	0
14	66	41	3	0.477886
Instant	4
1	1059	25	2	0.332594
2	32	13	0	0
3	819	39	6	0.535714
4	1193	13	0	0
11	47	18	1	0
12	280	53	8	0.675676
13	35	13	0	0
14	50	41	4	0.653353
Instant	5
1	874	27	2	0
2	36	13	0	0
3	793	39	5	1.13636
4	903	13	0	0
11	38	17	0	0
12	278	51	11	2.20588
13	37	13	0	0
14	37	42	4	0.340909
Instant	6
1	837	26	2	0
2	37	13	0	0
3	713	39	6	0.289735
4	833	13	0	0
11	36	17	0	0
12	256	49	8	2.57353
13	31	13	0	0
14	36	41	5	0.264457
Instant	7
1	899	27	2	0.0955414
2	12	13	0	0
3	686	38	6	0.57947
4	724	13	0	0
11	40	17	0	0
12	250	50	9	2.19595
13	31	13	0	0
14	31	42	4	0.30389
Instant	8
1	775	27	1	0.117005
2	13	13	0	0
3	675	37	5	0.303293
4	695	13	0	0
11	33	18	0	0
12	283	48	7	0.551471
13	29	13	0	0
14	29	41	4	0.381356
Instant	9
1	805	26	1	0
2	7	13	0	0
3	656	34	5	0.659051
4	578	13	0	0
11	35	17	0	0
12	249	51	11	1.65441
13	29	13	0	0
14	23	42	5	0.633874
Instant	10
1	802	27	1	0
2	34	13	0	0
3	729	36	6	0.15674
4	551	13	0	0
11	35	17	0	0
12	264	51	8	0
13	32	13	0	0
14	23	42	6	0.479744
Instant	11
1	793	27	1	0
2	44	13	0	0
3	743	37	5	0.121951
4	550	13	0	0
11	33	17	0	0
12	284	45	6	0
13	31	13	0	0
14	23	41	6	0.240385
Instant	12
1	689	26	1	0.490998
2	47	13	0	0
3	630	38	6	0.483304
4	607	13	0	0
11	31	17	0	0
12	259	50	8	0.919118
13	29	13	0	0
14	25	40	6	0.362669
Instant	13
1	692	27	1	1.14007
2	6	13	0	0
3	637	40	6	0.681818
4	548	13	0	0
11	31	18	0	0
12	265	54	9	0.892857
13	28	13	0	0
14	22	40	5	0.560897
Instant	14
1	645	28	2	0.139147
2	29	13	0	0
3	597	40	5	0.197239
4	553	13	0	0
11	27	17	0	0
12	315	51	8	0
13	25	13	0	0
14	22	44	6	0.557325
Instant	15
1	694	29	1	0.124585
2	24	13	0	0
3	600	37	6	0.288462
4	554	13	0	0
11	30	17	0	0
12	273	46	6	1.83824
13	26	13	0	0
14	24	41	6	0.106157
Instant	16
1	648	28	1	0.353982
2	37	13	0	0
3	621	36	5	0.863636
4	545	13	0	0
11	28	17	0	0
12	271	53	7	0
13	28	13	0	0
14	22	39	5	0.457974
Instant	17
1	678	27	1	0.395431
2	21	13	0	0
3	602	36	5	0.575816
4	500	13	0	0
11	29	17	0	0
12	286	48	8	0.183824
13	26	13	0	0
14	20	43	6	0.440141
Instant	18
1	646	27	1	0
2	11	13	0	0
3	590	35	3	0.249501
4	543	13	0	0
11	29	17	0	0
12	253	47	8	0.735294
13	25	13	0	0
14	23	40	5	0.242981
Instant	19
1	598	26	2	0.579151
2	16	13	0	0
3	458	36	6	1.69492
4	494	13	0	0
11	26	17	0	0
12	270	51	8	0.844595
13	21	13	0	0
14	20	41	6	0.620567
Instant	20
1	680	27	1	0.258176
2	15	13	0	0
3	507	35	4	0.559284
4	523	13	0	0
11	29	17	0	0
12	280	40	6	0.367647
13	22	13	0	0
14	21	39	5	0.394144
Instant	21
1	687	26	2	0
2	20	13	0	0
3	516	37	4	0.875274
4	475	13	0	0
11	30	18	0	0
12	272	51	9	0.367647
13	23	13	0	0
14	19	42	5	0.37037
Instant	22
1	680	26	2	0.26455
2	17	13	0	0
3	554	36	3	0.366109
4	497	13	0	0
11	29	17	0	0
12	262	49	8	1.18243
13	24	13	0	0
14	20	40	5	0.35461
Instant	23
1	571	25	3	1.16279
2	9	13	0	0
3	565	34	5	0.358607
4	481	13	0	0
11	26	18	0	0
12	258	49	10	3.30882
13	24	13	0	0
14	19	42	6	0.638686
Instant	24
1	566	27	2	1.07004
2	19	13	0	0
3	573	37	5	0.100806
4	484	13	0	0
11	26	18	1	0
12	248	52	8	2.02206
13	25	13	0	0
14	20	43	6	0.273058
Instant	25
1	596	27	1	0.291829
2	17	13	0	0
3	552	37	6	0.635593
4	481	13	0	0
11	26	18	0	0
12	249	53	10	1.93452
13	24	13	0	0
14	19	43	6	0.550122
Instant	26
1	614	27	1	0.333969
2	13	13	0	0
3	501	35	5	0.611111
4	473	13	0	0
11	26	17	0	0
12	300	49	9	2.02206
13	22	13	0	0
14	20	44	6	0.278465
Instant	27
1	627	25	1	0.284091
2	29	13	0	0
3	553	37	5	0.732218
4	505	13	0	0
11	27	17	0	0
12	283	46	6	0.551471
13	24	13	0	0
14	21	40	5	0.609049
Instant	28
1	634	27	1	0
2	25	13	0	0
3	526	37	5	0.326797
4	501	13	0	0
11	27	17	0	0
12	260	47	8	1.21528
13	23	13	0	0
14	20	40	5	0.588235
Instant	29
1	612	28	1	0
2	16	13	0	0
3	504	37	5	0.733634
4	501	13	0	0
11	27	17	0	0
12	265	48	9	2.38971
13	22	13	0	0
14	20	42	6	0.26285
Instant	30
1	585	30	3	0
2	27	13	0	0
3	587	35	4	0.349301
4	551	13	0	0
11	26	18	0	0
12	257	53	9	2.94118
13	25	13	0	0
14	23	38	5	0.320513
Instant	31
1	580	26	1	0.608519
2	28	13	0	0
3	583	34	4	0.148221
4	557	13	0	0
11	25	17	0	0
12	268	50	8	0
13	26	13	0	0
14	23	41	5	0.342105
Instant	32
1	541	27	2	0.587607
2	19	13	0	0
3	560	35	4	0.678497
4	536	13	0	0
11	23	19	1	0
12	255	47	7	4.04412
13	24	13	0	0
14	22	41	6	0.492341
Instant	33
1	512	27	2	0.980392
2	28	13	0	0
3	559	35	5	0.156576
4	493	13	0	0
11	23	17	0	0
12	267	49	7	1.47059
13	24	13	0	0
14	20	42	6	0.178571
Instant	34
1	628	27	1	0
2	36	13	0	0
3	566	35	3	0.404858
4	508	13	0	0
11	27	17	0	0
12	264	48	8	0.675676
13	24	13	0	0
14	21	41	6	0.348028
Instant	35
1	585	27	1	0.350701
2	34	13	0	0
3	545	38	3	0.106157
4	484	13	0	0
11	25	17	0	0
12	282	45	6	0
13	24	13	0	0
14	20	43	7	0.242131
Instant	36
1	649	25	1	0
2	18	13	0	0
3	576	36	4	0.207469
4	504	13	0	0
11	28	17	0	0
12	252	47	8	2.20588
13	24	13	0	0
14	21	41	6	0.262238
Instant	37
1	656	25	1	0
2	20	13	0	0
3	639	32	3	0
4	501	13	0	0
11	28	17	0	0
12	268	49	7	0
13	27	13	0	0
14	20	41	6	0.352113
Instant	38
1	565	28	2	0.305499
2	18	13	0	0
3	532	36	4	0.627615
4	499	13	0	0
11	25	17	0	0
12	305	48	8	1.47059
13	24	13	0	0
14	21	41	5	0.264085
Instant	39
1	565	28	2	0.655242
2	34	13	0	0
3	547	36	6	0.423729
4	479	13	0	0
11	25	17	0	0
12	260	52	8	3.67647
13	24	13	0	0
14	20	42	5	0.551471
Instant	40
1	641	25	1	0
2	30	13	0	0
3	550	36	4	0.523013
4	500	13	0	0
11	27	19	1	0
12	266	44	7	0.675676
13	24	13	0	0
14	20	41	6	0.352113
Instant	41
1	641	26	1	0
2	24	13	0	0
3	608	33	2	0
4	518	13	0	0
11	28	17	0	0
12	289	41	7	0.183824
13	26	13	0	0
14	21	39	5	0.170068
Instant	42
1	676	24	0	0
2	37	13	0	0
3	555	38	4	0
4	507	13	0	0
11	28	17	0	0
12	271	45	8	0.735294
13	24	13	0	0
14	21	41	6	0.520833
Instant	43
1	637	25	1	0.273723
2	21	13	0	0
3	581	32	3	0.6
4	492	13	0	0
11	27	17	0	0
12	268	48	8	0
13	25	13	0	0
14	20	42	6	0.357143
Instant	44
1	653	25	1	0
2	26	13	0	0
3	545	35	3	0.730689
4	529	13	0	0
11	28	17	0	0
12	281	48	8	0.919118
13	24	13	0	0
14	22	38	5	0.25
Instant	45
1	641	27	1	0
2	37	13	0	0
3	566	34	4	0.705645
4	496	13	0	0
11	27	16	0	0
12	263	45	5	1.65441
13	25	13	0	0
14	21	42	5	0.177305
Instant	46
1	625	26	1	0.0915751
2	19	13	0	0
3	585	35	4	0.199601
4	518	13	0	0
11	27	17	0	0
12	256	50	9	1.35135
13	25	13	0	0
14	21	41	5	0.170068
Instant	47
1	641	27	1	0
2	17	13	0	0
3	564	36	4	0.308642
4	496	13	0	0
11	27	17	0	0
12	289	47	7	0
13	25	13	0	0
14	21	42	6	0
Instant	48
1	648	26	1	0
2	38	13	0	0
3	521	32	4	0.75431
4	507	13	0	0
11	28	17	0	0
12	272	47	8	0
13	23	13	0	0
14	21	40	5	0.434028
Instant	49
1	633	26	1	0.0473485
2	9	13	0	0
3	479	37	5	1.17371
4	506	13	0	0
11	27	18	0	0
12	254	47	7	0.595238
13	21	13	0	0
14	20	41	5	0.464037
Instant	50
1	552	28	1	0.617284
2	19	13	0	0
3	589	35	4	0
4	529	13	0	0
11	24	17	1	0
12	299	48	8	0.735294
13	25	13	0	0
14	21	39	5	0.666667
Instant	51
1	558	28	2	0.310559
2	29	13	0	0
3	519	39	5	0.334076
4	499	13	0	0
11	24	17	0	0
12	286	54	9	2.20588
13	22	13	0	0
14	20	42	6	0.294118
Instant	52
1	634	27	1	0
2	18	13	0	0
3	546	37	4	0.732218
4	517	13	0	0
11	27	17	0	0
12	257	50	7	0.868056
13	24	13	0	0
14	22	40	5	0.170068
Instant	53
1	636	27	1	0
2	8	13	0	0
3	521	35	4	0.550661
4	482	13	0	0
11	27	17	0	0
12	287	47	10	0.919118
13	23	13	0	0
14	19	39	5	0.699513
Instant	54
1	606	27	2	0.285171
2	34	13	0	0
3	513	39	5	0.453515
4	461	13	0	0
11	26	17	0	0
12	260	52	7	1.28676
13	22	13	0	0
14	19	43	6	0.477099
Instant	55
1	565	26	1	0.563525
2	22	13	0	0
3	569	35	5	0.10395
4	501	13	0	0
11	24	18	1	0
12	250	48	9	2.19595
13	24	13	0	0
14	21	40	5	0.43911
Instant	56
1	634	26	1	0
2	20	13	0	0
3	561	36	4	0.353535
4	514	13	0	0
11	27	18	0	0
12	263	48	7	1.83824
13	25	13	0	0
14	21	40	5	0.514874
Instant	57
1	582	27	2	0.542406
2	19	13	0	0
3	527	37	4	0.493421
4	526	13	0	0
11	25	17	0	0
12	207	51	8	4.41176
13	23	13	0	0
14	21	41	6	0.334821
Instant	58
1	662	25	1	0
2	27	13	0	0
3	576	36	3	0.15121
4	520	13	0	0
11	28	17	0	0
12	280	48	8	2.19595
13	25	13	0	0
14	21	39	5	0.507901
Instant	59
1	582	24	1	0.633528
2	29	13	0	0
3	525	37	4	0.434783
4	497	13	0	0
11	26	17	0	0
12	298	46	7	0
13	23	13	0	0
14	21	43	6	0.177305
Instant	60
1	619	27	1	0.0466418
2	11	13	0	0
3	572	34	4	0.614754
4	501	13	0	0
11	27	17	0	0
12	274	46	8	0.367647
13	24	13	0	0
14	21	41	6	0.352113
Instant	61
1	603	25	1	0.340467
2	1	13	0	0
3	617	33	4	0.0469925
4	475	13	0	0
11	26	18	1	0
12	276	44	7	0
13	27	13	0	0
14	20	43	7	0.369458
Instant	62
1	590	27	1	0
2	41	13	0	0
3	497	36	5	0.852273
4	508	13	0	0
11	25	19	1	0
12	327	46	7	0.735294
13	22	13	0	0
14	21	42	5	0.0868056
Instant	63
1	615	26	1	0.28626
2	21	13	0	0
3	567	34	4	0.609756
4	499	13	0	0
11	26	18	0	0
12	276	48	7	0.735294
13	25	13	0	0
14	20	43	5	0.176056
Instant	64
1	662	25	1	0
2	12	13	0	0
3	573	32	3	0.398406
4	507	13	0	0
11	28	17	0	0
12	275	51	8	0
13	25	13	0	0
14	21	41	6	0.173611
Instant	65
1	641	25	1	0
2	18	13	0	0
3	602	35	5	0.620229
4	493	13	0	0
11	28	18	1	0
12	296	48	8	0
13	26	13	0	0
14	20	40	6	0.625
Instant	66
1	670	25	1	0
2	48	13	0	0
3	695	32	4	0.212585
4	483	13	0	0
11	28	16	0	0
12	273	48	7	0.919118
13	30	13	0	0
14	20	42	6	0.273723
Instant	67
1	634	27	1	0
2	19	13	0	0
3	646	37	5	0.350263
4	515	13	0	0
11	27	17	0	0
12	261	43	8	0.506757
13	29	13	0	0
14	21	40	5	0.342466
Instant	68
1	549	29	2	0.303644
2	16	13	0	0
3	588	37	5	0.823643
4	493	13	0	0
11	25	17	0	0
12	264	42	8	2.73438
13	26	13	0	0
14	20	42	5	0.267857
Instant	69
1	650	26	1	0
2	27	13	0	0
3	654	36	3	0.045208
4	510	13	0	0
11	27	17	0	0
12	275	46	6	0.183824
13	28	13	0	0
14	21	41	5	0.344828
Instant	70
1	627	25	1	0.330813
2	11	13	0	0
3	613	35	4	0.279851
4	497	13	0	0
11	27	17	0	0
12	234	46	8	3.20946
13	27	13	0	0
14	21	42	6	0.0886525
Instant	71
1	635	26	1	0
2	36	13	0	0
3	586	35	4	0.15
4	482	13	0	0
11	27	17	0	0
12	288	43	8	0.919118
13	25	13	0	0
14	20	42	6	0.456204
Instant	72
1	623	27	1	0
2	30	13	0	0
3	566	38	5	0.105042
4	494	13	0	0
11	27	18	0	0
12	267	50	8	0
13	24	13	0	0
14	20	42	6	0.267857
Instant	73
1	611	26	1	0.288462
2	14	13	0	0
3	493	36	5	0.672646
4	504	13	0	0
11	26	18	0	0
12	252	48	8	1.52439
13	22	13	0	0
14	21	41	5	0.437063
Instant	74
1	647	26	1	0
2	37	13	0	0
3	535	36	3	0.815217
4	484	13	0	0
11	28	18	0	0
12	301	49	6	0.551471
13	23	13	0	0
14	20	41	6	0.455097
Instant	75
1	627	27	1	0
2	16	13	0	0
3	518	36	5	0.717439
4	488	13	0	0
11	27	16	0	0
12	293	51	9	0.378788
13	23	13	0	0
14	20	41	5	0.63101
Instant	76
1	655	25	1	0
2	22	13	0	0
3	551	36	4	0.317125
4	517	13	0	0
11	28	17	0	0
12	267	43	7	0.520833
13	24	13	0	0
14	21	41	6	0.42517
Instant	77
1	663	25	1	0
2	6	13	0	0
3	566	33	3	0.453629
4	589	13	0	0
11	28	17	0	0
12	285	43	6	0.976562
13	25	13	0	0
14	24	38	5	0.298805
Instant	78
1	551	27	1	0.601202
2	6	13	0	0
3	571	34	4	0.660569
4	553	13	0	0
11	25	17	0	0
12	262	46	7	1.17188
13	25	13	0	0
14	23	40	5	0.477707
Instant	79
1	620	26	1	0
2	24	13	0	0
3	512	36	4	0.495595
4	570	13	0	0
11	27	17	0	0
12	252	48	7	1.85811
13	23	13	0	0
14	23	40	5	0.540123
Instant	80
1	547	26	1	0.422833
2	18	13	0	0
3	500	35	5	0.995575
4	572	13	0	0
11	24	17	1	0
12	266	48	7	1.51515
13	23	13	0	0
14	24	41	5	0.230533
Instant	81
1	641	25	1	0.503663
2	28	13	0	0
3	610	34	4	0.343137
4	589	13	0	0
11	27	16	0	0
12	278	48	8	0
13	26	13	0	0
14	25	42	6	0
Instant	82
1	598	28	1	0.0490196
2	20	13	0	0
3	535	40	4	0.110619
4	544	13	0	0
11	26	18	0	0
12	231	50	9	2.67857
13	23	13	0	0
14	23	44	6	0.242981
Instant	83
1	612	27	1	0
2	21	13	0	0
3	554	33	3	0.558943
4	596	13	0	0
11	27	17	0	0
12	276	47	9	2.84091
13	25	13	0	0
14	25	42	5	0.147638
Instant	84
1	617	27	1	0.28626
2	20	13	0	0
3	577	36	5	0.200803
4	553	13	0	0
11	26	17	0	0
12	270	49	9	0
13	25	13	0	0
14	22	43	6	0.583864
Instant	85
1	658	26	1	0
2	44	13	0	0
3	566	34	4	0.510204
4	520	13	0	0
11	28	17	0	0
12	273	48	9	0.480769
13	25	13	0	0
14	22	40	6	0.395928
Instant	86
1	596	27	1	0.290698
2	19	13	0	0
3	572	35	4	0.354251
4	522	13	0	0
11	26	18	1	0
12	310	45	7	1.65441
13	25	13	0	0
14	22	39	5	0.168919
Instant	87
1	656	25	1	0
2	18	13	0	0
3	544	33	2	0.949367
4	510	13	0	0
11	28	17	0	0
12	283	44	6	0
13	24	13	0	0
14	21	42	7	0.172414
Instant	88
1	639	27	1	0
2	35	13	0	0
3	560	37	5	0.154321
4	479	13	0	0
11	27	17	0	0
12	243	47	5	2.36486
13	24	13	0	0
14	20	42	6	0.459559
Instant	89
1	628	27	2	0.0466418
2	22	13	0	0
3	559	36	5	0.514403
4	535	13	0	0
11	27	17	0	0
12	274	49	6	1.28676
13	24	13	0	0
14	22	40	5	0.246711
Instant	90
1	655	25	1	0
2	6	13	0	0
3	585	34	4	0.34585
4	596	13	0	0
11	28	17	0	0
12	268	45	8	0
13	25	13	0	0
14	25	43	6	0.221893
Instant	91
1	552	28	2	0.527426
2	20	13	0	0
3	568	35	5	0.352823
4	569	13	0	0
11	24	18	1	0
12	245	47	9	2.36486
13	25	13	0	0
14	24	42	5	0.154639
Instant	92
1	580	29	2	0.348606
2	7	13	0	0
3	551	35	4	0.733753
4	504	13	0	0
11	25	17	0	0
12	276	49	9	1.32576
13	24	13	0	0
14	20	40	5	1.07809
Instant	93
1	640	25	1	0.136861
2	23	13	0	0
3	568	37	5	0.155602
4	564	13	0	0
11	27	17	0	0
12	271	48	8	0.378788
13	24	13	0	0
14	23	40	6	0.15625
Instant	94
1	598	29	2	0.0980392
2	33	13	0	0
3	595	33	5	0.337187
4	498	13	0	0
11	26	17	0	0
12	264	47	7	0
13	26	13	0	0
14	20	42	6	0.352113
Instant	95
1	598	29	1	0.0496032
2	23	13	0	0
3	520	39	5	0.111857
4	509	13	0	0
11	25	18	0	0
12	268	48	8	2.20588
13	22	13	0	0
14	22	42	5	0.259217
Instant	96
1	633	26	1	0.274725
2	30	13	0	0
3	565	36	3	0.259875
4	547	13	0	0
11	27	17	0	0
12	243	44	7	2.02206
13	24	13	0	0
14	23	39	5	0.160944
Instant	97
1	599	26	1	0.291262
2	36	13	0	0
3	591	34	2	0
4	518	13	0	0
11	26	17	0	0
12	269	47	8	0.152439
13	25	13	0	0
14	21	40	4	0.255682
Instant	98
1	632	26	1	0
2	31	13	0	0
3	576	33	2	0
4	511	13	0	0
11	27	17	0	0
12	307	44	7	0.183824
13	25	13	0	0
14	22	41	5	0.172414
Instant	99
1	641	27	1	0
2	24	13	0	0
3	571	36	4	0.453629
4	478	13	0	0
11	27	17	0	0
12	278	45	6	1.83824
13	25	13	0	0
14	19	43	6	0.367647
Instant	100
1	610	27	1	0
2	22	13	0	0
3	575	36	4	0.102041
4	494	13	0	0
11	27	17	1	0
12	239	48	8	3.5473
13	25	13	0	0
14	20	41	6	0.178571
Instant	101
1	641	26	1	0
2	29	13	0	0
3	597	35	5	0
4	481	13	0	0
11	27	17	0	0
12	262	51	10	2.75735
13	25	13	0	0
14	19	41	6	0.547445
Instant	102
1	613	26	0	0.280899
2	29	13	0	0
3	520	37	4	0.665188
4	498	13	0	0
11	27	17	0	0
12	255	47	7	1.28676
13	23	13	0	0
14	20	42	6	0.531915
Instant	103
1	626	26	1	0.281426
2	41	13	0	0
3	491	38	5	0.852273
4	493	13	0	0
11	27	17	0	0
12	248	48	7	3.04054
13	22	13	0	0
14	20	42	6	0.178571
Instant	104
1	619	27	1	0.284091
2	40	13	0	0
3	599	36	4	0
4	504	13	0	0
11	27	17	0	0
12	259	47	8	0.551471
13	25	13	0	0
14	21	40	5	0.34965
Instant	105
1	604	27	1	0.289017
2	41	13	0	0
3	561	36	4	0.305499
4	496	13	0	0
11	26	17	1	0
12	272	50	10	1.83824
13	25	13	0	0
14	20	39	5	0.531915
Instant	106
1	619	27	2	0.275735
2	36	13	0	0
3	554	36	3	0.213675
4	503	13	0	0
11	27	17	0	0
12	272	46	8	0.675676
13	23	13	0	0
14	21	42	6	0.0874126
Instant	107
1	689	26	1	0
2	30	13	0	0
3	575	35	5	0.445545
4	490	13	0	0
11	29	18	1	0
12	274	46	8	1.10294
13	25	13	0	0
14	21	42	6	0.359712
Instant	108
1	651	29	2	0.310835
2	35	13	0	0
3	561	37	3	0.316456
4	496	13	0	0
11	28	17	0	0
12	265	47	7	1.65441
13	24	13	0	0
14	20	42	5	0.177305
Instant	109
1	588	26	1	0.680934
2	23	13	0	0
3	560	37	5	0
4	481	13	0	0
11	26	18	0	0
12	250	49	10	1.19048
13	24	13	0	0
14	20	43	6	0.275061
Instant	110
1	531	27	1	0.43573
2	14	13	0	0
3	532	39	7	0.27115
4	474	13	0	0
11	23	17	0	0
12	258	49	7	5.46875
13	23	13	0	0
14	19	41	6	0.555556
Instant	111
1	583	25	1	0.299401
2	17	13	0	0
3	572	36	5	0.353535
4	486	13	0	0
11	25	18	0	0
12	292	51	7	0
13	25	13	0	0
14	19	41	5	0.724638
Instant	112
1	608	27	1	0
2	31	13	0	0
3	560	36	5	0.154959
4	482	13	0	0
11	26	18	0	0
12	253	46	7	1.18243
13	24	13	0	0
14	20	42	6	0.273723
Instant	113
1	641	26	1	0
2	22	13	0	0
3	587	35	4	0.358607
4	502	13	0	0
11	29	16	0	0
12	283	42	7	0
13	25	13	0	0
14	21	41	7	0.176056
Instant	114
1	634	26	1	0
2	26	13	0	0
3	514	36	3	0.321888
4	488	13	0	0
11	27	18	0	0
12	239	48	8	1.83824
13	23	13	0	0
14	19	41	5	0.44964
Instant	115
1	648	26	1	0
2	18	13	0	0
3	560	34	4	0.829876
4	505	13	0	0
11	27	17	0	0
12	259	48	8	2.87162
13	24	13	0	0
14	21	42	6	0.262238
Instant	116
1	634	26	1	0
2	27	13	0	0
3	600	34	3	0.0490196
4	470	13	0	0
11	27	18	0	0
12	280	47	8	2.20588
13	26	13	0	0
14	19	40	5	0.837469
Instant	117
1	660	25	1	0
2	27	13	0	0
3	590	35	3	0.0496032
4	494	13	0	0
11	28	17	0	0
12	271	52	8	0
13	25	13	0	0
14	19	41	4	0.447494
Instant	118
1	632	26	1	0
2	29	13	0	0
3	588	34	3	0.30303
4	486	13	0	0
11	27	18	0	0
12	258	46	8	1.52027
13	25	13	0	0
14	20	42	7	0.271739
Instant	119
1	619	27	2	0.185874
2	27	13	0	0
3	569	33	3	0.441176
4	503	13	0	0
11	27	17	0	0
12	283	45	7	1.10294
13	26	13	0	0
14	21	40	6	0.524476
