	T	D	J	LP
Instant	0
1	0	0	0	0
2	0	0	0	0
3	0	0	0	0
4	0	0	0	0
11	0	0	0	0
12	0	0	0	0
13	0	0	0	0
14	0	0	0	0
Instant	1
1	514	26	2	0
2	8	14	0	0
3	243	40	4	0.522648
4	250	13	0	0
11	18	16	0	0
12	138	43	7	0
13	11	13	0	0
14	9	42	6	0.168161
Instant	2
1	4027	30	3	0.102011
2	5	15	2	0
3	634	54	8	5.53492
4	1486	13	0	0
11	168	16	0	0.958745
12	307	55	8	0.919118
13	35	13	0	0
14	63	41	2	0.356013
Instant	3
1	3603	29	3	0.114118
2	22	15	1	0
3	803	45	8	1.51196
4	1459	13	0	0
11	155	17	0	0.763483
12	309	58	9	0.735294
13	37	13	0	0
14	62	42	3	0.141015
Instant	4
1	3265	28	2	0
2	39	13	0	0
3	816	39	5	0.59691
4	1261	13	0	0
11	149	16	0	0.0180115
12	294	54	8	0.168919
13	36	13	0	0
14	54	40	3	0.290968
Instant	5
1	2571	27	1	0.0918695
2	25	13	0	0
3	853	38	5	0.754593
4	1046	13	0	0
11	113	17	0	0
12	285	50	9	1.47059
13	39	13	0	0
14	44	40	3	0.492126
Instant	6
1	1919	28	1	0
2	42	13	0	0
3	771	39	5	1.54899
4	868	13	0	0
11	82	17	0	0
12	263	50	8	1.65441
13	35	13	0	0
14	37	40	4	0.169147
Instant	7
1	1468	26	1	0
2	41	13	0	0
3	999	36	5	0.15006
4	758	13	0	0
11	64	16	0	0
12	270	49	8	0.337838
13	42	13	0	0
14	31	41	4	0.406977
Instant	8
1	806	28	1	0
2	14	13	0	0
3	896	37	5	0.096401
4	637	13	0	0
11	37	17	0	0
12	288	48	7	0
13	40	13	0	0
14	26	40	5	0.553506
Instant	9
1	713	25	1	0
2	18	13	0	0
3	818	38	5	0.144718
4	605	13	0	0
11	29	18	0	0.412541
12	259	48	7	0.919118
13	35	13	0	0
14	26	41	6	0.218023
Instant	10
1	680	27	1	0
2	40	13	0	0
3	835	34	4	0.0344828
4	622	13	0	0
11	29	17	0	0
12	264	50	7	0
13	37	13	0	0
14	26	39	5	0.353774
Instant	11
1	694	26	1	0
2	42	13	0	0
3	752	37	5	0.620155
4	616	13	0	0
11	30	17	0	0
12	284	49	7	0
13	33	13	0	0
14	25	38	5	0.28626
Instant	12
1	704	26	1	0
2	19	13	0	0
3	708	37	4	0.365854
4	572	13	0	0
11	31	17	0	0
12	263	52	7	0.551471
13	31	13	0	0
14	24	42	5	0.154321
Instant	13
1	608	27	2	0.760456
2	26	13	0	0
3	738	37	6	0.273438
4	553	13	0	0
11	27	17	0	0
12	257	51	7	1.4881
13	32	13	0	0
14	23	41	6	0.396406
Instant	14
1	736	26	1	0
2	23	13	0	0
3	744	36	5	0.314961
4	475	13	0	0
11	32	16	0	0
12	289	50	7	1.28676
13	32	13	0	0
14	20	45	6	0.433168
Instant	15
1	629	27	1	0.461255
2	26	13	0	0
3	591	41	5	0.729572
4	514	13	0	0
11	28	18	0	0
12	303	52	9	0.919118
13	26	13	0	0
14	20	41	6	0.513699
Instant	16
1	641	25	1	0
2	18	13	0	0
3	520	35	5	0.961538
4	540	13	0	0
11	27	17	0	0
12	261	45	7	0.506757
13	24	13	0	0
14	22	39	5	0.462963
Instant	17
1	610	29	1	0.287356
2	26	13	0	0
3	574	36	4	0.306748
4	634	13	0	0
11	26	17	0	0
12	276	42	7	0.735294
13	25	13	0	0
14	26	39	4	0.278293
Instant	18
1	661	26	2	0
2	38	13	0	0
3	558	37	5	0.21097
4	632	13	0	0
11	29	16	0	0
12	252	47	6	1.28676
13	24	13	0	0
14	26	39	4	0.347866
Instant	19
1	626	25	1	0.275229
2	32	13	0	0
3	563	36	4	0.204082
4	633	13	0	0
11	27	17	0	0
12	261	49	7	1.68919
13	25	13	0	0
14	27	39	4	0.440631
Instant	20
1	597	26	1	0.298805
2	47	13	0	0
3	480	38	4	1.1655
4	571	13	0	0
11	25	17	0	0
12	285	47	6	0.551471
13	22	13	0	0
14	23	40	5	0.308642
Instant	21
1	648	26	0	0
2	26	13	0	0
3	575	35	4	0.608519
4	538	13	0	0
11	28	17	0	0
12	271	50	6	0
13	25	13	0	0
14	22	39	5	0.490196
Instant	22
1	626	27	1	0.28463
2	25	13	0	0
3	569	34	4	0.547809
4	524	13	0	0
11	26	16	0	0
12	270	51	8	0.337838
13	25	13	0	0
14	21	39	4	0.36435
Instant	23
1	607	27	1	0.280374
2	19	13	0	0
3	570	34	3	0.307377
4	523	13	0	0
11	27	17	0	0
12	283	47	7	0.919118
13	24	13	0	0
14	22	40	5	0.197072
Instant	24
1	677	24	0	0
2	23	13	0	0
3	604	32	2	0.291262
4	528	13	0	0
11	28	17	0	0
12	264	43	6	0
13	26	13	0	0
14	22	40	6	0
Instant	25
1	579	26	2	0.29703
2	21	13	0	0
3	574	37	5	0
4	535	13	0	0
11	25	17	0	0
12	246	49	7	1.93452
13	25	13	0	0
14	23	40	5	0.0822368
Instant	26
1	562	25	1	0.905433
2	14	13	0	0
3	590	34	3	0.1
4	507	13	0	0
11	25	17	0	0.304878
12	311	49	7	0.183824
13	25	13	0	0
14	21	41	6	0.0868056
Instant	27
1	650	26	1	0
2	25	13	0	0
3	585	35	4	0.149402
4	511	13	0	0
11	28	17	0	0
12	277	46	7	0
13	25	13	0	0
14	21	40	6	0.344828
Instant	28
1	627	26	1	0.280899
2	20	13	0	0
3	578	36	4	0.253036
4	521	13	0	0
11	27	17	0	0
12	268	49	9	2.08333
13	25	13	0	0
14	22	40	5	0.253378
Instant	29
1	606	27	1	0
2	26	13	0	0
3	501	38	5	0.784753
4	497	13	0	0
11	26	18	1	0
12	268	47	9	2.20588
13	22	13	0	0
14	20	41	5	0.620567
Instant	30
1	613	28	1	0
2	27	13	0	0
3	565	37	4	0.2079
4	469	13	0	0
11	27	18	1	0
12	265	49	8	2.02206
13	24	13	0	0
14	19	43	6	0.469925
Instant	31
1	602	27	1	0.0479846
2	21	13	0	0
3	471	39	8	1.13909
4	506	13	0	0
11	26	18	0	0
12	269	51	9	0.675676
13	21	13	0	0
14	21	40	5	0.260417
Instant	32
1	618	28	2	0.143403
2	21	13	0	0
3	586	35	4	0.05
4	524	13	0	0
11	26	17	0	0
12	296	48	9	0
13	25	13	0	0
14	21	38	4	0.33557
Instant	33
1	642	26	1	0
2	20	13	0	0
3	590	33	2	0.294118
4	525	13	0	0
11	28	17	0	0
12	264	48	7	1.47059
13	26	13	0	0
14	22	41	5	0.251678
Instant	34
1	648	27	1	0
2	34	13	0	0
3	587	35	3	0.050505
4	493	13	0	0
11	27	17	0	0
12	263	45	7	0.506757
13	25	13	0	0
14	21	41	6	0.357143
Instant	35
1	649	25	1	0.133452
2	40	13	0	0
3	589	35	4	0
4	526	13	0	0
11	28	18	0	0
12	261	40	5	0.367647
13	25	13	0	0
14	22	39	5	0.167411
Instant	36
1	627	27	1	0
2	9	13	0	0
3	598	35	4	0.0490196
4	532	13	0	0
11	27	17	0	0
12	258	46	7	3.49265
13	26	13	0	0
14	22	39	5	0.0827815
Instant	37
1	633	26	0	0
2	25	13	0	0
3	521	35	3	0.550661
4	526	13	0	0
11	27	18	0	0
12	256	48	7	1.04167
13	23	13	0	0
14	22	41	5	0.250557
Instant	38
1	640	25	1	0
2	24	13	0	0
3	575	36	4	0
4	539	13	0	0
11	27	17	0	0
12	290	47	7	1.47059
13	24	13	0	0
14	23	39	5	0.245098
Instant	39
1	641	26	1	0
2	22	13	0	0
3	564	37	3	0.0523013
4	503	13	0	0
11	27	18	1	0
12	276	48	8	2.38971
13	24	13	0	0
14	20	40	6	0.611888
Instant	40
1	656	26	1	0
2	19	13	0	0
3	623	34	5	0.0471698
4	548	13	0	0
11	28	17	0	0
12	269	49	8	0.337838
13	27	13	0	0
14	22	40	5	0.160944
Instant	41
1	613	27	1	0
2	16	13	0	0
3	552	37	5	0.103734
4	495	13	0	0
11	26	18	1	0
12	264	43	7	3.30882
13	24	13	0	0
14	20	40	5	0.70922
Instant	42
1	592	27	1	0.284091
2	40	13	0	0
3	548	33	4	0.838574
4	517	13	0	0
11	27	17	0	0
12	264	50	10	1.83824
13	24	13	0	0
14	21	40	5	0.256264
Instant	43
1	526	26	1	0.326797
2	20	13	0	0
3	547	38	7	0.473684
4	506	13	0	0
11	23	18	0	0
12	251	47	6	1.68919
13	24	13	0	0
14	21	41	6	0.173611
Instant	44
1	588	26	1	0.742574
2	13	13	0	0
3	589	33	4	0.292969
4	505	13	0	0
11	25	17	0	0
12	289	49	9	0
13	26	13	0	0
14	21	40	5	0.348837
Instant	45
1	656	26	1	0
2	38	13	0	0
3	588	34	4	0.448207
4	517	13	0	0
11	27	17	0	0
12	277	47	7	0.367647
13	25	13	0	0
14	22	40	5	0.255102
Instant	46
1	634	26	1	0
2	32	13	0	0
3	570	34	3	0.298805
4	518	13	0	0
11	27	17	0	0
12	268	47	9	0.675676
13	25	13	0	0
14	21	40	5	0.170068
Instant	47
1	619	26	1	0.0463822
2	3	13	0	0
3	570	35	4	0.205761
4	522	13	0	0
11	27	17	0	0
12	279	47	9	0.551471
13	24	13	0	0
14	21	39	4	0.168919
Instant	48
1	626	28	1	0.239923
2	3	13	0	0
3	434	39	7	2.14646
4	508	13	0	0
11	26	18	0	0
12	254	49	10	2.02206
13	20	13	0	0
14	21	40	4	0.51963
Instant	49
1	625	26	1	0.0919118
2	20	13	0	0
3	547	35	3	0.363071
4	525	13	0	0
11	27	17	0	0
12	261	45	7	0
13	24	13	0	0
14	22	40	5	0.0838926
Instant	50
1	645	26	1	0
2	19	13	0	0
3	525	36	4	0.220751
4	507	13	0	0
11	28	17	0	0
12	308	42	5	0
13	23	13	0	0
14	21	41	5	0.260417
Instant	51
1	634	24	1	0.135135
2	14	13	0	0
3	585	34	3	0.589391
4	525	13	0	0
11	28	17	0	0
12	290	46	8	0
13	25	13	0	0
14	22	39	6	0.0838926
Instant	52
1	572	28	2	0.651303
2	36	13	0	0
3	555	36	5	0.315789
4	507	13	0	0
11	25	17	0	0
12	268	49	9	0.868056
13	24	13	0	0
14	21	39	5	0.607639
Instant	53
1	607	25	1	0.293542
2	8	13	0	0
3	580	36	5	0.100402
4	483	13	0	0
11	26	17	0	0
12	286	46	8	0.919118
13	25	13	0	0
14	20	43	6	0.273723
Instant	54
1	634	26	1	0
2	33	13	0	0
3	563	38	6	0.315126
4	512	13	0	0
11	27	18	1	0
12	245	49	9	2.75735
13	24	13	0	0
14	21	39	6	0.258028
Instant	55
1	612	27	2	0.0468165
2	23	13	0	0
3	526	35	3	0.484914
4	526	13	0	0
11	27	18	1	0
12	253	49	8	1.52027
13	23	13	0	0
14	22	39	5	0.250557
Instant	56
1	634	28	1	0
2	31	13	0	0
3	584	35	4	0.295276
4	524	13	0	0
11	27	16	0	0
12	257	46	8	4.22794
13	26	13	0	0
14	21	41	5	0.196188
Instant	57
1	634	27	1	0
2	14	13	0	0
3	605	34	3	0
4	550	13	0	0
11	27	17	0	0
12	266	48	8	0.367647
13	26	13	0	0
14	23	38	5	0.0801282
Instant	58
1	577	28	2	0.298211
2	23	13	0	0
3	513	39	4	0.440529
4	504	13	0	0
11	25	17	0	0
12	238	45	9	3.88514
13	23	13	0	0
14	21	42	5	0.262238
Instant	59
1	607	27	1	0.239464
2	23	13	0	0
3	535	36	5	0.218818
4	543	13	0	0
11	26	17	0	0
12	298	49	7	0.183824
13	23	13	0	0
14	23	39	5	0
Instant	60
1	621	27	2	0.286807
2	21	13	0	0
3	510	37	5	1.05556
4	518	13	0	0
11	26	17	0	0
12	260	48	9	2.02206
13	22	13	0	0
14	21	40	5	0.452489
Instant	61
1	649	26	1	0
2	21	13	0	0
3	514	33	5	1.09649
4	543	13	0	0
11	28	17	0	0
12	261	45	7	1.04167
13	23	13	0	0
14	22	41	5	0.404968
Instant	62
1	648	25	1	0
2	27	13	0	0
3	665	34	3	0.04363
4	625	13	0	0
11	28	17	0	0
12	305	45	6	0.919118
13	29	13	0	0
14	25	38	5	0.422932
Instant	63
1	634	26	1	0
2	33	13	0	0
3	719	34	2	0
4	564	13	0	0
11	27	18	0	0
12	302	49	7	0.183824
13	31	13	0	0
14	23	39	5	0.597713
Instant	64
1	620	27	1	0
2	36	13	0	0
3	621	35	5	0.47259
4	551	13	0	0
11	27	17	0	0
12	267	44	6	0.168919
13	27	13	0	0
14	23	40	5	0.160256
Instant	65
1	584	26	2	0.45
2	28	13	0	0
3	614	33	4	0.818182
4	514	13	0	0
11	25	17	0	0
12	293	47	8	1.83824
13	28	13	0	0
14	21	40	6	0.171233
Instant	66
1	662	25	1	0
2	10	13	0	0
3	604	35	4	0.383142
4	511	13	0	0
11	28	16	0	0
12	271	40	5	0.183824
13	26	13	0	0
14	22	41	7	0.0862069
Instant	67
1	649	26	1	0
2	24	13	0	0
3	634	34	4	0.504587
4	511	13	0	0
11	28	17	0	0
12	248	48	7	1.85811
13	28	13	0	0
14	21	41	5	0.258621
Instant	68
1	648	26	1	0
2	25	13	0	0
3	616	35	5	0.27933
4	514	13	0	0
11	28	17	0	0
12	291	49	9	0
13	27	13	0	0
14	21	40	5	0.256849
Instant	69
1	614	26	1	0.28463
2	30	13	0	0
3	613	35	4	0
4	535	13	0	0
11	27	17	0	0
12	277	51	9	0
13	26	13	0	0
14	22	38	5	0.164474
Instant	70
1	623	27	1	0
2	20	13	0	0
3	525	35	4	0.801282
4	521	13	0	0
11	27	17	0	0
12	270	44	6	0.506757
13	24	13	0	0
14	22	41	5	0.0844595
Instant	71
1	588	27	1	0.539216
2	24	13	0	0
3	566	33	3	0.613497
4	495	13	0	0
11	26	17	0	0
12	282	47	7	1.10294
13	25	13	0	0
14	21	41	6	0.177305
Instant	72
1	634	27	1	0
2	18	13	0	0
3	601	33	3	0.290135
4	526	13	0	0
11	27	17	0	0
12	273	44	6	0
13	26	13	0	0
14	22	39	5	0.251678
Instant	73
1	641	26	1	0
2	21	13	0	0
3	583	34	3	0.298805
4	517	13	0	0
11	28	17	0	0
12	245	48	8	1.37195
13	25	13	0	0
14	22	40	6	0.170068
Instant	74
1	686	24	1	0
2	46	13	0	0
3	572	36	3	0.0510204
4	521	13	0	0
11	29	16	0	0
12	299	43	8	0
13	24	13	0	0
14	22	41	6	0
Instant	75
1	634	27	1	0
2	25	13	0	0
3	580	35	4	0.149402
4	497	13	0	0
11	27	17	0	0
12	293	49	8	0
13	25	13	0	0
14	21	42	5	0.265957
Instant	76
1	634	27	1	0
2	19	13	0	0
3	554	36	5	0.159915
4	504	13	0	0
11	27	17	0	0
12	268	42	7	1.5625
13	24	13	0	0
14	20	42	5	0.437063
Instant	77
1	668	25	0	0
2	45	13	0	0
3	566	33	4	0.609756
4	500	13	0	0
11	29	16	0	0
12	280	43	8	0
13	25	13	0	0
14	21	41	7	0.0880282
Instant	78
1	607	26	1	0.290135
2	27	13	0	0
3	528	36	4	0.4329
4	522	13	0	0
11	26	18	0	0
12	272	43	8	1.95312
13	23	13	0	0
14	22	41	5	0.168919
Instant	79
1	614	28	2	0
2	14	13	0	0
3	586	36	4	0.0510204
4	507	13	0	0
11	26	17	0	0
12	257	51	9	1.35135
13	25	13	0	0
14	21	40	5	0.347222
Instant	80
1	589	30	2	0
2	14	13	0	0
3	522	35	3	0.382932
4	505	13	0	0
11	26	17	0	0
12	247	46	7	3.97727
13	23	13	0	0
14	21	41	5	0.174419
Instant	81
1	647	26	1	0
2	17	13	0	0
3	567	35	4	0.0514403
4	487	13	0	0
11	27	17	0	0
12	269	45	6	0.568182
13	24	13	0	0
14	20	41	6	0.543478
Instant	82
1	648	26	1	0
2	12	13	0	0
3	567	34	4	0.452716
4	514	13	0	0
11	28	17	0	0
12	271	48	9	0
13	25	13	0	0
14	21	40	6	0.342466
Instant	83
1	642	25	1	0
2	43	13	0	0
3	601	34	4	0
4	517	13	0	0
11	28	18	1	0
12	292	50	8	0
13	26	13	0	0
14	22	40	5	0.170068
Instant	84
1	582	26	1	0.343811
2	29	13	0	0
3	577	35	5	0.35497
4	486	13	0	0
11	26	17	0	0
12	258	45	7	1.13636
13	25	13	0	0
14	20	43	5	0.452899
Instant	85
1	638	25	1	0
2	34	13	0	0
3	615	33	4	0.0479846
4	517	13	0	0
11	27	17	0	0
12	279	45	8	0
13	26	13	0	0
14	21	40	6	0.170068
Instant	86
1	601	27	1	0.293542
2	45	13	0	0
3	595	35	4	0.0972763
4	521	13	0	0
11	26	17	0	0
12	293	47	7	1.65441
13	26	13	0	0
14	22	38	5	0.422297
Instant	87
1	648	27	1	0
2	29	13	0	0
3	563	36	5	0.411523
4	550	13	0	0
11	28	16	0	0
12	271	47	6	3.125
13	25	13	0	0
14	23	37	5	0.160256
Instant	88
1	634	26	1	0
2	14	13	0	0
3	554	36	3	0.313808
4	521	13	0	0
11	27	17	0	0
12	271	47	6	0
13	24	13	0	0
14	22	40	6	0.168919
Instant	89
1	654	25	0	0
2	16	13	0	0
3	634	31	2	0
4	531	13	0	0
11	27	18	1	0
12	284	45	8	0
13	27	13	0	0
14	22	37	5	0.331126
Instant	90
1	649	25	1	0
2	10	13	0	0
3	596	34	3	0.295276
4	538	13	0	0
11	28	17	0	0
12	258	51	9	1.36719
13	26	13	0	0
14	22	38	5	0.326797
Instant	91
1	669	25	1	0
2	28	13	0	0
3	568	35	3	0.100402
4	532	13	0	0
11	28	16	0	0
12	258	44	5	1.18243
13	25	13	0	0
14	22	37	5	0.331126
Instant	92
1	662	25	1	0
2	38	13	0	0
3	598	34	3	0.391389
4	543	13	0	0
11	28	17	0	0
12	273	43	7	1.70455
13	26	13	0	0
14	22	37	4	0.405844
Instant	93
1	668	25	1	0
2	29	13	0	0
3	608	33	2	0.0487329
4	537	13	0	0
11	28	17	1	0
12	256	41	6	1.13636
13	26	13	0	0
14	23	37	4	0.191048
Instant	94
1	664	25	1	0
2	28	13	0	0
3	622	32	3	0
4	524	13	0	0
11	28	16	0	0
12	264	41	6	0
13	27	13	0	0
14	21	39	5	0.336323
Instant	95
1	511	28	2	1.00671
2	10	13	0	0
3	555	35	4	0.682773
4	489	13	0	0
11	23	17	0	0
12	268	50	8	1.47059
13	24	13	0	0
14	20	41	5	0.269784
Instant	96
1	701	25	2	0.534539
2	17	13	0	0
3	524	38	4	0.482833
4	533	13	0	0
11	30	17	0	0
12	249	48	7	1.47059
13	23	13	0	0
14	23	39	4	0.248344
Instant	97
1	760	26	1	0
2	17	13	0	0
3	565	35	4	0.103734
4	514	13	0	0
11	34	17	0	0
12	255	48	7	1.52439
13	24	13	0	0
14	21	41	6	0.0856164
Instant	98
1	700	25	1	0.246305
2	18	13	0	0
3	543	35	3	0.840336
4	500	13	0	0
11	31	18	0	0
12	294	49	9	0.735294
13	24	13	0	0
14	21	42	6	0.264085
Instant	99
1	711	26	2	0.549915
2	41	13	0	0
3	594	35	5	0.0494071
4	539	13	0	0
11	30	17	0	0
12	278	48	9	0
13	25	13	0	0
14	23	39	5	0
Instant	100
1	587	30	2	0.19685
2	13	13	0	0
3	520	38	5	0.548246
4	528	13	0	0
11	26	17	0	0
12	267	50	8	3.04054
13	23	13	0	0
14	22	40	5	0.111111
Instant	101
1	670	24	1	0
2	29	13	0	0
3	613	32	2	0
4	519	13	0	0
11	28	17	0	0
12	280	40	6	1.47059
13	26	13	0	0
14	22	39	5	0.254525
Instant	102
1	627	26	2	0
2	26	13	0	0
3	556	38	5	0.257202
4	491	13	0	0
11	27	18	0	0
12	269	49	8	0.367647
13	24	13	0	0
14	20	41	6	0.358852
Instant	103
1	655	25	1	0
2	45	13	0	0
3	595	34	3	0.148221
4	531	13	0	0
11	28	18	1	0
12	273	44	6	0
13	25	13	0	0
14	22	38	5	0.165929
Instant	104
1	583	27	1	0.301205
2	34	13	0	0
3	586	36	5	0
4	516	13	0	0
11	25	18	1	0
12	284	47	9	0.551471
13	25	13	0	0
14	21	40	5	0.255102
Instant	105
1	566	28	2	0.309278
2	8	13	0	0
3	514	39	6	0.719027
4	514	13	0	0
11	25	18	0	0
12	234	52	11	4.22794
13	23	13	0	0
14	21	40	5	0.171233
Instant	106
1	639	25	1	0.271739
2	24	13	0	0
3	516	33	5	0.929978
4	507	13	0	0
11	28	17	0	0
12	274	46	8	0
13	23	13	0	0
14	21	40	5	0.347222
Instant	107
1	673	24	1	0.0431034
2	33	13	0	0
3	613	32	3	0.242248
4	524	13	0	0
11	29	17	0	0
12	264	48	8	2.57353
13	26	13	0	0
14	22	38	5	0.140135
Instant	108
1	606	27	1	0.284091
2	36	13	0	0
3	544	37	5	0.529661
4	507	13	0	0
11	26	17	0	0
12	271	46	6	0
13	24	13	0	0
14	20	41	5	0.434028
Instant	109
1	627	27	1	0
2	10	13	0	0
3	582	33	4	0.545635
4	504	13	0	0
11	27	17	0	0
12	259	53	9	0.744048
13	25	13	0	0
14	21	41	6	0.262238
Instant	110
1	592	26	1	0.294118
2	22	13	0	0
3	551	38	4	0
4	504	13	0	0
11	26	17	0	0
12	311	44	8	0
13	24	13	0	0
14	21	41	5	0.174825
Instant	111
1	664	25	1	0
2	29	13	0	0
3	617	33	2	0
4	507	13	0	0
11	28	17	0	0
12	289	45	5	0.367647
13	26	13	0	0
14	21	41	5	0.260417
Instant	112
1	658	26	1	0
2	32	13	0	0
3	598	34	2	0.0490196
4	513	13	0	0
11	27	17	0	0
12	255	39	5	1.01351
13	25	13	0	0
14	21	39	6	0.429062
Instant	113
1	529	27	2	0.784519
2	27	13	0	0
3	583	35	4	0.0498008
4	490	13	0	0
11	24	17	0	0
12	258	51	10	2.75735
13	25	13	0	0
14	20	41	7	0.179426
Instant	114
1	679	23	0	0.262238
2	25	13	0	0
3	639	31	2	0.0462963
4	521	13	0	0
11	28	16	0	0
12	272	40	5	0.183824
13	27	13	0	0
14	21	41	6	0.506757
Instant	115
1	627	26	1	0
2	14	13	0	0
3	586	34	3	0.341797
4	511	13	0	0
11	27	17	0	0
12	270	45	6	0
13	26	13	0	0
14	21	39	6	0.258621
Instant	116
1	668	24	0	0
2	26	13	0	0
3	600	33	3	0.145914
4	531	13	0	0
11	29	16	0	0
12	290	40	5	0.919118
13	26	13	0	0
14	22	39	5	0.248344
Instant	117
1	551	26	1	0.630252
2	13	13	0	0
3	510	38	5	1.00897
4	493	13	0	0
11	24	17	0	0
12	261	48	9	1.28676
13	22	13	0	0
14	20	42	5	0.357143
Instant	118
1	629	26	1	0
2	14	13	0	0
3	561	33	3	0.65
4	511	13	0	0
11	27	17	0	0
12	274	44	5	0
13	25	13	0	0
14	21	39	5	0.431034
Instant	119
1	633	27	1	0
2	17	13	0	0
3	673	32	4	0.720339
4	521	13	0	0
11	27	17	0	0
12	277	45	6	1.10294
13	29	13	0	0
14	22	39	5	0.422297
