	T	D	J	LP
Instant	0
1	0	0	0	0
2	0	0	0	0
3	0	0	0	0
4	0	0	0	0
11	0	0	0	0
12	0	0	0	0
13	0	0	0	0
14	0	0	0	0
Instant	1
1	395	26	1	0
2	7	13	0	0
3	311	34	3	0.241935
4	263	13	0	0
11	17	16	0	0
12	136	35	4	0
13	13	13	0	0
14	9	41	4	0.160944
Instant	2
1	1457	27	2	0.0206101
2	8	14	0	0
3	919	38	5	0.81761
4	1200	13	0	0
11	62	17	0	0
12	310	49	7	2.02206
13	41	13	0	0
14	50	42	3	0.330235
Instant	3
1	1446	29	2	0.215517
2	29	13	0	0
3	766	34	4	0
4	1146	13	0	0
11	66	17	0	0
12	304	57	9	0
13	33	13	0	0
14	47	40	3	0.83248
Instant	4
1	1471	27	1	0
2	16	13	0	0
3	668	30	2	0.555556
4	1088	13	0	0
11	64	16	0	0
12	286	43	8	0.844595
13	30	13	0	0
14	46	39	3	0.297619
Instant	5
1	1426	26	1	0
2	28	13	0	0
3	586	35	3	0.532946
4	976	13	0	0
11	63	16	0	0
12	300	45	8	0.551471
13	26	13	0	0
14	42	40	4	0.195312
Instant	6
1	1305	24	1	0
2	15	14	0	0
3	654	30	1	0
4	958	13	0	0
11	57	16	0	0
12	274	44	8	0.183824
13	28	13	0	0
14	41	40	3	0.291769
Instant	7
1	1248	25	2	0
2	30	13	0	0
3	648	31	2	0
4	901	13	0	0
11	55	17	0	0
12	250	49	8	1.52027
13	27	13	0	0
14	38	40	5	0.260756
Instant	8
1	1061	25	2	0.303867
2	22	13	0	0
3	594	34	4	0.145349
4	791	13	0	0
11	47	17	0	0
12	283	53	9	0.551471
13	26	13	0	0
14	33	43	5	0.334324
Instant	9
1	859	27	2	0.208623
2	21	13	0	0
3	559	33	5	0.465839
4	752	13	0	0
11	37	18	1	0
12	263	48	8	0.551471
13	25	13	0	0
14	32	41	5	0.21518
Instant	10
1	940	27	2	0
2	20	14	0	0
3	553	34	5	0.808081
4	696	13	0	0
11	41	17	1	0
12	255	56	12	1.35135
13	25	13	0	0
14	29	40	5	0.400506
Instant	11
1	968	28	2	0
2	14	13	0	0
3	472	36	5	1.43198
4	603	13	0	0
11	42	17	1	0
12	259	47	10	2.75735
13	21	13	0	0
14	25	41	6	0.38835
Instant	12
1	917	28	2	0.532581
2	19	13	0	0
3	633	31	3	0.228102
4	579	13	0	0
11	41	17	0	0
12	262	48	7	0.735294
13	27	13	0	0
14	24	39	6	0.279472
Instant	13
1	842	27	1	0.451389
2	28	13	0	0
3	661	31	3	0.133452
4	603	13	0	0
11	36	17	0	0
12	253	43	5	1.6369
13	28	13	0	0
14	25	41	6	0.0730994
Instant	14
1	900	27	2	0.357143
2	12	13	0	0
3	779	33	2	0
4	645	13	0	0
11	39	17	0	0
12	302	43	6	3.125
13	34	13	0	0
14	27	37	5	0.272727
Instant	15
1	707	27	2	0.6
2	22	13	0	0
3	658	32	3	1.42734
4	606	13	0	0
11	32	18	0	0
12	272	45	8	0.551471
13	29	13	0	0
14	26	39	5	0.508721
Instant	16
1	802	27	2	0
2	13	13	0	0
3	633	31	3	0.365631
4	624	13	0	0
11	34	16	0	0
12	247	45	6	1.01351
13	28	13	0	0
14	25	38	5	0.211864
Instant	17
1	767	27	2	0.229008
2	24	13	0	0
3	554	33	4	0.311203
4	519	13	0	0
11	33	17	0	0.379939
12	261	47	8	1.83824
13	24	13	0	0
14	22	42	6	0.479684
Instant	18
1	733	27	2	0.391236
2	29	13	0	0
3	614	33	3	0.564972
4	553	13	0	0
11	32	17	0	0
12	267	51	10	2.02206
13	26	13	0	0
14	22	39	6	0.238853
Instant	19
1	642	24	1	1.02679
2	25	13	0	0
3	607	32	2	0
4	602	13	0	0
11	29	17	0	0
12	270	43	5	0
13	26	13	0	0
14	25	36	4	0.439453
Instant	20
1	714	28	2	0.243902
2	26	13	0	0
3	704	31	3	0.242718
4	561	13	0	0
11	31	17	0	0
12	281	47	7	0.367647
13	31	13	0	0
14	23	40	5	0.392259
Instant	21
1	665	27	1	0.0431034
2	11	13	0	0
3	711	33	3	0.0417362
4	557	13	0	0
11	29	18	1	0
12	249	40	5	2.57353
13	31	13	0	0
14	23	39	5	0.473684
Instant	22
1	700	27	1	0
2	31	13	0	0
3	714	29	3	0
4	593	13	0	0
11	30	17	0	0
12	273	45	8	0
13	31	13	0	0
14	25	38	5	0.222772
Instant	23
1	641	26	1	0.275735
2	35	13	0	0
3	672	33	4	0
4	622	13	0	0
11	27	17	0	0
12	284	49	9	0.919118
13	29	13	0	0
14	26	39	4	0.283019
Instant	24
1	739	25	0	0
2	14	13	0	0
3	729	28	1	0
4	667	13	0	0
11	32	16	0	0
12	264	46	6	0
13	31	13	0	0
14	28	38	5	0.132275
Instant	25
1	699	26	1	0
2	30	13	0	0
3	591	32	3	0.619048
4	588	13	0	0
11	30	16	0	0
12	263	41	8	0.744048
13	26	13	0	0
14	24	41	5	0.224551
Instant	26
1	733	24	1	0.117555
2	22	13	0	0
3	679	28	1	0
4	672	13	0	0
11	32	16	0	0
12	330	37	6	0
13	29	13	0	0
14	28	35	4	0.0655594
Instant	27
1	678	27	1	0
2	9	13	0	0
3	653	29	2	0.262238
4	677	13	0	0
11	28	18	0	0
12	268	42	6	0.919118
13	29	13	0	0
14	28	39	5	0.194974
Instant	28
1	786	26	1	0
2	30	13	0	0
3	642	31	2	0.0457875
4	681	13	0	0
11	34	16	0	0
12	275	45	8	0
13	27	13	0	0
14	28	40	5	0.258621
Instant	29
1	734	26	2	0
2	37	13	0	0
3	600	34	3	0.0988142
4	736	13	0	0
11	33	17	0	0
12	277	40	6	1.47059
13	26	13	0	0
14	32	38	4	0.0598086
Instant	30
1	587	28	2	0.846614
2	31	13	0	0
3	578	34	4	0.35
4	625	13	0	0
11	25	19	1	0
12	265	50	8	2.02206
13	25	13	0	0
14	25	40	5	0.351782
Instant	31
1	631	25	0	0.280899
2	27	13	0	0
3	599	29	2	0.338491
4	612	13	0	0
11	27	17	0	0
12	275	42	6	0
13	26	13	0	0
14	26	39	4	0.168269
Instant	32
1	572	25	1	0.450902
2	12	13	0	0
3	634	31	2	0
4	641	13	0	0
11	25	17	0	0.303644
12	287	45	7	0.919118
13	28	13	0	0
14	26	37	5	0.344037
Instant	33
1	627	25	1	0
2	21	13	0	0
3	653	31	3	0
4	580	13	0	0
11	27	17	0	0
12	248	48	8	2.38971
13	28	13	0	0
14	25	39	5	0.0759109
Instant	34
1	600	29	2	0.337187
2	32	13	0	0
3	575	32	3	0.300601
4	564	13	0	0
11	26	17	0	0
12	242	47	9	2.53378
13	25	13	0	0
14	24	41	5	0.078125
Instant	35
1	635	26	1	0
2	15	14	0	0
3	640	30	2	0.317604
4	594	13	0	0
11	27	17	0	0
12	271	43	6	2.38971
13	28	13	0	0
14	25	37	5	0.296443
Instant	36
1	638	26	2	0.276753
2	43	13	0	0
3	635	32	3	0.0466418
4	624	13	0	0
11	27	16	0	0
12	270	47	7	0.367647
13	27	13	0	0
14	26	42	5	0.0706215
Instant	37
1	656	25	1	0
2	33	13	0	0
3	669	29	1	0
4	631	13	0	0
11	28	17	0	0
12	259	49	7	1.19048
13	29	13	0	0
14	26	36	4	0.349162
Instant	38
1	655	25	1	0
2	27	13	0	0
3	659	30	1	0
4	628	13	0	0
11	28	17	1	0
12	320	44	6	0.183824
13	28	13	0	0
14	27	37	4	0
Instant	39
1	511	30	2	1.27212
2	18	13	0	0
3	594	33	3	0.341131
4	559	13	0	0
11	23	18	1	0
12	280	43	6	1.47059
13	26	13	0	0
14	23	41	5	0.236345
Instant	40
1	612	25	1	0.556586
2	28	13	0	0
3	640	31	3	0.0448833
4	554	13	0	0
11	27	17	0	0
12	272	47	6	0
13	28	13	0	0
14	24	39	5	0
Instant	41
1	563	30	2	0.304878
2	55	13	0	0
3	579	33	3	0.451807
4	533	13	0	0
11	25	17	0	0
12	286	47	9	0.735294
13	25	13	0	0
14	22	37	4	0.495595
Instant	42
1	780	26	2	0
2	18	13	0	0
3	658	30	2	0
4	564	13	0	0
11	34	16	0	0
12	249	43	7	1.10294
13	28	13	0	0
14	24	39	5	0.15625
Instant	43
1	592	27	1	0.738189
2	17	13	0	0
3	639	31	2	0
4	543	13	0	0
11	26	17	0	0
12	256	43	7	2.7027
13	27	13	0	0
14	23	40	5	0.242981
Instant	44
1	684	24	0	0
2	22	13	0	0
3	669	28	1	0
4	600	13	0	0
11	29	17	0	0
12	295	36	5	0
13	29	13	0	0
14	26	37	5	0.0733855
Instant	45
1	657	25	1	0
2	36	13	0	0
3	616	31	2	0.426136
4	614	13	0	0
11	28	16	0	0
12	274	39	5	0
13	26	13	0	0
14	26	39	6	0
Instant	46
1	653	25	1	0
2	19	13	0	0
3	650	30	2	0
4	596	13	0	0
11	28	17	0	0
12	265	39	5	0.844595
13	28	13	0	0
14	25	37	5	0.147638
Instant	47
1	648	27	1	0
2	18	13	0	0
3	640	29	2	0.273723
4	578	13	0	0
11	27	16	0	0
12	289	41	6	0.551471
13	27	13	0	0
14	24	38	5	0.254065
Instant	48
1	669	25	1	0
2	19	13	0	0
3	659	29	1	0.0440141
4	574	13	0	0
11	28	16	0	0
12	262	42	6	0.735294
13	29	13	0	0
14	24	37	4	0.0766871
Instant	49
1	663	25	0	0
2	18	13	0	0
3	680	29	2	0
4	586	13	0	0
11	29	16	0	0
12	251	42	5	0.892857
13	29	13	0	0
14	24	38	4	0.225451
Instant	50
1	641	27	1	0
2	30	13	0	0
3	613	31	3	0.333969
4	673	13	0	0
11	27	17	0	0
12	310	46	7	0.183824
13	26	13	0	0
14	28	38	5	0.130662
Instant	51
1	551	28	2	0.674274
2	34	13	0	0
3	570	33	4	0.460123
4	604	13	0	0
11	24	17	0	0
12	267	54	10	2.94118
13	24	13	0	0
14	25	42	5	0.291829
Instant	52
1	575	28	1	0.59761
2	20	13	0	0
3	609	30	2	0.371747
4	570	13	0	0
11	25	17	0	0
12	243	39	8	1.90972
13	27	13	0	0
14	24	39	5	0.309278
Instant	53
1	675	25	1	0
2	14	13	0	0
3	660	29	2	0
4	626	13	0	0
11	28	16	0	0
12	291	40	6	0
13	28	13	0	0
14	26	37	5	0.0703565
Instant	54
1	642	26	1	0
2	32	13	0	0
3	600	31	3	0.817308
4	601	13	0	0
11	28	17	0	0
12	272	44	6	0.367647
13	26	13	0	0
14	26	38	4	0.219727
Instant	55
1	648	25	1	0.274725
2	25	13	0	0
3	651	30	2	0
4	627	13	0	0
11	27	17	0	0
12	273	38	5	0
13	29	13	0	0
14	26	38	4	0.210674
Instant	56
1	613	26	1	0
2	35	13	0	0
3	632	32	2	0
4	615	13	0	0
11	27	18	0	0
12	272	47	7	2.02206
13	27	13	0	0
14	26	40	5	0.14313
Instant	57
1	663	25	1	0
2	28	13	0	0
3	667	30	2	0
4	691	13	0	0
11	28	17	0	0
12	279	39	5	0
13	28	13	0	0
14	29	37	5	0
Instant	58
1	648	26	1	0
2	21	13	0	0
3	654	29	2	0.132509
4	584	13	0	0
11	28	16	0	0
12	275	42	7	0
13	29	13	0	0
14	25	39	6	0.326962
Instant	59
1	655	26	1	0
2	32	13	0	0
3	674	28	1	0
4	632	13	0	0
11	28	16	0	0
12	287	42	5	0
13	29	13	0	0
14	26	37	5	0.0697026
Instant	60
1	634	27	1	0
2	27	13	0	0
3	632	32	2	0.0453721
4	571	13	0	0
11	27	17	0	0
12	286	50	7	0.183824
13	28	13	0	0
14	24	40	5	0.205761
Instant	61
1	634	26	1	0
2	46	13	0	0
3	685	28	3	0
4	573	13	0	0
11	28	17	0	0
12	274	45	8	0.14881
13	29	13	0	0
14	24	37	4	0.332992
Instant	62
1	550	25	1	1.01279
2	35	13	0	0
3	631	31	3	0
4	538	13	0	0
11	24	17	0	0
12	329	43	6	0.551471
13	27	13	0	0
14	23	41	5	0.0818777
Instant	63
1	627	25	1	0.277778
2	54	13	0	0
3	642	29	1	0.272727
4	569	13	0	0
11	27	17	0	0
12	283	36	5	0
13	28	13	0	0
14	23	38	5	0.231959
Instant	64
1	625	26	1	0.278293
2	36	13	0	0
3	681	30	2	0
4	582	13	0	0
11	27	16	0	0
12	270	39	6	0
13	29	13	0	0
14	25	38	5	0.0754527
Instant	65
1	621	27	1	0
2	20	13	0	0
3	646	30	1	0
4	578	13	0	0
11	27	16	0	0
12	271	41	7	1.65441
13	28	13	0	0
14	24	39	4	0.280041
Instant	66
1	669	25	1	0
2	33	13	0	0
3	681	29	1	0
4	579	13	0	0
11	28	17	0	0
12	279	44	7	1.47059
13	29	13	0	0
14	24	39	5	0.15213
Instant	67
1	668	23	0	0.257732
2	39	13	0	0
3	674	28	1	0
4	605	13	0	0
11	29	16	0	0
12	252	44	6	1.18243
13	29	13	0	0
14	26	36	4	0.170233
Instant	68
1	657	25	0	0
2	36	13	0	0
3	612	33	2	0.0477099
4	598	13	0	0
11	28	17	0	0
12	281	40	6	1.17188
13	27	13	0	0
14	25	41	4	0.0735294
Instant	69
1	649	26	1	0
2	33	13	0	0
3	619	31	2	0.335249
4	567	13	0	0
11	27	17	0	0
12	264	44	6	1.10294
13	26	13	0	0
14	23	38	4	0.543478
Instant	70
1	677	24	1	0
2	10	13	0	0
3	662	29	1	0
4	616	13	0	0
11	29	17	0	0
12	270	39	5	0.506757
13	29	13	0	0
14	26	37	4	0.0715649
Instant	71
1	643	25	1	0
2	33	13	0	0
3	674	29	1	0
4	542	13	0	0
11	28	17	0	0
12	269	43	7	2.02206
13	29	13	0	0
14	23	38	5	0.37961
Instant	72
1	606	27	2	0.0965251
2	46	13	0	0
3	618	33	3	0
4	514	13	0	0
11	26	18	1	0
12	239	46	8	2.65152
13	26	13	0	0
14	22	42	6	0.0856164
Instant	73
1	549	28	1	0.667351
2	17	13	0	0
3	632	32	4	0.136861
4	511	13	0	0
11	24	17	0	0
12	242	50	8	1.98171
13	28	13	0	0
14	22	42	6	0.0862069
Instant	74
1	614	26	1	0
2	28	13	0	0
3	639	32	3	0.0469925
4	511	13	0	0
11	26	17	0	0
12	301	48	8	1.28676
13	27	13	0	0
14	21	41	6	0.172414
Instant	75
1	599	27	1	0.290135
2	70	13	0	0
3	618	32	3	0
4	497	13	0	0
11	26	18	0	0
12	247	46	6	3.40909
13	27	13	0	0
14	21	40	6	0.353774
Instant	76
1	632	27	1	0
2	34	13	0	0
3	538	36	4	0.691489
4	543	13	0	0
11	27	17	0	0
12	258	48	7	1.73611
13	23	13	0	0
14	23	39	5	0
Instant	77
1	655	26	1	0
2	18	13	0	0
3	638	32	3	0.0461255
4	531	13	0	0
11	28	16	0	0
12	297	37	6	0
13	27	13	0	0
14	22	38	5	0.248344
Instant	78
1	626	26	1	0
2	10	13	0	0
3	623	32	3	0
4	525	13	0	0
11	27	18	0	0
12	272	38	5	0.390625
13	26	13	0	0
14	22	38	5	0.251678
Instant	79
1	644	25	1	0.409091
2	25	13	0	0
3	639	32	2	0
4	557	13	0	0
11	28	17	0	0
12	272	43	7	0
13	27	13	0	0
14	23	37	5	0.316456
Instant	80
1	680	24	0	0
2	32	13	0	0
3	681	28	1	0
4	646	13	0	0
11	29	16	0	0
12	292	38	5	0
13	30	13	0	0
14	27	36	4	0.204545
Instant	81
1	642	25	1	0
2	21	13	0	0
3	648	31	2	0
4	656	13	0	0
11	28	17	0	0
12	267	42	7	0.189394
13	28	13	0	0
14	28	38	4	0.0670841
Instant	82
1	628	25	1	0
2	21	13	0	0
3	662	30	2	0
4	572	13	0	0
11	26	17	0	0
12	271	40	5	0
13	28	13	0	0
14	23	40	5	0.53791
Instant	83
1	637	25	0	0.270758
2	14	13	0	0
3	609	30	3	0.281955
4	549	13	0	0
11	28	17	0	0
12	292	43	6	0
13	27	13	0	0
14	23	39	5	0.187366
Instant	84
1	634	27	1	0
2	27	13	0	0
3	574	33	2	0.552209
4	498	13	0	0
11	27	17	0	0
12	259	49	9	0.94697
13	25	13	0	0
14	21	41	6	0.383255
Instant	85
1	627	27	1	0
2	15	13	0	0
3	582	31	3	0.868726
4	519	13	0	0
11	27	17	0	0
12	267	42	7	0.961538
13	26	13	0	0
14	21	39	5	0.25395
Instant	86
1	667	25	0	0
2	16	13	0	0
3	635	32	2	0
4	540	13	0	0
11	28	17	0	0
12	337	42	6	0.551471
13	27	13	0	0
14	23	38	6	0.0816993
Instant	87
1	636	25	1	0
2	13	13	0	0
3	634	31	2	0.046729
4	532	13	0	0
11	28	18	0	0
12	245	42	6	0
13	27	13	0	0
14	22	40	5	0.165198
Instant	88
1	655	26	1	0
2	28	13	0	0
3	591	31	2	0.338491
4	546	13	0	0
11	28	16	0	0
12	271	40	6	2.02703
13	26	13	0	0
14	23	40	5	0.0804721
Instant	89
1	632	26	1	0
2	23	13	0	0
3	609	33	4	0.429389
4	531	13	0	0
11	27	17	0	0
12	288	46	6	0.183824
13	27	13	0	0
14	22	40	5	0.248894
Instant	90
1	656	26	1	0
2	22	13	0	0
3	607	32	2	0.0480769
4	580	13	0	0
11	28	16	0	0
12	267	43	7	0
13	26	13	0	0
14	24	38	5	0.253036
Instant	91
1	634	27	1	0
2	12	13	0	0
3	641	31	3	0.274223
4	564	13	0	0
11	27	18	0	0
12	246	42	8	2.02703
13	27	13	0	0
14	24	37	4	0.208768
Instant	92
1	641	26	1	0
2	11	13	0	0
3	646	31	2	0
4	528	13	0	0
11	28	17	0	0
12	279	36	5	1.51515
13	28	13	0	0
14	22	38	5	0.166667
Instant	93
1	598	27	1	0.582524
2	17	13	0	0
3	599	30	3	0.475285
4	489	13	0	0
11	26	17	0	0
12	268	42	6	0
13	26	13	0	0
14	20	43	5	0.359712
Instant	94
1	606	26	2	0.284091
2	21	13	0	0
3	541	36	4	0.531915
4	508	13	0	0
11	26	17	0	0
12	244	46	9	2.19595
13	23	13	0	0
14	20	37	4	0.78125
Instant	95
1	632	25	1	0.272727
2	12	13	0	0
3	606	30	2	0.295858
4	557	13	0	0
11	28	17	0	0
12	281	43	7	0
13	25	13	0	0
14	24	38	4	0
Instant	96
1	648	26	1	0
2	21	13	0	0
3	651	30	2	0
4	539	13	0	0
11	28	16	0	0
12	257	44	6	1.10294
13	29	13	0	0
14	22	37	4	0.245098
Instant	97
1	655	24	0	0.265957
2	32	13	0	0
3	598	30	2	0.298211
4	549	13	0	0
11	28	17	0	0
12	258	40	5	1.52439
13	25	13	0	0
14	23	37	5	0.240385
Instant	98
1	674	25	1	0
2	16	13	0	0
3	661	29	1	0
4	564	13	0	0
11	28	16	0	0
12	311	42	6	0.367647
13	29	13	0	0
14	24	36	4	0.078125
Instant	99
1	644	26	1	0
2	17	13	0	0
3	669	29	2	0
4	531	13	0	0
11	28	16	0	0
12	289	44	6	0
13	29	13	0	0
14	22	38	5	0.248344
Instant	100
1	648	26	1	0
2	40	13	0	0
3	634	29	1	0.274725
4	535	13	0	0
11	28	17	0	0
12	264	40	7	1.35135
13	27	13	0	0
14	22	39	5	0.164474
Instant	101
1	641	27	1	0
2	36	13	0	0
3	657	30	2	0
4	532	13	0	0
11	27	17	0	0
12	275	44	6	1.47059
13	28	13	0	0
14	22	39	5	0
Instant	102
1	684	24	0	0
2	16	13	0	0
3	641	29	2	0.044964
4	539	13	0	0
11	29	16	0	0
12	279	43	6	0
13	28	13	0	0
14	22	38	4	0.326797
Instant	103
1	655	26	0	0
2	34	13	0	0
3	597	31	3	0.639764
4	539	13	0	0
11	28	17	0	0
12	271	42	7	0.168919
13	25	13	0	0
14	22	38	4	0.245098
Instant	104
1	649	26	1	0
2	35	13	0	0
3	657	29	2	0
4	532	13	0	0
11	28	17	0	0
12	294	43	6	0
13	29	13	0	0
14	22	38	5	0.165198
Instant	105
1	607	26	1	0.283554
2	35	13	0	0
3	665	30	2	0
4	538	13	0	0
11	26	17	0	0
12	268	51	8	0.183824
13	28	13	0	0
14	23	38	5	0.0816993
Instant	106
1	677	24	0	0
2	30	13	0	0
3	768	27	1	0
4	578	13	0	0
11	28	17	0	0
12	274	38	4	0
13	34	13	0	0
14	24	35	4	0.152439
Instant	107
1	655	26	1	0
2	5	13	0	0
3	694	32	3	0.165289
4	588	13	0	0
11	28	16	0	0
12	283	41	5	0.919118
13	31	13	0	0
14	25	37	4	0.0748503
Instant	108
1	608	27	1	0.289575
2	40	13	0	0
3	667	33	3	0
4	550	13	0	0
11	26	17	0	0
12	254	48	8	1.47059
13	28	13	0	0
14	23	43	6	0
Instant	109
1	653	26	1	0
2	31	13	0	0
3	579	33	3	0.725339
4	509	13	0	0
11	29	16	0	0
12	269	41	7	0.14881
13	26	13	0	0
14	21	40	5	0.548499
Instant	110
1	634	26	1	0
2	13	13	0	0
3	640	30	2	0.275735
4	499	13	0	0
11	27	18	0	0
12	327	38	5	1.17188
13	28	13	0	0
14	21	42	6	0.0880282
Instant	111
1	662	25	0	0
2	27	13	0	0
3	611	31	2	0.281955
4	542	13	0	0
11	28	17	0	0
12	262	38	6	0.367647
13	27	13	0	0
14	23	40	6	0.162338
Instant	112
1	663	25	1	0
2	29	13	0	0
3	593	32	3	0.776699
4	529	13	0	0
11	29	16	0	0
12	260	44	6	0.506757
13	26	13	0	0
14	22	38	5	0.166667
Instant	113
1	660	25	1	0
2	26	13	0	0
3	635	29	2	0.27933
4	542	13	0	0
11	28	16	0	0
12	284	36	5	0.183824
13	27	13	0	0
14	23	38	5	0.0811688
Instant	114
1	648	26	1	0
2	8	13	0	0
3	639	31	4	0.182815
4	531	13	0	0
11	28	17	0	0
12	268	40	7	0
13	28	13	0	0
14	22	40	5	0.0827815
Instant	115
1	641	26	1	0
2	27	13	0	0
3	620	31	3	0.324074
4	508	13	0	0
11	28	17	0	0
12	247	40	6	2.87162
13	27	13	0	0
14	21	40	4	0.34642
Instant	116
1	677	24	0	0
2	40	13	0	0
3	658	29	1	0
4	579	13	0	0
11	29	17	0	0
12	301	39	6	0
13	29	13	0	0
14	24	37	4	0.25355
Instant	117
1	662	26	1	0
2	36	13	0	0
3	669	29	2	0
4	538	13	0	0
11	29	16	0	0
12	272	47	8	0
13	28	13	0	0
14	23	39	6	0.0816993
Instant	118
1	656	25	1	0
2	27	13	0	0
3	608	29	2	0.560748
4	546	13	0	0
11	28	17	0	0
12	274	46	6	0
13	27	13	0	0
14	23	36	4	0.241935
Instant	119
1	663	26	1	0
2	9	13	0	0
3	624	30	2	0.27881
4	529	13	0	0
11	28	16	0	0
12	286	42	7	0.551471
13	27	13	0	0
14	22	37	4	0.333333
