	T	D	J	LP
Instant	0
1	0	0	0	0
2	0	0	0	0
3	0	0	0	0
4	0	0	0	0
11	0	0	0	0
12	0	0	0	0
13	0	0	0	0
14	0	0	0	0
Instant	1
1	442	27	2	0
2	30	13	0	0
3	339	36	4	0
4	433	13	0	0
11	19	16	0	0
12	138	41	4	0
13	15	13	0	0
14	17	37	3	0
Instant	2
1	1545	26	2	0
2	18	14	0	0
3	1012	38	5	0.984936
4	2339	14	0	0
11	66	16	0	0
12	304	54	8	1.65441
13	45	13	0	0
14	99	37	2	0.119347
Instant	3
1	1297	27	2	0
2	5	13	0	0
3	743	34	5	0.571646
4	2451	14	0	0
11	58	16	0	0
12	313	57	8	0.919118
13	33	13	0	0
14	104	37	2	0.497363
Instant	4
1	1046	27	2	0.859202
2	12	13	0	0
3	804	36	5	0.504323
4	2215	14	0	0
11	46	17	0	0
12	275	48	10	1.01351
13	35	13	0	0
14	95	37	3	0.232465
Instant	5
1	868	26	2	0.403226
2	29	13	0	0
3	721	34	3	0.0410509
4	1780	14	0	0
11	38	16	0	0
12	288	46	9	2.02206
13	31	13	0	0
14	79	37	3	0.0495376
Instant	6
1	899	27	2	0
2	9	13	0	0
3	701	30	3	0
4	1257	13	0	0
11	39	16	0	0
12	272	42	6	0
13	31	13	0	0
14	56	34	2	0.070028
Instant	7
1	1105	25	2	0
2	12	13	0	0
3	668	32	3	0.0447227
4	1037	13	0	0
11	49	16	0	0
12	258	51	9	1.18243
13	28	13	0	0
14	44	36	3	0.24093
Instant	8
1	1051	27	2	0
2	17	13	0	0
3	500	36	5	1.04626
4	974	13	0	0
11	46	16	0	0
12	282	46	7	0.367647
13	23	13	0	0
14	42	34	3	0.0452352
Instant	9
1	978	28	2	0.0617284
2	36	13	0	0
3	547	32	4	1.04167
4	831	13	0	0
11	41	16	0	0
12	260	47	8	1.10294
13	24	13	0	0
14	35	36	4	0.212164
Instant	10
1	912	26	2	0.189873
2	26	13	0	0
3	592	33	2	0.0488281
4	759	13	0	0
11	41	16	0	0
12	258	46	6	0
13	26	13	0	0
14	33	36	3	0.0580495
Instant	11
1	996	24	1	0
2	21	13	0	0
3	642	30	1	0.271739
4	792	13	0	0
11	43	16	0	0
12	281	42	6	0.919118
13	28	13	0	0
14	34	32	3	0.111276
Instant	12
1	1040	27	2	0
2	20	13	0	0
3	612	34	4	0.194932
4	737	13	0	0
11	46	16	0	0
12	248	48	8	2.02206
13	26	13	0	0
14	32	36	4	0.0598086
Instant	13
1	1022	25	1	0
2	24	13	0	0
3	584	33	4	0.294695
4	758	13	0	0
11	45	16	0	0
12	273	41	5	0
13	25	13	0	0
14	32	33	3	0.174419
Instant	14
1	741	26	2	1.05469
2	35	13	0	0
3	599	33	3	0
4	803	13	0	0
11	33	16	0	0
12	317	49	8	0.183824
13	26	13	0	0
14	34	34	3	0.0549048
Instant	15
1	715	30	2	0.0402576
2	36	13	0	0
3	632	32	2	0.0929368
4	690	13	0	0
11	31	16	0	0
12	287	50	6	0.551471
13	27	13	0	0
14	29	38	4	0.191327
Instant	16
1	823	26	1	0.105042
2	23	13	0	0
3	599	32	2	0.299401
4	746	13	0	0
11	36	16	0	0
12	266	45	7	0
13	25	13	0	0
14	32	35	3	0.0590551
Instant	17
1	886	25	2	0.265604
2	10	13	0	0
3	541	36	4	0.314465
4	741	13	0	0
11	38	16	0	0
12	277	41	7	1.28676
13	24	13	0	0
14	31	35	4	0.118859
Instant	18
1	888	26	1	0
2	21	13	0	0
3	625	32	3	0
4	758	13	0	0
11	38	16	0	0
12	269	47	9	0
13	27	13	0	0
14	32	35	3	0.11592
Instant	19
1	815	28	1	0.662483
2	16	13	0	0
3	551	36	5	0.583864
4	725	13	0	0
11	36	16	0	0
12	256	46	7	1.35135
13	24	13	0	0
14	31	38	4	0.264228
Instant	20
1	860	26	1	0.23427
2	8	13	0	0
3	633	31	2	0.280899
4	749	13	0	0
11	38	16	0	0
12	283	46	8	0.735294
13	27	13	0	0
14	31	34	3	0
Instant	21
1	936	25	1	0
2	32	13	0	0
3	645	30	2	0
4	792	13	0	0
11	40	16	0	0
12	271	45	7	0
13	28	13	0	0
14	34	32	2	0.0555556
Instant	22
1	950	27	1	0
2	36	13	0	0
3	574	30	3	0.664622
4	653	13	0	0
11	40	16	0	0
12	267	41	4	0.506757
13	24	13	0	0
14	27	36	4	0.359712
Instant	23
1	1011	26	1	0
2	24	13	0	0
3	636	29	2	0.132509
4	650	13	0	0
11	45	16	0	0
12	284	40	5	0.183824
13	28	13	0	0
14	27	36	4	0.0676895
Instant	24
1	1091	27	1	0.247525
2	22	13	0	0
3	674	34	4	0.131119
4	662	13	0	0
11	46	16	0	0
12	254	45	7	1.65441
13	29	13	0	0
14	29	35	4	0.132979
Instant	25
1	1161	26	1	0
2	4	13	0	0
3	722	30	2	0.199681
4	648	13	0	0
11	50	16	0	0
12	263	45	6	0.744048
13	32	13	0	0
14	27	36	4	0.11343
Instant	26
1	1202	24	0	0
2	15	13	0	0
3	679	29	1	0.520833
4	659	13	0	0
11	53	15	0	0
12	313	45	7	0
13	29	13	0	0
14	28	33	3	0.066726
Instant	27
1	1276	29	3	0.0451671
2	40	13	0	0
3	625	34	3	0.320513
4	607	13	0	0
11	57	16	0	0
12	257	52	10	3.67647
13	27	13	0	0
14	25	37	4	0.145349
Instant	28
1	1120	27	1	0
2	27	13	0	0
3	718	35	3	0.357711
4	628	13	0	0
11	47	16	0	0
12	264	41	7	1.04167
13	32	13	0	0
14	27	37	5	0
Instant	29
1	975	25	1	0.208086
2	17	13	0	0
3	732	31	2	0
4	643	13	0	0
11	43	16	0	0
12	275	48	8	0.551471
13	31	13	0	0
14	27	34	3	0.205292
Instant	30
1	839	27	2	0.236806
2	28	13	0	0
3	659	32	2	0
4	646	13	0	0
11	38	16	0	0
12	262	45	7	3.125
13	29	13	0	0
14	27	35	4	0.0681818
Instant	31
1	953	24	0	0.339926
2	33	13	0	0
3	655	31	3	0.461255
4	666	13	0	0
11	41	15	0	0
12	275	40	3	0
13	28	13	0	0
14	28	34	4	0.0661376
Instant	32
1	981	26	1	0
2	13	13	0	0
3	621	31	3	0.13587
4	639	13	0	0
11	42	16	0	0
12	253	40	6	3.30882
13	28	13	0	0
14	27	35	4	0.0689338
Instant	33
1	908	26	1	0
2	16	13	0	0
3	652	31	3	0.0454545
4	601	13	0	0
11	41	16	0	0
12	281	43	6	0.367647
13	28	13	0	0
14	25	36	4	0.219298
Instant	34
1	961	24	1	0
2	12	13	0	0
3	643	31	2	0.0457875
4	618	13	0	0
11	41	16	0	0
12	270	40	6	0
13	27	13	0	0
14	26	33	4	0.285714
Instant	35
1	948	26	1	0
2	23	13	0	0
3	622	32	2	0
4	624	13	0	0
11	41	16	0	0
12	286	39	6	0
13	27	13	0	0
14	26	35	4	0.0704887
Instant	36
1	987	25	1	0.206125
2	28	13	0	0
3	637	33	3	0
4	628	13	0	0
11	43	16	0	0
12	273	42	5	0
13	27	13	0	0
14	27	34	3	0
Instant	37
1	855	25	2	0.452646
2	24	13	0	0
3	639	32	2	0
4	623	13	0	0
11	37	16	0	0
12	260	42	7	0.744048
13	27	13	0	0
14	27	35	4	0
Instant	38
1	959	23	0	0
2	18	13	0	0
3	627	28	1	0.271739
4	640	13	0	0
11	42	15	0	0
12	339	39	4	0
13	28	13	0	0
14	27	33	3	0.137615
Instant	39
1	877	26	1	0
2	8	13	0	0
3	652	30	3	0
4	649	13	0	0
11	39	16	0	0
12	256	45	6	1.65441
13	28	13	0	0
14	28	33	3	0.0678119
Instant	40
1	860	28	2	0.407609
2	15	13	0	0
3	580	32	4	0.639764
4	621	13	0	0
11	37	16	0	0
12	265	48	8	0.844595
13	26	13	0	0
14	26	35	3	0.284091
Instant	41
1	998	26	1	0
2	30	13	0	0
3	635	32	3	0.280899
4	603	13	0	0
11	44	15	0	0
12	291	44	5	0
13	27	13	0	0
14	25	35	4	0.389864
Instant	42
1	974	27	1	0
2	16	13	0	0
3	620	32	2	0
4	610	13	0	0
11	42	16	0	0
12	275	36	6	0.183824
13	27	13	0	0
14	25	34	3	0.216346
Instant	43
1	792	27	1	0.253256
2	25	13	0	0
3	525	33	4	0.701944
4	595	13	0	0
11	35	17	0	0
12	257	42	7	1.01351
13	23	13	0	0
14	26	36	4	0.0739645
Instant	44
1	726	26	1	0
2	22	13	0	0
3	639	31	2	0.0469043
4	622	13	0	0
11	31	16	0	0
12	295	35	5	0
13	27	13	0	0
14	25	33	3	0.212264
Instant	45
1	668	25	1	0.303293
2	42	13	0	0
3	607	30	3	0.426945
4	600	13	0	0
11	29	16	0	0
12	251	49	8	2.20588
13	27	13	0	0
14	26	37	4	0.0733855
Instant	46
1	749	24	1	0.119808
2	26	13	0	0
3	590	30	2	0.339147
4	626	13	0	0
11	32	16	0	0.078125
12	274	40	6	0
13	26	13	0	0
14	26	35	4	0.140713
Instant	47
1	812	24	1	0
2	21	13	0	0
3	699	28	2	0
4	649	13	0	0
11	35	16	0	0
12	294	42	6	0
13	29	13	0	0
14	28	33	4	0
Instant	48
1	660	26	1	0.52356
2	4	13	0	0
3	618	32	3	0.27881
4	596	13	0	0
11	29	16	0	0.43554
12	230	41	8	2.94118
13	27	13	0	0
14	25	36	4	0.0738189
Instant	49
1	815	25	1	0
2	10	14	0	0
3	662	30	2	0
4	619	13	0	0
11	35	15	0	0
12	247	38	5	1.33929
13	29	13	0	0
14	26	34	4	0.142045
Instant	50
1	815	25	1	0
2	41	13	0	0
3	628	31	3	0.136364
4	649	13	0	0
11	35	16	0	0
12	317	45	8	0.551471
13	28	13	0	0
14	27	35	3	0.271248
Instant	51
1	914	26	1	0
2	22	13	0	0
3	666	30	3	0.0459559
4	769	13	0	0
11	39	16	0	0
12	283	44	5	0.551471
13	27	13	0	0
14	33	34	3	0.171756
Instant	52
1	933	24	1	0
2	17	13	0	0
3	641	29	1	0.265957
4	788	13	0	0
11	41	16	0	0
12	261	38	6	0.520833
13	28	13	0	0
14	33	33	3	0.0558867
Instant	53
1	915	25	1	0
2	8	13	0	0
3	619	32	2	0.327715
4	727	13	0	0
11	39	16	0	0
12	298	38	5	0
13	27	13	0	0
14	31	35	3	0.242718
Instant	54
1	945	25	1	0
2	0	13	0	0
3	634	31	1	0
4	713	13	0	0
11	40	15	0	0
12	264	45	6	0.551471
13	28	13	0	0
14	30	33	3	0.123355
Instant	55
1	912	26	1	0
2	24	13	0	0
3	669	29	1	0
4	645	13	0	0
11	39	16	0	0
12	273	47	8	0
13	28	13	0	0
14	27	34	3	0.318182
Instant	56
1	839	26	1	0
2	36	13	0	0
3	585	31	2	0.342466
4	630	13	0	0
11	37	16	0	0
12	296	46	7	0
13	26	13	0	0
14	27	35	4	0.139665
Instant	57
1	873	25	1	0.239071
2	32	13	0	0
3	588	31	2	0.294695
4	625	13	0	0
11	37	16	0	0
12	274	45	6	0
13	26	13	0	0
14	27	35	4	0.140977
Instant	58
1	902	26	1	0.227568
2	36	13	0	0
3	614	32	3	0
4	659	13	0	0
11	39	16	0	0
12	273	44	7	0.168919
13	26	13	0	0
14	28	35	4	0
Instant	59
1	922	25	1	0
2	37	13	0	0
3	631	31	2	0.452899
4	648	13	0	0
11	40	16	0	0
12	286	44	6	1.10294
13	28	13	0	0
14	27	33	3	0.181159
Instant	60
1	874	26	1	0
2	27	13	0	0
3	633	29	2	0.320513
4	592	13	0	0
11	38	16	0	0
12	278	40	5	0
13	27	13	0	0
14	25	36	4	0.173267
Instant	61
1	841	26	1	0.240055
2	30	13	0	0
3	568	32	3	0.355691
4	635	13	0	0
11	37	16	0	0
12	276	44	6	0
13	25	13	0	0
14	26	35	4	0.208333
Instant	62
1	773	26	1	0.0382848
2	17	13	0	0
3	580	30	2	0.776699
4	658	13	0	0
11	32	16	0	0.531915
12	327	47	7	0.367647
13	26	13	0	0
14	27	32	3	0.266904
Instant	63
1	789	25	1	0.222552
2	14	14	0	0
3	670	29	3	0
4	677	13	0	0
11	34	16	0	0
12	286	44	5	0.183824
13	28	13	0	0
14	29	32	3	0.130435
Instant	64
1	780	25	1	0
2	39	13	0	0
3	627	31	2	0.277778
4	618	13	0	0
11	34	16	0	0
12	275	44	7	0
13	27	13	0	0
14	26	35	4	0.118596
Instant	65
1	788	26	1	0
2	36	13	0	0
3	661	30	2	0
4	661	13	0	0
11	34	16	0	0
12	259	44	9	1.83824
13	28	13	0	0
14	28	34	3	0
Instant	66
1	789	26	1	0
2	34	13	0	0
3	607	32	3	0
4	598	13	0	0
11	34	16	0	0
12	268	45	7	2.20588
13	27	13	0	0
14	25	36	4	0.294118
Instant	67
1	779	25	1	0
2	27	13	0	0
3	651	31	2	0.272727
4	619	13	0	0
11	34	17	0	0
12	267	42	5	0.675676
13	28	13	0	0
14	26	35	3	0.0711575
Instant	68
1	721	25	1	0
2	17	13	0	0
3	627	32	3	0
4	596	13	0	0
11	31	16	0	0
12	289	38	6	0
13	27	13	0	0
14	26	36	4	0
Instant	69
1	695	25	1	0.250417
2	20	13	0	0
3	624	32	2	0.142045
4	626	13	0	0
11	30	16	0	0
12	275	42	8	0.367647
13	26	13	0	0
14	26	34	3	0.0703565
Instant	70
1	730	25	1	0
2	22	13	0	0
3	548	30	3	0.631579
4	626	13	0	0
11	31	16	0	0
12	277	42	6	0
13	24	13	0	0
14	26	34	4	0.0702247
Instant	71
1	731	26	1	0
2	35	13	0	0
3	621	32	3	0.276243
4	608	13	0	0
11	31	16	0	0
12	257	43	8	3.49265
13	27	13	0	0
14	26	34	3	0.217602
Instant	72
1	782	24	0	0
2	25	13	0	0
3	676	28	1	0
4	723	13	0	0
11	33	15	0	0
12	273	35	5	0
13	29	13	0	0
14	30	30	2	0
Instant	73
1	745	25	1	0
2	31	13	0	0
3	665	30	1	0
4	651	13	0	0
11	32	16	0	0
12	253	43	5	0.762195
13	29	13	0	0
14	27	34	3	0.135135
Instant	74
1	735	24	0	0
2	37	13	0	0
3	554	30	2	0.671488
4	642	13	0	0
11	33	16	0	0
12	321	39	4	0
13	24	13	0	0
14	27	33	3	0.274725
Instant	75
1	735	25	1	0
2	42	13	0	0
3	632	31	2	0
4	685	13	0	0
11	31	16	0	0
12	260	49	9	1.51515
13	26	13	0	0
14	29	33	3	0
Instant	76
1	761	24	0	0
2	34	13	0	0
3	666	29	1	0
4	749	13	0	0
11	33	15	0	0
12	273	40	7	0.694444
13	29	13	0	0
14	32	32	3	0.117739
Instant	77
1	706	24	1	0.252951
2	18	13	0	0
3	630	32	3	0.0464684
4	668	13	0	0
11	30	16	0	0
12	297	39	7	0
13	27	13	0	0
14	29	35	4	0.13181
Instant	78
1	765	24	0	0
2	18	13	0	0
3	543	30	2	0.870902
4	719	13	0	0
11	33	16	0	0
12	276	40	7	0
13	25	13	0	0
14	30	33	4	0
Instant	79
1	667	27	1	0.510204
2	31	13	0	0
3	631	32	2	0
4	673	13	0	0
11	30	16	0	0
12	234	48	7	3.20946
13	26	13	0	0
14	29	33	4	0.196335
Instant	80
1	734	26	1	0
2	70	13	0	0
3	654	30	2	0.0438596
4	687	13	0	0
11	32	16	0	0
12	292	40	6	0
13	29	13	0	0
14	30	33	3	0.0641026
Instant	81
1	759	25	1	0
2	33	13	0	0
3	622	33	3	0
4	676	13	0	0
11	32	16	0	0
12	254	42	5	1.32576
13	26	13	0	0
14	29	35	4	0.0651042
Instant	82
1	733	24	1	0.232919
2	32	13	0	0
3	652	29	2	0.044964
4	698	13	0	0
11	32	16	0	0
12	271	35	5	0
13	28	13	0	0
14	29	33	3	0.0631313
Instant	83
1	731	26	1	0
2	33	13	0	0
3	534	29	3	1.23967
4	637	13	0	0
11	31	16	0	0
12	275	45	8	1.70455
13	25	13	0	0
14	27	36	4	0.0691882
Instant	84
1	700	26	1	0
2	41	13	0	0
3	554	31	2	0.627615
4	615	13	0	0
11	31	16	0	0
12	247	42	5	1.70455
13	24	13	0	0
14	26	35	4	0.28626
Instant	85
1	742	25	1	0
2	18	13	0	0
3	537	30	2	0.684211
4	661	13	0	0
11	31	16	0	0
12	261	43	6	1.60256
13	24	13	0	0
14	28	34	4	0.133215
Instant	86
1	714	26	1	0
2	14	13	0	0
3	639	30	2	0
4	658	13	0	0
11	31	16	0	0
12	327	40	6	0.183824
13	27	13	0	0
14	28	35	3	0
Instant	87
1	713	25	1	0
2	17	13	0	0
3	508	35	3	1.15385
4	605	13	0	0
11	30	16	0	0
12	265	42	6	0
13	23	13	0	0
14	25	37	4	0.145631
Instant	88
1	745	26	1	0.235479
2	22	13	0	0
3	633	33	3	0
4	635	13	0	0
11	32	16	0	0
12	252	41	7	2.87162
13	27	13	0	0
14	27	35	4	0.0694444
Instant	89
1	771	26	1	0.224551
2	37	13	0	0
3	613	33	2	0.0482625
4	637	13	0	0
11	34	16	0	0
12	266	38	5	0
13	26	13	0	0
14	27	36	4	0.115314
Instant	90
1	786	26	2	0
2	28	13	0	0
3	651	31	2	0.0456204
4	663	13	0	0
11	34	16	0	0
12	261	39	6	2.34375
13	28	13	0	0
14	28	34	3	0
Instant	91
1	870	25	1	0
2	24	13	0	0
3	560	32	3	0.801603
4	593	13	0	0
11	37	16	0	0
12	269	41	6	0.506757
13	25	13	0	0
14	25	35	4	0.222772
Instant	92
1	907	25	1	0
2	17	13	0	0
3	648	30	2	0.0457038
4	637	13	0	0
11	40	16	0	0
12	293	42	7	0
13	27	13	0	0
14	27	33	3	0.0690608
Instant	93
1	959	24	0	0
2	29	13	0	0
3	662	30	2	0
4	629	13	0	0
11	41	15	0	0
12	262	36	5	0
13	29	13	0	0
14	26	33	4	0.0700935
Instant	94
1	848	26	1	0
2	14	13	0	0
3	573	30	2	0.606061
4	624	13	0	0
11	37	16	0	0
12	264	42	6	0.506757
13	25	13	0	0
14	27	35	4	0
Instant	95
1	815	27	2	0.214286
2	33	13	0	0
3	614	33	3	0
4	607	13	0	0
11	35	16	0	0
12	271	44	6	0.919118
13	26	13	0	0
14	26	36	4	0.0725338
Instant	96
1	881	25	1	0
2	25	13	0	0
3	634	32	2	0
4	636	13	0	0
11	37	16	0	0
12	267	43	8	0.735294
13	27	13	0	0
14	27	33	4	0.0693161
Instant	97
1	800	26	2	0.143266
2	20	13	0	0
3	619	32	2	0
4	623	13	0	0
11	35	16	0	0
12	257	44	5	1.06707
13	26	13	0	0
14	26	35	4	0.0706215
Instant	98
1	830	26	1	0.104167
2	19	13	0	0
3	578	31	2	0.590551
4	577	13	0	0
11	36	16	0	0
12	337	45	5	0.367647
13	26	13	0	0
14	24	35	4	0.381098
Instant	99
1	861	25	0	0
2	45	13	0	0
3	626	30	2	0.278293
4	600	13	0	0
11	37	16	0	0
12	260	41	5	0.919118
13	27	13	0	0
14	25	34	3	0.366928
Instant	100
1	883	26	1	0.201884
2	39	13	0	0
3	629	32	2	0
4	601	13	0	0
11	38	16	0	0
12	270	38	6	0
13	27	13	0	0
14	25	33	3	0.146484
Instant	101
1	846	27	1	0
2	35	13	0	0
3	625	31	2	0.0469925
4	613	13	0	0
11	36	15	0	0
12	279	45	9	1.83824
13	27	13	0	0
14	26	35	3	0.143678
Instant	102
1	815	25	0	0.212465
2	26	13	0	0
3	521	35	3	0.982533
4	595	13	0	0
11	36	16	0	0
12	267	46	7	0.551471
13	23	13	0	0
14	24	34	3	0.419132
Instant	103
1	798	25	1	0.324207
2	19	13	0	0
3	614	31	1	0.0478011
4	558	13	0	0
11	35	16	0	0
12	265	46	9	1.01351
13	26	13	0	0
14	23	37	5	0.158228
Instant	104
1	841	25	1	0.106082
2	36	13	0	0
3	644	29	2	0.270758
4	593	13	0	0
11	36	16	0	0
12	294	41	5	0
13	28	13	0	0
14	25	35	3	0.0741107
Instant	105
1	862	25	0	0
2	13	13	0	0
3	617	30	2	0.283019
4	580	13	0	0
11	37	16	0	0
12	258	40	6	1.10294
13	27	13	0	0
14	25	35	3	0.15213
Instant	106
1	992	24	0	0
2	20	13	0	0
3	620	30	2	0.0465549
4	580	13	0	0
11	42	16	0	0
12	274	43	6	0
13	27	13	0	0
14	24	35	5	0.0757576
Instant	107
1	913	25	1	0
2	40	13	0	0
3	647	30	2	0.273224
4	606	13	0	0
11	40	16	0	0
12	266	39	5	0
13	28	13	0	0
14	26	32	3	0.145349
Instant	108
1	898	26	1	0
2	29	13	0	0
3	600	30	2	0.426945
4	585	13	0	0
11	39	16	0	0
12	271	42	7	2.38971
13	26	13	0	0
14	24	35	4	0.301205
Instant	109
1	904	24	0	0
2	38	13	0	0
3	578	32	2	0.659229
4	602	13	0	0
11	39	16	0	0
12	258	42	5	0.892857
13	24	13	0	0
14	25	34	4	0
Instant	110
1	852	26	1	0
2	19	13	0	0
3	624	29	2	0.273224
4	578	13	0	0
11	36	16	0	0
12	313	42	7	1.75781
13	28	13	0	0
14	24	34	4	0.228659
Instant	111
1	839	26	1	0
2	37	13	0	0
3	572	29	2	0.674274
4	585	13	0	0
11	37	16	0	0
12	276	47	6	0
13	24	13	0	0
14	25	34	3	0.0753012
Instant	112
1	832	26	1	0
2	25	13	0	0
3	449	33	4	1.40244
4	555	13	0	0
11	35	16	0	0
12	266	44	6	0
13	21	13	0	0
14	23	36	4	0.316456
Instant	113
1	846	24	1	0
2	33	13	0	0
3	559	30	3	0.459184
4	599	13	0	0
11	37	16	0	0
12	292	40	5	0
13	24	13	0	0
14	25	34	3	0.0735294
Instant	114
1	867	25	0	0
2	22	13	0	0
3	628	30	2	0.321691
4	561	13	0	0
11	36	16	0	0
12	268	48	7	0
13	27	13	0	0
14	24	35	4	0.314465
Instant	115
1	849	26	1	0.0348189
2	8	13	0	0
3	613	32	2	0
4	606	13	0	0
11	36	16	0	0
12	261	42	5	1.18243
13	26	13	0	0
14	26	34	4	0
Instant	116
1	826	24	1	0.208044
2	44	13	0	0
3	605	30	3	0.474383
4	595	13	0	0
11	37	16	0	0
12	300	37	5	0.367647
13	27	13	0	0
14	25	35	3	0
Instant	117
1	860	25	1	0
2	33	13	0	0
3	603	30	3	0.529865
4	575	13	0	0
11	37	16	0	0
12	269	49	6	0.183824
13	26	13	0	0
14	25	36	4	0
Instant	118
1	860	25	1	0
2	18	13	0	0
3	646	30	2	0
4	602	13	0	0
11	37	16	0	0
12	268	40	4	0.506757
13	28	13	0	0
14	26	34	4	0
Instant	119
1	888	24	0	0
2	16	13	0	0
3	640	31	1	0
4	592	13	0	0
11	38	16	0	0
12	293	39	5	0
13	27	13	0	0
14	25	35	4	0.14881
