	T	D	J	LP
Instant	0
1	0	0	0	0
2	0	0	0	0
3	0	0	0	0
4	0	0	0	0
11	0	0	0	0
12	0	0	0	0
13	0	0	0	0
14	0	0	0	0
Instant	1
1	370	28	2	0
2	7	13	0	0
3	221	38	5	0.117371
4	390	13	0	0
11	14	17	0	0
12	138	48	13	0
13	9	13	0	0
14	13	36	3	0.0733138
Instant	2
1	1313	27	2	0
2	18	14	0	0
3	769	36	5	0.470333
4	2134	14	0	0
11	57	17	0	0
12	322	50	11	0.735294
13	35	13	0	0
14	93	36	1	0.158402
Instant	3
1	1470	27	2	0
2	11	13	0	0
3	798	40	5	0.786838
4	1858	14	0	0
11	66	18	0	0
12	287	54	10	1.28676
13	36	13	0	0
14	77	35	2	0.418774
Instant	4
1	1337	28	2	0.352734
2	22	13	0	0
3	768	38	5	0.456621
4	1498	13	0	0
11	59	17	0	0
12	257	51	9	3.88514
13	33	13	0	0
14	65	37	2	0.166797
Instant	5
1	1262	27	2	0
2	18	13	0	0
3	875	35	4	0.393701
4	1111	13	0	0
11	54	16	0	0
12	291	50	12	1.65441
13	39	13	0	0
14	48	38	4	0.264271
Instant	6
1	1323	27	2	0
2	30	14	0	0
3	635	39	6	1.55142
4	987	13	0	0
11	58	17	0	0
12	270	55	9	0
13	29	13	0	0
14	42	37	4	0.0446961
Instant	7
1	1117	27	1	0
2	15	13	0	0
3	571	34	5	0.95
4	924	13	0	0
11	48	18	0	0
12	267	52	9	0.675676
13	25	13	0	0
14	41	36	3	0
Instant	8
1	1054	26	1	0.217155
2	36	13	0	0
3	600	37	4	0
4	877	13	0	0
11	47	17	0	0
12	279	46	8	1.47059
13	26	13	0	0
14	37	35	3	0
Instant	9
1	1098	25	1	0
2	15	13	0	0
3	683	35	5	0.543478
4	810	13	0	0
11	48	17	0	0
12	259	50	8	0.919118
13	30	13	0	0
14	35	36	3	0.0543478
Instant	10
1	1019	27	2	0
2	30	13	0	0
3	751	36	6	0.353218
4	688	13	0	0
11	44	17	0	0
12	248	54	10	1.18243
13	32	13	0	0
14	29	37	4	0.127768
Instant	11
1	976	26	1	0
2	32	13	0	0
3	769	34	4	0.0374251
4	695	13	0	0
11	43	17	0	0
12	279	52	8	0.551471
13	34	13	0	0
14	30	35	3	0.253807
Instant	12
1	1086	27	1	0
2	19	13	0	0
3	541	40	5	1.23203
4	753	13	0	0
11	47	17	0	0
12	255	51	11	2.02206
13	25	13	0	0
14	32	36	4	0.0584112
Instant	13
1	876	27	2	0.265957
2	27	13	0	0
3	485	38	5	2.07865
4	769	13	0	0
11	38	17	0	0
12	260	49	10	1.33929
13	22	13	0	0
14	33	37	5	0
Instant	14
1	721	29	2	0.31348
2	35	13	0	0
3	642	36	5	0.225225
4	805	13	0	0
11	32	17	0	0.482315
12	293	48	9	2.20588
13	28	13	0	0
14	34	35	3	0.0546647
Instant	15
1	755	27	2	0
2	27	13	0	0
3	611	42	6	0.561798
4	867	13	0	0
11	31	17	0	0
12	284	53	9	1.65441
13	27	13	0	0
14	37	33	3	0.203528
Instant	16
1	651	30	3	0.76661
2	31	13	0	0
3	630	33	3	0.760286
4	879	13	0	0
11	30	17	0	0
12	254	52	7	1.18243
13	28	13	0	0
14	37	37	4	0.167112
Instant	17
1	748	27	3	0.535168
2	35	13	0	0
3	646	37	4	0.454545
4	774	13	0	0
11	33	17	0	0
12	277	51	8	0.919118
13	28	13	0	0
14	33	35	3	0.151515
Instant	18
1	874	26	1	0.297226
2	31	13	0	0
3	579	36	4	0.498008
4	702	13	0	0
11	38	17	0	0
12	268	47	8	0.367647
13	26	13	0	0
14	30	35	4	0.062709
Instant	19
1	942	25	1	0
2	37	13	0	0
3	606	32	4	0.190476
4	730	13	0	0
11	40	17	0	0
12	261	53	9	1.01351
13	27	13	0	0
14	31	33	3	0
Instant	20
1	790	26	1	0.223214
2	16	13	0	0
3	533	34	4	1.10759
4	706	13	0	0
11	34	18	0	0
12	273	44	7	1.83824
13	24	13	0	0
14	30	34	3	0.145591
Instant	21
1	748	26	1	0
2	23	13	0	0
3	594	35	3	0.152749
4	794	13	0	0
11	32	17	0	0
12	271	52	8	0
13	25	13	0	0
14	34	35	3	0.0554734
Instant	22
1	762	27	1	0
2	30	13	0	0
3	627	32	2	0
4	713	13	0	0
11	32	16	0	0
12	273	46	6	0
13	28	13	0	0
14	30	34	3	0.0618812
Instant	23
1	742	26	2	0.227273
2	39	13	0	0
3	566	36	4	0.41841
4	573	13	0	0
11	33	16	0	0
12	279	49	6	1.47059
13	24	13	0	0
14	24	35	4	0.460123
Instant	24
1	725	27	2	0.370066
2	5	13	0	0
3	583	36	3	0.0496032
4	613	13	0	0
11	30	17	0	0
12	251	48	8	0.551471
13	25	13	0	0
14	26	36	4	0.143403
Instant	25
1	797	25	1	0
2	17	13	0	0
3	599	34	2	0
4	635	13	0	0
11	34	16	0	0
12	262	45	8	1.4881
13	26	13	0	0
14	27	35	3	0.138889
Instant	26
1	803	27	1	0.219298
2	27	13	0	0
3	580	35	3	0
4	635	13	0	0
11	35	17	0	0
12	284	45	6	0.735294
13	25	13	0	0
14	27	34	3	0.138632
Instant	27
1	835	25	1	0
2	2	13	0	0
3	619	33	3	0.047259
4	635	13	0	0
11	35	17	0	0.49435
12	293	51	7	2.02206
13	27	13	0	0
14	27	34	4	0.138376
Instant	28
1	684	29	2	0.695581
2	16	13	0	0
3	521	36	4	1.09649
4	615	13	0	0
11	31	17	0	0
12	270	50	8	0.868056
13	23	13	0	0
14	26	36	4	0.0717017
Instant	29
1	827	25	1	0
2	15	13	0	0
3	592	34	4	0.0492126
4	638	13	0	0
11	36	16	0	0
12	279	48	10	1.83824
13	25	13	0	0
14	27	34	3	0.0690608
Instant	30
1	860	25	1	0
2	21	13	0	0
3	649	32	3	0
4	682	13	0	0
11	36	17	0	0
12	277	49	7	0.367647
13	28	13	0	0
14	29	31	3	0
Instant	31
1	904	26	1	0
2	28	13	0	0
3	620	31	1	0
4	622	13	0	0
11	39	16	0	0
12	272	45	8	0.337838
13	27	13	0	0
14	27	35	4	0.0707547
Instant	32
1	871	26	1	0
2	24	13	0	0
3	520	38	4	0.723831
4	620	13	0	0
11	37	17	0	0
12	268	46	7	2.02206
13	23	13	0	0
14	26	35	3	0.142045
Instant	33
1	831	27	1	0.243056
2	22	13	0	0
3	539	36	2	0.159915
4	621	13	0	0
11	36	17	0	0
12	279	49	8	0.551471
13	23	13	0	0
14	26	38	4	0.0708885
Instant	34
1	834	26	1	0.104603
2	21	13	0	0
3	582	31	2	0.300601
4	616	13	0	0
11	37	17	0	0
12	259	47	8	1.18243
13	25	13	0	0
14	26	37	4	0.0715649
Instant	35
1	721	25	1	0
2	10	13	0	0
3	510	35	4	1.16927
4	613	13	0	0
11	30	17	0	0.405844
12	257	44	8	2.57353
13	23	13	0	0
14	25	36	4	0.287356
Instant	36
1	685	26	2	0.511073
2	40	13	0	0
3	586	33	3	0.294695
4	622	13	0	0
11	29	17	0	0.50505
12	259	51	8	1.47059
13	25	13	0	0
14	26	35	3	0.141509
Instant	37
1	681	27	1	0
2	21	13	0	0
3	540	36	4	0.479744
4	616	13	0	0
11	29	17	0	0
12	264	47	7	0.297619
13	24	13	0	0
14	26	35	3	0.357824
Instant	38
1	702	26	1	0
2	27	13	0	0
3	531	31	2	0.694444
4	618	13	0	0
11	31	17	0	0
12	321	46	6	0.919118
13	24	13	0	0
14	26	36	4	0.142045
Instant	39
1	611	25	1	0.281955
2	31	13	0	0
3	616	33	2	0.0480769
4	625	13	0	0
11	27	19	1	0
12	256	50	7	1.65441
13	26	13	0	0
14	26	36	4	0.141243
Instant	40
1	648	26	1	0
2	13	13	0	0
3	552	33	5	1.0142
4	618	13	0	0
11	27	17	0	0
12	266	47	8	1.01351
13	25	13	0	0
14	26	35	3	0.16635
Instant	41
1	662	26	1	0
2	22	13	0	0
3	675	30	3	0
4	649	13	0	0
11	29	16	0	0
12	297	46	7	0.919118
13	28	13	0	0
14	27	32	4	0.271739
Instant	42
1	648	26	1	0
2	23	13	0	0
3	555	36	5	0.354251
4	623	13	0	0
11	27	17	0	0
12	251	57	9	2.02206
13	25	13	0	0
14	27	36	4	0.141243
Instant	43
1	620	25	1	0.0462963
2	29	13	0	0
3	592	33	4	0.392157
4	633	13	0	0
11	27	16	0	0
12	255	46	8	1.52027
13	26	13	0	0
14	27	34	3	0.139147
Instant	44
1	684	24	1	0.259965
2	3	14	0	0
3	618	33	3	0
4	651	13	0	0
11	29	16	0	0
12	290	45	8	0.367647
13	26	13	0	0
14	28	32	3	0
Instant	45
1	677	25	1	0
2	13	13	0	0
3	635	31	2	0.139405
4	630	13	0	0
11	29	16	0	0
12	266	43	7	0.919118
13	27	13	0	0
14	27	35	4	0
Instant	46
1	684	25	1	0
2	35	13	0	0
3	599	32	2	0.0473485
4	615	13	0	0
11	28	16	0	0
12	265	45	7	0.844595
13	27	13	0	0
14	26	34	3	0.14313
Instant	47
1	662	25	0	0
2	20	13	0	0
3	634	32	3	0.233209
4	606	13	0	0
11	29	16	0	0
12	290	46	8	0
13	27	13	0	0
14	26	35	4	0.0728155
Instant	48
1	593	25	1	0.290135
2	28	13	0	0
3	565	36	4	0.355691
4	602	13	0	0
11	26	17	0	0
12	268	46	7	0.183824
13	25	13	0	0
14	26	34	4	0.121832
Instant	49
1	571	28	1	0.360082
2	35	13	0	0
3	592	33	4	0.294118
4	585	13	0	0
11	24	17	0	0
12	232	50	9	2.67857
13	26	13	0	0
14	25	36	4	0.0751503
Instant	50
1	655	26	1	0
2	23	13	0	0
3	624	32	2	0.0464684
4	592	13	0	0
11	28	17	0	0
12	277	45	7	2.20588
13	27	13	0	0
14	24	34	4	0.396825
Instant	51
1	600	25	1	0
2	34	13	0	0
3	581	34	4	0.348606
4	544	13	0	0
11	26	17	0	0
12	284	53	8	2.38971
13	25	13	0	0
14	23	37	4	0.241935
Instant	52
1	665	25	1	0.267857
2	44	13	0	0
3	602	32	3	0.291829
4	565	13	0	0
11	28	16	0	0
12	262	46	8	0.694444
13	26	13	0	0
14	23	35	4	0.15625
Instant	53
1	663	24	1	0
2	32	13	0	0
3	632	31	2	0.0459559
4	610	13	0	0
11	28	17	0	0
12	269	47	8	2.02206
13	28	13	0	0
14	26	33	3	0.144509
Instant	54
1	584	27	1	0.693069
2	38	13	0	0
3	594	33	4	0.784314
4	574	13	0	0
11	26	17	0	0
12	255	52	10	2.20588
13	26	13	0	0
14	25	35	4	0
Instant	55
1	559	25	1	0.557809
2	19	13	0	0
3	564	32	3	0.350701
4	595	13	0	0
11	25	16	0	0
12	242	48	9	2.7027
13	25	13	0	0
14	25	34	4	0
Instant	56
1	605	26	1	0.568182
2	27	13	0	0
3	588	35	5	0.253036
4	581	13	0	0
11	26	17	0	0
12	296	47	9	0
13	25	13	0	0
14	24	35	3	0.151515
Instant	57
1	592	25	1	0.582524
2	26	13	0	0
3	614	32	3	0.139405
4	578	13	0	0
11	26	17	0	0
12	274	47	7	0
13	27	13	0	0
14	24	35	4	0
Instant	58
1	650	26	1	0.271248
2	24	13	0	0
3	614	32	3	0.291262
4	585	13	0	0
11	28	16	0	0
12	275	43	6	0
13	26	13	0	0
14	24	34	3	0.225904
Instant	59
1	593	26	1	0
2	22	13	0	0
3	606	33	3	0.142315
4	592	13	0	0
11	26	16	0	0
12	285	44	8	1.47059
13	26	13	0	0
14	25	34	3	0.223214
Instant	60
1	677	24	1	0.262697
2	29	13	0	0
3	620	32	1	0
4	598	13	0	0
11	29	16	0	0
12	278	40	7	0
13	27	13	0	0
14	25	33	4	0
Instant	61
1	677	25	1	0
2	16	13	0	0
3	625	32	3	0
4	581	13	0	0
11	29	16	0	0
12	267	45	7	0.892857
13	27	13	0	0
14	24	34	4	0.227273
Instant	62
1	640	26	1	0
2	20	13	0	0
3	510	34	4	0.782998
4	556	13	0	0
11	28	17	0	0
12	289	46	8	1.10294
13	22	13	0	0
14	23	37	4	0.158228
Instant	63
1	655	24	0	0.31362
2	30	13	0	0
3	615	31	2	0
4	582	13	0	0
11	28	16	0	0
12	292	49	8	1.47059
13	27	13	0	0
14	25	35	4	0.0757576
Instant	64
1	662	25	1	0
2	30	13	0	0
3	577	33	3	0.65261
4	592	13	0	0
11	28	17	0	0
12	266	44	9	2.02703
13	25	13	0	0
14	25	34	3	0.14881
Instant	65
1	663	25	1	0
2	17	13	0	0
3	606	34	2	0
4	605	13	0	0
11	28	17	0	0
12	272	47	9	0
13	26	13	0	0
14	26	34	3	0
Instant	66
1	632	27	1	0
2	9	13	0	0
3	577	33	3	0.296443
4	571	13	0	0
11	27	17	0	0
12	234	45	7	5.14706
13	26	13	0	0
14	24	36	4	0
Instant	67
1	663	24	1	0
2	25	13	0	0
3	642	30	2	0.182815
4	585	13	0	0
11	29	17	0	0
12	262	42	5	2.19595
13	27	13	0	0
14	25	35	4	0.0753012
Instant	68
1	670	26	1	0
2	36	13	0	0
3	574	35	3	0.306122
4	581	13	0	0
11	28	17	0	0
12	240	45	9	3.32031
13	25	13	0	0
14	24	35	3	0.151515
Instant	69
1	666	25	1	0
2	11	13	0	0
3	562	33	3	0.607287
4	578	13	0	0
11	28	16	0	0
12	270	42	5	1.47059
13	25	13	0	0
14	24	33	4	0.152439
Instant	70
1	678	24	1	0
2	26	13	0	0
3	588	35	4	0.197239
4	609	13	0	0
11	29	18	1	0
12	272	44	7	1.01351
13	26	13	0	0
14	26	33	4	0
Instant	71
1	681	24	1	0
2	13	13	0	0
3	640	31	2	0
4	575	13	0	0
11	29	17	0	0
12	287	47	7	0
13	27	13	0	0
14	24	35	4	0.0766871
Instant	72
1	622	25	1	0.276753
2	28	13	0	0
3	539	36	4	0.627615
4	574	13	0	0
11	27	17	0	0.279851
12	269	45	10	0.757576
13	24	13	0	0
14	24	36	4	0.153374
Instant	73
1	646	25	1	0
2	22	13	0	0
3	553	33	3	0.920245
4	564	13	0	0
11	28	17	0	0
12	239	46	7	1.98171
13	24	13	0	0
14	23	35	4	0.234375
Instant	74
1	650	25	1	0.273723
2	25	13	0	0
3	628	33	3	0.0471698
4	584	13	0	0
11	28	16	0	0
12	302	49	8	0.183824
13	27	13	0	0
14	25	34	3	0.200803
Instant	75
1	670	25	0	0
2	39	13	0	0
3	638	30	3	0.270758
4	603	13	0	0
11	29	16	0	0
12	298	48	6	0
13	28	13	0	0
14	25	34	3	0.0730994
Instant	76
1	656	25	1	0
2	40	13	0	0
3	612	30	2	0.522814
4	602	13	0	0
11	28	17	0	0
12	264	40	7	0.694444
13	27	13	0	0
14	26	34	3	0
Instant	77
1	656	25	1	0
2	35	13	0	0
3	599	34	3	0.147059
4	562	13	0	0
11	28	17	0	0
12	283	47	9	0.78125
13	25	13	0	0
14	24	35	4	0.078125
Instant	78
1	656	25	1	0
2	45	13	0	0
3	638	31	2	0
4	596	13	0	0
11	29	17	0	0
12	251	46	8	1.95312
13	28	13	0	0
14	25	34	4	0.147929
Instant	79
1	662	25	1	0
2	28	13	0	0
3	586	33	2	0.29703
4	575	13	0	0
11	29	16	0	0
12	267	42	7	1.18243
13	25	13	0	0
14	24	35	4	0.153061
Instant	80
1	663	25	1	0
2	21	13	0	0
3	559	34	3	0.671488
4	581	13	0	0
11	28	17	0	0
12	278	40	6	1.51515
13	24	13	0	0
14	24	34	4	0.151515
Instant	81
1	598	27	1	0.339147
2	28	13	0	0
3	531	36	4	0.628931
4	559	13	0	0
11	26	17	0	0
12	251	51	8	1.70455
13	24	13	0	0
14	23	37	4	0.0786164
Instant	82
1	624	25	1	0.27933
2	15	13	0	0
3	631	33	4	0.144231
4	585	13	0	0
11	27	17	0	0
12	265	48	8	0.714286
13	26	13	0	0
14	25	34	4	0.0753012
Instant	83
1	627	26	1	0
2	19	13	0	0
3	592	36	4	0.0469925
4	559	13	0	0
11	27	17	0	0
12	266	44	9	2.27273
13	27	13	0	0
14	24	36	4	0.0786164
Instant	84
1	619	27	1	0.331439
2	27	13	0	0
3	644	35	3	0.67446
4	585	13	0	0
11	26	17	0	0
12	263	46	8	0.568182
13	28	13	0	0
14	24	33	3	0.225904
Instant	85
1	649	26	1	0
2	43	13	0	0
3	799	32	3	0.0372024
4	565	13	0	0
11	28	17	0	0
12	259	48	9	1.60256
13	34	13	0	0
14	24	35	4	0.155925
Instant	86
1	627	27	1	0
2	38	13	0	0
3	631	37	4	0.716846
4	597	13	0	0
11	27	18	1	0
12	287	46	10	1.83824
13	29	13	0	0
14	25	34	3	0
Instant	87
1	670	25	1	0
2	26	13	0	0
3	651	35	4	0.0448833
4	575	13	0	0
11	28	16	0	0
12	281	52	7	0.919118
13	28	13	0	0
14	24	35	3	0.153374
Instant	88
1	639	26	1	0
2	35	13	0	0
3	658	36	4	0.220459
4	570	13	0	0
11	28	17	0	0
12	264	48	7	1.85811
13	29	13	0	0
14	24	36	4	0.0771605
Instant	89
1	655	25	1	0
2	34	13	0	0
3	563	36	3	1.01833
4	588	13	0	0
11	28	17	0	0
12	284	48	8	0
13	25	13	0	0
14	24	34	3	0.224104
Instant	90
1	594	25	1	0.473485
2	34	13	0	0
3	607	33	4	0.144231
4	606	13	0	0
11	26	17	0	0
12	267	46	8	0.585938
13	26	13	0	0
14	26	35	4	0
Instant	91
1	653	26	1	0
2	19	13	0	0
3	615	33	3	0
4	589	13	0	0
11	28	17	0	0
12	255	48	9	1.68919
13	26	13	0	0
14	25	36	4	0
Instant	92
1	634	28	1	0
2	15	13	0	0
3	569	31	2	0.301811
4	573	13	0	0
11	26	17	0	0
12	276	45	9	1.70455
13	25	13	0	0
14	24	36	3	0
Instant	93
1	670	24	0	0
2	37	13	0	0
3	574	31	4	1.13861
4	557	13	0	0
11	30	16	0	0
12	268	47	6	0
13	25	13	0	0
14	23	38	5	0.0791139
Instant	94
1	684	24	1	0
2	10	13	0	0
3	703	31	2	0
4	592	13	0	0
11	29	16	0	0
12	264	47	6	0
13	31	13	0	0
14	25	34	3	0.0744048
Instant	95
1	674	25	1	0
2	36	13	0	0
3	653	33	2	0
4	588	13	0	0
11	29	16	0	0
12	286	45	6	0
13	28	13	0	0
14	25	34	4	0.0748503
Instant	96
1	641	26	0	0
2	20	13	0	0
3	482	37	5	1.51515
4	580	13	0	0
11	28	17	0	0
12	253	44	8	1.28676
13	22	13	0	0
14	24	35	3	0.0757576
Instant	97
1	613	27	1	0
2	8	13	0	0
3	507	34	5	0.556793
4	561	13	0	0
11	27	17	0	0
12	220	47	8	3.5061
13	22	13	0	0
14	23	37	4	0.157233
Instant	98
1	663	26	1	0
2	24	13	0	0
3	475	36	4	1.41844
4	588	13	0	0
11	28	16	0	0
12	309	44	6	3.125
13	21	13	0	0
14	25	35	4	0
Instant	99
1	662	26	1	0
2	30	13	0	0
3	600	35	3	0
4	592	13	0	0
11	29	16	0	0
12	271	48	5	0
13	26	13	0	0
14	25	34	3	0
Instant	100
1	698	24	0	0
2	8	13	0	0
3	627	33	2	0
4	574	13	0	0
11	30	16	0	0
12	270	46	9	0
13	26	13	0	0
14	24	36	4	0
Instant	101
1	634	27	1	0
2	21	13	0	0
3	606	33	2	0
4	595	13	0	0
11	28	17	0	0
12	284	47	11	1.65441
13	26	13	0	0
14	25	34	3	0.0739645
Instant	102
1	684	24	1	0
2	19	13	0	0
3	651	30	2	0
4	586	13	0	0
11	29	16	0	0
12	271	48	7	0
13	28	13	0	0
14	25	35	4	0
Instant	103
1	655	26	1	0
2	31	13	0	0
3	588	34	3	0.291829
4	583	13	0	0
11	28	17	0	0
12	257	42	6	1.52027
13	26	13	0	0
14	25	34	4	0.0754527
Instant	104
1	647	26	1	0
2	28	13	0	0
3	620	32	2	0.14313
4	578	13	0	0
11	27	16	0	0
12	294	39	7	0.183824
13	27	13	0	0
14	25	34	4	0.152439
Instant	105
1	659	25	1	0
2	39	13	0	0
3	579	34	3	0.310559
4	581	13	0	0
11	29	17	0	0
12	255	44	7	1.28676
13	24	13	0	0
14	24	34	4	0.0757576
Instant	106
1	653	26	1	0
2	26	13	0	0
3	474	33	5	1.48026
4	587	13	0	0
11	28	17	0	0
12	274	43	9	0
13	23	13	0	0
14	25	34	3	0.149701
Instant	107
1	648	25	1	0
2	25	13	0	0
3	603	31	2	0.192678
4	554	13	0	0
11	28	17	0	0
12	248	42	8	3.125
13	26	13	0	0
14	23	36	4	0.238347
Instant	108
1	601	28	1	0.349301
2	34	13	0	0
3	508	35	4	1.50334
4	535	13	0	0
11	25	16	0	0
12	267	46	7	1.10294
13	22	13	0	0
14	22	37	4	0.32967
Instant	109
1	618	27	1	0
2	20	13	0	0
3	501	33	3	0.848416
4	554	13	0	0
11	27	17	0	0
12	247	47	8	1.78571
13	22	13	0	0
14	23	38	4	0.0794492
Instant	110
1	681	25	0	0
2	20	13	0	0
3	622	31	3	0.276243
4	564	13	0	0
11	28	16	0	0
12	322	42	6	0.585938
13	27	13	0	0
14	24	36	4	0.15625
Instant	111
1	660	25	1	0.088968
2	25	13	0	0
3	635	32	2	0.188679
4	592	13	0	0
11	28	16	0	0
12	274	47	8	0
13	27	13	0	0
14	25	34	3	0.0744048
Instant	112
1	656	25	1	0
2	38	13	0	0
3	606	31	2	0.559702
4	582	13	0	0
11	29	17	0	0
12	251	45	8	0
13	27	13	0	0
14	24	34	4	0.30303
Instant	113
1	648	26	1	0
2	16	13	0	0
3	606	34	4	0.0980392
4	602	13	0	0
11	28	16	0	0
12	277	50	8	1.83824
13	26	13	0	0
14	26	33	3	0
Instant	114
1	670	25	1	0
2	33	13	0	0
3	632	32	2	0
4	578	13	0	0
11	29	17	0	0
12	260	46	8	2.38971
13	27	13	0	0
14	24	34	4	0.152439
Instant	115
1	627	27	1	0
2	34	13	0	0
3	611	33	3	0
4	601	13	0	0
11	27	17	0	0
12	270	55	8	0
13	26	13	0	0
14	25	33	4	0.146199
Instant	116
1	634	26	1	0
2	27	13	0	0
3	601	35	4	0
4	596	13	0	0
11	27	18	0	0
12	285	47	8	1.83824
13	26	13	0	0
14	25	34	4	0
Instant	117
1	663	25	1	0
2	49	13	0	0
3	620	32	2	0
4	577	13	0	0
11	28	17	0	0
12	246	48	7	2.20588
13	27	13	0	0
14	25	35	4	0.0762195
Instant	118
1	613	29	2	0
2	40	13	0	0
3	545	35	3	0.672878
4	574	13	0	0
11	26	17	0	0
12	242	46	9	2.87162
13	24	13	0	0
14	24	36	4	0
Instant	119
1	648	25	1	0
2	43	13	0	0
3	578	34	4	0.507099
4	589	13	0	0
11	28	17	0	0
12	276	45	8	1.47059
13	25	13	0	0
14	25	34	4	0.0748503
