	T	D	J	LP
Instant	0
1	0	0	0	0
2	0	0	0	0
3	0	0	0	0
4	0	0	0	0
11	0	0	0	0
12	0	0	0	0
13	0	0	0	0
14	0	0	0	0
Instant	1
1	409	25	1	0
2	3	13	0	0
3	287	36	4	0
4	333	13	0	0
11	16	18	0	0
12	138	41	7	0
13	12	13	0	0
14	13	43	7	0.0428082
Instant	2
1	1282	25	2	0.689061
2	21	14	0	0
3	876	47	6	1.91103
4	1690	13	0	0
11	58	17	0	0.569177
12	331	48	6	1.10294
13	42	13	0	0
14	69	40	2	0.599375
Instant	3
1	1452	27	1	0.724638
2	27	13	0	0
3	943	38	5	0.789793
4	1675	14	0	0
11	64	17	0	0
12	298	48	6	0
13	42	13	0	0
14	71	42	2	0.385965
Instant	4
1	1430	27	1	0.0209556
2	31	15	1	0
3	878	38	6	0
4	1322	13	0	0
11	61	17	0	0
12	286	50	7	0
13	38	13	0	0
14	55	40	3	0.411111
Instant	5
1	1228	27	2	0
2	21	13	0	0
3	821	36	5	0.927198
4	1041	13	0	0
11	54	17	0	0
12	298	45	6	0.919118
13	37	13	0	0
14	46	42	4	0.112994
Instant	6
1	1179	26	1	0
2	34	13	0	0
3	889	35	4	0.131406
4	962	13	0	0
11	51	16	0	0
12	263	49	6	1.28676
13	39	13	0	0
14	41	38	3	0.0914634
Instant	7
1	1461	24	1	0
2	15	13	0	0
3	792	35	3	0
4	925	13	0	0
11	64	16	0	0
12	271	46	5	0.168919
13	33	13	0	0
14	39	39	4	0.143312
Instant	8
1	1360	24	1	0
2	26	13	0	0
3	698	36	5	0.163666
4	809	13	0	0
11	59	18	0	0
12	288	43	6	0
13	31	13	0	0
14	35	38	4	0.16328
Instant	9
1	1057	25	1	0.331492
2	25	13	0	0
3	719	35	4	0
4	740	13	0	0
11	47	17	0	0
12	259	45	5	0.919118
13	30	13	0	0
14	30	37	4	0.278219
Instant	10
1	1036	25	1	0
2	33	13	0	0
3	727	35	4	0
4	692	13	0	0
11	46	17	0	0
12	264	46	7	0
13	32	13	0	0
14	30	38	5	0.148305
Instant	11
1	1009	25	1	0.288351
2	17	13	0	0
3	642	36	4	0.138376
4	662	13	0	0
11	45	17	0	0
12	277	40	5	0.735294
13	27	13	0	0
14	28	37	4	0.310284
Instant	12
1	801	25	1	0.293255
2	28	13	0	0
3	688	32	3	0.0416667
4	676	13	0	0
11	35	17	0	0
12	268	43	5	0
13	30	13	0	0
14	28	36	4	0.195652
Instant	13
1	684	26	1	0.0437828
2	42	13	0	0
3	614	35	4	0.736648
4	705	13	0	0
11	28	17	0	0.515464
12	257	42	6	1.4881
13	27	13	0	0
14	30	37	4	0.31198
Instant	14
1	652	25	1	0.529101
2	13	13	0	0
3	693	34	4	0.291667
4	657	13	0	0
11	29	17	0	0
12	320	45	6	0
13	30	13	0	0
14	28	39	5	0.0670841
Instant	15
1	664	25	1	0.309187
2	18	13	0	0
3	679	37	4	0
4	702	13	0	0
11	29	16	0	0
12	281	46	6	0.919118
13	28	13	0	0
14	29	37	5	0.250836
Instant	16
1	635	25	1	0.314183
2	18	13	0	0
3	677	32	2	0.0859107
4	643	13	0	0
11	28	17	0	0.454545
12	266	42	5	0
13	29	13	0	0
14	27	37	4	0.137112
Instant	17
1	632	25	1	0
2	40	13	0	0
3	572	35	3	0.0506073
4	632	13	0	0
11	27	17	1	0.369004
12	281	43	7	0
13	25	13	0	0
14	25	37	4	0.371058
Instant	18
1	677	24	1	0.265487
2	12	13	0	0
3	577	34	4	0.604839
4	652	13	0	0
11	28	17	0	0
12	275	44	6	0
13	25	13	0	0
14	27	40	5	0.269784
Instant	19
1	684	24	0	0
2	11	13	0	0
3	637	31	2	0.137363
4	785	13	0	0
11	30	16	0	0
12	270	34	4	0
13	27	13	0	0
14	33	36	4	0.0562219
Instant	20
1	615	24	1	0.566038
2	11	13	0	0
3	629	32	3	0.535714
4	654	13	0	0
11	27	18	1	0
12	268	42	6	1.65441
13	28	13	0	0
14	28	38	5	0.201613
Instant	21
1	598	24	1	0.571429
2	4	13	0	0
3	592	32	3	0.92955
4	674	13	0	0
11	26	17	0	0
12	263	42	5	1.47059
13	26	13	0	0
14	28	37	4	0.26087
Instant	22
1	632	27	1	0.0943396
2	27	13	0	0
3	638	30	2	0.268817
4	820	13	0	0
11	26	17	0	0
12	264	43	5	0.844595
13	28	13	0	0
14	35	35	4	0.0538793
Instant	23
1	613	26	1	0
2	12	13	0	0
3	669	34	3	0
4	696	13	0	0
11	27	18	1	0
12	287	45	6	0
13	29	13	0	0
14	29	38	4	0.252525
Instant	24
1	653	26	1	0
2	15	13	0	0
3	629	35	4	0.855856
4	635	13	0	0
11	28	17	1	0
12	253	39	4	1.65441
13	28	13	0	0
14	27	38	5	0.208333
Instant	25
1	684	24	0	0
2	27	13	0	0
3	754	32	3	0.116279
4	670	13	0	0
11	29	17	0	0
12	259	42	5	1.04167
13	33	13	0	0
14	29	38	5	0.131349
Instant	26
1	607	24	0	0.283554
2	40	13	0	0
3	638	34	4	0.543478
4	690	13	0	0
11	27	16	0	0
12	324	43	5	0
13	28	13	0	0
14	28	39	4	0.127551
Instant	27
1	561	26	1	0.610998
2	22	13	0	0
3	599	38	5	0
4	720	13	0	0
11	24	18	1	0.308642
12	272	42	4	0.735294
13	26	13	0	0
14	31	37	4	0.183524
Instant	28
1	649	25	0	0
2	22	14	0	0
3	602	35	4	0.817308
4	680	13	0	0
11	28	17	0	0
12	257	40	5	1.73611
13	26	13	0	0
14	28	38	4	0.324394
Instant	29
1	611	26	1	0.295276
2	30	13	0	0
3	609	34	3	0.0963391
4	643	13	0	0
11	25	17	0	0
12	284	35	4	2.02206
13	26	13	0	0
14	27	37	4	0.136861
Instant	30
1	662	25	1	0
2	29	13	0	0
3	591	34	3	0.0484496
4	664	13	0	0
11	29	16	0	0
12	265	39	4	0.735294
13	26	13	0	0
14	28	37	5	0.0663717
Instant	31
1	655	26	1	0
2	26	13	0	0
3	587	32	3	0.299401
4	631	13	0	0
11	28	16	0	0
12	268	41	5	0.506757
13	25	13	0	0
14	26	37	4	0.139665
Instant	32
1	634	25	0	0.280374
2	17	13	0	0
3	634	32	3	0.0457875
4	661	13	0	0
11	27	17	0	0
12	287	42	7	0.919118
13	28	13	0	0
14	28	37	4	0.132979
Instant	33
1	558	27	2	0.305499
2	17	13	0	0
3	544	36	3	0.806452
4	636	13	0	0
11	25	17	0	0
12	267	43	6	0.919118
13	23	13	0	0
14	27	39	4	0.138376
Instant	34
1	655	24	0	0.26643
2	40	13	0	0
3	605	32	2	0.236295
4	690	13	0	0
11	28	18	1	0
12	268	37	5	0.168919
13	27	13	0	0
14	30	36	4	0.0639932
Instant	35
1	607	26	1	0.28626
2	41	13	0	0
3	621	33	3	0
4	693	13	0	0
11	26	17	0	0
12	286	41	5	0
13	26	13	0	0
14	29	36	4	0.190678
Instant	36
1	629	26	1	0
2	42	13	0	0
3	590	34	3	0.149402
4	614	13	0	0
11	26	18	0	0
12	252	44	5	2.02206
13	25	13	0	0
14	26	40	4	0.214695
Instant	37
1	677	24	0	0
2	12	13	0	0
3	565	32	3	0.742574
4	618	13	0	0
11	29	17	0	0
12	268	42	5	0
13	25	13	0	0
14	26	39	4	0.190476
Instant	38
1	662	24	0	0
2	51	13	0	0
3	589	31	2	0.345168
4	584	13	0	0
11	28	17	0	0
12	325	39	4	0
13	25	13	0	0
14	25	38	5	0.100604
Instant	39
1	662	24	0	0
2	20	13	0	0
3	613	32	3	0
4	592	13	0	0
11	29	17	0	0
12	283	43	6	0
13	26	13	0	0
14	25	37	4	0.0744048
Instant	40
1	662	25	1	0
2	27	13	0	0
3	619	33	3	0.0475285
4	581	13	0	0
11	29	17	0	0
12	272	39	4	0.675676
13	27	13	0	0
14	24	36	5	0.227273
Instant	41
1	640	25	0	0
2	29	13	0	0
3	582	34	3	0.0493097
4	570	13	0	0
11	27	17	0	0
12	297	45	7	0
13	26	13	0	0
14	24	37	5	0.231481
Instant	42
1	561	27	2	0.817996
2	18	13	0	0
3	521	34	5	1.46739
4	575	13	0	0
11	24	18	0	0
12	259	41	5	0
13	23	13	0	0
14	25	37	4	0.0766871
Instant	43
1	648	25	1	0
2	27	13	0	0
3	616	32	2	0
4	647	13	0	0
11	28	18	0	0
12	268	44	7	1.01351
13	27	13	0	0
14	27	36	4	0.0680581
Instant	44
1	642	26	1	0.134892
2	12	13	0	0
3	584	33	2	0.299401
4	646	13	0	0
11	28	16	0	0
12	293	45	7	0
13	25	13	0	0
14	27	36	3	0.227273
Instant	45
1	641	26	1	0
2	21	13	0	0
3	572	35	4	0.365344
4	578	13	0	0
11	28	18	1	0
12	272	39	5	0.367647
13	24	13	0	0
14	24	39	5	0.25355
Instant	46
1	579	25	1	0.657895
2	32	13	0	0
3	621	32	2	0
4	580	13	0	0
11	25	17	0	0
12	274	44	4	0
13	27	13	0	0
14	25	36	4	0.151822
Instant	47
1	627	26	1	0
2	25	13	0	0
3	588	34	4	0
4	575	13	0	0
11	28	18	0	0
12	282	44	7	0.551471
13	26	13	0	0
14	24	38	4	0.153374
Instant	48
1	571	26	1	0.35497
2	14	13	0	0
3	480	35	4	1.29717
4	567	13	0	0
11	25	17	0	0
12	262	38	3	0.551471
13	21	13	0	0
14	24	39	4	0.15528
Instant	49
1	613	26	1	0
2	36	13	0	0
3	536	36	4	0.636943
4	594	13	0	0
11	26	18	1	0
12	241	48	8	2.23214
13	23	13	0	0
14	25	36	4	0.148515
Instant	50
1	605	26	1	0.608614
2	38	13	0	0
3	585	36	5	0
4	561	13	0	0
11	27	17	1	0
12	261	40	6	3.67647
13	25	13	0	0
14	24	38	4	0.0784519
Instant	51
1	611	27	1	0.19305
2	37	13	0	0
3	598	34	3	0.14881
4	580	13	0	0
11	26	18	1	0
12	289	45	6	2.02206
13	25	13	0	0
14	25	38	4	0.151515
Instant	52
1	643	26	1	0
2	33	13	0	0
3	553	32	3	0.569358
4	578	13	0	0
11	27	17	0	0
12	268	42	6	0
13	24	13	0	0
14	24	37	4	0.152439
Instant	53
1	627	25	1	0.543478
2	32	13	0	0
3	557	34	3	0.521921
4	563	13	0	0
11	28	16	0	0
12	282	42	7	0.735294
13	24	13	0	0
14	24	39	5	0.0782881
Instant	54
1	662	25	1	0
2	38	13	0	0
3	616	32	3	0
4	533	13	0	0
11	28	17	0	0
12	269	42	6	1.10294
13	27	13	0	0
14	23	39	5	0.192731
Instant	55
1	684	24	1	0
2	23	13	0	0
3	605	32	2	0.287908
4	557	13	0	0
11	29	17	0	0
12	265	38	4	0.675676
13	26	13	0	0
14	23	35	4	0.316456
Instant	56
1	683	23	0	0
2	25	13	0	0
3	649	31	2	0
4	564	13	0	0
11	30	17	0	0
12	287	41	7	1.28676
13	27	13	0	0
14	24	37	4	0.078125
Instant	57
1	655	24	0	0
2	40	13	0	0
3	558	35	4	0.30426
4	517	13	0	0
11	28	17	0	0
12	251	41	7	2.02206
13	25	13	0	0
14	20	39	5	0.42517
Instant	58
1	622	26	2	0
2	40	13	0	0
3	614	33	2	0
4	535	13	0	0
11	26	17	0	0
12	245	42	5	2.36486
13	26	13	0	0
14	22	37	4	0.246711
Instant	59
1	650	24	0	0.259965
2	9	13	0	0
3	575	31	2	0.352113
4	541	13	0	0
11	29	17	0	0
12	296	39	5	0
13	25	13	0	0
14	23	38	5	0.271739
Instant	60
1	684	24	0	0
2	14	13	0	0
3	627	31	3	0.277778
4	546	13	0	0
11	28	17	0	0
12	279	44	7	0
13	27	13	0	0
14	23	37	4	0.16129
Instant	61
1	677	24	0	0
2	16	13	0	0
3	587	34	3	0.200803
4	549	13	0	0
11	29	17	0	0
12	276	40	5	0
13	25	13	0	0
14	23	37	5	0.240385
Instant	62
1	652	24	1	0.269784
2	32	13	0	0
3	601	33	4	0.289575
4	554	13	0	0
11	28	17	0	0
12	337	42	5	0
13	26	13	0	0
14	23	37	4	0.159236
Instant	63
1	668	24	1	0
2	42	13	0	0
3	644	31	2	0
4	571	13	0	0
11	29	17	0	0
12	280	44	4	0
13	27	13	0	0
14	24	34	4	0.308642
Instant	64
1	620	25	1	0.140977
2	42	13	0	0
3	612	33	3	0
4	529	13	0	0
11	27	17	0	0
12	244	37	5	1.35135
13	26	13	0	0
14	22	40	5	0.166297
Instant	65
1	648	25	1	0.136861
2	25	13	0	0
3	609	34	3	0
4	580	13	0	0
11	28	17	0	0
12	296	44	6	1.47059
13	26	13	0	0
14	24	36	4	0.303644
Instant	66
1	669	24	1	0
2	19	13	0	0
3	588	33	3	0.247525
4	660	13	0	0
11	29	17	0	0
12	277	47	7	0.551471
13	25	13	0	0
14	28	35	3	0.13369
Instant	67
1	660	25	1	0
2	32	13	0	0
3	646	31	3	0.275229
4	574	13	0	0
11	29	16	0	0
12	255	39	4	1.01351
13	27	13	0	0
14	24	38	4	0.306748
Instant	68
1	670	25	0	0
2	30	13	0	0
3	627	30	2	0.268817
4	633	13	0	0
11	28	17	0	0
12	283	36	6	0.78125
13	28	13	0	0
14	27	38	4	0.231911
Instant	69
1	676	24	0	0
2	13	13	0	0
3	617	33	2	0
4	619	13	0	0
11	29	17	0	0
12	274	40	3	0.367647
13	27	13	0	0
14	26	38	5	0.142315
Instant	70
1	691	24	1	0
2	46	13	0	0
3	629	32	2	0
4	584	13	0	0
11	29	16	0	0
12	277	45	6	0
13	27	13	0	0
14	24	37	4	0.350701
Instant	71
1	677	23	0	0
2	28	13	0	0
3	546	35	4	0.155602
4	567	13	0	0
11	29	17	0	0
12	290	40	6	0.367647
13	24	13	0	0
14	24	39	4	0.155602
Instant	72
1	639	25	1	0.274725
2	42	13	0	0
3	544	34	3	0.787815
4	553	13	0	0
11	27	17	0	0
12	242	34	4	2.27273
13	24	13	0	0
14	22	39	5	0.318471
Instant	73
1	686	24	0	0
2	45	13	0	0
3	606	33	3	0.290698
4	558	13	0	0
11	29	17	0	0
12	262	39	6	0.457317
13	26	13	0	0
14	23	38	5	0.184211
Instant	74
1	689	24	0	0
2	38	13	0	0
3	602	32	3	0.0482625
4	539	13	0	0
11	30	16	0	0
12	309	42	5	0
13	26	13	0	0
14	22	36	4	0.245098
Instant	75
1	626	27	1	0
2	32	13	0	0
3	598	34	4	0.292969
4	550	13	0	0
11	27	18	1	0
12	282	43	5	0.568182
13	26	13	0	0
14	23	38	4	0.239872
Instant	76
1	648	25	0	0
2	33	13	0	0
3	560	32	3	0.668724
4	563	13	0	0
11	28	17	0	0
12	273	39	6	0.694444
13	24	13	0	0
14	24	39	4	0.0782881
Instant	77
1	627	24	1	0.283554
2	20	13	0	0
3	553	34	4	0.156904
4	559	13	0	0
11	27	18	0	0
12	277	42	6	0
13	24	13	0	0
14	23	36	4	0.183824
Instant	78
1	601	28	1	0.191571
2	19	13	0	0
3	609	34	3	0
4	578	13	0	0
11	26	16	0	0
12	253	39	5	2.53906
13	26	13	0	0
14	24	33	3	0.30426
Instant	79
1	650	25	1	0.0912409
2	25	13	0	0
3	615	33	3	0
4	547	13	0	0
11	27	17	0	0
12	267	42	6	1.68919
13	26	13	0	0
14	23	37	4	0.322581
Instant	80
1	626	25	1	0.324074
2	33	13	0	0
3	577	34	3	0.460123
4	546	13	0	0
11	27	17	0	0
12	287	39	4	0.757576
13	25	13	0	0
14	23	36	5	0.16129
Instant	81
1	662	24	1	0
2	21	13	0	0
3	538	35	4	0.373134
4	549	13	0	0
11	29	17	0	0
12	267	35	4	0
13	23	13	0	0
14	22	38	4	0.240385
Instant	82
1	648	26	1	0
2	34	13	0	0
3	611	31	2	0.331439
4	559	13	0	0
11	28	17	0	0
12	271	42	6	0
13	27	13	0	0
14	24	36	4	0.235849
Instant	83
1	634	27	1	0
2	26	13	0	0
3	590	34	4	0.197628
4	532	13	0	0
11	27	17	0	0
12	273	45	7	0.757576
13	25	13	0	0
14	23	38	4	0.165563
Instant	84
1	670	25	0	0
2	29	13	0	0
3	591	32	3	0.295858
4	557	13	0	0
11	29	17	0	0
12	263	39	5	1.70455
13	26	13	0	0
14	23	38	5	0.0791139
Instant	85
1	644	24	0	0.311943
2	12	13	0	0
3	610	32	3	0.429389
4	514	13	0	0
11	28	17	0	0
12	279	42	7	0
13	26	13	0	0
14	21	39	5	0.342466
Instant	86
1	665	24	1	0.259516
2	25	13	0	0
3	598	33	2	0.0478927
4	564	13	0	0
11	29	16	0	0
12	335	35	4	0
13	26	13	0	0
14	24	36	5	0.234375
Instant	87
1	664	25	1	0
2	33	13	0	0
3	574	35	3	0.50813
4	540	13	0	0
11	28	17	0	0
12	274	43	5	0
13	25	13	0	0
14	22	37	4	0.244565
Instant	88
1	648	26	1	0
2	19	13	0	0
3	623	31	4	0.324074
4	567	13	0	0
11	28	17	0	0
12	250	38	4	2.02703
13	27	13	0	0
14	24	35	4	0.15528
Instant	89
1	634	26	1	0
2	25	13	0	0
3	572	35	3	0.363071
4	528	13	0	0
11	28	18	0	0
12	290	44	5	0
13	24	13	0	0
14	22	39	5	0.249446
Instant	90
1	674	25	1	0
2	14	13	0	0
3	606	33	4	0.237643
4	550	13	0	0
11	28	17	0	0
12	252	37	6	1.5625
13	27	13	0	0
14	23	38	5	0
Instant	91
1	670	24	1	0
2	22	13	0	0
3	588	32	3	0.289017
4	543	13	0	0
11	29	17	0	0
12	269	38	4	0
13	26	13	0	0
14	22	36	5	0.405844
Instant	92
1	719	23	0	0
2	38	13	0	0
3	660	30	1	0
4	570	13	0	0
11	31	16	0	0
12	291	35	4	0.189394
13	28	13	0	0
14	24	36	5	0.0771605
Instant	93
1	691	24	0	0
2	17	13	0	0
3	555	33	3	0.363071
4	535	13	0	0
11	29	17	0	0
12	262	43	4	0.568182
13	24	13	0	0
14	23	38	5	0.0822368
Instant	94
1	646	26	1	0
2	25	13	0	0
3	578	34	4	0.357143
4	504	13	0	0
11	28	17	0	0
12	264	40	5	0
13	25	13	0	0
14	21	42	6	0.34965
Instant	95
1	662	24	0	0
2	36	13	0	0
3	618	32	2	0
4	564	13	0	0
11	29	16	0	0
12	286	36	4	0
13	27	13	0	0
14	24	36	4	0
Instant	96
1	648	26	1	0.271739
2	33	13	0	0
3	622	32	4	0.37037
4	571	13	0	0
11	28	16	0	0
12	256	43	5	1.28676
13	27	13	0	0
14	24	35	4	0.231481
Instant	97
1	612	26	1	0.335249
2	19	13	0	0
3	541	36	5	0.694444
4	514	13	0	0
11	26	18	1	0
12	246	42	7	1.67683
13	24	13	0	0
14	21	39	5	0.427107
Instant	98
1	670	24	1	0
2	19	13	0	0
3	607	33	2	0
4	561	13	0	0
11	29	17	0	0
12	325	45	6	0
13	26	13	0	0
14	23	36	4	0.157233
Instant	99
1	656	25	0	0
2	27	13	0	0
3	565	35	5	0.41841
4	560	13	0	0
11	29	17	0	0
12	283	43	6	0
13	24	13	0	0
14	23	36	4	0.235849
Instant	100
1	660	25	1	0.275229
2	16	13	0	0
3	609	31	3	0.325279
4	537	13	0	0
11	28	17	0	0
12	255	45	6	1.35135
13	27	13	0	0
14	22	37	4	0.437637
Instant	101
1	665	24	0	0
2	28	13	0	0
3	629	32	2	0
4	563	13	0	0
11	29	17	0	0
12	289	38	6	0
13	27	13	0	0
14	23	36	4	0.234375
Instant	102
1	669	25	0	0
2	44	13	0	0
3	626	33	3	0.0473485
4	528	13	0	0
11	29	16	0	0
12	257	40	6	2.38971
13	27	13	0	0
14	22	38	5	0.5
Instant	103
1	649	25	1	0.134892
2	20	13	0	0
3	618	32	2	0
4	561	13	0	0
11	28	17	0	0
12	264	44	6	0.844595
13	27	13	0	0
14	23	36	4	0.235849
Instant	104
1	670	24	0	0
2	30	13	0	0
3	602	34	3	0
4	559	13	0	0
11	29	17	0	0
12	279	43	5	0.735294
13	26	13	0	0
14	23	36	4	0.235849
Instant	105
1	670	24	0	0
2	31	13	0	0
3	585	35	3	0.15121
4	511	13	0	0
11	28	17	0	0
12	275	43	5	0.183824
13	25	13	0	0
14	21	40	5	0.344828
Instant	106
1	605	25	1	0
2	23	13	0	0
3	588	35	4	0.0482625
4	510	13	0	0
11	26	18	0	0
12	256	42	6	1.68919
13	26	13	0	0
14	22	41	5	0.258621
Instant	107
1	622	25	1	0.549451
2	31	13	0	0
3	599	34	3	0
4	553	13	0	0
11	27	17	0	0
12	292	37	4	0
13	26	13	0	0
14	23	37	5	0.238853
Instant	108
1	677	25	1	0
2	32	13	0	0
3	569	34	4	0.655242
4	557	13	0	0
11	28	17	0	0
12	250	42	6	1.83824
13	25	13	0	0
14	24	37	5	0.0791139
Instant	109
1	655	25	0	0
2	19	13	0	0
3	583	35	3	0
4	567	13	0	0
11	29	17	0	0
12	269	42	7	0
13	25	13	0	0
14	24	36	4	0.15528
Instant	110
1	698	23	0	0
2	23	13	0	0
3	615	31	3	0.234082
4	557	13	0	0
11	30	16	0	0
12	321	35	5	1.95312
13	27	13	0	0
14	23	37	4	0.0791139
Instant	111
1	629	24	0	0.318761
2	22	13	0	0
3	595	33	2	0.398406
4	517	13	0	0
11	28	18	1	0
12	257	43	5	0.551471
13	25	13	0	0
14	22	40	5	0.170068
Instant	112
1	661	25	1	0
2	26	14	0	0
3	569	33	3	0.494071
4	518	13	0	0
11	28	17	0	0
12	266	47	5	0
13	25	13	0	0
14	21	39	4	0.255102
Instant	113
1	629	25	1	0.275735
2	15	13	0	0
3	632	32	3	0.0466418
4	570	13	0	0
11	27	17	0	0
12	286	44	7	0.551471
13	27	13	0	0
14	23	36	4	0.385802
Instant	114
1	672	24	1	0
2	8	13	0	0
3	598	34	4	0.147059
4	552	13	0	0
11	29	17	0	0
12	251	40	6	1.10294
13	25	13	0	0
14	23	38	5	0.266525
Instant	115
1	640	26	1	0.0452899
2	16	13	0	0
3	606	32	2	0.28626
4	564	13	0	0
11	28	17	0	0
12	270	40	5	0.675676
13	26	13	0	0
14	24	37	5	0.15625
Instant	116
1	681	24	1	0
2	27	13	0	0
3	634	31	2	0.0925926
4	567	13	0	0
11	30	16	0	0
12	303	43	6	0
13	27	13	0	0
14	24	37	5	0
Instant	117
1	634	27	1	0.277778
2	30	13	0	0
3	610	34	3	0
4	549	13	0	0
11	27	16	0	0
12	259	40	5	1.28676
13	26	13	0	0
14	23	36	4	0.320513
Instant	118
1	641	26	1	0
2	41	13	0	0
3	607	32	3	0
4	531	13	0	0
11	27	17	0	0
12	274	38	5	0
13	27	13	0	0
14	22	37	4	0.248344
Instant	119
1	662	24	0	0
2	20	13	0	0
3	614	34	4	0.390625
4	528	13	0	0
11	29	18	0	0
12	258	40	7	3.30882
13	26	13	0	0
14	22	38	5	0.333333
