	T	D	J	LP
Instant	0
1	0	0	0	0
2	0	0	0	0
3	0	0	0	0
4	0	0	0	0
11	0	0	0	0
12	0	0	0	0
13	0	0	0	0
14	0	0	0	0
Instant	1
1	251	27	2	0
2	3	16	0	0
3	200	43	6	0.221239
4	321	18	0	0
11	10	20	1	0
12	138	42	5	0
13	8	15	0	0
14	10	38	4	0.0883392
Instant	2
1	1232	28	3	0.730594
2	21	17	0	0
3	894	42	6	0.580645
4	1738	17	0	0
11	56	18	0	0
12	324	48	6	0
13	40	15	0	0
14	75	40	2	0.25355
Instant	3
1	1043	29	3	0.449944
2	27	18	0	0
3	887	43	6	1.05499
4	1504	17	0	0
11	46	19	0	0.281532
12	308	53	7	0.183824
13	40	15	0	0
14	65	36	3	0.488281
Instant	4
1	957	28	2	0.307503
2	31	17	0	0
3	780	41	7	0.772059
4	1250	16	0	0
11	41	19	1	0
12	286	45	6	0.675676
13	35	15	0	0
14	53	38	3	0.164628
Instant	5
1	981	28	2	0
2	21	17	0	0
3	690	38	5	0.751252
4	1136	16	0	0
11	42	20	1	0
12	306	49	9	0
13	31	15	0	0
14	49	38	4	0.348657
Instant	6
1	841	26	2	0.205479
2	34	16	0	0
3	628	37	5	0.324675
4	913	15	0	0
11	37	19	0	0
12	258	45	6	2.02206
13	27	15	0	0
14	37	36	3	0.674807
Instant	7
1	831	28	2	0
2	16	15	0	0
3	644	37	5	0.0457038
4	1001	16	0	0
11	36	19	0	0
12	256	42	5	1.68919
13	28	15	0	0
14	43	37	4	0.146714
Instant	8
1	771	28	2	0
2	26	15	0	0
3	623	35	6	0.5386
4	919	16	0	0
11	33	19	1	0
12	288	49	7	0
13	28	15	0	0
14	39	39	4	0.271739
Instant	9
1	820	25	1	0
2	25	18	0	0
3	661	39	6	0.401786
4	869	15	0	0
11	35	19	0	0
12	268	46	5	0
13	28	15	0	0
14	37	35	4	0.371622
Instant	10
1	799	26	1	0
2	33	15	0	0
3	635	37	6	0.181488
4	926	16	0	0
11	35	19	1	0
12	262	46	5	0.337838
13	28	15	0	0
14	40	37	4	0.174271
Instant	11
1	798	27	1	0
2	17	15	0	0
3	569	38	6	0.104822
4	731	16	0	0
11	34	19	1	0
12	278	47	7	0
13	24	15	0	0
14	30	37	4	0.382448
Instant	12
1	735	27	2	0.12
2	28	16	0	0
3	614	33	4	0.779817
4	771	15	0	0
11	32	19	0	0
12	259	51	8	1.47059
13	27	15	0	0
14	32	36	4	0.247336
Instant	13
1	732	26	2	0.23622
2	42	15	0	0
3	614	36	4	0.28463
4	786	15	0	0
11	32	18	0	0
12	263	48	7	0.744048
13	27	15	0	0
14	34	41	6	0.16791
Instant	14
1	882	26	2	0
2	14	15	0	0
3	535	38	5	0.586354
4	709	15	0	0
11	38	19	0	0
12	305	54	7	0.367647
13	24	15	0	0
14	29	40	6	0.290216
Instant	15
1	791	29	2	0.402635
2	18	14	0	0
3	535	36	5	0.892857
4	757	15	0	0
11	35	18	0	0
12	301	53	7	0
13	24	15	0	0
14	31	37	5	0.407609
Instant	16
1	725	28	2	0
2	18	14	0	0
3	599	38	4	0.338491
4	838	15	0	0
11	31	19	1	0
12	257	46	7	0.844595
13	26	15	0	0
14	35	36	4	0.315568
Instant	17
1	694	27	2	0
2	40	17	0	0
3	524	41	6	0.383772
4	815	15	0	0
11	31	19	1	0
12	281	48	7	0.551471
13	23	15	0	0
14	35	37	5	0.107914
Instant	18
1	725	26	1	0
2	12	15	0	0
3	574	38	6	0.560081
4	820	15	0	0
11	32	18	0	0
12	260	46	5	1.10294
13	25	15	0	0
14	36	37	5	0.160944
Instant	19
1	677	26	2	0.8726
2	11	15	0	0
3	580	34	4	0.679612
4	744	15	0	0
11	29	19	1	0
12	264	47	6	0.506757
13	26	15	0	0
14	31	40	6	0.236967
Instant	20
1	648	27	2	0.265018
2	10	17	0	0
3	614	39	5	0.0478011
4	737	15	0	0
11	29	19	0	0
12	283	43	6	0.735294
13	26	15	0	0
14	31	35	4	0.179712
Instant	21
1	607	26	1	0.434363
2	5	19	0	0
3	440	39	5	2.1197
4	712	15	0	0
11	26	18	0	0
12	269	47	7	0
13	20	15	0	0
14	30	37	5	0.247117
Instant	22
1	648	24	0	0
2	27	17	0	0
3	553	35	4	0.262055
4	708	15	0	0
11	27	19	1	0
12	266	49	8	0.844595
13	24	15	0	0
14	30	35	4	0.248756
Instant	23
1	570	24	1	0.603622
2	12	16	0	0
3	536	36	5	0.425532
4	671	15	0	0
11	25	20	1	0
12	292	49	7	0
13	24	15	0	0
14	28	39	5	0.196678
Instant	24
1	558	28	1	0
2	15	15	0	0
3	546	36	4	0.21322
4	685	15	0	0
11	24	19	1	0
12	238	43	6	2.38971
13	24	15	0	0
14	29	37	4	0.300172
Instant	25
1	522	27	2	0.681818
2	27	16	0	0
3	557	36	4	0
4	593	15	0	0
11	22	19	0	0
12	263	52	8	0.744048
13	24	15	0	0
14	25	36	5	0.0742574
Instant	26
1	581	26	1	0.585938
2	40	16	0	0
3	598	35	6	0.194553
4	557	15	0	0
11	26	19	1	0
12	293	43	5	0.735294
13	26	15	0	0
14	23	36	5	0.369198
Instant	27
1	582	26	1	0.295276
2	22	16	0	0
3	604	36	5	0.0491159
4	551	15	0	0
11	26	19	0	0
12	264	57	8	3.86029
13	26	15	0	0
14	23	38	5	0.159915
Instant	28
1	545	28	1	0.622407
2	22	15	0	0
3	568	37	4	0.903614
4	556	15	0	0
11	24	19	1	0
12	275	49	8	0.520833
13	25	15	0	0
14	23	37	5	0.158228
Instant	29
1	620	25	1	0
2	30	16	0	0
3	592	36	4	0.194175
4	565	15	0	0
11	26	20	1	0
12	291	46	8	1.47059
13	26	15	0	0
14	24	37	5	0.0779626
Instant	30
1	620	26	1	0
2	29	13	0	0
3	608	37	6	0.334608
4	548	15	0	0
11	26	19	1	0
12	266	48	8	0.551471
13	26	15	0	0
14	23	37	5	0.1606
Instant	31
1	559	27	1	0.564682
2	26	14	0	0
3	560	38	5	0.15625
4	553	15	0	0
11	24	19	1	0
12	252	47	9	2.36486
13	24	15	0	0
14	23	38	4	0.159236
Instant	32
1	586	28	2	0
2	16	17	0	0
3	560	38	5	0.759109
4	546	15	0	0
11	26	19	1	0
12	289	49	6	0.551471
13	25	15	0	0
14	23	38	5	0.0806452
Instant	33
1	634	25	0	0
2	18	15	0	0
3	625	36	6	0.139665
4	549	15	0	0
11	27	19	1	0
12	266	51	8	1.10294
13	27	15	0	0
14	23	39	5	0.240899
Instant	34
1	596	27	1	0.440313
2	40	14	0	0
3	551	34	4	0.733753
4	557	15	0	0
11	26	18	0	0
12	270	49	7	0
13	24	15	0	0
14	23	37	5	0.0791139
Instant	35
1	578	27	2	0.257202
2	41	15	0	0
3	594	37	4	0.049505
4	550	15	0	0
11	24	19	1	0
12	284	45	6	0.183824
13	25	15	0	0
14	23	36	4	0.239872
Instant	36
1	635	25	1	0.0457038
2	42	16	0	0
3	495	36	6	1.64835
4	565	15	0	0
11	27	19	1	0
12	248	45	5	0.735294
13	23	15	0	0
14	24	36	5	0.155602
Instant	37
1	611	27	1	0
2	12	14	0	0
3	525	37	5	0.542299
4	575	15	0	0
11	26	19	1	0
12	258	48	7	2.38095
13	23	15	0	0
14	24	35	4	0.153374
Instant	38
1	568	27	1	0.306122
2	51	16	0	0
3	584	33	4	0.0502008
4	538	15	0	0
11	25	19	1	0
12	306	47	6	1.28676
13	25	15	0	0
14	22	37	5	0.48913
Instant	39
1	579	27	1	0.399202
2	20	15	0	0
3	583	35	5	0
4	554	15	0	0
11	25	19	1	0
12	274	50	8	1.47059
13	25	15	0	0
14	24	37	4	0.0794492
Instant	40
1	596	25	1	0
2	27	17	0	0
3	491	39	6	0.704225
4	576	15	0	0
11	26	20	1	0
12	261	46	6	1.85811
13	21	15	0	0
14	24	36	5	0.230061
Instant	41
1	593	25	1	0.284091
2	29	19	0	0
3	565	33	4	0.503018
4	552	15	0	0
11	26	20	1	0
12	283	50	7	0.551471
13	25	15	0	0
14	23	37	5	0.238853
Instant	42
1	641	25	0	0
2	18	18	0	0
3	531	34	5	0.789474
4	577	15	0	0
11	26	19	1	0
12	267	49	9	1.28676
13	24	15	0	0
14	25	36	4	0
Instant	43
1	601	26	1	0
2	27	16	0	0
3	508	38	5	0.457666
4	552	15	0	0
11	27	19	1	0
12	254	49	9	1.35135
13	22	15	0	0
14	23	39	5	0.0797872
Instant	44
1	627	26	1	0
2	12	17	0	0
3	584	32	4	0.990099
4	557	15	0	0
11	26	18	0	0
12	244	43	7	4.22794
13	25	15	0	0
14	24	37	4	0.157895
Instant	45
1	545	27	1	0.668724
2	21	15	0	0
3	522	37	5	0.545852
4	543	15	0	0
11	24	19	1	0
12	268	49	6	1.28676
13	23	15	0	0
14	22	37	5	0.324675
Instant	46
1	569	29	2	0.103306
2	32	17	0	0
3	525	35	4	0.327511
4	543	15	0	0
11	24	18	0	0
12	268	49	5	0.506757
13	23	15	0	0
14	23	39	6	0.161987
Instant	47
1	639	25	1	0
2	25	16	0	0
3	518	39	5	0.502232
4	553	15	0	0
11	27	19	1	0
12	264	46	6	2.02206
13	22	15	0	0
14	23	38	5	0.159236
Instant	48
1	601	27	2	0.0493097
2	14	15	0	0
3	534	36	4	0.32538
4	534	15	0	0
11	26	19	1	0
12	252	50	6	2.20588
13	23	15	0	0
14	22	38	6	0.412088
Instant	49
1	621	26	1	0
2	37	17	0	0
3	508	36	4	1.10132
4	558	15	0	0
11	27	19	1	0
12	259	47	6	0.744048
13	23	15	0	0
14	23	36	4	0.315789
Instant	50
1	613	26	1	0
2	37	16	0	0
3	548	37	4	0.57652
4	539	15	0	0
11	26	19	1	0
12	292	46	7	1.83824
13	24	15	0	0
14	22	37	5	0.488069
Instant	51
1	627	25	1	0
2	37	16	0	0
3	565	34	4	0.457317
4	542	15	0	0
11	26	19	1	0
12	281	51	6	1.28676
13	25	15	0	0
14	22	36	5	0.326087
Instant	52
1	613	26	1	0
2	33	18	0	0
3	549	36	4	0.265393
4	566	15	0	0
11	26	20	1	0
12	248	49	7	2.43056
13	24	15	0	0
14	24	36	4	0.389004
Instant	53
1	599	28	2	0
2	32	16	0	0
3	540	36	4	0.161987
4	536	15	0	0
11	26	18	1	0
12	285	53	10	1.10294
13	23	15	0	0
14	23	37	5	0.437637
Instant	54
1	627	26	1	0
2	38	17	0	0
3	512	36	4	0.769231
4	575	15	0	0
11	26	18	0	0
12	262	48	6	0.551471
13	23	15	0	0
14	24	35	4	0.152749
Instant	55
1	650	25	1	0.0448029
2	23	15	0	0
3	555	34	4	0.363825
4	551	15	0	0
11	28	18	0	0
12	273	49	5	0.168919
13	24	15	0	0
14	22	37	5	0.239872
Instant	56
1	581	27	2	0
2	25	17	0	0
3	520	37	5	0.605727
4	540	15	0	0
11	26	18	0	0.301205
12	296	47	6	0
13	23	15	0	0
14	22	37	5	0.407609
Instant	57
1	655	24	0	0.274725
2	40	16	0	0
3	492	37	5	0.704225
4	556	15	0	0
11	27	19	1	0
12	274	50	8	0
13	21	15	0	0
14	23	37	4	0.237342
Instant	58
1	632	26	1	0
2	40	16	0	0
3	532	36	6	0.539957
4	563	15	0	0
11	26	19	1	0
12	258	46	7	1.52027
13	23	15	0	0
14	24	37	5	0.0782881
Instant	59
1	612	25	1	0.0468165
2	9	17	0	0
3	475	39	6	0.357143
4	546	15	0	0
11	27	19	1	0
12	282	50	6	1.83824
13	21	15	0	0
14	23	37	6	0.0804721
Instant	60
1	618	27	2	0
2	14	14	0	0
3	548	34	4	0.424628
4	568	15	0	0
11	27	18	0	0
12	267	50	8	1.28676
13	24	15	0	0
14	24	38	5	0.15528
Instant	61
1	629	26	1	0
2	16	16	0	0
3	562	34	4	0.656566
4	590	15	0	0
11	26	19	1	0
12	273	50	8	0.297619
13	25	15	0	0
14	24	36	4	0.149105
Instant	62
1	620	26	1	0
2	32	16	0	0
3	541	36	5	0.587607
4	571	15	0	0
11	27	19	0	0
12	311	48	8	0
13	24	15	0	0
14	24	38	5	0.0770021
Instant	63
1	568	26	2	0.360825
2	42	15	0	0
3	533	35	5	0.959488
4	598	15	0	0
11	25	19	0	0
12	275	52	7	2.75735
13	23	15	0	0
14	25	35	4	0.442043
Instant	64
1	600	28	1	0.0494071
2	42	15	0	0
3	545	36	5	0.211864
4	599	15	0	0
11	25	19	1	0
12	262	49	6	1.01351
13	23	15	0	0
14	25	38	4	0.220588
Instant	65
1	599	26	1	0
2	25	16	0	0
3	565	36	5	0.209205
4	611	15	0	0
11	26	19	1	0
12	299	48	7	0.919118
13	24	15	0	0
14	26	39	4	0.144231
Instant	66
1	620	26	1	0.287356
2	19	15	0	0
3	508	36	4	0.888889
4	592	15	0	0
11	26	19	1	0
12	242	44	8	1.28676
13	23	15	0	0
14	25	37	5	0.222772
Instant	67
1	634	25	1	0
2	32	16	0	0
3	551	36	4	0.052521
4	617	15	0	0
11	27	18	0	0
12	267	47	5	1.68919
13	24	15	0	0
14	25	35	5	0.214286
Instant	68
1	629	26	2	0
2	30	14	0	0
3	555	36	4	0
4	578	15	0	0
11	27	19	1	0
12	267	48	7	0
13	23	15	0	0
14	24	37	4	0.685976
Instant	69
1	599	28	1	0
2	13	16	2	0
3	551	35	4	0.369198
4	595	15	0	0
11	26	19	0	0
12	268	50	8	2.75735
13	24	15	0	0
14	25	38	4	0.147929
Instant	70
1	611	26	1	0
2	46	15	0	0
3	532	36	4	0.592672
4	599	15	0	0
11	26	20	1	0
12	277	52	8	0
13	24	15	0	0
14	25	38	5	0.294118
Instant	71
1	620	25	1	0
2	28	15	0	0
3	536	36	4	0
4	595	15	0	0
11	27	19	1	0
12	267	45	7	2.20588
13	23	15	0	0
14	25	37	4	0.295276
Instant	72
1	636	25	2	0
2	42	17	0	0
3	550	36	4	0.21097
4	610	15	0	0
11	27	19	0	0
12	265	46	7	0.94697
13	24	15	0	0
14	25	39	6	0.216763
Instant	73
1	588	27	1	0.0990099
2	45	15	0	0
3	536	33	4	1.21822
4	618	15	0	0
11	25	19	0	0
12	247	46	6	1.06707
13	24	15	0	0
14	25	36	5	0.499049
Instant	74
1	598	28	1	0.145631
2	37	16	0	0
3	550	36	5	0.360825
4	658	15	0	0
11	26	19	0	0
12	298	51	7	0
13	24	15	0	0
14	27	39	5	0.0668449
Instant	75
1	593	26	1	0.341131
2	32	16	0	0
3	626	36	5	0.047259
4	559	15	0	0
11	26	19	0	0
12	250	51	6	4.16667
13	26	15	0	0
14	23	39	5	0.551471
Instant	76
1	607	27	1	0
2	33	13	0	0
3	596	38	6	0.531915
4	566	15	0	0
11	26	19	1	0
12	265	49	8	2.60417
13	26	15	0	0
14	24	39	4	0.181913
Instant	77
1	617	26	1	0.0480769
2	20	15	0	0
3	575	37	6	0.651303
4	557	15	0	0
11	26	19	0	0
12	276	47	10	0.976562
13	25	15	0	0
14	23	36	5	0.578947
Instant	78
1	620	27	1	0
2	19	13	0	0
3	600	37	4	0.285714
4	534	15	0	0
11	27	18	0	0
12	253	46	7	3.125
13	26	15	0	0
14	22	38	5	0.494505
Instant	79
1	561	27	2	0.309917
2	24	15	0	0
3	593	33	5	0.766284
4	569	15	0	0
11	24	19	1	0
12	251	47	5	1.68919
13	26	15	0	0
14	23	37	5	0.154959
Instant	80
1	558	26	1	0.616016
2	33	16	0	0
3	565	36	5	0.460123
4	543	15	0	0
11	24	19	1	0
12	277	47	7	1.51515
13	25	15	0	0
14	22	38	5	0.484914
Instant	81
1	634	26	1	0
2	21	15	0	0
3	584	36	5	0.539216
4	552	15	0	0
11	27	18	0	0
12	214	43	7	3.0303
13	26	15	0	0
14	24	36	5	0.159915
Instant	82
1	620	26	1	0
2	34	16	0	0
3	579	37	6	0.554435
4	550	15	0	0
11	26	19	0	0
12	210	44	8	4.46429
13	25	15	0	0
14	22	36	5	0.560897
Instant	83
1	627	26	1	0
2	26	17	0	0
3	588	35	5	0.34585
4	581	15	0	0
11	27	18	0	0
12	286	49	7	2.65152
13	26	15	0	0
14	24	36	4	0.454545
Instant	84
1	620	27	1	0
2	29	15	0	0
3	559	36	5	0.863821
4	567	15	0	0
11	25	18	0	0.284091
12	228	48	7	4.54545
13	25	15	0	0
14	23	36	4	0.544606
Instant	85
1	606	26	1	0
2	12	16	0	0
3	541	37	6	0.771605
4	589	15	0	0
11	26	20	1	0
12	262	43	6	1.28205
13	24	15	0	0
14	25	37	5	0.149402
Instant	86
1	618	25	1	0.285171
2	25	15	0	0
3	605	36	4	1.03383
4	590	15	0	0
11	27	18	0	0
12	294	50	6	0.919118
13	27	15	0	0
14	25	36	5	0.149105
Instant	87
1	608	27	2	0
2	33	17	0	0
3	609	36	4	0.46729
4	557	15	0	0
11	26	19	0	0
12	285	52	8	2.38971
13	27	15	0	0
14	23	37	5	0.236842
Instant	88
1	606	26	1	0
2	19	17	0	0
3	572	37	5	0.31185
4	549	15	0	0
11	26	20	1	0
12	271	49	6	0
13	24	15	0	0
14	23	35	5	0.320513
Instant	89
1	613	26	1	0
2	25	17	0	0
3	579	35	5	0.493097
4	549	15	0	0
11	26	19	1	0
12	284	48	8	0.735294
13	25	15	0	0
14	22	36	5	0.400641
Instant	90
1	606	26	1	0
2	14	17	0	0
3	583	36	4	0.1002
4	548	15	0	0
11	26	19	0	0.290698
12	265	44	7	0.195312
13	25	15	0	0
14	23	37	5	0.321199
Instant	91
1	583	26	1	0.582524
2	22	16	0	0
3	557	37	6	0.466805
4	591	15	0	0
11	26	18	0	0
12	259	50	8	1.01351
13	24	15	0	0
14	25	35	5	0.149105
Instant	92
1	597	28	2	0
2	38	15	0	0
3	543	37	6	0.316456
4	578	15	0	0
11	25	19	1	0
12	293	46	7	0
13	24	15	0	0
14	24	36	4	0.381098
Instant	93
1	611	26	2	0.0474383
2	16	16	0	0
3	544	35	5	0.592672
4	555	15	0	0
11	27	19	0	0
12	253	49	9	1.32576
13	23	15	0	0
14	23	38	4	0.474684
Instant	94
1	573	27	1	0.308642
2	25	16	0	0
3	536	36	5	0.321888
4	655	15	0	0
11	24	19	1	0
12	264	49	7	0
13	23	15	0	0
14	27	36	4	0.314183
Instant	95
1	628	25	1	0.0474383
2	35	19	0	0
3	572	34	4	0
4	642	15	0	0
11	27	19	1	0
12	284	51	9	0
13	25	15	0	0
14	26	35	4	0.205667
Instant	96
1	630	26	2	0
2	33	19	0	0
3	550	35	4	0.527426
4	549	15	0	0
11	27	18	0	0
12	261	51	7	0.551471
13	24	15	0	0
14	24	39	5	0
Instant	97
1	581	26	1	0.30303
2	20	17	0	0
3	516	38	5	0.560538
4	541	15	0	0
11	25	21	1	0
12	267	51	9	0.304878
13	22	15	0	0
14	22	38	5	0.37961
Instant	98
1	592	29	2	0.147929
2	19	14	0	0
3	537	36	3	0.377155
4	591	15	0	0
11	26	18	0	0
12	306	47	7	1.83824
13	23	15	0	0
14	24	37	5	0.298211
Instant	99
1	604	26	1	0
2	27	14	0	0
3	575	34	4	0.0510204
4	635	15	0	0
11	26	20	1	0
12	274	50	7	0.551471
13	25	15	0	0
14	27	34	4	0.276753
Instant	100
1	599	26	1	0.294118
2	16	15	0	0
3	526	36	3	0.709607
4	605	15	0	0
11	25	19	1	0
12	256	53	8	1.85811
13	23	15	0	0
14	26	36	5	0.218872
Instant	101
1	620	25	1	0
2	28	16	0	0
3	513	37	4	0.706522
4	612	15	0	0
11	27	19	1	0
12	277	48	8	0.919118
13	23	15	0	0
14	26	37	5	0.071977
Instant	102
1	606	27	1	0
2	44	17	0	0
3	537	37	4	0.0551876
4	585	15	0	0
11	26	19	1	0
12	246	49	7	2.75735
13	23	15	0	0
14	25	37	5	0.150301
Instant	103
1	570	28	1	0
2	21	15	0	0
3	526	36	4	0.487013
4	592	15	0	0
11	24	21	1	0
12	267	48	6	1.01351
13	23	15	0	0
14	24	37	5	0.519802
Instant	104
1	602	26	1	0
2	30	16	0	0
3	534	37	5	0.164835
4	578	15	0	0
11	26	20	1	0
12	269	47	8	2.20588
13	23	15	0	0
14	24	37	4	0.30426
Instant	105
1	604	27	1	0
2	31	16	0	0
3	499	39	5	0.668151
4	582	15	0	0
11	26	19	1	0
12	263	50	8	0.735294
13	23	15	0	0
14	24	37	4	0.227733
Instant	106
1	632	25	1	0
2	23	17	0	0
3	555	34	5	0.883576
4	564	15	0	0
11	27	19	1	0
12	259	52	9	0.844595
13	24	15	0	0
14	24	39	4	0.078125
Instant	107
1	614	27	2	0.142586
2	31	16	0	0
3	542	35	5	0.537634
4	601	15	0	0
11	26	18	0	0
12	282	45	7	2.20588
13	23	15	0	0
14	24	34	4	0.293542
Instant	108
1	632	25	1	0
2	32	16	0	0
3	518	37	5	0.166297
4	575	15	0	0
11	27	19	1	0
12	245	50	6	2.57353
13	22	15	0	0
14	24	37	5	0.229124
Instant	109
1	627	26	1	0
2	19	14	0	0
3	548	37	5	0.0542299
4	567	15	0	0
11	27	19	0	0
12	241	45	8	2.82738
13	23	15	0	0
14	24	36	4	0.414938
Instant	110
1	606	27	1	0
2	23	17	0	0
3	568	36	4	0.102669
4	556	15	0	0
11	26	19	1	0
12	304	49	7	0.585938
13	24	15	0	0
14	23	36	4	0.0791139
Instant	111
1	613	27	1	0
2	22	17	0	0
3	572	34	4	0
4	543	15	0	0
11	26	19	0	0
12	270	47	7	0
13	24	15	0	0
14	22	37	5	0.37797
Instant	112
1	611	27	1	0
2	27	18	0	0
3	520	37	5	0.605727
4	529	15	0	0
11	26	19	1	0
12	239	47	7	4.39189
13	23	15	0	0
14	21	39	5	0.333333
Instant	113
1	611	26	1	0
2	15	20	0	0
3	550	33	5	0.568182
4	535	15	0	0
11	26	20	1	0
12	292	48	8	0
13	24	15	0	0
14	23	37	6	0.328228
Instant	114
1	606	25	1	0
2	8	20	0	0
3	568	33	4	0.453629
4	540	15	0	0
11	26	21	2	0
12	271	51	9	0
13	25	15	0	0
14	22	40	5	0.326797
Instant	115
1	627	25	1	0
2	17	16	0	0
3	570	35	3	0.2079
4	539	15	0	0
11	27	19	1	0
12	239	48	9	2.53378
13	24	15	0	0
14	22	35	5	0.461957
Instant	116
1	648	25	1	0
2	27	15	0	0
3	526	35	5	0.695931
4	586	15	0	0
11	27	19	1	0
12	267	46	10	3.125
13	23	15	0	0
14	24	35	4	0.375
Instant	117
1	594	26	1	0
2	30	16	0	0
3	493	36	4	1.097
4	586	15	0	0
11	26	20	1	0
12	264	45	6	0.919118
13	22	15	0	0
14	25	35	4	0.200803
Instant	118
1	613	26	1	0
2	41	16	0	0
3	427	37	7	1.53453
4	487	15	0	0
11	26	19	1	0
12	262	47	6	1.01351
13	20	15	0	0
14	20	40	6	0.390625
Instant	119
1	619	27	1	0.0478927
2	20	19	0	0
3	546	36	4	0.428266
4	536	15	0	0
11	26	18	0	0
12	278	49	7	1.83824
13	23	15	0	0
14	22	36	4	0.246711
