	T	D	J	LP
Instant	0
1	0	0	0	0
2	0	0	0	0
3	0	0	0	0
4	0	0	0	0
11	0	0	0	0
12	0	0	0	0
13	0	0	0	0
14	0	0	0	0
Instant	1
1	272	27	3	0
2	14	16	0	0
3	218	34	4	0.516529
4	242	15	0	0
11	11	21	1	0
12	138	41	6	0
13	9	15	0	0
14	8	43	7	0.115741
Instant	2
1	969	32	3	0.181598
2	12	15	0	0
3	639	40	5	1.88596
4	1597	18	0	0
11	42	20	1	0
12	315	46	5	0.735294
13	30	15	0	0
14	66	37	3	0.599189
Instant	3
1	1095	28	2	0
2	20	15	0	0
3	550	37	6	1.62083
4	1542	17	0	0
11	48	19	1	0
12	313	47	5	0.551471
13	26	15	0	0
14	62	39	3	0.684932
Instant	4
1	1002	28	2	0.0860092
2	44	16	0	0
3	753	32	4	0.799087
4	1310	16	0	0
11	44	19	1	0
12	279	46	7	0.506757
13	33	15	0	0
14	58	40	5	0.0897666
Instant	5
1	912	28	2	0.488281
2	44	16	0	0
3	666	37	5	1.79153
4	1126	16	0	0
11	39	19	0	0
12	310	40	6	0
13	31	15	0	0
14	47	41	4	0.521376
Instant	6
1	859	27	2	0.461133
2	23	17	0	0
3	735	33	3	0.769231
4	945	16	0	0
11	38	19	0	0.201072
12	252	40	5	0.919118
13	33	15	0	0
14	41	38	4	0.155666
Instant	7
1	838	30	3	0
2	16	16	0	0
3	614	34	4	1.81159
4	746	15	0	0
11	35	19	1	0
12	273	44	4	1.01351
13	28	15	0	0
14	31	37	5	0.255503
Instant	8
1	1001	28	2	0
2	23	18	0	0
3	583	36	4	0.548902
4	571	15	0	0
11	44	18	0	0
12	286	42	5	0
13	26	15	0	0
14	23	41	6	0.385802
Instant	9
1	966	29	2	0
2	20	16	0	0
3	604	35	3	0.522814
4	486	15	0	0
11	42	20	1	0
12	266	42	6	0.183824
13	26	15	0	0
14	20	42	6	0.302663
Instant	10
1	734	28	2	0.52
2	21	16	0	0
3	687	32	3	0
4	475	15	0	0
11	32	18	1	0
12	264	44	5	0.168919
13	29	15	0	0
14	19	41	6	0.461823
Instant	11
1	598	28	2	0.583658
2	30	15	0	0
3	653	33	4	0.4363
4	499	15	0	0
11	26	21	1	0
12	279	41	4	0
13	29	15	0	0
14	20	38	5	0.264706
Instant	12
1	691	27	2	0
2	19	14	0	0
3	608	34	3	0.419776
4	481	15	0	0
11	30	20	1	0
12	273	45	6	0
13	27	15	0	0
14	19	40	7	0.640244
Instant	13
1	685	27	2	0
2	37	16	0	0
3	566	33	4	1.16162
4	517	15	0	0
11	30	20	1	0
12	269	43	6	0.297619
13	25	15	0	0
14	21	38	5	0.511364
Instant	14
1	623	28	2	0.140977
2	34	15	0	0
3	538	31	3	0.991649
4	543	15	0	0
11	27	19	1	0
12	306	42	5	0.367647
13	24	15	0	0
14	22	39	5	0.566955
Instant	15
1	585	28	2	0.903042
2	27	16	0	0
3	540	32	3	0.700431
4	516	15	0	0
11	27	18	1	0
12	302	47	5	0
13	23	15	0	0
14	21	41	6	0.568182
Instant	16
1	554	26	2	0.922131
2	17	14	0	0
3	582	34	3	0
4	556	15	0	0
11	25	20	1	0
12	266	42	4	0
13	25	15	0	0
14	23	40	5	0.21097
Instant	17
1	607	28	2	0
2	16	16	0	0
3	537	35	4	0.422833
4	472	15	0	0
11	25	19	1	0
12	270	42	6	1.47059
13	24	15	0	0
14	19	41	6	0.373134
Instant	18
1	610	26	1	0
2	33	14	0	0
3	581	31	3	0.497018
4	486	15	0	0
11	26	19	0	0
12	248	45	6	2.02206
13	25	15	0	0
14	20	39	6	0.452899
Instant	19
1	605	27	1	0
2	24	15	0	0
3	559	31	3	1.11789
4	495	15	0	0
11	26	19	1	0
12	258	41	6	1.01351
13	24	15	0	0
14	21	39	5	0.148104
Instant	20
1	611	27	1	0
2	32	14	0	0
3	584	34	4	1.46789
4	457	15	0	0
11	25	19	1	0
12	289	42	5	0
13	28	15	0	0
14	19	41	6	0.835476
Instant	21
1	600	27	1	0
2	44	16	0	0
3	652	31	2	0.44405
4	480	15	0	0
11	26	18	0	0
12	271	43	5	0
13	28	15	0	0
14	19	40	6	0.275061
Instant	22
1	592	28	1	0
2	27	16	0	0
3	620	34	3	0.0943396
4	496	15	0	0
11	25	19	1	0.297619
12	264	40	5	0.844595
13	27	15	0	0
14	20	40	6	0.35545
Instant	23
1	606	27	1	0
2	32	15	0	0
3	629	31	3	0.3663
4	476	15	0	0
11	26	19	0	0
12	280	44	5	0.735294
13	28	15	0	0
14	20	41	6	0.36855
Instant	24
1	585	28	2	0
2	25	17	0	0
3	678	32	3	0.425894
4	440	15	0	0
11	25	19	1	0
12	264	43	5	0.551471
13	29	15	0	0
14	17	41	6	0.8
Instant	25
1	566	29	2	0.306122
2	27	17	0	0
3	693	31	2	0.0423012
4	460	15	0	0
11	25	18	1	0
12	266	40	4	0.446429
13	30	15	0	0
14	18	40	6	0.863171
Instant	26
1	608	27	1	0
2	31	14	0	0
3	719	31	2	0.121359
4	489	15	0	0
11	26	19	1	0
12	327	47	6	0
13	31	15	0	0
14	20	40	5	0.44964
Instant	27
1	599	29	2	0
2	57	15	0	0
3	780	32	3	0.223547
4	489	15	0	0
11	25	18	0	0
12	262	46	5	1.47059
13	34	15	0	0
14	20	38	6	0.538278
Instant	28
1	624	26	2	0
2	38	16	0	0
3	710	33	3	0.803859
4	473	15	0	0
11	27	19	1	0
12	246	42	9	2.25694
13	32	15	0	0
14	19	42	7	0.466418
Instant	29
1	589	28	2	0
2	27	15	0	0
3	701	32	3	0.610749
4	482	15	0	0
11	25	19	1	0
12	265	44	4	1.83824
13	31	15	0	0
14	19	40	7	0.547445
Instant	30
1	584	30	2	0.0510204
2	33	15	0	0
3	666	31	2	0.47993
4	471	15	0	0
11	25	18	0	0
12	265	44	4	2.20588
13	29	15	0	0
14	20	41	6	0.373134
Instant	31
1	581	29	2	0
2	12	17	0	0
3	669	30	2	0.0437828
4	489	15	0	0
11	26	19	1	0
12	267	44	5	0.675676
13	29	15	0	0
14	20	41	6	0.29976
Instant	32
1	593	27	1	0
2	25	15	0	0
3	633	35	4	0.276243
4	479	15	0	0
11	25	19	1	0
12	285	47	7	1.10294
13	27	15	0	0
14	19	39	5	0.644963
Instant	33
1	585	27	1	0
2	41	14	0	0
3	649	32	3	0.0897666
4	536	15	0	0
11	25	20	1	0
12	274	46	6	0
13	28	15	0	0
14	23	39	6	0.0820569
Instant	34
1	599	27	1	0.294118
2	6	15	0	0
3	558	32	3	1.02881
4	504	15	0	0
11	26	19	1	0
12	270	43	6	0.168919
13	24	15	0	0
14	20	40	6	0.494186
Instant	35
1	582	27	2	0.291829
2	10	17	0	0
3	495	35	5	0.510204
4	472	15	0	0
11	26	19	1	0
12	279	43	6	0.183824
13	22	15	0	0
14	19	43	6	0.7134
Instant	36
1	599	28	2	0
2	21	16	0	0
3	489	31	3	1.55889
4	521	15	0	0
11	26	18	0	0
12	276	42	6	0.183824
13	22	15	0	0
14	21	40	6	0.339367
Instant	37
1	597	27	1	0.302419
2	27	16	0	0
3	588	32	3	0
4	468	15	0	0
11	25	19	1	0
12	268	45	6	0
13	25	15	0	0
14	19	42	6	0.5
Instant	38
1	559	29	2	0.0511247
2	26	16	0	0
3	488	32	4	1.35747
4	461	15	0	0
11	24	19	0	0
12	319	41	4	0.735294
13	22	15	0	0
14	19	41	6	0.701531
Instant	39
1	620	26	1	0.281955
2	31	16	0	0
3	584	32	3	0.147059
4	479	15	0	0
11	27	19	1	0
12	276	41	5	1.28676
13	25	15	0	0
14	20	40	6	0.275735
Instant	40
1	610	28	2	0
2	7	16	0	0
3	545	34	5	0.631579
4	496	15	0	0
11	26	19	1	0
12	257	43	5	1.35135
13	24	15	0	0
14	20	40	5	0.35461
Instant	41
1	542	29	1	0.623701
2	10	14	0	0
3	566	32	3	0.363071
4	476	15	0	0
11	24	19	1	0
12	297	45	6	0
13	24	15	0	0
14	20	43	7	0.185185
Instant	42
1	579	30	1	0
2	18	15	1	0
3	578	33	3	0.591716
4	471	15	0	0
11	25	19	1	0
12	271	45	5	0
13	25	15	0	0
14	19	40	5	0.558313
Instant	43
1	576	29	1	0
2	23	14	0	0
3	663	32	3	0.0881834
4	482	15	0	0
11	24	19	1	0
12	268	39	4	0
13	29	15	0	0
14	19	40	5	0.365854
Instant	44
1	586	29	2	0
2	17	17	0	0
3	618	30	2	0.377358
4	467	15	0	0
11	25	19	1	0
12	295	40	5	0
13	27	15	0	0
14	18	37	5	1.06784
Instant	45
1	569	29	2	0
2	12	17	0	0
3	556	34	3	0.364583
4	497	15	0	0
11	24	20	1	0
12	268	42	4	0.551471
13	24	15	0	0
14	20	39	5	0.265957
Instant	46
1	578	29	1	0.14881
2	11	17	0	0
3	533	31	3	0.840336
4	487	15	0	0
11	25	18	0	0
12	263	42	5	1.01351
13	24	15	0	0
14	20	40	5	0.450721
Instant	47
1	590	27	2	0.202429
2	18	16	0	0
3	602	32	2	0.0485437
4	526	15	0	0
11	25	19	0	0
12	278	48	6	1.65441
13	26	15	0	0
14	22	38	5	0.363535
Instant	48
1	598	28	1	0
2	21	16	0	0
3	619	31	1	0
4	485	15	0	0
11	26	19	1	0
12	248	41	7	1.83824
13	26	15	0	0
14	20	42	6	0.271739
Instant	49
1	498	29	2	0.680272
2	8	17	0	0
3	584	30	2	0.530888
4	464	15	0	0
11	22	20	1	0
12	254	43	5	0
13	26	15	0	0
14	18	42	7	0.56962
Instant	50
1	559	29	2	0
2	31	17	0	0
3	579	33	2	0.05
4	468	15	0	0
11	24	20	1	0
12	322	41	5	1.65441
13	25	15	0	0
14	19	42	6	0.375
Instant	51
1	575	29	2	0
2	39	18	0	0
3	569	32	3	0.828157
4	478	15	0	0
11	24	19	1	0.306122
12	277	44	4	0
13	24	15	0	0
14	20	40	6	0.369458
Instant	52
1	585	28	2	0.294118
2	6	17	0	0
3	583	33	2	0.291262
4	466	15	0	0
11	25	18	0	0
12	266	50	7	0.173611
13	26	15	0	0
14	18	40	7	0.753769
Instant	53
1	604	27	1	0
2	29	16	0	0
3	514	30	3	0.722222
4	476	15	0	0
11	26	18	0	0
12	273	46	8	2.57353
13	23	15	0	0
14	20	40	5	0.555556
Instant	54
1	592	26	1	0.302419
2	37	17	0	0
3	520	29	2	1.00223
4	484	15	0	0
11	25	20	1	0
12	269	48	7	0
13	23	15	0	0
14	19	38	5	0.637136
Instant	55
1	575	26	1	0.0506073
2	28	16	0	0
3	528	32	2	0.37234
4	491	15	0	0
11	25	19	1	0
12	273	44	5	0
13	24	15	0	0
14	20	40	6	0.178998
Instant	56
1	562	27	1	0.359343
2	8	18	0	0
3	562	34	3	0.516529
4	461	15	0	0
11	25	19	0	0
12	290	39	4	0
13	24	15	0	0
14	18	41	6	0.733418
Instant	57
1	573	27	1	0.0506073
2	24	19	0	0
3	525	32	4	1.22601
4	455	15	0	0
11	25	20	1	0
12	279	45	4	0
13	23	15	0	0
14	19	42	7	0.289203
Instant	58
1	599	27	1	0
2	15	16	0	0
3	683	31	3	0.0410509
4	504	15	0	0
11	26	19	1	0
12	252	44	5	2.02703
13	31	15	0	0
14	20	38	5	0.613318
Instant	59
1	521	29	2	0.340136
2	29	17	0	0
3	746	30	2	1.07858
4	508	15	0	0
11	22	19	1	0
12	280	39	5	1.47059
13	33	15	0	0
14	21	41	6	0.0866051
Instant	60
1	584	27	2	0.345168
2	18	15	0	0
3	552	33	4	1.32383
4	493	15	0	0
11	26	19	1	0
12	278	45	6	0
13	25	15	0	0
14	20	39	5	0.565476
Instant	61
1	561	27	1	0.303644
2	43	16	0	0
3	511	32	3	1.06502
4	526	15	0	0
11	25	19	1	0
12	270	42	4	0.446429
13	22	15	0	0
14	21	38	6	0.30692
Instant	62
1	615	26	1	0
2	29	17	0	0
3	555	34	3	0.808081
4	507	15	0	0
11	26	19	1	0
12	317	44	4	1.28676
13	25	15	0	0
14	22	42	6	0.0868056
Instant	63
1	582	27	2	0.302419
2	39	16	0	0
3	606	31	3	0.295276
4	499	15	0	0
11	25	19	1	0
12	286	47	6	0
13	25	15	0	0
14	21	41	6	0.26533
Instant	64
1	596	28	1	0
2	18	16	0	0
3	641	29	2	0
4	494	15	0	0
11	26	18	0	0
12	269	43	5	0.506757
13	28	15	0	0
14	21	40	5	0.178571
Instant	65
1	606	27	1	0
2	23	16	0	0
3	634	33	4	0
4	490	15	0	0
11	26	18	0	0
12	305	43	6	0
13	28	15	0	0
14	20	38	6	0.328162
Instant	66
1	599	29	2	0
2	30	14	0	0
3	557	34	3	0.72314
4	473	15	0	0
11	25	18	0	0
12	273	38	4	0
13	24	15	0	0
14	19	42	6	0.279851
Instant	67
1	569	26	1	0.355691
2	6	17	0	0
3	628	32	2	0.322878
4	500	15	0	0
11	25	18	0	0
12	265	42	5	0.168919
13	27	15	0	0
14	20	39	5	0.352113
Instant	68
1	600	27	1	0
2	26	15	0	0
3	597	31	2	0.815739
4	467	15	0	0
11	26	19	0	0
12	283	41	5	0.78125
13	27	15	0	0
14	19	41	7	0.469925
Instant	69
1	592	26	1	0.294118
2	27	16	0	0
3	628	31	3	0.537634
4	498	15	0	0
11	26	19	0	0
12	268	45	6	0.919118
13	28	15	0	0
14	21	40	6	0.35461
Instant	70
1	567	29	2	0.154321
2	18	14	0	0
3	742	31	2	0.04
4	492	15	0	0
11	24	19	1	0
12	252	46	7	1.85811
13	32	15	0	0
14	20	39	6	0.357143
Instant	71
1	565	31	2	0.0536481
2	28	16	0	0
3	685	29	2	0.0424448
4	482	15	0	0
11	24	19	1	0
12	293	38	4	0
13	30	15	0	0
14	20	40	7	0.182482
Instant	72
1	557	28	2	0.711382
2	14	15	0	0
3	692	33	2	0.085034
4	506	15	0	0
11	25	19	1	0
12	267	45	6	0.568182
13	30	15	0	0
14	22	40	6	0.087007
Instant	73
1	613	26	2	0
2	17	15	0	0
3	633	32	4	0.724638
4	484	15	0	0
11	26	19	1	0
12	262	41	4	0
13	28	15	0	0
14	20	41	7	0.181598
Instant	74
1	624	26	1	0
2	29	16	0	0
3	679	30	2	0.423729
4	471	15	0	0
11	27	18	0	0
12	289	44	5	1.65441
13	30	15	0	0
14	19	43	6	0.561097
Instant	75
1	591	28	2	0
2	34	15	0	0
3	578	32	4	0.641026
4	491	15	0	0
11	26	18	0	0
12	285	45	4	0.94697
13	25	15	0	0
14	20	39	5	0.44964
Instant	76
1	590	27	2	0.0980392
2	36	15	0	0
3	595	30	3	0.434363
4	478	15	0	0
11	26	19	1	0
12	261	41	5	1.5625
13	26	15	0	0
14	20	42	6	0.183824
Instant	77
1	610	28	2	0
2	36	16	0	0
3	613	31	3	0.0490196
4	483	15	0	0
11	26	19	1	0
12	295	46	8	0.195312
13	25	15	0	0
14	20	41	6	0.364078
Instant	78
1	590	28	1	0
2	31	16	0	0
3	574	31	3	0.729572
4	473	15	0	0
11	26	19	0	0
12	276	42	6	0
13	26	15	0	0
14	19	43	6	0.371287
Instant	79
1	613	27	1	0.0484496
2	18	15	0	0
3	549	31	4	0.674274
4	517	15	0	0
11	26	19	1	0
12	260	39	6	1.01351
13	24	15	0	0
14	22	39	5	0.256264
Instant	80
1	596	28	2	0
2	39	15	0	0
3	582	33	3	0
4	529	15	0	0
11	26	19	1	0
12	265	42	6	1.89394
13	25	15	0	0
14	21	40	5	0.665188
Instant	81
1	564	31	2	0
2	47	15	0	0
3	529	33	5	1.17521
4	515	15	0	0
11	24	19	1	0
12	270	43	6	0.757576
13	23	15	0	0
14	21	40	5	0.656393
Instant	82
1	589	28	2	0
2	26	14	0	0
3	615	31	3	0.0471698
4	498	15	0	0
11	26	19	1	0
12	271	39	5	0
13	27	15	0	0
14	21	42	6	0.176887
Instant	83
1	561	29	1	0.406504
2	21	14	1	0
3	572	32	4	0.35497
4	537	15	0	0
11	25	19	0	0
12	281	41	6	0.568182
13	25	15	0	0
14	22	39	6	0.245633
Instant	84
1	583	27	1	0.301811
2	15	13	0	0
3	548	33	3	0.677083
4	518	15	0	0
11	25	19	1	0
12	274	43	5	0
13	24	15	0	0
14	21	38	5	0.424208
Instant	85
1	600	27	1	0
2	22	16	0	0
3	529	33	3	0.537634
4	472	15	0	0
11	26	19	1	0
12	264	42	6	1.12179
13	23	15	0	0
14	19	42	7	0.372208
Instant	86
1	603	27	1	0.294118
2	24	15	0	0
3	571	31	2	0.46875
4	489	15	0	0
11	26	18	0	0
12	326	43	4	0
13	24	15	0	0
14	20	40	6	0.360577
Instant	87
1	600	27	2	0
2	24	16	0	0
3	488	34	4	1.02506
4	476	15	0	0
11	26	19	1	0
12	285	45	6	0
13	22	15	0	0
14	19	42	7	0.369458
Instant	88
1	613	27	1	0
2	21	14	0	0
3	615	31	3	0.0474383
4	482	15	0	0
11	26	19	0	0
12	254	41	5	1.35135
13	27	15	0	0
14	19	39	5	0.486618
Instant	89
1	568	28	2	0.101626
2	28	15	0	0
3	579	32	2	0.298805
4	490	15	0	0
11	25	19	1	0
12	269	41	5	0
13	25	15	0	0
14	20	40	6	0.566826
Instant	90
1	607	26	1	0.341797
2	18	15	0	0
3	583	34	2	0
4	569	15	0	0
11	26	19	1	0
12	272	40	5	1.36719
13	25	15	0	0
14	23	39	6	0.414079
Instant	91
1	599	28	1	0
2	41	14	0	0
3	561	34	3	0.365344
4	525	15	0	0
11	26	18	0	0
12	249	41	4	1.68919
13	24	15	0	0
14	21	38	5	0.585938
Instant	92
1	620	26	2	0
2	21	17	0	0
3	570	35	3	0
4	494	15	0	0
11	27	20	1	0
12	272	41	6	1.32576
13	25	15	0	0
14	20	42	6	0.267221
Instant	93
1	627	27	1	0
2	33	17	0	0
3	541	33	4	0.93361
4	512	15	0	0
11	27	18	0	0
12	271	43	6	0.378788
13	24	15	0	0
14	21	40	6	0.258028
Instant	94
1	592	28	1	0
2	9	18	0	0
3	558	32	2	0.614754
4	515	15	0	0
11	26	18	0	0
12	264	43	5	0
13	25	15	0	0
14	21	39	5	0.654898
Instant	95
1	618	27	1	0
2	36	15	0	0
3	592	32	3	0
4	521	15	0	0
11	26	18	0	0
12	273	42	5	0.919118
13	25	15	0	0
14	21	39	5	0.393258
Instant	96
1	594	28	2	0
2	29	16	0	0
3	580	31	2	0.659229
4	482	15	0	0
11	25	18	0	0
12	267	45	7	0.735294
13	25	15	0	0
14	20	43	6	0.397311
Instant	97
1	594	29	1	0
2	43	16	0	0
3	562	31	3	0.307377
4	504	15	0	0
11	26	19	1	0
12	253	43	5	0.914634
13	25	15	0	0
14	20	42	6	0.319767
Instant	98
1	568	29	1	0
2	13	16	0	0
3	610	31	2	0
4	514	15	0	0
11	24	20	1	0
12	329	42	4	1.47059
13	27	15	0	0
14	21	39	5	0.514874
Instant	99
1	603	28	1	0
2	16	15	0	0
3	526	34	4	0.799574
4	507	15	0	0
11	26	18	0	0
12	271	44	5	0
13	24	15	0	0
14	20	40	6	0.433025
Instant	100
1	582	29	2	0
2	20	17	0	0
3	588	33	2	0
4	491	15	0	0
11	25	19	1	0
12	268	44	5	0.168919
13	25	15	0	0
14	20	40	5	0.598086
Instant	101
1	601	29	3	0
2	34	15	0	0
3	527	33	4	0.706522
4	466	15	0	0
11	26	18	0	0
12	298	44	6	0
13	23	15	0	0
14	18	43	7	0.473485
Instant	102
1	585	27	1	0
2	39	16	0	0
3	538	31	3	0.537634
4	462	15	0	0
11	25	20	1	0
12	269	46	6	0.183824
13	23	15	0	0
14	19	39	6	0.474684
Instant	103
1	573	28	1	0
2	25	15	0	0
3	571	33	3	0.304878
4	465	15	0	0
11	25	19	1	0
12	273	40	5	0
13	25	15	0	0
14	19	42	6	0.378788
Instant	104
1	606	28	1	0.150602
2	20	14	0	0
3	603	31	2	0.0480769
4	503	15	0	0
11	25	19	1	0
12	287	44	5	0
13	26	15	0	0
14	21	38	5	0.2331
Instant	105
1	605	27	2	0
2	22	14	0	0
3	485	33	5	1.33411
4	468	15	0	0
11	26	19	1	0
12	263	48	6	1.47059
13	22	15	0	0
14	19	41	7	0.469925
Instant	106
1	592	29	1	0
2	24	13	0	0
3	521	29	2	0.809935
4	491	15	0	0
11	25	19	0	0
12	274	44	5	0
13	23	15	0	0
14	20	41	6	0.179426
Instant	107
1	568	29	2	0.347913
2	19	15	0	0
3	586	33	3	0.201207
4	466	15	0	0
11	25	18	0	0
12	279	44	5	0.735294
13	25	15	0	0
14	19	43	6	0.471106
Instant	108
1	612	28	2	0
2	12	13	0	0
3	591	32	3	0.148221
4	473	15	0	0
11	25	19	1	0
12	268	41	4	0.367647
13	26	15	0	0
14	19	40	6	0.651365
Instant	109
1	604	28	2	0
2	19	15	0	0
3	563	32	2	0.604839
4	482	15	0	0
11	26	18	0	0
12	245	45	5	2.23214
13	25	15	0	0
14	20	41	7	0.365854
Instant	110
1	589	29	2	0
2	11	16	0	0
3	593	32	2	0
4	477	15	0	0
11	26	18	0	0
12	304	46	6	0.78125
13	25	15	0	0
14	19	40	6	0.554187
Instant	111
1	569	28	1	0.305499
2	25	20	0	0
3	551	34	3	0.367647
4	466	15	0	0
11	25	19	1	0
12	285	46	6	0.551471
13	24	15	0	0
14	19	40	6	0.565327
Instant	112
1	605	28	2	0
2	36	17	0	0
3	574	32	3	0.697211
4	492	15	0	0
11	26	18	0	0
12	254	45	5	1.01351
13	25	15	0	0
14	20	39	5	0.446429
Instant	113
1	625	27	1	0
2	17	15	0	0
3	564	33	3	0.459184
4	484	15	0	0
11	27	18	0	0
12	272	43	6	1.83824
13	24	15	0	0
14	19	40	6	0.456204
Instant	114
1	606	27	1	0
2	13	17	0	0
3	587	34	4	0.149402
4	486	15	0	0
11	26	19	0	0
12	262	42	4	0.919118
13	25	15	0	0
14	19	39	6	0.543478
Instant	115
1	620	27	2	0
2	17	16	0	0
3	607	31	3	0.0488281
4	471	15	0	0
11	27	18	0	0
12	270	44	6	0
13	26	15	0	0
14	19	42	7	0.497512
Instant	116
1	570	26	1	0.297619
2	40	18	0	0
3	594	30	2	0.341131
4	481	15	0	0
11	25	20	1	0
12	288	46	6	0.919118
13	26	15	0	0
14	19	41	6	0.792683
Instant	117
1	577	30	2	0.105485
2	35	18	0	0
3	695	32	3	0.0422297
4	482	15	0	0
11	24	18	0	0
12	271	45	6	0.735294
13	30	15	0	0
14	20	41	6	0.305623
Instant	118
1	592	27	1	0
2	10	14	1	0
3	762	33	4	0.30303
4	471	15	0	0
11	26	19	1	0
12	274	45	5	0
13	33	15	0	0
14	19	40	7	0.559702
Instant	119
1	559	26	1	0.366876
2	17	14	0	0
3	664	34	4	0.301724
4	498	15	0	0
11	24	19	1	0
12	293	42	5	0
13	29	15	0	0
14	21	41	6	0.176887
