	T	D	J	LP
Instant	0
1	0	0	0	0
2	0	0	0	0
3	0	0	0	0
4	0	0	0	0
11	0	0	0	0
12	0	0	0	0
13	0	0	0	0
14	0	0	0	0
Instant	1
1	313	29	2	0
2	16	19	0	0
3	219	34	3	0
4	428	18	0	0
11	12	17	0	0
12	138	46	9	0
13	9	15	0	0
14	16	32	4	0
Instant	2
1	971	31	3	0.44484
2	3	20	0	0
3	639	39	6	1.59011
4	2233	35	1	0.416027
11	43	17	0	0
12	320	52	8	1.47059
13	29	15	0	0
14	99	31	2	0.203459
Instant	3
1	1152	30	2	0.152749
2	13	14	0	0
3	743	37	6	0.380518
4	2290	27	1	0.0193698
11	50	17	0	0
12	290	51	7	0.367647
13	33	15	0	0
14	98	32	2	0.352383
Instant	4
1	999	30	2	0.525701
2	36	15	0	0
3	730	38	6	0.599042
4	2186	21	1	0.0439071
11	44	17	0	0
12	280	48	8	1.01351
13	32	15	0	0
14	96	31	2	0.140751
Instant	5
1	889	32	3	0
2	20	15	0	0
3	681	39	7	0
4	1847	18	0	0
11	38	17	0	0
12	308	53	9	0.735294
13	30	15	0	0
14	80	32	2	0.150985
Instant	6
1	853	28	2	0.200803
2	11	18	0	0
3	670	37	6	0.836268
4	1426	17	0	0
11	38	17	0	0
12	265	50	7	1.10294
13	29	15	0	0
14	61	35	3	0.206271
Instant	7
1	872	27	2	0.492126
2	15	16	1	0
3	611	35	4	0.598527
4	1179	16	0	0
11	38	17	0	0
12	273	49	6	0
13	28	15	0	0
14	51	31	2	0.174303
Instant	8
1	995	28	2	0
2	19	16	0	0
3	593	34	4	0.148221
4	1036	16	0	0
11	43	17	0	0
12	269	47	7	1.47059
13	26	15	0	0
14	45	34	4	0.24093
Instant	9
1	810	29	2	0.286533
2	34	14	0	0
3	570	36	5	1.05847
4	939	16	0	0
11	35	17	0	0
12	269	51	7	0
13	25	15	0	0
14	40	33	3	0.25
Instant	10
1	700	28	2	0.41876
2	34	16	0	0
3	553	36	4	0.504032
4	946	15	0	0
11	30	18	0	0
12	264	52	8	0
13	25	15	0	0
14	41	31	3	0.0932836
Instant	11
1	703	29	2	0
2	32	17	0	0
3	550	36	4	2.04591
4	893	16	0	0
11	30	17	0	0
12	281	51	8	0
13	25	15	0	0
14	37	33	3	0.213535
Instant	12
1	721	28	2	0
2	9	15	0	0
3	590	35	3	0.34585
4	927	16	0	0
11	31	18	0	0
12	253	49	6	1.83824
13	25	15	0	0
14	40	31	3	0.0475888
Instant	13
1	715	27	1	0.2443
2	12	15	0	0
3	515	36	5	1.55914
4	833	16	0	0
11	31	17	0	0
12	273	52	6	0
13	23	15	0	0
14	36	33	3	0.105485
Instant	14
1	633	28	2	0.843695
2	26	15	0	0
3	645	36	4	0
4	847	16	0	0
11	28	19	1	0.357143
12	314	51	7	0.919118
13	27	15	0	0
14	36	32	3	0.121359
Instant	15
1	857	26	2	0
2	23	18	0	0
3	570	33	4	1.11219
4	826	15	0	0
11	37	18	0	0
12	283	54	8	0
13	26	15	0	0
14	36	32	3	0.124644
Instant	16
1	698	29	3	0.762712
2	18	19	0	0
3	604	35	5	0.47619
4	805	16	0	0
11	30	17	0	0
12	268	50	8	0.506757
13	26	15	0	0
14	34	33	3	0.109489
Instant	17
1	648	28	2	0
2	16	16	0	0
3	507	36	5	0.619369
4	792	16	0	0
11	29	17	0	0
12	281	49	8	0.183824
13	22	15	0	0
14	35	33	4	0.111111
Instant	18
1	672	27	1	0.302768
2	25	14	0	0
3	574	35	3	0.690335
4	769	16	0	0
11	29	17	0	0
12	244	48	8	1.83824
13	25	15	0	0
14	32	34	4	0.152672
Instant	19
1	682	27	1	0.248756
2	31	14	0	0
3	562	36	5	0.918367
4	846	15	0	0
11	30	18	0	0
12	267	52	8	1.35135
13	25	15	0	0
14	36	33	3	0.15625
Instant	20
1	708	26	1	0.247934
2	14	16	0	0
3	587	35	4	0.490196
4	858	16	0	0
11	30	17	0	0
12	278	50	8	1.28676
13	25	15	0	0
14	36	34	3	0.15411
Instant	21
1	749	27	1	0
2	22	15	0	0
3	541	37	5	0.375536
4	848	16	0	0
11	32	17	0	0
12	262	49	7	0.919118
13	24	15	0	0
14	36	33	3	0.103734
Instant	22
1	697	29	2	0
2	27	17	0	0
3	542	35	4	0.367647
4	835	16	0	0
11	30	18	0	0
12	255	50	7	1.18243
13	24	15	0	0
14	35	33	3	0.105485
Instant	23
1	662	28	3	0.174825
2	13	13	0	0
3	527	37	5	0.503356
4	819	16	0	0
11	29	17	0	0
12	275	53	8	1.65441
13	22	15	0	0
14	36	33	3	0.107759
Instant	24
1	738	27	2	0
2	28	16	0	0
3	531	37	4	0.161987
4	795	16	0	0
11	31	17	0	0
12	258	51	7	0.735294
13	23	15	0	0
14	33	34	4	0.165929
Instant	25
1	714	27	2	0
2	30	17	0	0
3	538	34	3	0.643777
4	836	15	0	0
11	31	17	0	0
12	263	48	6	1.19048
13	23	15	0	0
14	36	34	4	0.105485
Instant	26
1	666	28	2	0.350263
2	12	18	0	0
3	499	35	4	0.457666
4	792	16	0	0
11	29	17	0	0
12	302	47	7	1.47059
13	22	15	0	0
14	33	33	4	0.166914
Instant	27
1	618	27	2	0
2	34	15	0	0
3	574	35	4	0
4	728	15	0	0
11	27	18	0	0
12	275	51	7	0.919118
13	24	15	0	0
14	31	34	4	0.201288
Instant	28
1	576	29	1	0.712831
2	16	18	0	0
3	539	35	4	0.485961
4	771	15	0	0
11	25	17	0	0
12	268	49	8	1.38889
13	23	15	0	0
14	33	31	3	0
Instant	29
1	606	27	1	0
2	27	18	0	0
3	573	32	2	0.30303
4	728	15	0	0
11	27	18	0	0
12	285	45	10	1.83824
13	25	15	0	0
14	31	35	4	0.0604839
Instant	30
1	648	26	1	0
2	26	15	0	0
3	534	34	4	0.537634
4	746	15	0	0
11	27	17	0	0
12	271	49	6	0.183824
13	23	15	0	0
14	32	32	3	0.176887
Instant	31
1	620	28	1	0
2	18	14	0	0
3	540	36	5	0.375536
4	752	15	0	0
11	26	17	0	0
12	269	50	8	0.675676
13	24	15	0	0
14	31	32	3	0.234742
Instant	32
1	620	27	1	0
2	17	16	0	0
3	559	34	4	0.256148
4	746	16	0	0
11	27	18	0	0
12	253	51	8	3.30882
13	25	15	0	0
14	32	31	3	0.117925
Instant	33
1	624	28	2	0
2	32	15	0	0
3	545	35	5	0.430108
4	741	15	0	0
11	26	18	0	0
12	269	49	7	1.65441
13	24	15	0	0
14	31	33	4	0.119048
Instant	34
1	620	27	1	0
2	7	15	0	0
3	527	38	4	0.272331
4	726	15	0	0
11	27	17	0	0
12	264	48	8	0.675676
13	23	15	0	0
14	30	34	3	0.242718
Instant	35
1	608	28	2	0.0481696
2	16	14	0	0
3	467	33	4	0.97561
4	649	15	0	0
11	26	18	0	0
12	261	47	8	2.02206
13	21	15	0	0
14	27	35	4	0.33906
Instant	36
1	639	25	1	0
2	22	17	0	0
3	549	35	5	0.313152
4	662	15	0	0
11	27	18	0	0
12	260	46	8	2.02206
13	24	15	0	0
14	28	37	5	0
Instant	37
1	572	26	1	0.308008
2	16	16	0	0
3	551	34	4	0.106157
4	673	16	0	0
11	24	17	0	0
12	242	50	7	2.38095
13	24	15	0	0
14	29	33	4	0.13089
Instant	38
1	551	30	3	0.31185
2	24	18	0	0
3	512	35	6	1.09409
4	698	16	0	0
11	24	18	0	0
12	306	50	7	0
13	23	15	0	0
14	29	32	3	0.126263
Instant	39
1	639	26	1	0
2	31	17	0	0
3	561	35	4	0.577731
4	685	15	0	0
11	27	17	0	0
12	309	54	8	0
13	24	15	0	0
14	29	33	4	0.0642123
Instant	40
1	565	30	2	0.357873
2	9	14	0	0
3	532	34	3	0.583864
4	704	15	0	0
11	24	18	0	0
12	263	51	7	0
13	24	15	0	0
14	30	31	3	0.0625
Instant	41
1	600	27	1	0.290135
2	27	14	0	0
3	527	34	4	0.32967
4	768	15	0	0
11	26	17	0	0
12	294	45	7	0.919118
13	23	15	0	0
14	32	29	2	0.287136
Instant	42
1	589	29	2	0.344488
2	40	16	0	0
3	518	36	4	0.863931
4	780	16	0	0
11	25	17	0	0
12	260	48	7	1.28676
13	23	15	0	0
14	33	32	3	0
Instant	43
1	641	26	2	0
2	29	16	0	0
3	574	34	4	0.0512295
4	723	15	0	0
11	27	18	0	0
12	266	46	7	0.337838
13	24	15	0	0
14	31	33	3	0.243112
Instant	44
1	627	26	1	0
2	37	15	0	0
3	583	31	2	0.347222
4	718	16	0	0
11	27	18	0	0
12	282	45	6	0.735294
13	25	15	0	0
14	30	32	3	0.143208
Instant	45
1	574	29	1	0.30303
2	44	14	0	0
3	552	36	3	0.105932
4	708	15	0	0
11	25	17	0	0
12	266	50	10	1.28676
13	24	15	0	0
14	30	31	3	0.207297
Instant	46
1	607	28	1	0
2	0	13	0	0
3	598	32	3	0
4	673	15	0	0
11	26	17	0	0
12	257	46	6	1.52027
13	25	15	0	0
14	28	33	3	0.26178
Instant	47
1	607	28	3	0.0477099
2	17	16	0	0
3	533	34	5	0.806452
4	701	15	0	0
11	26	18	0	0
12	276	51	8	0.919118
13	23	15	0	0
14	30	32	4	0.125628
Instant	48
1	589	28	2	0.301811
2	31	16	0	0
3	540	34	4	0.423729
4	666	15	0	0
11	25	18	0	0
12	272	48	6	0.551471
13	23	15	0	0
14	28	34	4	0.198413
Instant	49
1	621	27	1	0
2	6	16	0	0
3	573	31	3	0.604839
4	749	15	0	0
11	27	17	0	0
12	231	50	7	2.52976
13	25	15	0	0
14	32	33	4	0
Instant	50
1	599	29	1	0
2	22	14	0	0
3	514	36	4	0.272331
4	793	15	0	0
11	26	17	0	0
12	305	49	6	0.183824
13	23	15	0	0
14	33	33	3	0.074184
Instant	51
1	611	28	2	0.0490196
2	22	15	0	0
3	526	36	5	1.08932
4	817	15	0	0
11	26	18	0	0
12	270	53	8	3.125
13	23	15	0	0
14	36	33	3	0
Instant	52
1	628	26	1	0.280899
2	30	13	0	0
3	566	36	4	0
4	865	15	0	0
11	27	17	0	0
12	268	44	6	0
13	24	15	0	0
14	37	33	3	0.0510204
Instant	53
1	599	30	2	0
2	29	15	0	0
3	493	36	4	0.797267
4	900	15	0	0
11	26	17	0	0
12	280	47	7	0
13	22	15	0	0
14	38	33	3	0.0488918
Instant	54
1	621	27	1	0
2	35	15	0	0
3	541	35	5	0.323276
4	931	15	0	0
11	27	17	0	0
12	250	49	6	3.49265
13	23	15	0	0
14	41	32	4	0.0948167
Instant	55
1	635	27	1	0
2	30	15	0	0
3	510	40	5	0.113636
4	864	15	0	0
11	27	17	0	0
12	261	48	8	0.506757
13	22	15	0	0
14	36	33	3	0
Instant	56
1	593	28	2	0.0488281
2	44	14	0	0
3	545	36	4	0.319149
4	777	15	0	0
11	26	18	0	0
12	262	50	8	3.67647
13	23	15	0	0
14	33	33	3	0.245468
Instant	57
1	588	27	3	0.30303
2	30	15	0	0
3	519	36	6	0.559284
4	786	15	0	0
11	25	17	0	0
12	245	49	9	1.83824
13	22	15	0	0
14	34	32	3	0.11194
Instant	58
1	608	28	2	0
2	43	17	0	0
3	544	35	4	0.316456
4	743	15	0	0
11	26	18	0	0
12	269	47	7	1.85811
13	24	15	0	0
14	31	35	4	0.277338
Instant	59
1	605	29	2	0.0484496
2	29	16	1	0
3	558	34	4	0.367647
4	658	15	0	0
11	26	17	0	0
12	290	49	7	0.367647
13	24	15	0	0
14	28	34	5	0.0669643
Instant	60
1	575	29	1	0.306122
2	27	17	0	0
3	549	37	4	0.105932
4	628	15	0	0
11	25	17	0	0
12	272	47	8	1.28676
13	24	15	0	0
14	26	35	4	0.163551
Instant	61
1	606	28	1	0
2	20	14	0	0
3	514	35	4	0.5
4	629	15	0	0
11	26	17	0	0
12	237	44	6	2.82738
13	22	15	0	0
14	27	33	3	0.140187
Instant	62
1	538	28	2	0.585106
2	17	17	0	0
3	566	35	3	0.102881
4	650	15	0	0
11	24	17	0	0
12	300	49	9	2.57353
13	24	15	0	0
14	28	32	3	0.0676895
Instant	63
1	592	29	2	0.298211
2	34	15	0	0
3	524	36	5	0.276549
4	635	15	0	0
11	25	18	0	0
12	296	51	7	0.183824
13	23	15	0	0
14	27	33	4	0.0694444
Instant	64
1	601	27	2	0.143678
2	34	14	0	0
3	499	35	5	1.67785
4	651	15	0	0
11	26	18	0	0
12	252	51	8	1.85811
13	22	15	0	0
14	27	31	2	0.135135
Instant	65
1	628	27	1	0
2	33	17	0	0
3	533	37	6	0.0542299
4	619	15	0	0
11	27	17	0	0
12	303	49	9	0.735294
13	23	15	0	0
14	26	34	4	0.213878
Instant	66
1	626	27	1	0.0471698
2	15	16	0	0
3	468	36	5	1.46714
4	627	15	0	0
11	27	17	0	0
12	258	48	8	1.28676
13	21	15	0	0
14	26	34	4	0
Instant	67
1	625	27	1	0
2	19	13	0	0
3	561	33	4	0.870902
4	642	15	0	0
11	27	17	0	0
12	259	50	7	0.844595
13	24	15	0	0
14	27	33	3	0.0685558
Instant	68
1	637	27	1	0
2	34	15	0	0
3	512	37	5	0.616592
4	628	15	0	0
11	27	17	0	0
12	291	47	6	0
13	23	15	0	0
14	26	32	3	0.280374
Instant	69
1	620	27	1	0
2	19	17	0	0
3	523	37	5	0
4	639	15	0	0
11	27	17	0	0
12	264	49	9	1.47059
13	22	15	0	0
14	27	33	4	0.0689338
Instant	70
1	613	28	2	0
2	38	16	0	0
3	507	37	4	0.3386
4	601	15	0	0
11	26	18	0	0
12	269	51	8	0.844595
13	22	15	0	0
14	25	35	5	0.146771
Instant	71
1	620	28	1	0
2	41	16	0	0
3	565	34	4	0.458248
4	628	15	0	0
11	27	17	0	0
12	291	47	7	0
13	25	15	0	0
14	26	33	4	0.21028
Instant	72
1	557	27	1	0.368421
2	33	16	0	0
3	547	33	4	0.678497
4	632	15	0	0
11	24	17	0	0
12	268	51	9	0.568182
13	24	15	0	0
14	26	32	3	0.209108
Instant	73
1	626	26	1	0
2	10	13	0	0
3	506	35	4	0.748848
4	622	15	0	0
11	27	18	0	0
12	260	48	8	0.304878
13	21	15	0	0
14	26	33	3	0.353107
Instant	74
1	635	26	1	0
2	16	13	0	0
3	594	33	4	0.0489237
4	629	15	0	0
11	27	18	0	0
12	294	52	8	0.367647
13	26	15	0	0
14	27	32	3	0.280374
Instant	75
1	604	28	1	0
2	52	14	0	0
3	550	34	4	0.210084
4	641	15	0	0
11	26	18	0	0
12	283	50	7	1.13636
13	24	15	0	0
14	27	32	4	0.0686813
Instant	76
1	537	29	2	0.373932
2	37	17	0	0
3	532	35	4	0.656455
4	635	15	0	0
11	23	18	0	0
12	249	47	8	3.125
13	23	15	0	0
14	26	32	3	0.138632
Instant	77
1	581	29	1	0.299401
2	17	17	1	0
3	546	36	5	0.366876
4	621	15	0	0
11	25	18	0	0
12	282	51	9	0.78125
13	24	15	0	0
14	27	36	4	0.0708885
Instant	78
1	622	27	1	0
2	36	15	0	0
3	554	35	2	0.210084
4	639	15	0	0
11	27	17	0	0
12	265	52	9	1.17188
13	24	15	0	0
14	27	34	4	0
Instant	79
1	596	29	2	0
2	44	15	0	0
3	553	35	5	0.363071
4	624	15	0	0
11	26	17	0	0
12	254	51	7	1.85811
13	24	15	0	0
14	26	34	4	0.0706215
Instant	80
1	627	27	1	0
2	29	16	0	0
3	567	33	3	0.363825
4	610	15	0	0
11	27	17	0	0
12	294	47	6	0
13	24	15	0	0
14	26	35	4	0.144231
Instant	81
1	620	28	2	0
2	20	16	0	0
3	491	35	4	0.745413
4	621	15	0	0
11	26	17	0	0
12	249	51	8	1.32576
13	22	15	0	0
14	26	33	3	0.212665
Instant	82
1	548	29	2	0.309278
2	28	16	0	0
3	566	32	3	0.453629
4	648	15	0	0
11	24	18	0	0
12	242	48	7	3.03571
13	25	15	0	0
14	27	33	4	0.0679348
Instant	83
1	613	28	2	0.284091
2	13	13	0	0
3	575	35	3	0
4	635	15	0	0
11	27	17	0	0
12	281	47	8	1.51515
13	24	15	0	0
14	27	33	3	0.0694444
Instant	84
1	634	27	1	0
2	42	17	0	0
3	566	34	4	0.0512295
4	656	15	0	0
11	27	18	0	0
12	261	46	6	0.378788
13	25	15	0	0
14	27	33	4	0
Instant	85
1	634	27	1	0
2	15	15	0	0
3	538	34	5	0.429185
4	633	15	0	0
11	28	17	0	0
12	270	48	8	1.12179
13	23	15	0	0
14	27	33	4	0.0694444
Instant	86
1	618	26	2	0.281955
2	31	16	0	0
3	539	35	3	0.383772
4	628	15	0	0
11	27	18	0	0
12	308	52	10	0.735294
13	23	15	0	0
14	27	33	4	0.140449
Instant	87
1	570	31	2	0.156904
2	12	16	0	0
3	556	33	3	0.157233
4	652	15	0	0
11	24	17	0	0
12	287	53	7	0.919118
13	24	15	0	0
14	28	32	3	0.0675676
Instant	88
1	613	28	2	0
2	16	18	1	0
3	536	37	5	0.377155
4	622	15	0	0
11	26	17	0	0
12	271	49	8	0
13	23	15	0	0
14	26	32	3	0.353774
Instant	89
1	628	27	1	0
2	31	18	0	0
3	561	33	2	0.357143
4	633	15	0	0
11	28	17	0	0
12	247	42	7	1.47059
13	25	15	0	0
14	27	32	4	0.0695733
Instant	90
1	634	26	1	0
2	32	15	0	0
3	568	35	3	0.102881
4	649	15	0	0
11	27	17	0	0
12	252	49	8	4.10156
13	24	15	0	0
14	27	31	3	0.135624
Instant	91
1	633	26	1	0
2	44	15	0	0
3	575	35	4	0
4	623	15	0	0
11	27	17	0	0
12	269	45	6	0
13	25	15	0	0
14	26	34	4	0.212264
Instant	92
1	517	28	2	0.762527
2	25	14	0	0
3	560	37	5	0.0529661
4	626	15	0	0
11	23	17	0	0
12	291	48	7	0
13	24	15	0	0
14	26	34	3	0.140449
Instant	93
1	626	28	2	0
2	38	14	0	0
3	584	33	3	0.0502008
4	631	15	0	0
11	26	18	0	0
12	265	48	9	0.757576
13	25	15	0	0
14	26	33	3	0.139405
Instant	94
1	601	28	2	0
2	38	17	0	0
3	563	34	3	0.364583
4	608	15	0	0
11	27	18	0	0
12	264	51	7	0
13	24	15	0	0
14	26	34	4	0.144788
Instant	95
1	594	28	2	0.14881
2	29	15	0	0
3	554	37	5	0.0523013
4	638	15	0	0
11	25	18	0	0
12	275	51	7	1.28676
13	24	15	0	0
14	27	33	4	0.207182
Instant	96
1	638	26	1	0.138889
2	43	14	0	0
3	527	33	3	0.910064
4	633	15	0	0
11	27	17	0	0
12	239	47	8	2.57353
13	23	15	0	0
14	26	32	3	0.277264
Instant	97
1	599	27	1	0.291262
2	25	14	0	0
3	508	37	4	0.7287
4	618	15	0	0
11	26	18	0	0
12	246	46	7	1.82927
13	22	15	0	0
14	26	34	4	0.142857
Instant	98
1	621	27	1	0
2	31	15	0	0
3	528	34	4	0.744681
4	626	15	0	0
11	27	17	0	0
12	284	50	7	2.38971
13	23	15	0	0
14	26	34	4	0.140449
Instant	99
1	620	27	1	0
2	18	15	0	0
3	548	35	5	0.209644
4	647	15	0	0
11	26	18	0	0
12	269	50	7	0.735294
13	24	15	0	0
14	27	32	4	0.204918
Instant	100
1	620	28	1	0
2	28	15	0	0
3	523	36	4	1.05088
4	627	15	0	0
11	26	17	0	0
12	238	51	5	3.37838
13	23	15	0	0
14	27	32	3	0.0700935
Instant	101
1	618	28	2	0
2	30	17	0	0
3	523	33	4	0.759219
4	634	15	0	0
11	26	17	0	0
12	298	48	6	1.28676
13	23	15	0	0
14	27	34	4	0
Instant	102
1	558	27	1	0.354251
2	20	16	0	0
3	500	38	5	0.343249
4	634	15	0	0
11	25	17	0	0
12	252	47	6	2.20588
13	22	15	0	0
14	27	32	4	0.208333
Instant	103
1	603	29	1	0
2	34	14	0	0
3	579	34	4	0.0506073
4	637	15	0	0
11	25	17	0	0
12	242	47	8	2.87162
13	25	15	0	0
14	27	33	3	0.0691882
Instant	104
1	634	27	1	0
2	37	15	0	0
3	562	33	3	0.614754
4	645	15	0	0
11	27	17	0	0
12	275	48	8	0.919118
13	24	15	0	0
14	28	31	3	0.136612
Instant	105
1	588	28	1	0.3327
2	32	17	0	0
3	500	36	5	0.581395
4	652	15	0	0
11	27	17	0	0
12	255	48	8	2.38971
13	22	15	0	0
14	27	33	3	0.134892
Instant	106
1	565	27	1	0.31185
2	6	17	0	0
3	561	35	6	0.30426
4	660	15	0	0
11	24	18	0	0
12	237	49	8	1.01351
13	25	15	0	0
14	27	32	3	0.289146
Instant	107
1	569	27	1	0.050813
2	43	16	0	0
3	488	36	5	1.097
4	607	15	0	0
11	25	17	0	0
12	290	46	7	2.38971
13	22	15	0	0
14	26	36	4	0.0725338
Instant	108
1	606	27	1	0.334608
2	25	15	0	0
3	523	31	4	0.717439
4	643	15	0	0
11	26	18	0	0
12	272	50	6	0
13	23	15	0	0
14	27	32	3	0.0685558
Instant	109
1	604	27	1	0.291829
2	23	17	0	0
3	577	33	4	0.0507099
4	686	15	0	0
11	26	17	0	0
12	253	47	5	1.33929
13	25	15	0	0
14	29	31	3	0.192637
Instant	110
1	565	29	1	0.351406
2	32	15	0	0
3	539	34	3	0.370763
4	652	15	0	0
11	25	18	0	0
12	289	46	7	2.34375
13	24	15	0	0
14	28	34	4	0
Instant	111
1	617	28	1	0
2	23	14	0	0
3	541	38	5	0.165563
4	669	15	0	0
11	26	17	0	0
12	281	53	7	0.735294
13	23	15	0	0
14	28	31	3	0.153509
Instant	112
1	600	29	1	0
2	24	17	0	0
3	497	35	4	0.946548
4	634	15	0	0
11	25	18	0	0
12	245	51	9	1.35135
13	22	15	0	0
14	26	35	4	0.0694444
Instant	113
1	584	28	1	0.294118
2	18	15	0	0
3	573	34	4	0.255102
4	646	15	0	0
11	26	17	0	0
12	281	47	9	0.735294
13	25	15	0	0
14	28	34	3	0.0681818
Instant	114
1	627	27	1	0.0468165
2	36	15	0	0
3	592	33	3	0
4	672	15	0	0
11	27	17	0	0
12	251	45	8	3.125
13	25	15	0	0
14	28	33	4	0.131119
Instant	115
1	639	26	1	0.0453721
2	30	18	0	0
3	558	35	5	0.104603
4	657	15	0	0
11	28	17	0	0
12	270	48	7	0
13	24	15	0	0
14	28	34	4	0
Instant	116
1	605	29	2	0
2	13	15	0	0
3	495	34	4	1.65563
4	669	15	0	0
11	26	18	0	0
12	292	50	9	0.919118
13	23	15	0	0
14	29	33	3	0.175439
Instant	117
1	605	29	2	0
2	29	14	0	0
3	546	36	4	0.787815
4	664	15	0	0
11	26	17	0	0
12	239	44	7	3.125
13	24	15	0	0
14	28	32	3	0.0662544
Instant	118
1	614	29	1	0
2	18	14	0	0
3	543	35	5	0.823045
4	674	15	0	0
11	26	17	0	0
12	260	50	7	1.52027
13	24	15	0	0
14	29	32	3	0.13089
Instant	119
1	615	28	2	0
2	35	14	0	0
3	591	36	5	0.149402
4	641	15	0	0
11	26	17	0	0
12	285	49	9	0.919118
13	25	15	0	0
14	27	33	3	0.0686813
