	T	D	J	LP
Instant	0
1	0	0	0	0
2	0	0	0	0
3	0	0	0	0
4	0	0	0	0
11	0	0	0	0
12	0	0	0	0
13	0	0	0	0
14	0	0	0	0
Instant	1
1	286	28	1	0
2	12	13	0	0
3	267	33	2	0.0862069
4	340	16	0	0
11	11	18	0	0
12	134	46	8	0.543478
13	11	15	0	0
14	13	40	5	0.125418
Instant	2
1	1159	31	3	0.0999001
2	6	16	0	0
3	597	46	6	5.96899
4	2177	26	0	0.588085
11	51	19	1	0
12	298	48	8	2.38971
13	33	15	0	0
14	98	32	2	0.218509
Instant	3
1	1227	33	3	0.471698
2	20	16	0	0
3	659	37	5	2.48371
4	2238	21	0	0.0200642
11	55	18	0	0
12	316	58	9	0
13	31	15	0	0
14	96	36	2	0.222863
Instant	4
1	1175	32	3	0.024975
2	10	15	0	0
3	705	37	5	0.963082
4	2033	17	0	0
11	51	19	0	0
12	265	51	9	0.675676
13	32	15	0	0
14	89	35	3	0.036169
Instant	5
1	1192	30	3	0.100402
2	22	17	0	0
3	678	39	6	0.984589
4	1627	16	0	0
11	51	19	0	0
12	263	48	10	4.22794
13	30	15	0	0
14	71	34	4	0.243858
Instant	6
1	1128	30	2	0
2	20	15	0	0
3	749	36	5	0.265957
4	1309	16	0	0
11	49	18	0	0
12	257	52	10	3.125
13	33	15	0	0
14	55	35	4	0.100897
Instant	7
1	1240	28	3	0.117481
2	18	16	0	0
3	685	40	7	0.335008
4	832	15	0	0
11	54	18	0	0
12	254	52	9	2.02703
13	30	15	0	0
14	36	36	3	0.282087
Instant	8
1	1005	29	2	0.0288018
2	24	16	0	0
3	612	37	5	0.699627
4	703	15	0	0
11	45	19	0	0
12	288	51	8	0
13	27	15	0	0
14	29	36	4	0.188127
Instant	9
1	849	30	2	0.383543
2	26	15	0	0
3	539	38	5	0.481799
4	634	15	0	0
11	37	19	0	0
12	242	53	9	2.02206
13	24	15	0	0
14	27	37	5	0.138889
Instant	10
1	803	28	3	0.317797
2	37	14	0	0
3	577	34	4	0.601202
4	631	15	0	0
11	36	19	1	0
12	253	54	10	1.52027
13	25	15	0	0
14	27	34	4	0.27933
Instant	11
1	827	28	2	0
2	23	15	0	0
3	625	36	4	0.0469925
4	592	15	0	0
11	35	19	0	0
12	277	54	8	0.183824
13	27	15	0	0
14	24	34	4	0.372024
Instant	12
1	806	28	2	0
2	31	16	0	0
3	639	40	5	0.452899
4	593	15	0	0
11	35	19	0	0
12	242	49	8	3.30882
13	28	15	0	0
14	25	33	4	0.247525
Instant	13
1	814	28	3	0
2	26	15	0	0
3	700	37	5	0.248756
4	561	15	0	0
11	36	18	0	0
12	262	52	9	0.892857
13	30	15	0	0
14	22	33	4	0.496862
Instant	14
1	763	28	2	0
2	13	16	0	0
3	604	35	4	1.10497
4	564	15	0	0
11	32	18	0	0
12	286	52	8	1.28676
13	27	15	0	0
14	24	35	4	0
Instant	15
1	755	27	2	0.153846
2	11	15	0	0
3	620	35	5	0.516917
4	554	15	0	0
11	33	19	1	0
12	298	59	9	1.28676
13	27	15	0	0
14	23	33	4	0.237844
Instant	16
1	861	29	2	0
2	7	15	0	0
3	620	39	4	0.554529
4	532	15	0	0
11	37	19	0	0
12	243	50	8	0.844595
13	27	15	0	0
14	22	37	5	0.165929
Instant	17
1	789	28	2	0.10917
2	15	16	0	0
3	533	38	5	0.551876
4	546	15	0	0
11	35	20	1	0
12	275	47	8	1.65441
13	23	15	0	0
14	23	35	4	0.241416
Instant	18
1	700	29	2	0.580431
2	18	16	0	0
3	536	37	4	0.107759
4	546	15	0	0
11	30	19	0	0
12	248	52	10	3.49265
13	23	15	0	0
14	23	36	5	0.16129
Instant	19
1	672	30	2	0
2	32	13	1	0
3	550	37	4	0.105485
4	535	15	0	0
11	29	20	0	0
12	249	51	7	2.87162
13	24	15	0	0
14	22	37	4	0.32967
Instant	20
1	781	28	2	0
2	19	14	0	0
3	557	36	4	0.0523013
4	556	15	0	0
11	33	19	0	0
12	269	51	9	1.65441
13	24	15	0	0
14	23	34	4	0.158228
Instant	21
1	803	30	3	0
2	4	15	0	0
3	556	35	3	0
4	532	15	0	0
11	35	19	1	0
12	256	51	7	1.83824
13	24	15	0	0
14	22	34	4	0.412996
Instant	22
1	840	27	2	0
2	33	17	0	0
3	500	34	5	1.39509
4	531	15	0	0
11	36	19	1	0
12	258	50	7	1.68919
13	23	15	0	0
14	21	35	5	0.497788
Instant	23
1	832	28	2	0
2	13	15	0	0
3	532	37	6	1.09603
4	549	15	0	0
11	36	19	0	0
12	269	50	9	2.38971
13	24	15	0	0
14	22	35	4	0.480769
Instant	24
1	810	29	3	0.286944
2	22	15	0	0
3	541	37	5	0.533049
4	614	15	0	0
11	35	18	0	0
12	249	48	7	1.28676
13	24	15	0	0
14	26	34	5	0.215105
Instant	25
1	762	29	2	0.266768
2	19	14	0	0
3	504	36	5	1.44124
4	620	15	0	0
11	34	19	0	0
12	264	55	8	0.446429
13	23	15	0	0
14	26	35	4	0.283019
Instant	26
1	758	28	3	0
2	15	13	0	0
3	550	32	3	0.614754
4	586	15	0	0
11	32	18	0	0
12	261	50	9	2.57353
13	24	15	0	0
14	24	36	4	0.426707
Instant	27
1	781	26	2	0
2	29	17	0	0
3	522	34	4	0.274123
4	575	15	0	0
11	34	19	1	0
12	252	48	10	4.96324
13	23	15	0	0
14	24	36	4	0
Instant	28
1	722	27	2	0.237718
2	39	17	0	0
3	539	34	3	0.915948
4	606	15	0	0
11	32	18	0	0
12	269	51	8	1.5625
13	23	15	0	0
14	26	35	4	0.218447
Instant	29
1	682	29	2	0.616197
2	42	15	0	0
3	547	35	3	0.369979
4	609	15	0	0
11	29	20	1	0
12	289	51	9	1.47059
13	24	15	0	0
14	25	34	4	0.0722543
Instant	30
1	646	29	3	0.0438596
2	28	14	0	0
3	512	37	5	0.560538
4	551	15	0	0
11	29	19	0	0
12	246	53	8	2.20588
13	22	15	0	0
14	23	35	4	0.399787
Instant	31
1	702	27	1	0.253378
2	23	17	0	0
3	561	35	5	0.305499
4	538	15	0	0
11	30	19	0	0
12	266	50	7	2.19595
13	25	15	0	0
14	22	33	4	0.326087
Instant	32
1	676	29	2	0.0425894
2	7	15	0	0
3	559	34	4	0
4	575	15	0	0
11	30	18	0	0
12	272	49	8	2.02206
13	24	15	0	0
14	24	33	4	0.153689
Instant	33
1	693	27	2	0
2	7	18	2	0
3	526	36	5	0.652174
4	538	15	0	0
11	30	19	1	0
12	262	51	10	0.919118
13	23	15	0	0
14	23	35	5	0.245098
Instant	34
1	693	28	2	0.578512
2	33	14	0	0
3	526	35	3	0.165198
4	522	15	0	0
11	30	18	0	0
12	247	50	8	1.85811
13	23	15	0	0
14	22	37	4	0.337079
Instant	35
1	765	28	2	0
2	21	14	0	0
3	578	34	4	0.359343
4	549	15	0	0
11	32	19	1	0.153374
12	256	52	13	3.125
13	25	15	0	0
14	23	34	4	0.160256
Instant	36
1	842	26	2	0
2	19	15	0	0
3	557	35	4	0.209205
4	553	15	0	0
11	36	19	0	0
12	260	55	11	2.57353
13	24	15	0	0
14	23	35	4	0.159574
Instant	37
1	675	32	2	0.25641
2	31	19	0	0
3	581	33	4	0
4	526	15	0	0
11	30	19	0	0
12	252	48	6	1.19048
13	25	15	0	0
14	22	36	5	0.25
Instant	38
1	630	28	1	0
2	19	16	0	0
3	576	34	3	0.104167
4	548	15	0	0
11	28	19	0	0
12	278	50	7	2.75735
13	24	15	0	0
14	23	35	5	0.241416
Instant	39
1	685	28	2	0
2	31	15	0	0
3	567	32	3	0.353535
4	565	15	0	0
11	29	18	0	0
12	295	54	8	0.735294
13	25	15	0	0
14	23	35	4	0.0779626
Instant	40
1	739	28	2	0
2	26	15	0	0
3	568	35	2	0.154004
4	573	15	0	0
11	32	18	0	0
12	216	45	10	4.56081
13	24	15	0	0
14	24	33	3	0.0768443
Instant	41
1	719	28	2	0
2	35	16	0	0
3	524	33	4	0.492341
4	553	15	0	0
11	31	20	0	0
12	282	52	9	2.57353
13	23	15	0	0
14	24	35	4	0.159236
Instant	42
1	660	27	2	0
2	15	15	0	0
3	520	38	3	0.5
4	528	15	0	0
11	29	20	1	0
12	265	52	9	1.10294
13	22	15	0	0
14	22	35	4	0.333333
Instant	43
1	686	27	2	0
2	23	16	0	0
3	576	33	3	0.050505
4	518	15	0	0
11	30	18	1	0
12	256	53	7	1.01351
13	25	15	0	0
14	22	39	5	0.25395
Instant	44
1	688	28	2	0.0423012
2	26	17	0	0
3	547	36	3	0.21097
4	534	15	0	0
11	30	19	0	0
12	280	52	10	0.919118
13	24	15	0	0
14	22	36	5	0.331126
Instant	45
1	711	26	2	0.25641
2	3	15	0	0
3	546	33	4	0.315126
4	549	15	0	0
11	29	19	0	0
12	255	52	9	2.75735
13	24	15	0	0
14	22	34	3	0.320513
Instant	46
1	742	28	2	0
2	0	0	0	0
3	551	35	3	0.784519
4	528	15	0	0
11	32	19	0	0
12	234	50	10	3.5473
13	24	15	0	0
14	22	36	4	0.333333
Instant	47
1	657	26	1	0.310284
2	17	17	1	0
3	557	35	3	0.315789
4	553	15	0	0
11	29	19	1	0
12	276	52	9	2.02206
13	24	15	0	0
14	23	35	4	0.238853
Instant	48
1	654	29	2	0
2	41	17	0	0
3	582	34	5	0.1002
4	547	15	0	0
11	28	18	0	0
12	239	44	7	3.125
13	25	15	0	0
14	23	36	4	0.0804721
Instant	49
1	633	29	2	0
2	24	17	0	0
3	598	32	3	0.436047
4	520	15	0	0
11	27	19	0	0
12	239	50	10	2.08333
13	26	15	0	0
14	21	37	5	0.423251
Instant	50
1	663	28	1	0
2	28	17	0	0
3	632	33	4	0.22686
4	538	15	0	0
11	28	19	0	0
12	292	52	8	1.47059
13	28	15	0	0
14	22	35	5	0.245098
Instant	51
1	643	27	1	0
2	31	15	0	0
3	614	36	5	0.280899
4	553	15	0	0
11	28	19	0	0
12	278	52	8	2.20588
13	27	15	0	0
14	23	35	3	0.318471
Instant	52
1	652	27	1	0
2	11	17	0	0
3	715	33	4	0.279553
4	563	15	0	0
11	28	19	0	0
12	248	48	6	0.173611
13	32	15	0	0
14	24	34	3	0.078125
Instant	53
1	715	29	2	0
2	23	18	0	0
3	571	36	5	1.25755
4	554	15	0	0
11	31	19	1	0
12	251	54	10	4.59559
13	25	15	0	0
14	23	35	5	0
Instant	54
1	675	28	2	0.258621
2	33	17	0	0
3	566	33	4	0.609756
4	538	15	0	0
11	29	19	0	0
12	269	51	7	1.28676
13	25	15	0	0
14	22	35	4	0.163755
Instant	55
1	781	26	1	0.225564
2	19	15	1	0
3	542	32	3	1.10063
4	543	15	0	0
11	33	18	0	0.597015
12	252	50	9	1.85811
13	24	15	0	0
14	23	37	5	0.162338
Instant	56
1	754	27	2	0
2	36	17	0	0
3	529	36	5	0.218341
4	550	15	0	0
11	34	18	0	0
12	282	52	8	1.10294
13	23	15	0	0
14	23	34	4	0.0801282
Instant	57
1	739	31	2	0.0807754
2	38	16	0	0
3	535	36	5	0.639659
4	527	15	0	0
11	31	19	0	0
12	240	51	9	2.57353
13	24	15	0	0
14	22	37	6	0.333333
Instant	58
1	748	28	2	0
2	34	15	0	0
3	574	38	6	0.639764
4	548	15	0	0
11	33	19	0	0
12	254	57	10	2.7027
13	26	15	0	0
14	23	35	5	0.321888
Instant	59
1	683	27	1	0
2	11	16	0	0
3	538	38	4	0.804721
4	562	15	0	0
11	28	19	0	0
12	291	47	8	0
13	24	15	0	0
14	23	33	4	0.234864
Instant	60
1	605	28	1	0
2	38	15	0	0
3	611	36	5	0.0478011
4	514	15	0	0
11	27	19	1	0.387597
12	265	51	9	1.83824
13	26	15	0	0
14	22	38	4	0.428082
Instant	61
1	588	25	1	0.398406
2	27	16	0	0
3	577	38	4	0.598802
4	536	15	0	0
11	25	21	2	0
12	263	53	10	1.33929
13	25	15	0	0
14	22	36	5	0.137061
Instant	62
1	585	28	1	0
2	43	17	0	0
3	601	36	5	0.240848
4	549	15	0	0
11	25	20	1	0
12	301	51	9	1.83824
13	26	15	0	0
14	23	35	4	0.160256
Instant	63
1	591	28	2	0.194932
2	21	15	0	0
3	595	38	4	0.193424
4	532	15	0	0
11	26	18	0	0
12	271	51	8	1.28676
13	26	15	0	0
14	22	35	4	0.331126
Instant	64
1	606	28	2	0
2	25	16	0	0
3	547	39	4	0.217391
4	572	15	0	0
11	26	18	0	0
12	254	58	11	3.5473
13	23	15	0	0
14	24	33	4	0.154321
Instant	65
1	576	29	2	0.302419
2	17	15	0	0
3	489	36	6	1.19048
4	554	15	0	0
11	25	18	0	0
12	261	47	10	3.125
13	22	15	0	0
14	23	35	4	0.238347
Instant	66
1	620	27	2	0
2	17	16	0	0
3	559	33	4	0.514403
4	562	15	0	0
11	26	18	0	0
12	269	55	9	1.47059
13	24	15	0	0
14	23	35	3	0.0782881
Instant	67
1	579	28	2	0.0996016
2	21	15	0	0
3	582	34	4	0.150301
4	536	15	0	0
11	25	19	1	0
12	233	54	12	3.20946
13	25	15	0	0
14	23	37	5	0.0820569
Instant	68
1	578	28	2	0.0514403
2	41	15	0	0
3	568	34	4	0.103306
4	559	15	0	0
11	24	21	1	0
12	235	47	8	5.46875
13	24	15	0	0
14	23	35	4	0.0787815
Instant	69
1	592	30	2	0
2	45	17	0	0
3	483	36	4	0.707547
4	543	15	0	0
11	25	18	0	0
12	277	49	7	0
13	21	15	0	0
14	23	36	5	0.161987
Instant	70
1	568	27	1	0.305499
2	18	18	0	0
3	528	32	2	0.965665
4	560	15	0	0
11	25	19	1	0
12	273	53	10	0.506757
13	23	15	0	0
14	24	36	4	0
Instant	71
1	549	29	2	0.0541126
2	40	15	0	0
3	561	34	4	0.356415
4	529	15	0	0
11	23	19	1	0
12	269	49	9	2.02206
13	25	15	0	0
14	22	35	4	0.166297
Instant	72
1	576	28	1	0.298211
2	35	15	0	0
3	554	34	3	0.416667
4	531	15	0	0
11	25	18	1	0
12	261	54	9	1.32576
13	24	15	0	0
14	22	37	5	0.331858
Instant	73
1	593	26	1	0
2	23	15	0	0
3	583	33	3	0
4	532	15	0	0
11	26	21	1	0
12	257	52	9	0.457317
13	24	15	0	0
14	22	36	4	0.248344
Instant	74
1	581	27	1	0.347222
2	41	14	0	0
3	554	35	3	0.313808
4	529	15	0	0
11	25	18	0	0
12	282	51	9	2.94118
13	24	15	0	0
14	22	35	4	0.415743
Instant	75
1	547	30	2	0
2	47	16	0	0
3	592	32	2	0.0488281
4	564	15	0	0
11	23	20	1	0
12	270	53	9	2.46212
13	26	15	0	0
14	24	35	4	0
Instant	76
1	609	27	1	0.0984252
2	19	15	0	0
3	551	36	4	0.16269
4	548	15	0	0
11	25	19	1	0
12	273	54	10	0
13	23	15	0	0
14	23	35	4	0.240385
Instant	77
1	572	29	1	0
2	26	17	0	0
3	492	35	5	0.520833
4	625	15	0	0
11	24	19	1	0
12	276	48	10	1.17188
13	22	15	0	0
14	26	34	4	0.0704887
Instant	78
1	562	28	2	0.305499
2	16	16	0	0
3	541	35	4	0.320513
4	532	15	0	0
11	25	20	1	0
12	270	53	9	1.17188
13	23	15	0	0
14	22	38	4	0.386313
Instant	79
1	565	29	2	0.102249
2	51	16	0	0
3	507	37	4	0.397727
4	517	15	0	0
11	24	20	1	0
12	234	47	8	3.5473
13	22	15	0	0
14	21	38	4	0.340909
Instant	80
1	627	27	1	0
2	37	16	0	0
3	501	33	4	1.44444
4	518	15	0	0
11	26	19	1	0
12	272	46	9	1.89394
13	23	15	0	0
14	21	36	5	0.452489
Instant	81
1	555	28	2	0.360082
2	35	15	0	0
3	547	33	4	0.363825
4	528	15	0	0
11	24	18	0	0
12	233	52	9	2.84091
13	24	15	0	0
14	22	37	5	0.167038
Instant	82
1	561	30	2	0
2	30	16	0	0
3	550	35	4	0.530786
4	534	15	0	0
11	24	19	1	0
12	232	51	9	3.57143
13	23	15	0	0
14	22	35	4	0.246711
Instant	83
1	606	29	2	0
2	31	18	0	0
3	575	34	3	0
4	564	15	0	0
11	26	18	0	0
12	275	52	10	1.13636
13	24	15	0	0
14	24	33	4	0.15625
Instant	84
1	584	28	2	0.304878
2	43	18	0	0
3	524	36	4	0.487013
4	551	15	0	0
11	25	19	0	0
12	268	50	7	0.94697
13	23	15	0	0
14	23	35	4	0.239362
Instant	85
1	570	28	2	0.307377
2	38	17	0	0
3	558	35	4	0.211864
4	576	15	0	0
11	25	20	1	0
12	260	47	9	1.76282
13	23	15	0	0
14	24	33	4	0
Instant	86
1	600	27	1	0
2	17	15	0	0
3	551	36	5	0.363071
4	525	15	0	0
11	26	18	0	0
12	293	48	10	1.10294
13	24	15	0	0
14	22	38	5	0.251678
Instant	87
1	602	28	1	0
2	18	15	0	0
3	539	33	3	0.852878
4	554	15	0	0
11	26	18	1	0
12	272	52	9	1.47059
13	24	15	0	0
14	23	35	5	0
Instant	88
1	589	28	1	0
2	29	14	0	0
3	572	34	3	0.0511247
4	520	15	0	0
11	25	19	1	0
12	261	53	9	3.04054
13	24	15	0	0
14	21	36	4	0.506757
Instant	89
1	589	28	2	0
2	17	16	0	0
3	565	34	4	0.308642
4	565	15	0	0
11	26	19	1	0
12	231	49	9	2.20588
13	24	15	0	0
14	24	34	3	0.155925
Instant	90
1	592	29	1	0
2	1	14	0	0
3	574	34	2	0.0514403
4	574	15	0	0
11	25	19	0	0
12	262	52	10	4.10156
13	24	15	0	0
14	24	34	4	0
Instant	91
1	585	28	2	0.289575
2	21	18	1	0
3	539	35	4	0.477707
4	534	15	0	0
11	26	18	0	0
12	263	54	9	0.675676
13	24	15	0	0
14	22	36	4	0.165198
Instant	92
1	621	26	1	0.0484496
2	7	17	0	0
3	518	35	4	0.334821
4	548	15	0	0
11	26	20	1	0
12	281	48	7	0.94697
13	22	15	0	0
14	23	35	5	0.0802998
Instant	93
1	564	30	2	0
2	38	17	0	0
3	478	33	4	1.22951
4	567	15	0	0
11	25	19	1	0
12	248	49	8	1.32576
13	21	15	0	0
14	24	34	4	0.0774793
Instant	94
1	599	28	2	0
2	18	15	0	0
3	581	32	3	0.396825
4	554	15	0	0
11	25	19	1	0
12	258	53	9	1.18243
13	25	15	0	0
14	24	35	4	0
Instant	95
1	572	29	2	0.153061
2	26	17	0	0
3	499	36	4	0.913242
4	553	15	0	0
11	25	19	0	0
12	238	48	7	4.96324
13	22	15	0	0
14	23	36	5	0
Instant	96
1	627	25	1	0
2	20	15	0	0
3	562	35	4	0.254582
4	546	15	0	0
11	27	19	1	0
12	257	49	7	0.551471
13	25	15	0	0
14	23	33	4	0.321888
Instant	97
1	599	28	1	0
2	28	16	0	0
3	559	35	5	0.155925
4	535	15	0	0
11	25	19	1	0
12	262	56	9	0.914634
13	24	15	0	0
14	22	35	5	0.32967
Instant	98
1	592	28	1	0
2	28	15	0	0
3	504	35	5	0.523256
4	533	15	0	0
11	25	19	1	0
12	277	52	7	1.10294
13	22	15	0	0
14	22	36	5	0.247797
Instant	99
1	553	28	2	0.627615
2	32	14	0	0
3	521	33	4	0.809935
4	559	15	0	0
11	24	19	0	0
12	266	53	10	3.86029
13	23	15	0	0
14	23	34	4	0.236345
Instant	100
1	562	30	2	0.202429
2	18	16	0	0
3	485	37	6	0.992991
4	539	15	0	0
11	25	19	1	0
12	238	52	8	4.22297
13	21	15	0	0
14	23	35	5	0.245098
Instant	101
1	585	29	2	0
2	21	15	0	0
3	560	35	3	0.0519751
4	546	15	0	0
11	25	19	0	0
12	272	47	8	1.65441
13	24	15	0	0
14	22	35	4	0.403226
Instant	102
1	606	27	1	0
2	29	15	0	0
3	518	36	5	0.818777
4	554	15	0	0
11	26	19	1	0
12	257	50	6	2.02206
13	23	15	0	0
14	24	35	5	0.0794492
Instant	103
1	613	28	1	0
2	28	16	0	0
3	548	36	4	0.163043
4	554	15	0	0
11	25	19	0	0
12	243	51	10	2.7027
13	23	15	0	0
14	23	36	5	0.0794492
Instant	104
1	584	27	1	0.0490196
2	41	15	0	0
3	552	35	3	0
4	558	15	0	0
11	25	19	1	0.301205
12	278	50	8	1.65441
13	24	15	0	0
14	23	32	4	0.315789
Instant	105
1	582	28	2	0
2	22	16	0	0
3	564	36	3	0.0530786
4	541	15	0	0
11	25	20	1	0
12	252	50	9	1.28676
13	24	15	0	0
14	23	36	4	0.162338
Instant	106
1	598	28	1	0
2	32	15	0	0
3	546	36	4	0.158562
4	541	15	0	0
11	25	19	1	0
12	261	49	8	1.85811
13	24	15	0	0
14	23	36	4	0.163399
Instant	107
1	577	29	2	0
2	34	16	0	0
3	534	35	4	0.538793
4	545	15	0	0
11	24	20	1	0
12	281	52	8	1.10294
13	23	15	0	0
14	23	36	4	0.0806452
Instant	108
1	585	28	1	0.350701
2	29	16	0	0
3	572	35	4	0
4	550	15	0	0
11	25	18	0	0
12	245	49	8	2.38971
13	24	15	0	0
14	23	36	5	0.160256
Instant	109
1	571	28	1	0
2	32	16	0	0
3	547	36	3	0.316456
4	552	15	0	0
11	26	20	1	0
12	263	50	7	0.595238
13	24	15	0	0
14	23	35	4	0.0796178
Instant	110
1	640	25	1	0
2	11	17	0	0
3	538	35	6	0.373932
4	510	15	0	0
11	27	19	1	0
12	277	49	8	2.34375
13	23	15	0	0
14	21	37	5	0.517241
Instant	111
1	587	28	2	0
2	16	17	0	0
3	535	37	5	0.324675
4	565	15	0	0
11	25	20	1	0
12	257	56	11	3.125
13	23	15	0	0
14	24	34	4	0
Instant	112
1	600	27	1	0
2	22	17	0	0
3	554	35	3	0.105708
4	554	15	0	0
11	26	19	1	0
12	246	50	10	2.36486
13	24	15	0	0
14	23	36	5	0.238853
Instant	113
1	599	27	1	0
2	20	16	0	0
3	600	33	3	0
4	560	15	0	0
11	25	20	1	0
12	258	45	7	2.38971
13	25	15	0	0
14	23	34	4	0.0784519
Instant	114
1	606	27	1	0
2	49	15	0	0
3	568	34	3	0.0513347
4	530	15	0	0
11	26	18	0	0
12	264	50	9	1.65441
13	24	15	0	0
14	22	35	4	0.277162
Instant	115
1	627	26	1	0
2	21	14	0	0
3	502	33	3	1.06264
4	532	15	0	0
11	26	19	0	0
12	264	50	8	1.35135
13	22	15	0	0
14	22	37	5	0.165198
Instant	116
1	598	27	1	0
2	36	15	0	0
3	547	35	3	0.378788
4	541	15	0	0
11	26	18	0	0
12	285	54	10	1.47059
13	23	15	0	0
14	22	35	5	0.326087
Instant	117
1	592	28	2	0.0490196
2	19	15	0	0
3	521	36	5	0.645161
4	554	15	0	0
11	26	18	0	0
12	247	51	7	2.94118
13	23	15	0	0
14	23	35	4	0.238853
Instant	118
1	576	28	1	0.304878
2	44	14	0	0
3	584	33	3	0
4	535	15	0	0
11	25	19	0	0
12	267	53	9	0.844595
13	25	15	0	0
14	23	36	4	0.164114
Instant	119
1	581	29	2	0
2	30	16	0	0
3	521	38	5	0.388027
4	557	15	0	0
11	25	19	1	0
12	286	50	8	0.919118
13	23	15	0	0
14	23	34	5	0.158228
