	T	D	J	LP
Instant	0
1	0	0	0	0
2	0	0	0	0
3	0	0	0	0
4	0	0	0	0
11	0	0	0	0
12	0	0	0	0
13	0	0	0	0
14	0	0	0	0
Instant	1
1	342	32	1	0
2	7	13	0	0
3	233	35	5	0.383142
4	403	17	0	0
11	13	17	0	0
12	138	56	8	0
13	10	15	0	0
14	15	32	3	0
Instant	2
1	1036	45	3	5.32599
2	18	18	0	0
3	787	44	6	2.6084
4	2271	22	1	0.0918885
11	56	19	0	0
12	290	54	10	2.38971
13	38	15	0	0
14	97	32	2	0.359712
Instant	3
1	1165	39	3	1.92132
2	11	14	0	0
3	821	40	5	0.590278
4	2217	20	0	0
11	57	19	0	0
12	302	57	10	1.65441
13	37	15	0	0
14	95	34	2	0.125995
Instant	4
1	1232	31	3	0.192493
2	22	16	0	0
3	729	40	6	1.7134
4	2029	17	0	0
11	54	21	1	0
12	261	55	11	1.68919
13	33	15	0	0
14	90	33	2	0.10857
Instant	5
1	1064	33	3	0
2	18	14	0	0
3	579	40	6	1.1079
4	1764	17	0	0
11	47	19	1	0
12	272	52	10	4.22794
13	27	15	0	0
14	76	33	3	0.0998668
Instant	6
1	1012	29	3	0.144844
2	30	17	0	0
3	588	37	6	1.3308
4	1421	16	0	0
11	44	18	0	0
12	282	57	9	0.735294
13	26	15	0	0
14	62	34	3	0.13452
Instant	7
1	925	30	3	0.189394
2	15	18	0	0
3	634	36	5	0.185185
4	1271	16	0	0
11	40	18	0	0
12	255	54	10	1.68919
13	27	15	0	0
14	56	33	2	0.034658
Instant	8
1	907	30	3	0
2	36	17	0	0
3	585	35	4	1.91257
4	1105	15	0	0
11	39	19	1	0
12	283	57	10	0
13	28	15	0	0
14	48	34	3	0.0398512
Instant	9
1	832	28	2	0.0347222
2	15	15	0	0
3	606	36	5	0.335249
4	953	16	0	0
11	36	19	1	0
12	271	57	10	0.183824
13	26	15	0	0
14	40	34	4	0.138889
Instant	10
1	775	27	2	0.18797
2	30	15	0	0
3	705	37	4	0.123762
4	941	16	0	0
11	34	19	1	0
12	254	54	9	1.01351
13	30	15	0	0
14	41	33	4	0
Instant	11
1	725	29	3	0
2	32	14	0	0
3	705	38	5	0.25
4	925	15	0	0
11	31	18	1	0
12	269	54	10	1.83824
13	31	15	0	0
14	40	34	3	0.142948
Instant	12
1	629	28	2	0.362319
2	18	17	1	0
3	576	38	6	1.35135
4	819	16	0	0
11	28	19	1	0
12	248	53	9	2.75735
13	26	15	0	0
14	34	34	4	0.358166
Instant	13
1	646	27	2	0
2	28	16	0	0
3	511	37	5	1.81237
4	812	15	0	0
11	28	19	1	0
12	254	52	9	1.93452
13	24	15	0	0
14	35	33	3	0.0541908
Instant	14
1	658	27	1	0
2	35	15	0	0
3	521	35	4	1.16773
4	835	16	0	0
11	28	19	0	0
12	292	53	9	0.919118
13	24	15	0	0
14	36	35	5	0.105485
Instant	15
1	641	28	1	0.275735
2	27	15	0	0
3	594	36	5	0.94697
4	805	16	0	0
11	27	18	0	0
12	279	54	10	2.02206
13	27	15	0	0
14	34	34	4	0.109649
Instant	16
1	650	27	1	0
2	31	17	0	0
3	636	38	5	0.94086
4	828	15	0	0
11	28	19	0	0
12	243	52	8	2.19595
13	28	15	0	0
14	36	35	4	0.106383
Instant	17
1	641	28	2	0
2	35	16	0	0
3	606	35	4	0.977654
4	832	15	0	0
11	28	19	1	0
12	262	54	8	2.20588
13	27	15	0	0
14	35	36	4	0.106082
Instant	18
1	660	28	2	0
2	31	15	0	0
3	527	35	5	1.06838
4	801	15	0	0
11	28	19	0	0
12	259	54	10	3.125
13	24	15	0	0
14	34	34	3	0
Instant	19
1	645	28	2	0
2	37	15	0	0
3	513	36	5	0.337838
4	882	15	0	0
11	27	19	0	0
12	260	56	10	1.01351
13	22	15	0	0
14	38	33	3	0.149601
Instant	20
1	773	26	1	0
2	16	15	0	0
3	493	38	7	1.24717
4	906	16	0	0
11	33	19	1	0
12	244	52	8	3.30882
13	22	15	0	0
14	39	34	4	0.129702
Instant	21
1	734	29	2	0.542636
2	23	17	0	0
3	526	37	5	0.386313
4	863	15	0	0
11	33	18	0	0
12	264	55	8	2.02206
13	23	15	0	0
14	37	33	3	0.357629
Instant	22
1	707	28	2	0
2	31	17	0	0
3	599	35	4	0.484496
4	801	15	0	0
11	29	19	1	0
12	239	51	8	3.20946
13	26	15	0	0
14	34	34	3	0.128299
Instant	23
1	705	26	1	0
2	39	17	0	0
3	626	35	5	0.831874
4	767	15	0	0
11	31	20	1	0
12	243	50	10	4.04412
13	29	15	0	0
14	33	33	4	0.114855
Instant	24
1	688	27	1	0.0421585
2	5	17	0	0
3	499	39	6	1.82232
4	684	15	0	0
11	30	19	1	0
12	241	56	12	2.75735
13	22	15	0	0
14	29	35	4	0.321612
Instant	25
1	647	28	2	0
2	17	17	0	0
3	554	35	5	0.0523013
4	691	15	0	0
11	28	19	0	0
12	231	55	10	3.72024
13	24	15	0	0
14	29	34	4	0.319421
Instant	26
1	572	29	2	0.560081
2	27	14	0	0
3	588	33	4	0.0504032
4	718	15	0	0
11	25	20	1	0
12	290	57	12	0.919118
13	25	15	0	0
14	30	33	4	0.122549
Instant	27
1	594	27	2	0.243191
2	2	13	0	0
3	524	36	4	0.219298
4	692	15	0	0
11	26	19	1	0
12	280	53	9	2.57353
13	23	15	0	0
14	29	36	4	0.191327
Instant	28
1	571	29	1	0.304878
2	16	17	0	0
3	531	34	5	1.16034
4	666	15	0	0
11	25	18	0	0
12	248	55	9	3.125
13	24	15	0	0
14	28	33	3	0.198063
Instant	29
1	573	28	3	0.307377
2	15	19	0	0
3	602	37	5	0
4	657	15	0	0
11	24	19	1	0.303644
12	280	57	10	0.551471
13	26	15	0	0
14	28	35	4	0.0670841
Instant	30
1	599	28	1	0
2	21	17	0	0
3	541	39	6	0.744681
4	635	15	0	0
11	26	18	1	0
12	272	57	9	2.02206
13	24	15	0	0
14	27	34	3	0.0693161
Instant	31
1	567	30	2	0
2	28	17	0	0
3	573	34	4	0.688976
4	644	15	0	0
11	25	19	0	0
12	227	52	8	4.05405
13	26	15	0	0
14	27	34	4	0.136861
Instant	32
1	606	27	1	0.049505
2	25	16	0	0
3	528	36	4	0.601751
4	626	15	0	0
11	25	19	1	0
12	270	55	11	2.20588
13	23	15	0	0
14	26	34	3	0.210674
Instant	33
1	606	27	1	0
2	22	14	0	0
3	501	36	4	0.674157
4	631	15	0	0
11	27	18	1	0
12	246	53	10	3.67647
13	22	15	0	0
14	27	34	4	0.209497
Instant	34
1	606	28	1	0
2	21	15	0	0
3	553	36	5	0.318471
4	647	15	0	0
11	26	18	0	0
12	243	53	8	3.04054
13	24	15	0	0
14	28	34	4	0
Instant	35
1	613	26	1	0
2	10	16	0	0
3	506	35	5	0.397727
4	655	15	0	0
11	27	18	0	0
12	230	50	10	5.14706
13	22	15	0	0
14	27	34	3	0.201975
Instant	36
1	606	29	2	0
2	40	16	0	0
3	585	36	4	0.646123
4	609	15	0	0
11	24	18	0	0
12	265	56	8	1.28676
13	25	15	0	0
14	26	35	4	0.240848
Instant	37
1	578	27	2	0
2	21	15	0	0
3	438	32	3	1.59705
4	620	15	0	0
11	26	19	0	0
12	229	54	13	3.86905
13	21	15	0	0
14	27	34	4	0
Instant	38
1	606	27	1	0
2	27	14	0	0
3	568	36	5	0.306122
4	598	15	0	0
11	25	19	1	0
12	278	55	11	2.57353
13	25	15	0	0
14	25	35	4	0.147059
Instant	39
1	558	29	3	0.413223
2	31	15	0	0
3	666	32	4	0.472509
4	603	15	0	0
11	24	18	1	0
12	289	57	9	2.20588
13	29	15	0	0
14	25	36	5	0.0730994
Instant	40
1	599	27	1	0.331439
2	13	14	0	0
3	572	37	5	0.759109
4	630	15	0	0
11	27	18	0	0
12	260	58	10	2.36486
13	25	15	0	0
14	27	33	3	0
Instant	41
1	544	27	1	0.429185
2	22	16	0	0
3	539	37	6	0.572917
4	592	15	0	0
11	23	19	1	0
12	265	52	10	1.83824
13	24	15	0	0
14	24	35	4	0.371287
Instant	42
1	591	28	2	0
2	23	16	0	0
3	569	38	4	0.560081
4	592	15	0	0
11	25	19	0	0
12	257	53	12	2.20588
13	24	15	0	0
14	24	36	4	0.372024
Instant	43
1	551	27	1	0
2	29	15	0	0
3	534	38	5	0.852878
4	586	15	0	0
11	24	20	1	0
12	259	56	12	1.85811
13	24	15	0	0
14	25	35	5	0.15
Instant	44
1	620	27	1	0.286807
2	3	17	0	0
3	578	36	5	0.578035
4	640	15	0	0
11	26	18	0	0
12	287	54	8	0.919118
13	26	15	0	0
14	27	32	3	0.183486
Instant	45
1	572	28	1	0.363071
2	13	16	0	0
3	567	37	4	0.860324
4	597	15	0	0
11	24	19	1	0
12	212	51	11	6.43382
13	25	15	0	0
14	25	35	4	0.369094
Instant	46
1	585	29	2	0
2	35	13	0	0
3	568	38	5	0.653924
4	566	15	0	0
11	26	18	0	0
12	232	59	12	4.05405
13	25	15	0	0
14	23	35	4	0.233402
Instant	47
1	594	27	1	0.3
2	19	15	1	0
3	610	35	4	0
4	566	15	0	0
11	25	19	0	0
12	225	53	11	6.43382
13	26	15	0	0
14	24	35	4	0.414938
Instant	48
1	569	29	2	0
2	28	16	0	0
3	542	37	5	1.2474
4	591	15	0	0
11	25	19	1	0
12	241	52	10	2.94118
13	24	15	0	0
14	25	34	4	0.173611
Instant	49
1	585	29	2	0.0496032
2	35	15	0	0
3	631	33	5	0
4	623	15	0	0
11	25	19	1	0
12	255	55	10	0.595238
13	28	15	0	0
14	26	33	3	0.0706215
Instant	50
1	565	30	2	0.0543478
2	23	15	0	0
3	606	34	4	0.145349
4	631	15	0	0
11	23	20	1	0
12	276	53	9	2.02206
13	26	15	0	0
14	27	32	3	0.0929368
Instant	51
1	580	29	2	0
2	34	17	0	0
3	555	36	5	0.308008
4	632	15	0	0
11	25	19	1	0
12	265	57	10	4.04412
13	25	15	0	0
14	26	34	4	0.139405
Instant	52
1	579	30	2	0.0494071
2	44	17	0	0
3	512	35	5	1.32743
4	583	15	0	0
11	25	18	0	0
12	254	53	10	2.25694
13	23	15	0	0
14	24	34	4	0.10101
Instant	53
1	596	27	1	0
2	32	18	0	0
3	570	36	5	1.08268
4	557	15	0	0
11	25	20	1	0
12	243	53	11	3.30882
13	25	15	0	0
14	23	34	4	0.316456
Instant	54
1	556	29	2	0.308642
2	38	16	0	0
3	645	35	5	0.728988
4	560	15	0	0
11	24	19	1	0
12	256	56	11	2.75735
13	29	15	0	0
14	23	34	4	0.0786164
Instant	55
1	612	27	1	0.0496032
2	19	15	0	0
3	567	40	7	1.72414
4	556	15	0	0
11	25	19	1	0
12	242	56	12	3.88514
13	25	15	0	0
14	24	35	4	0.0789474
Instant	56
1	575	29	2	0
2	27	15	0	0
3	592	34	4	0.434363
4	549	15	0	0
11	25	19	1	0
12	232	54	9	4.41176
13	26	15	0	0
14	22	34	4	0.240385
Instant	57
1	562	29	2	0.0499002
2	26	16	0	0
3	631	38	4	0.800712
4	543	15	0	0
11	25	19	0	0
12	274	57	11	1.83824
13	28	15	0	0
14	23	34	3	0.405844
Instant	58
1	599	27	1	0.295858
2	24	18	0	0
3	596	37	6	0.722543
4	582	15	0	0
11	26	19	1	0
12	238	55	11	3.37838
13	26	15	0	0
14	24	32	3	0.15121
Instant	59
1	618	27	1	0
2	22	16	0	0
3	450	38	5	1.84729
4	576	15	0	0
11	26	19	1	0
12	250	51	10	4.59559
13	20	15	0	0
14	24	32	4	0.229592
Instant	60
1	613	26	1	0
2	29	15	0	0
3	540	35	3	0.42735
4	560	15	0	0
11	27	19	1	0
12	217	53	12	6.61765
13	23	15	0	0
14	24	35	4	0.0784519
Instant	61
1	598	27	1	0
2	16	15	0	0
3	494	35	4	0.799087
4	574	15	0	0
11	26	19	0	0
12	260	55	11	1.4881
13	22	15	0	0
14	24	33	3	0.0768443
Instant	62
1	582	28	2	0.0486381
2	19	15	1	0
3	541	34	4	0.423729
4	546	15	0	0
11	26	19	1	0
12	296	55	12	1.28676
13	24	15	0	0
14	23	36	5	0.0804721
Instant	63
1	612	28	1	0.0496032
2	31	17	0	0
3	572	34	5	0.460123
4	560	15	0	0
11	25	19	0	0
12	242	57	10	4.77941
13	25	15	0	0
14	23	34	4	0.235849
Instant	64
1	585	28	1	0
2	30	16	0	0
3	507	37	4	0.629291
4	545	15	0	0
11	25	19	1	0
12	235	54	10	4.56081
13	22	15	0	0
14	23	36	4	0
Instant	65
1	585	29	1	0
2	17	17	0	0
3	568	33	4	0.102881
4	561	15	0	0
11	25	19	1	0
12	274	58	12	2.57353
13	24	15	0	0
14	24	33	4	0.156904
Instant	66
1	579	27	1	0.303644
2	9	17	0	0
3	530	36	3	0.37234
4	574	15	0	0
11	25	20	1	0
12	260	56	9	1.28676
13	24	15	0	0
14	24	34	4	0.153689
Instant	67
1	612	27	1	0
2	25	15	0	0
3	548	35	3	0.107296
4	553	15	0	0
11	26	19	1	0
12	251	58	11	2.19595
13	23	15	0	0
14	23	35	4	0.158898
Instant	68
1	584	27	2	0.343137
2	36	14	0	0
3	525	35	4	0.860215
4	553	15	0	0
11	26	18	0	0
12	265	54	12	1.5625
13	23	15	0	0
14	23	34	4	0.0796178
Instant	69
1	620	27	2	0
2	11	14	0	0
3	525	34	4	1.13391
4	589	15	0	0
11	27	18	0	0
12	230	53	10	5.69853
13	23	15	0	0
14	25	31	3	0.224104
Instant	70
1	604	27	1	0
2	26	16	0	0
3	576	34	5	0.05
4	556	15	0	0
11	26	19	1	0
12	240	52	10	3.20946
13	25	15	0	0
14	24	35	5	0
Instant	71
1	611	29	2	0
2	13	15	0	0
3	538	37	4	0.382096
4	611	15	0	0
11	25	18	0	0
12	237	50	8	5.88235
13	23	15	0	0
14	26	31	3	0.0721154
Instant	72
1	584	27	2	0.291262
2	27	16	0	0
3	558	37	5	0.0534188
4	549	15	0	0
11	26	18	0	0
12	238	51	11	3.0303
13	24	15	0	0
14	23	35	4	0.1606
Instant	73
1	592	29	2	0.0507099
2	22	16	0	0
3	568	35	4	0
4	560	15	0	0
11	25	19	0	0
12	221	54	12	4.42073
13	25	15	0	0
14	24	35	4	0.0786164
Instant	74
1	627	26	1	0
2	25	16	0	0
3	557	34	3	0.416667
4	556	15	0	0
11	27	19	0	0
12	250	52	9	4.04412
13	24	15	0	0
14	23	33	4	0.315789
Instant	75
1	592	27	1	0
2	38	15	0	0
3	578	34	3	0.102041
4	557	15	0	0
11	26	19	1	0
12	261	54	11	4.54545
13	25	15	0	0
14	23	35	4	0.237342
Instant	76
1	606	27	2	0
2	40	16	0	0
3	569	32	4	0.45
4	571	15	0	0
11	25	19	1	0
12	239	52	10	4.16667
13	25	15	0	0
14	24	34	3	0
Instant	77
1	585	28	1	0
2	35	17	0	0
3	486	40	6	0.943396
4	563	15	0	0
11	25	20	1	0
12	253	48	9	3.90625
13	21	15	0	0
14	23	33	4	0.313152
Instant	78
1	592	28	2	0
2	45	18	0	0
3	505	36	5	0.451467
4	583	15	0	0
11	26	19	0	0
12	264	54	11	1.75781
13	22	15	0	0
14	24	32	3	0.150905
Instant	79
1	613	27	2	0
2	28	16	0	0
3	561	34	3	0
4	539	15	0	0
11	26	19	1	0
12	244	54	10	2.53378
13	24	15	0	0
14	22	35	4	0.543478
Instant	80
1	592	28	2	0
2	21	15	0	0
3	546	35	3	0.423729
4	579	15	0	0
11	26	18	0	0
12	255	50	11	3.97727
13	24	15	0	0
14	24	33	4	0.15213
Instant	81
1	606	27	2	0
2	28	15	0	0
3	540	38	4	0.164114
4	553	15	0	0
11	26	20	1	0
12	254	51	8	1.51515
13	23	15	0	0
14	24	35	4	0
Instant	82
1	585	28	2	0
2	15	15	0	0
3	578	37	6	0.0506073
4	563	15	0	0
11	25	19	1	0
12	224	49	11	3.57143
13	25	15	0	0
14	23	34	4	0.0782881
Instant	83
1	554	28	1	0.317797
2	19	17	0	0
3	629	34	4	0.321101
4	585	15	0	0
11	23	20	1	0.313808
12	266	52	10	2.27273
13	28	15	0	0
14	25	33	4	0.0753012
Instant	84
1	561	29	2	0.153689
2	28	15	0	0
3	518	34	4	1.18026
4	550	15	0	0
11	25	19	1	0
12	273	53	8	0.378788
13	24	15	0	0
14	23	33	4	0.320513
Instant	85
1	606	27	2	0.0484496
2	43	15	0	0
3	538	36	5	0.326797
4	581	15	0	0
11	26	19	0	0
12	257	53	11	1.44231
13	23	15	0	0
14	25	32	4	0.0757576
Instant	86
1	618	27	2	0
2	37	15	0	0
3	534	34	5	0.643777
4	556	15	0	0
11	26	18	0	0
12	281	50	11	2.20588
13	24	15	0	0
14	23	33	4	0.237342
Instant	87
1	606	26	1	0
2	27	18	0	0
3	543	35	3	0.367647
4	565	15	0	0
11	27	19	0	0
12	273	57	9	2.75735
13	24	15	0	0
14	24	33	4	0.0778008
Instant	88
1	601	29	2	0
2	35	17	0	0
3	546	31	4	1.12705
4	549	15	0	0
11	25	18	0	0
12	247	56	11	3.20946
13	25	15	0	0
14	23	34	4	0.240899
Instant	89
1	589	27	1	0
2	34	16	0	0
3	502	32	4	0.742009
4	536	15	0	0
11	25	21	2	0
12	242	49	11	4.41176
13	22	15	0	0
14	22	36	5	0.164114
Instant	90
1	583	29	2	0
2	34	16	0	0
3	546	35	4	0.922131
4	542	15	0	0
11	25	19	1	0
12	242	54	11	2.73438
13	25	15	0	0
14	23	36	4	0.243506
Instant	91
1	614	26	1	0
2	19	15	0	0
3	579	38	5	0.201207
4	558	15	0	0
11	27	19	1	0
12	251	50	10	3.04054
13	25	15	0	0
14	24	35	3	0
Instant	92
1	554	28	2	0.366109
2	15	15	0	0
3	493	37	5	1.16279
4	564	15	0	0
11	24	20	1	0
12	276	55	10	1.32576
13	21	15	0	0
14	23	35	4	0.15625
Instant	93
1	599	28	2	0
2	37	15	0	0
3	524	35	6	0.599129
4	577	15	0	0
11	25	18	1	0
12	251	54	10	2.46212
13	23	15	0	0
14	24	33	3	0.0763747
Instant	94
1	608	28	2	0
2	10	15	0	0
3	520	34	4	1.02151
4	567	15	0	0
11	26	18	0	0
12	224	52	10	4.05405
13	24	15	0	0
14	24	33	4	0.232919
Instant	95
1	620	26	1	0
2	36	15	0	0
3	548	37	5	0.375536
4	541	15	0	0
11	26	19	1	0
12	260	52	11	2.20588
13	23	15	0	0
14	22	33	4	0.324675
Instant	96
1	583	28	1	0
2	20	13	0	0
3	573	36	4	1.35397
4	590	15	0	0
11	26	19	1	0
12	259	55	11	1.65441
13	26	15	0	0
14	25	32	4	0.0747012
Instant	97
1	609	27	2	0
2	8	15	0	0
3	591	35	5	0.436047
4	559	15	0	0
11	26	19	1	0
12	235	57	12	2.89634
13	26	15	0	0
14	24	34	4	0.236345
Instant	98
1	628	26	1	0
2	24	15	0	0
3	611	34	4	0.3327
4	574	15	0	0
11	27	19	0	0
12	261	50	8	3.86029
13	27	15	0	0
14	24	33	4	0.153374
Instant	99
1	587	28	2	0
2	30	15	0	0
3	528	37	4	0.480769
4	547	15	0	0
11	25	19	1	0
12	267	59	14	2.38971
13	24	15	0	0
14	23	36	4	0.160944
Instant	100
1	606	27	1	0
2	8	16	2	0
3	539	37	5	0.597826
4	578	15	0	0
11	26	19	0	0
12	247	56	10	4.39189
13	23	15	0	0
14	24	32	3	0.0762195
Instant	101
1	613	27	1	0
2	21	15	0	0
3	550	35	5	0.420168
4	556	15	0	0
11	26	19	1	0
12	254	50	9	1.65441
13	24	15	0	0
14	23	35	4	0.237342
Instant	102
1	584	27	1	0
2	19	14	0	0
3	520	35	5	0.965665
4	556	15	0	0
11	26	21	2	0
12	252	56	11	4.04412
13	23	15	0	0
14	23	34	4	0.158562
Instant	103
1	599	28	2	0.0490196
2	31	15	0	0
3	551	36	4	0.160256
4	563	15	0	0
11	26	18	0	0
12	233	55	9	3.20946
13	23	15	0	0
14	24	35	4	0
Instant	104
1	592	28	1	0.304878
2	28	16	0	0
3	567	35	4	0.103306
4	560	15	0	0
11	25	19	0	0
12	275	55	9	2.02206
13	24	15	0	0
14	23	34	3	0.314465
Instant	105
1	583	28	1	0
2	39	15	0	0
3	584	34	4	0.0502008
4	554	15	0	0
11	26	19	1	0
12	251	50	12	3.125
13	25	15	0	0
14	23	35	3	0.159236
Instant	106
1	520	28	2	0.714286
2	25	15	0	0
3	530	36	5	0.324675
4	559	15	0	0
11	22	18	0	0.328947
12	230	54	9	1.85811
13	23	15	0	0
14	23	34	4	0.157233
Instant	107
1	604	26	1	0
2	25	18	0	0
3	571	35	4	0.205761
4	581	15	0	0
11	25	20	1	0
12	275	53	8	3.67647
13	24	15	0	0
14	24	34	3	0.253036
Instant	108
1	573	28	2	0.250501
2	33	14	0	0
3	481	35	4	0.704225
4	587	15	0	0
11	25	19	1	0
12	238	54	10	3.67647
13	21	15	0	0
14	24	33	4	0.174651
Instant	109
1	586	28	1	0
2	21	16	0	0
3	600	34	3	0.241313
4	577	15	0	0
11	25	20	1	0
12	261	56	9	0.892857
13	26	15	0	0
14	24	34	4	0.510204
Instant	110
1	592	28	1	0
2	20	18	0	0
3	571	35	5	0.608519
4	597	15	0	0
11	25	19	1	0
12	219	54	11	7.61719
13	24	15	0	0
14	25	33	3	0.0736739
Instant	111
1	613	27	1	0
2	25	16	0	0
3	582	36	4	0.394477
4	600	15	0	0
11	26	19	0	0
12	246	58	9	4.41176
13	25	15	0	0
14	25	33	4	0.146771
Instant	112
1	597	29	1	0
2	38	18	0	0
3	471	37	5	1.85185
4	568	15	0	0
11	25	18	0	0
12	249	58	10	3.04054
13	22	15	0	0
14	25	35	4	0.180412
Instant	113
1	620	25	1	0
2	16	20	0	0
3	525	37	4	0.869565
4	641	15	0	0
11	27	19	0	0
12	278	55	11	1.28676
13	23	15	0	0
14	27	31	3	0.206422
Instant	114
1	597	26	1	0
2	33	15	0	0
3	572	33	4	0.0514403
4	558	15	0	0
11	25	19	1	0.295276
12	224	51	9	4.41176
13	24	15	0	0
14	23	36	4	0.236345
Instant	115
1	577	27	2	0.297619
2	34	16	0	0
3	527	40	5	0.388889
4	624	15	0	0
11	25	19	1	0.301205
12	252	53	11	0.506757
13	23	15	0	0
14	26	31	3	0.235405
Instant	116
1	593	27	1	0
2	27	17	0	0
3	545	36	4	0
4	635	15	0	0
11	26	20	1	0
12	238	55	12	6.98529
13	23	15	0	0
14	27	34	4	0.207948
Instant	117
1	578	29	1	0
2	48	14	0	0
3	518	37	6	0.382096
4	567	15	0	0
11	25	18	0	0
12	257	54	11	1.65441
13	23	15	0	0
14	24	37	5	0.15528
Instant	118
1	634	27	1	0
2	41	16	0	0
3	553	36	5	0.159915
4	548	15	0	0
11	27	19	1	0
12	250	56	11	2.7027
13	23	15	0	0
14	23	34	4	0.240899
Instant	119
1	585	28	1	0
2	43	15	0	0
3	418	39	8	2.1875
4	556	15	0	0
11	25	19	0	0
12	264	49	8	2.75735
13	20	15	0	0
14	23	34	3	0.0791139
