	T	D	J	LP
Instant	0
1	0	0	0	0
2	0	0	0	0
3	0	0	0	0
4	0	0	0	0
11	0	0	0	0
12	0	0	0	0
13	0	0	0	0
14	0	0	0	0
Instant	1
1	262	33	3	0
2	30	17	0	0
3	318	31	2	0
4	398	16	0	0
11	11	17	0	0
12	138	51	10	0
13	13	15	0	0
14	15	34	4	0
Instant	2
1	1159	32	2	0.177305
2	18	17	0	0
3	902	46	5	2.67857
4	2076	20	0	0
11	51	17	0	0
12	313	54	8	0
13	44	15	0	0
14	89	34	2	0
Instant	3
1	1076	30	2	0.537057
2	5	16	0	0
3	932	37	6	1.76263
4	1983	17	0	0
11	48	17	0	0
12	296	54	10	1.65441
13	44	15	0	0
14	86	35	2	0.288803
Instant	4
1	1076	29	2	0.217865
2	12	15	0	0
3	774	35	5	2.10414
4	1818	17	0	0
11	47	17	0	0
12	271	55	7	1.85811
13	36	15	0	0
14	81	33	3	0.0404008
Instant	5
1	946	27	2	0
2	30	17	0	0
3	722	36	5	0.436508
4	1523	17	0	0
11	42	17	0	0
12	290	56	11	2.20588
13	32	15	0	0
14	66	35	3	0.15444
Instant	6
1	806	29	2	0
2	9	14	0	0
3	551	33	4	1.58487
4	1342	16	0	0
11	35	18	0	0
12	265	52	7	1.28676
13	25	15	0	0
14	57	33	3	0.175285
Instant	7
1	778	28	2	0
2	11	15	0	0
3	635	34	5	0.756228
4	1110	16	0	0
11	33	18	0	0
12	273	52	7	0
13	28	15	0	0
14	49	33	3	0.132415
Instant	8
1	725	26	2	0.276899
2	17	16	0	0
3	639	35	5	0.362319
4	991	16	0	0
11	32	18	1	0.0796178
12	266	44	6	2.20588
13	28	15	0	0
14	43	35	4	0.0886525
Instant	9
1	831	27	3	0.41841
2	36	14	0	0
3	490	32	3	1.74014
4	942	15	0	0
11	36	17	0	0
12	264	54	10	0.551471
13	22	15	0	0
14	39	36	4	0.234082
Instant	10
1	887	28	3	0.0981675
2	26	14	0	0
3	574	34	3	0.050505
4	917	15	0	0
11	39	17	0	0
12	264	55	9	0
13	25	15	0	0
14	39	31	3	0.304097
Instant	11
1	942	29	3	0.762195
2	20	17	0	0
3	590	34	3	0.0489237
4	877	15	0	0
11	42	17	0	0
12	275	53	8	0.919118
13	25	15	0	0
14	37	34	3	0.16756
Instant	12
1	863	30	3	0.496032
2	21	14	0	0
3	575	33	2	0.150905
4	842	15	0	0
11	39	18	0	0
12	258	51	10	1.10294
13	25	15	0	0
14	36	35	4	0.296374
Instant	13
1	842	29	3	0.276243
2	24	15	0	0
3	563	29	2	0.714286
4	823	15	0	0
11	37	17	0	0
12	238	52	11	2.82738
13	24	15	0	0
14	35	32	3	0.232143
Instant	14
1	900	28	3	0
2	35	14	0	0
3	595	32	2	0.247036
4	816	15	0	0
11	40	18	0	0
12	301	52	10	0.919118
13	25	15	0	0
14	34	34	3	0.179856
Instant	15
1	844	29	3	0.0719424
2	36	14	0	0
3	585	32	3	0
4	805	15	0	0
11	35	17	0	0
12	275	55	10	2.38971
13	25	15	0	0
14	35	35	3	0.0547445
Instant	16
1	778	28	2	0.410448
2	23	15	0	0
3	575	32	2	0.301811
4	833	15	0	0
11	34	18	0	0
12	255	51	8	1.01351
13	25	15	0	0
14	35	33	3	0.175809
Instant	17
1	802	26	2	0.360231
2	10	15	0	0
3	575	32	3	0.20284
4	821	16	0	0
11	35	17	0	0
12	281	51	10	0.919118
13	25	15	0	0
14	34	33	3	0.268625
Instant	18
1	793	28	2	0
2	21	14	0	0
3	588	32	2	0.404858
4	798	15	0	0
11	35	18	0	0
12	253	53	10	1.28676
13	25	15	0	0
14	34	34	4	0.33137
Instant	19
1	794	29	1	0
2	16	17	0	0
3	587	32	2	0.145914
4	794	15	0	0
11	34	17	0	0
12	253	50	10	2.53378
13	26	15	0	0
14	34	34	3	0.166667
Instant	20
1	844	29	2	0
2	8	17	1	0
3	527	36	3	0.749465
4	730	15	0	0
11	36	17	0	0
12	270	49	7	2.02206
13	23	15	0	0
14	30	35	4	0.140675
Instant	21
1	862	27	1	0
2	32	18	0	0
3	593	33	3	0.05
4	754	15	0	0
11	37	17	0	0
12	259	51	7	1.28676
13	25	15	0	0
14	32	34	4	0.116822
Instant	22
1	855	27	1	0
2	36	16	0	0
3	586	32	3	0
4	763	15	0	0
11	38	17	0	0
12	266	53	11	0.675676
13	25	15	0	0
14	33	32	3	0.115385
Instant	23
1	836	28	1	0
2	24	15	0	0
3	538	33	4	0.530786
4	742	15	0	0
11	36	17	0	0
12	285	53	9	0.551471
13	24	15	0	0
14	31	36	4	0.177725
Instant	24
1	892	28	2	0
2	22	16	0	0
3	563	36	4	0.316456
4	735	15	0	0
11	38	17	0	0
12	251	52	7	1.47059
13	24	15	0	0
14	31	36	4	0.259585
Instant	25
1	928	28	2	0.192802
2	4	13	0	0
3	546	36	3	0
4	744	15	0	0
11	40	18	0	0
12	266	53	10	0.14881
13	24	15	0	0
14	31	35	3	0.177725
Instant	26
1	886	29	2	0.0972763
2	15	14	0	0
3	584	32	3	0.644841
4	742	15	0	0
11	39	17	0	0
12	290	52	7	0.551471
13	25	15	0	0
14	32	36	5	0.178006
Instant	27
1	922	26	1	0.094697
2	39	16	0	0
3	605	32	3	0.0480769
4	763	15	0	0
11	40	17	0	0
12	301	56	7	0
13	26	15	0	0
14	32	35	4	0.115562
Instant	28
1	1114	26	1	0
2	27	17	0	0
3	588	33	3	0.0502008
4	760	15	0	0
11	47	17	0	0
12	263	55	9	1.90972
13	25	15	0	0
14	33	36	4	0
Instant	29
1	1060	28	2	0.37961
2	17	17	0	0
3	588	32	3	0.296443
4	741	15	0	0
11	47	17	0	0
12	283	50	8	1.65441
13	25	15	0	0
14	32	35	4	0.118859
Instant	30
1	1066	28	2	0
2	28	15	0	0
3	537	34	4	0.632911
4	765	15	0	0
11	47	17	0	0
12	250	54	7	3.125
13	24	15	0	0
14	32	35	4	0.0576037
Instant	31
1	1046	29	2	0.0277778
2	33	17	0	0
3	580	32	4	0.303644
4	771	15	0	0
11	46	17	0	0
12	249	49	8	2.36486
13	25	15	0	0
14	33	31	3	0.22831
Instant	32
1	980	28	1	0
2	13	18	0	0
3	583	31	3	0.343811
4	764	15	0	0
11	41	17	0	0
12	282	52	9	1.10294
13	25	15	0	0
14	33	34	3	0.0577812
Instant	33
1	987	27	2	0
2	16	15	0	0
3	599	31	2	0
4	780	15	0	0
11	44	17	0	0
12	244	56	7	2.94118
13	25	15	0	0
14	34	32	3	0.0564759
Instant	34
1	954	29	2	0.0301205
2	13	16	0	0
3	528	36	4	0.858369
4	755	15	0	0
11	43	18	0	0
12	249	47	8	2.7027
13	24	15	0	0
14	31	35	5	0.291149
Instant	35
1	904	27	1	0.322581
2	23	16	0	0
3	580	32	2	0.356415
4	781	15	0	0
11	39	17	0	0
12	270	50	7	1.47059
13	25	15	0	0
14	33	32	4	0.113122
Instant	36
1	855	29	1	0
2	28	16	1	0
3	563	35	3	0
4	757	15	0	0
11	37	18	0	0
12	270	53	8	0.367647
13	24	15	0	0
14	32	35	4	0.0580495
Instant	37
1	860	28	2	0
2	24	15	0	0
3	601	31	2	0.289575
4	780	15	0	0
11	36	17	0	0
12	246	50	8	2.38095
13	26	15	0	0
14	33	33	4	0.282805
Instant	38
1	829	27	1	0
2	18	15	0	0
3	510	36	3	0.441501
4	761	15	0	0
11	37	18	0	0
12	277	53	9	3.125
13	23	15	0	0
14	31	36	4	0.231481
Instant	39
1	868	26	1	0.034153
2	8	14	0	0
3	626	32	3	0.423729
4	746	15	0	0
11	37	17	0	0
12	262	55	10	4.22794
13	27	15	0	0
14	32	34	4	0.177165
Instant	40
1	846	27	1	0
2	15	16	0	0
3	614	32	3	0.41744
4	752	15	0	0
11	37	17	0	0
12	260	51	10	2.02703
13	27	15	0	0
14	32	34	4	0.351014
Instant	41
1	806	27	1	0.0365497
2	30	16	0	0
3	556	31	4	1.37475
4	801	15	0	0
11	35	18	0	0
12	288	53	10	1.10294
13	25	15	0	0
14	33	35	4	0.0550661
Instant	42
1	809	27	1	0
2	16	16	0	0
3	592	33	4	0.568182
4	778	15	0	0
11	35	17	0	0
12	258	51	8	1.83824
13	27	15	0	0
14	34	35	4	0.16994
Instant	43
1	822	27	2	0
2	25	14	0	0
3	592	35	3	0.496032
4	798	15	0	0
11	35	17	0	0
12	256	50	7	1.35135
13	25	15	0	0
14	34	33	4	0.165441
Instant	44
1	733	28	1	0.238095
2	22	16	1	0
3	581	31	3	0.590551
4	775	15	0	0
11	32	17	0	0
12	272	51	9	2.94118
13	26	15	0	0
14	33	35	4	0.113809
Instant	45
1	731	28	2	0.267994
2	42	17	0	0
3	587	32	3	0.34585
4	705	15	0	0
11	33	17	0	0
12	258	52	7	1.83824
13	25	15	0	0
14	30	36	4	0.145349
Instant	46
1	814	27	2	0.0745156
2	25	17	0	0
3	593	32	3	0.0488281
4	705	15	0	0
11	34	17	0	0
12	240	52	9	2.7027
13	26	15	0	0
14	30	34	4	0.0626043
Instant	47
1	796	27	1	0
2	22	17	0	0
3	536	32	4	1.02371
4	720	15	0	0
11	35	17	0	0
12	269	50	8	2.38971
13	23	15	0	0
14	30	32	3	0.305375
Instant	48
1	792	28	2	0
2	4	17	2	0
3	487	34	5	0.523256
4	730	15	0	0
11	35	17	0	0
12	241	49	6	2.57353
13	22	15	0	0
14	31	31	3	0.0604839
Instant	49
1	804	28	2	0
2	10	18	0	0
3	574	32	3	0.352823
4	703	15	0	0
11	34	17	0	0
12	258	48	8	0.744048
13	25	15	0	0
14	29	34	3	0.208681
Instant	50
1	774	29	1	0
2	41	17	0	0
3	579	31	3	0.149402
4	695	15	0	0
11	33	17	0	0
12	296	49	8	0.183824
13	25	15	0	0
14	30	32	3	0.126689
Instant	51
1	738	28	2	0.50702
2	22	16	0	0
3	606	32	3	0.390625
4	678	16	0	0
11	33	17	0	0
12	289	50	8	1.10294
13	26	15	0	0
14	29	34	3	0.129758
Instant	52
1	796	27	2	0
2	17	14	0	0
3	525	36	4	0.487013
4	669	15	0	0
11	34	17	0	0
12	228	50	9	4.16667
13	23	15	0	0
14	28	34	4	0.26362
Instant	53
1	743	29	2	0
2	8	17	0	0
3	533	34	3	0.941423
4	677	15	0	0
11	31	18	0	0
12	275	52	10	1.28676
13	24	15	0	0
14	29	35	4	0.0651042
Instant	54
1	726	28	2	0
2	0	13	2	0
3	480	38	4	1.19048
4	660	15	0	0
11	32	17	0	0
12	260	50	7	1.65441
13	21	15	0	0
14	28	35	4	0.266904
Instant	55
1	729	28	2	0.0398089
2	24	16	0	0
3	587	33	3	0.246063
4	711	16	0	0
11	32	17	0	0
12	245	52	11	2.87162
13	26	15	0	0
14	30	33	3	0.0618812
Instant	56
1	682	28	2	0.254669
2	35	14	0	0
3	507	33	4	0.782998
4	699	15	0	0
11	30	17	0	0
12	282	55	9	0.551471
13	22	15	0	0
14	29	33	3	0.251678
Instant	57
1	696	29	2	0.289735
2	33	16	0	0
3	586	34	3	0
4	703	16	0	0
11	31	17	0	0
12	273	55	10	0.919118
13	25	15	0	0
14	29	33	4	0.188442
Instant	58
1	706	27	2	0
2	35	17	0	0
3	560	33	2	0
4	682	15	0	0
11	30	17	0	0
12	263	52	10	1.18243
13	24	15	0	0
14	30	35	4	0.129088
Instant	59
1	645	27	2	0.716846
2	37	16	0	0
3	507	32	4	0.862069
4	670	16	0	0
11	28	18	0	0.452899
12	284	50	8	1.65441
13	22	15	0	0
14	28	37	4	0.0656743
Instant	60
1	652	28	2	0.591985
2	27	14	0	0
3	567	32	3	0
4	663	15	0	0
11	28	17	0	0
12	274	56	9	0.367647
13	24	15	0	0
14	28	35	4	0.199115
Instant	61
1	718	27	2	0
2	29	15	0	0
3	571	34	4	0.603622
4	664	15	0	0
11	31	18	0	0
12	251	50	7	2.08333
13	25	15	0	0
14	29	36	5	0.0663717
Instant	62
1	732	27	2	0
2	17	16	0	0
3	601	33	3	0.247036
4	653	15	0	0
11	33	17	0	0
12	284	50	9	3.125
13	25	15	0	0
14	28	35	4	0.067446
Instant	63
1	726	29	1	0
2	14	16	0	0
3	612	31	2	0
4	669	15	0	0
11	31	17	0	0
12	301	56	7	0
13	27	15	0	0
14	28	34	5	0.0657895
Instant	64
1	751	26	1	0
2	39	15	0	0
3	571	34	4	0.152439
4	666	15	0	0
11	31	18	0	0
12	269	53	11	0.844595
13	25	15	0	0
14	28	36	4	0.132275
Instant	65
1	706	29	4	0
2	36	16	0	0
3	540	34	3	0.434783
4	666	15	0	0
11	31	18	0	0
12	286	51	8	0.735294
13	23	15	0	0
14	27	33	4	0.330688
Instant	66
1	661	29	2	0.132979
2	34	17	0	0
3	596	30	2	0.340467
4	667	15	0	0
11	29	18	0	0
12	279	52	7	0.367647
13	26	15	0	0
14	28	33	3	0.396127
Instant	67
1	692	27	1	0
2	27	15	0	0
3	574	31	2	0
4	680	15	0	0
11	29	18	0	0
12	215	52	10	3.88514
13	25	15	0	0
14	28	35	4	0.194301
Instant	68
1	632	31	3	0.0454545
2	17	14	0	0
3	558	35	4	0.421941
4	722	15	0	0
11	28	17	0	0
12	266	47	10	3.125
13	24	15	0	0
14	30	33	4	0.182927
Instant	69
1	662	27	1	0.265957
2	20	16	0	0
3	560	34	3	0.360825
4	681	15	0	0
11	28	18	0	0
12	267	55	9	1.47059
13	24	15	0	0
14	29	37	4	0
Instant	70
1	668	28	1	0
2	22	16	0	0
3	582	35	4	0
4	709	15	0	0
11	29	17	0	0
12	243	50	9	3.04054
13	25	15	0	0
14	29	34	4	0.103306
Instant	71
1	673	28	1	0
2	35	14	0	0
3	506	32	3	1.00671
4	663	15	0	0
11	28	17	0	0
12	253	47	9	3.67647
13	22	15	0	0
14	28	35	3	0.353357
Instant	72
1	673	28	1	0.0432526
2	25	14	0	0
3	568	32	3	0.305499
4	702	15	0	0
11	29	17	0	0
12	257	52	8	2.46212
13	25	15	0	0
14	29	35	4	0.125628
Instant	73
1	700	26	1	0
2	31	15	0	0
3	535	33	3	0.641026
4	703	15	0	0
11	30	17	0	0
12	237	48	9	1.82927
13	24	15	0	0
14	29	33	4	0.146566
Instant	74
1	596	29	2	0.571429
2	36	19	0	0
3	595	31	3	0.341131
4	635	15	0	0
11	26	17	0	0
12	259	50	10	5.69853
13	26	15	0	0
14	27	33	3	0.369686
Instant	75
1	682	27	1	0
2	42	15	0	0
3	625	30	2	0.0462963
4	654	15	0	0
11	29	17	0	0
12	248	52	8	3.0303
13	27	15	0	0
14	28	34	3	0.067325
Instant	76
1	691	27	1	0
2	34	16	0	0
3	574	33	3	0.714286
4	653	15	0	0
11	29	17	0	0
12	246	51	9	3.125
13	24	15	0	0
14	27	34	4	0.269784
Instant	77
1	675	27	1	0
2	18	17	0	0
3	605	31	2	0.0478927
4	614	15	0	0
11	29	18	0	0
12	275	50	11	2.92969
13	26	15	0	0
14	26	34	4	0.310115
Instant	78
1	687	27	1	0
2	18	17	0	0
3	604	30	2	0.288462
4	625	15	0	0
11	30	17	0	0
12	253	56	11	2.34375
13	26	15	0	0
14	26	34	3	0.141243
Instant	79
1	676	28	2	0
2	31	18	0	0
3	559	34	4	0.311203
4	609	15	0	0
11	29	17	0	0
12	265	54	10	0.844595
13	24	15	0	0
14	25	35	4	0.288462
Instant	80
1	693	26	1	0
2	70	18	0	0
3	555	33	4	0.366876
4	597	15	0	0
11	30	17	0	0
12	263	48	9	2.08333
13	24	15	0	0
14	25	37	5	0.221457
Instant	81
1	634	28	1	0
2	33	18	0	0
3	583	33	3	0.149105
4	640	15	0	0
11	28	17	0	0
12	244	52	9	2.84091
13	25	15	0	0
14	27	34	4	0.0689338
Instant	82
1	638	29	2	0.555556
2	32	15	1	0
3	611	31	2	0.094697
4	617	15	0	0
11	27	18	0	0
12	238	47	10	3.03571
13	27	15	0	0
14	26	34	3	0.142857
Instant	83
1	679	28	1	0
2	33	15	0	0
3	605	31	2	0.0490196
4	621	15	0	0
11	29	17	0	0
12	288	51	8	0.378788
13	26	15	0	0
14	26	34	3	0.283554
Instant	84
1	667	28	1	0
2	41	17	0	0
3	595	31	2	0
4	621	15	0	0
11	28	17	0	0
12	246	50	9	2.27273
13	26	15	0	0
14	26	35	4	0
Instant	85
1	641	30	2	0
2	18	16	0	0
3	561	34	4	0.411523
4	611	15	0	0
11	28	17	0	0
12	262	48	8	1.44231
13	24	15	0	0
14	25	34	4	0.432692
Instant	86
1	691	27	1	0
2	14	16	0	0
3	544	34	4	0.421941
4	613	15	0	0
11	29	18	0	0
12	307	51	10	1.28676
13	24	15	0	0
14	26	34	3	0.215517
Instant	87
1	691	26	1	0
2	17	16	0	0
3	558	34	4	0.36157
4	603	15	0	0
11	30	17	0	0
12	252	51	8	3.49265
13	24	15	0	0
14	25	36	5	0.291829
Instant	88
1	688	26	1	0
2	22	15	0	0
3	509	33	4	1.07466
4	625	15	0	0
11	30	17	0	0
12	248	53	8	2.87162
13	22	15	0	0
14	26	33	3	0.140977
Instant	89
1	641	27	2	0.271248
2	37	14	0	0
3	570	31	3	0.496032
4	603	15	0	0
11	28	17	0	0
12	275	51	8	0
13	25	15	0	0
14	25	35	4	0.292398
Instant	90
1	648	28	2	0.0448029
2	28	17	1	0
3	549	33	3	0.845666
4	611	15	0	0
11	28	17	0	0
12	251	51	11	2.34375
13	24	15	0	0
14	25	33	4	0.431034
Instant	91
1	698	27	1	0
2	25	16	0	0
3	571	32	3	0.148221
4	607	15	0	0
11	29	18	0	0
12	252	51	10	2.19595
13	25	15	0	0
14	26	36	4	0.0726744
Instant	92
1	662	28	2	0
2	17	16	0	0
3	565	34	3	0.46875
4	656	15	0	0
11	29	17	0	0
12	283	53	9	0.757576
13	24	15	0	0
14	27	32	3	0.134409
Instant	93
1	634	29	2	0.273723
2	28	17	0	0
3	575	31	3	0.357873
4	632	15	0	0
11	28	18	0	0
12	264	53	11	1.13636
13	24	15	0	0
14	27	35	5	0
Instant	94
1	655	28	1	0.181818
2	14	17	0	0
3	591	32	3	0.295276
4	607	15	0	0
11	28	17	0	0
12	258	53	7	0.675676
13	26	15	0	0
14	26	35	4	0.0725338
Instant	95
1	674	28	1	0
2	32	18	0	0
3	585	32	2	0
4	603	15	0	0
11	30	17	0	0
12	242	48	8	4.41176
13	26	15	0	0
14	25	36	5	0.291829
Instant	96
1	666	27	2	0
2	26	17	0	0
3	533	35	3	0.591398
4	632	15	0	0
11	29	18	0	0
12	254	48	8	0.919118
13	23	15	0	0
14	26	33	3	0.348513
Instant	97
1	676	28	2	0.0438596
2	20	16	0	0
3	614	31	2	0.0487329
4	632	15	0	0
11	29	17	0	0
12	246	49	9	2.59146
13	26	15	0	0
14	27	35	4	0.162338
Instant	98
1	658	29	2	0
2	19	14	0	0
3	524	33	4	0.682773
4	635	15	0	0
11	29	17	0	0
12	275	53	9	1.83824
13	24	15	0	0
14	26	33	3	0.0693161
Instant	99
1	686	28	2	0
2	45	14	0	0
3	587	30	4	0.6
4	610	15	0	0
11	28	17	0	0
12	289	57	9	2.75735
13	25	15	0	0
14	25	32	3	0.576923
Instant	100
1	688	27	1	0
2	39	15	0	0
3	594	32	3	0
4	625	15	0	0
11	29	17	0	0
12	241	49	9	2.53378
13	26	15	0	0
14	27	34	4	0.0704887
Instant	101
1	672	28	1	0
2	35	16	0	0
3	528	35	4	0.48913
4	611	15	0	0
11	29	17	0	0
12	280	53	9	1.83824
13	23	15	0	0
14	25	33	4	0.360577
Instant	102
1	683	26	1	0
2	26	16	0	0
3	592	33	3	0.343137
4	624	15	0	0
11	30	17	0	0
12	263	52	11	1.65441
13	25	15	0	0
14	26	32	4	0.211864
Instant	103
1	693	27	1	0
2	19	15	0	0
3	537	36	5	0.382096
4	646	15	0	0
11	30	17	0	0
12	253	50	7	1.68919
13	23	15	0	0
14	27	32	4	0.136364
Instant	104
1	693	27	1	0
2	36	17	0	0
3	565	35	3	0.257202
4	634	15	0	0
11	29	17	0	0
12	252	52	8	3.49265
13	24	15	0	0
14	27	32	4	0.20872
Instant	105
1	680	27	1	0
2	13	15	0	0
3	545	34	3	0.425532
4	616	15	0	0
11	30	17	0	0
12	258	53	11	2.20588
13	24	15	0	0
14	26	33	4	0.213878
Instant	106
1	648	28	1	0.265957
2	20	17	0	0
3	606	31	3	0.287356
4	635	15	0	0
11	28	18	0	0
12	271	53	8	0.337838
13	26	15	0	0
14	26	34	4	0.0694444
Instant	107
1	671	28	1	0
2	40	15	0	0
3	566	34	3	0
4	590	15	0	0
11	28	17	0	0
12	278	54	7	1.28676
13	24	15	0	0
14	25	36	5	0.223214
Instant	108
1	669	28	1	0
2	29	14	0	0
3	572	32	3	0.454545
4	597	15	0	0
11	29	17	0	0
12	227	48	10	4.41176
13	25	15	0	0
14	25	38	4	0.147638
Instant	109
1	655	27	2	0.263158
2	38	14	0	0
3	500	34	3	0.731982
4	606	15	0	0
11	29	18	0	0
12	268	52	9	0.744048
13	22	15	0	0
14	25	36	3	0.218023
Instant	110
1	651	29	1	0.274725
2	19	16	0	0
3	560	33	3	0.416667
4	635	15	0	0
11	27	17	0	0
12	293	48	7	1.36719
13	24	15	0	0
14	26	34	4	0.439002
Instant	111
1	641	27	1	0.269784
2	37	17	0	0
3	581	33	4	0.0503018
4	636	15	0	0
11	28	17	0	0
12	250	52	7	2.20588
13	25	15	0	0
14	27	34	4	0.161738
Instant	112
1	675	28	2	0
2	25	15	0	0
3	544	37	4	0.321199
4	623	15	0	0
11	29	17	0	0
12	258	54	8	1.85811
13	23	15	0	0
14	26	34	4	0.0707547
Instant	113
1	684	27	1	0
2	33	15	0	0
3	492	36	5	0.522042
4	602	15	0	0
11	30	17	0	0
12	288	48	8	0.367647
13	22	15	0	0
14	25	35	4	0.218872
Instant	114
1	642	28	2	0.272232
2	22	17	0	0
3	569	34	5	0.402415
4	639	15	0	0
11	28	17	0	0
12	262	56	10	1.65441
13	25	15	0	0
14	26	34	3	0.0690608
Instant	115
1	683	27	1	0
2	8	15	1	0
3	566	32	3	0.512295
4	605	15	0	0
11	30	17	0	0
12	233	49	9	2.87162
13	24	15	0	0
14	26	35	4	0.145349
Instant	116
1	672	28	2	0
2	44	13	0	0
3	511	31	2	0.944444
4	620	15	0	0
11	28	17	0	0
12	279	53	11	4.04412
13	23	15	0	0
14	26	33	4	0.284091
Instant	117
1	691	27	1	0
2	33	15	0	0
3	521	33	3	0.720621
4	656	15	0	0
11	30	17	0	0
12	258	51	8	1.65441
13	23	15	0	0
14	27	32	3	0.134168
Instant	118
1	692	26	1	0
2	18	15	0	0
3	574	32	3	0.295858
4	621	15	0	0
11	30	17	0	0
12	263	55	11	1.18243
13	25	15	0	0
14	26	34	3	0.331439
Instant	119
1	692	27	2	0
2	16	15	2	0
3	606	32	3	0
4	617	15	0	0
11	29	17	0	0
12	287	52	8	0
13	26	15	0	0
14	25	34	3	0.357143
