	T	D	J	LP
Instant	0
1	0	0	0	0
2	0	0	0	0
3	0	0	0	0
4	0	0	0	0
11	0	0	0	0
12	0	0	0	0
13	0	0	0	0
14	0	0	0	0
Instant	1
1	289	28	2	0
2	8	18	0	0
3	206	38	6	0.233645
4	200	15	0	0
11	12	19	1	0
12	134	50	9	0.543478
13	9	15	0	0
14	7	44	10	0.0694444
Instant	2
1	1101	31	3	0.106724
2	5	17	0	0
3	633	39	6	0.276243
4	1246	16	0	0
11	48	18	0	0
12	296	53	8	2.38971
13	27	15	0	0
14	51	38	3	0.624411
Instant	3
1	1035	29	3	0
2	22	18	0	0
3	521	37	5	0.809935
4	1106	16	0	0
11	44	19	0	0
12	293	54	8	0.735294
13	24	15	0	0
14	47	40	3	0.345377
Instant	4
1	1093	28	2	0
2	39	16	0	0
3	535	37	5	1.58898
4	856	16	0	0
11	48	20	1	0.215054
12	275	50	9	3.20946
13	24	15	0	0
14	36	38	4	0.308642
Instant	5
1	885	29	2	0.327654
2	25	15	0	0
3	595	37	5	0.43021
4	769	15	0	0
11	39	19	1	0
12	284	51	12	1.47059
13	26	15	0	0
14	32	37	4	0.248092
Instant	6
1	732	29	2	0.588697
2	42	15	0	0
3	619	38	5	0.142315
4	647	15	0	0
11	32	19	1	0
12	257	54	8	1.28676
13	26	15	0	0
14	27	37	5	0.681818
Instant	7
1	704	29	2	0.0420168
2	41	14	0	0
3	594	39	4	0.381679
4	598	15	0	0
11	30	20	1	0
12	232	46	9	4.89865
13	26	15	0	0
14	25	41	6	0.392927
Instant	8
1	713	29	3	0.362903
2	14	16	0	0
3	542	39	6	1.00211
4	638	15	0	0
11	31	19	1	0
12	266	48	7	2.38971
13	24	15	0	0
14	27	39	5	0.345304
Instant	9
1	705	27	2	0.0423729
2	17	18	0	0
3	564	38	4	0.358607
4	587	15	0	0
11	30	19	1	0
12	254	54	11	1.83824
13	24	15	0	0
14	25	39	5	0
Instant	10
1	781	28	2	0
2	40	16	0	0
3	546	37	6	0.878099
4	543	15	0	0
11	34	19	1	0
12	258	51	8	0.506757
13	24	15	0	0
14	22	39	6	0.539957
Instant	11
1	771	28	2	0.112952
2	42	17	0	0
3	545	40	6	0.215054
4	596	15	0	0
11	34	19	1	0
12	278	54	8	0.183824
13	23	15	0	0
14	24	38	5	0.19685
Instant	12
1	669	27	2	1.31796
2	19	14	0	0
3	533	38	6	1.10063
4	596	15	0	0
11	31	19	1	0
12	259	53	9	1.28676
13	24	15	0	0
14	25	37	5	0.343811
Instant	13
1	653	27	2	0
2	26	15	0	0
3	574	36	5	0.453629
4	569	15	0	0
11	28	19	1	0
12	262	56	9	1.04167
13	25	15	0	0
14	24	40	6	0.284091
Instant	14
1	656	27	2	0.179856
2	22	17	0	0
3	524	39	5	0.806452
4	550	15	0	0
11	28	19	0	0
12	308	51	8	0.735294
13	23	15	0	0
14	23	38	5	0.267094
Instant	15
1	638	28	2	0.139405
2	26	19	0	0
3	579	39	7	0.355691
4	522	15	0	0
11	27	18	0	0
12	263	50	8	2.57353
13	25	15	0	0
14	21	37	4	0.421348
Instant	16
1	591	27	1	0.0496032
2	18	15	0	0
3	555	36	5	0.770021
4	504	15	0	0
11	25	20	1	0
12	264	56	10	1.85811
13	24	15	0	0
14	21	39	5	0.0874126
Instant	17
1	571	28	1	0
2	25	18	0	0
3	567	37	6	0.759109
4	516	15	0	0
11	25	19	0	0
12	262	52	10	1.10294
13	25	15	0	0
14	22	37	4	0.339367
Instant	18
1	599	28	1	0.294118
2	39	16	0	0
3	481	39	7	1.34831
4	598	15	0	0
11	26	18	0	0
12	252	52	10	3.125
13	22	15	0	0
14	25	38	5	0.294695
Instant	19
1	540	29	2	0.374732
2	32	16	0	0
3	562	37	5	0.618557
4	557	15	0	0
11	23	19	1	0
12	249	50	7	2.87162
13	24	15	0	0
14	22	40	5	0.712025
Instant	20
1	593	28	2	0.0974659
2	47	17	0	0
3	571	41	6	0.050813
4	520	15	0	0
11	26	18	0	0
12	278	53	8	0.735294
13	25	15	0	0
14	22	38	5	0.282805
Instant	21
1	599	28	1	0
2	26	14	0	0
3	558	40	6	0.156904
4	482	15	0	0
11	26	18	0	0
12	232	48	8	4.04412
13	24	15	0	0
14	20	43	7	0.27439
Instant	22
1	596	29	2	0
2	25	18	0	0
3	533	41	7	1.50415
4	496	15	0	0
11	25	19	0	0
12	257	56	9	1.52027
13	24	15	0	0
14	20	36	5	0.795991
Instant	23
1	592	27	1	0.290698
2	19	17	0	0
3	593	36	5	0.770713
4	517	15	0	0
11	26	18	0	0
12	288	54	10	0.367647
13	26	15	0	0
14	21	40	5	0.255102
Instant	24
1	603	27	1	0
2	23	15	0	0
3	534	39	5	0.688559
4	523	15	0	0
11	26	19	1	0
12	231	54	9	3.30882
13	24	15	0	0
14	21	40	5	0.394144
Instant	25
1	611	28	2	0
2	21	16	0	0
3	574	38	5	0.732422
4	509	15	0	0
11	26	19	0	0
12	254	50	7	1.6369
13	26	15	0	0
14	21	37	5	0.45977
Instant	26
1	519	28	2	0.384615
2	14	17	0	0
3	526	37	5	1.27932
4	489	15	0	0
11	23	20	1	0
12	272	50	8	3.125
13	24	15	0	0
14	20	40	6	0.269784
Instant	27
1	618	27	1	0
2	24	18	0	0
3	501	38	5	0.986079
4	500	15	0	0
11	26	18	0	0
12	257	57	9	1.28676
13	22	15	0	0
14	20	39	5	0.470588
Instant	28
1	592	27	1	0
2	20	18	0	0
3	501	38	5	0.617977
4	480	15	0	0
11	26	19	1	0
12	251	54	8	5.03472
13	22	15	0	0
14	20	41	6	0.091687
Instant	29
1	599	28	1	0
2	26	16	0	0
3	548	36	5	0.215517
4	502	15	0	0
11	25	19	1	0
12	299	54	10	0
13	23	15	0	0
14	20	38	5	0.525701
Instant	30
1	575	28	2	0.302419
2	26	15	0	0
3	471	39	5	0.785024
4	505	15	0	0
11	25	18	0	0
12	235	48	8	3.49265
13	21	15	0	0
14	21	38	5	0.437063
Instant	31
1	632	28	2	0.317604
2	21	16	0	0
3	453	39	5	0.905797
4	511	15	0	0
11	28	19	1	0
12	261	54	10	1.85811
13	21	15	0	0
14	21	38	5	0.258028
Instant	32
1	661	27	2	0.940171
2	22	16	0	0
3	543	35	4	0.646552
4	493	15	0	0
11	29	19	1	0
12	265	48	8	3.125
13	23	15	0	0
14	21	40	6	0.267221
Instant	33
1	651	28	2	0
2	20	15	1	0
3	518	37	5	0.824176
4	488	15	0	0
11	28	18	0	0.264085
12	265	50	9	1.47059
13	23	15	0	0
14	20	40	6	0.361446
Instant	34
1	734	27	2	0
2	34	15	0	0
3	515	37	6	0.663717
4	487	15	0	0
11	32	19	0	0
12	239	53	9	2.19595
13	23	15	0	0
14	20	40	5	0.451807
Instant	35
1	732	27	2	0.231839
2	40	15	0	0
3	549	36	5	0.37234
4	503	15	0	0
11	33	20	1	0
12	252	55	10	2.57353
13	24	15	0	0
14	20	38	5	0.524476
Instant	36
1	628	29	2	0.47619
2	9	16	0	0
3	562	33	4	0.310559
4	486	15	0	0
11	26	19	1	0
12	247	56	12	3.49265
13	24	15	0	0
14	19	41	6	0.362319
Instant	37
1	634	28	2	0
2	25	15	0	0
3	500	38	6	0.777778
4	478	15	0	0
11	28	19	1	0
12	268	52	9	0
13	23	15	0	0
14	19	40	6	0.583538
Instant	38
1	720	27	2	0
2	24	16	0	0
3	545	36	4	0.32538
4	503	15	0	0
11	31	19	0	0
12	291	52	9	0.919118
13	23	15	0	0
14	21	38	5	0.34965
Instant	39
1	693	27	2	0
2	22	15	0	0
3	504	40	5	0.170068
4	479	15	0	0
11	30	18	0	0
12	297	55	10	1.47059
13	22	15	0	0
14	20	40	6	0.366748
Instant	40
1	579	28	3	0.735294
2	19	17	0	0
3	530	36	5	0.595238
4	515	15	0	0
11	26	20	1	0
12	261	50	10	1.85811
13	23	15	0	0
14	21	38	5	0.428082
Instant	41
1	679	26	2	0
2	16	18	0	0
3	538	36	5	0.375536
4	506	15	0	0
11	28	19	1	0
12	233	56	12	3.67647
13	23	15	0	0
14	20	37	5	0.609049
Instant	42
1	559	30	2	0.403226
2	40	16	0	0
3	520	38	6	0.50905
4	505	15	0	0
11	25	19	0	0
12	268	52	8	2.20588
13	22	15	0	0
14	21	37	5	0.347222
Instant	43
1	580	27	2	0.196464
2	20	18	0	0
3	504	37	4	0.50905
4	488	15	0	0
11	25	20	1	0
12	241	54	11	2.87162
13	22	15	0	0
14	20	40	5	0.331325
Instant	44
1	634	25	1	0
2	13	16	0	0
3	495	37	5	1.14155
4	489	15	0	0
11	27	19	1	0
12	264	51	10	2.57353
13	22	15	0	0
14	21	38	5	0.419664
Instant	45
1	579	29	2	0.15121
2	38	14	0	0
3	511	39	6	0.337838
4	504	15	0	0
11	25	18	0	0
12	257	55	12	2.57353
13	22	15	0	0
14	21	40	6	0.174825
Instant	46
1	613	27	2	0
2	32	15	0	0
3	504	39	6	0.395928
4	490	15	0	0
11	26	19	0	0
12	228	49	11	4.22297
13	22	15	0	0
14	20	41	7	0.179426
Instant	47
1	592	28	1	0
2	3	16	0	0
3	501	37	5	0.793651
4	484	15	0	0
11	26	18	0	0
12	266	49	8	2.20588
13	22	15	0	0
14	20	42	7	0.181159
Instant	48
1	545	30	3	0.164835
2	3	20	0	0
3	576	35	4	0.0513347
4	475	15	0	0
11	22	19	1	0.321888
12	255	51	9	1.83824
13	24	15	0	0
14	19	40	5	0.371287
Instant	49
1	601	26	1	0.337187
2	19	16	0	0
3	536	38	7	0.324675
4	501	15	0	0
11	26	19	1	0
12	249	57	12	0.446429
13	23	15	0	0
14	21	39	5	0.380562
Instant	50
1	620	26	1	0
2	20	17	0	0
3	555	35	4	0.103734
4	511	15	0	0
11	27	19	1	0
12	282	50	9	3.125
13	24	15	0	0
14	20	37	5	0.431034
Instant	51
1	596	28	2	0
2	14	17	0	0
3	465	38	5	1.27737
4	489	15	0	0
11	25	19	1	0
12	267	53	10	1.65441
13	20	15	0	0
14	20	39	5	0.359712
Instant	52
1	593	27	2	0.147638
2	36	15	0	0
3	447	41	7	1.35802
4	511	15	0	0
11	26	19	0	0
12	231	55	11	4.86111
13	20	15	0	0
14	22	40	6	0.172414
Instant	53
1	590	28	1	0
2	8	14	0	0
3	486	41	5	0.595238
4	492	15	0	0
11	25	19	1	0
12	277	52	9	1.65441
13	21	15	0	0
14	20	41	5	0.178571
Instant	54
1	598	28	2	0.0486381
2	33	17	0	0
3	467	36	5	0.365854
4	514	15	0	0
11	26	19	0	0
12	255	53	9	2.20588
13	21	15	0	0
14	21	38	5	0.256849
Instant	55
1	605	28	2	0
2	23	18	0	0
3	512	35	5	1.42544
4	501	15	0	0
11	26	18	1	0
12	253	52	9	2.19595
13	23	15	0	0
14	21	38	5	0.351288
Instant	56
1	586	29	2	0
2	31	16	0	0
3	578	35	5	0.0504032
4	513	15	0	0
11	24	19	1	0
12	242	50	9	3.86029
13	25	15	0	0
14	21	39	6	0.371005
Instant	57
1	546	30	2	0.0537634
2	14	13	0	0
3	560	36	5	0.603622
4	483	15	0	0
11	23	20	1	0
12	251	50	9	2.75735
13	25	15	0	0
14	20	41	6	0.456204
Instant	58
1	545	29	2	0.311203
2	23	18	0	0
3	538	36	5	0.851064
4	490	15	0	0
11	24	19	1	0
12	251	53	10	3.04054
13	24	15	0	0
14	20	39	6	0.269784
Instant	59
1	571	27	1	0.30426
2	23	13	0	0
3	517	39	7	0.502232
4	511	15	0	0
11	25	20	1	0
12	274	53	8	2.57353
13	22	15	0	0
14	21	39	5	0.258028
Instant	60
1	592	28	2	0
2	21	16	0	0
3	476	41	5	0.726392
4	492	15	0	0
11	25	19	1	0
12	262	55	9	2.20588
13	21	15	0	0
14	20	40	6	0.178998
Instant	61
1	606	27	2	0
2	21	14	0	0
3	521	36	5	0.607064
4	486	15	0	0
11	26	19	1	0
12	265	53	9	0.892857
13	22	15	0	0
14	19	39	6	0.63253
Instant	62
1	606	27	1	0
2	26	15	1	0
3	516	40	6	0.225225
4	495	15	0	0
11	26	18	1	0
12	268	51	9	3.30882
13	22	15	0	0
14	21	40	5	0.178571
Instant	63
1	606	28	2	0
2	33	17	0	0
3	508	39	5	0.44843
4	509	15	0	0
11	26	19	0	0
12	253	55	9	5.33088
13	23	15	0	0
14	21	38	5	0.344828
Instant	64
1	589	29	2	0
2	36	16	0	0
3	489	36	4	1.08945
4	484	15	0	0
11	25	19	1	0
12	275	50	7	1.18243
13	22	15	0	0
14	19	38	5	0.544794
Instant	65
1	613	27	1	0
2	28	14	0	0
3	471	36	5	1.76056
4	512	15	0	0
11	26	18	0	0
12	292	53	10	0
13	21	15	0	0
14	22	39	5	0.172811
Instant	66
1	596	28	2	0
2	10	14	0	0
3	529	35	4	0.596529
4	467	15	0	0
11	26	19	1	0
12	268	49	9	1.83824
13	23	15	0	0
14	18	39	6	1.03383
Instant	67
1	601	28	1	0
2	25	15	0	0
3	542	34	5	0.692964
4	515	15	0	0
11	26	18	0	0
12	243	52	8	2.36486
13	23	15	0	0
14	21	37	5	0.456621
Instant	68
1	588	28	2	0
2	25	15	1	0
3	540	36	6	0.315126
4	523	15	0	0
11	25	19	1	0
12	286	50	7	0.585938
13	24	15	0	0
14	21	36	5	0.420404
Instant	69
1	594	26	2	0.486381
2	30	16	0	0
3	521	38	7	0.44843
4	513	15	0	0
11	26	19	1	0
12	235	55	10	4.41176
13	22	15	0	0
14	21	38	5	0.342466
Instant	70
1	591	27	2	0
2	20	18	1	0
3	461	40	5	1.15572
4	512	15	0	0
11	26	19	1	0
12	277	55	9	0
13	20	15	0	0
14	21	38	6	0.258028
Instant	71
1	603	28	2	0
2	24	16	0	0
3	515	34	4	0.813449
4	506	15	0	0
11	26	19	1	0
12	271	54	11	2.02206
13	23	15	0	0
14	20	38	5	0.174014
Instant	72
1	575	30	2	0
2	18	17	0	0
3	522	36	6	0.76087
4	504	15	0	0
11	24	19	0	0
12	256	54	11	1.70455
13	23	15	0	0
14	21	38	5	0.437063
Instant	73
1	599	26	1	0
2	20	17	0	0
3	524	38	6	0.506757
4	463	15	0	0
11	26	20	1	0
12	256	55	10	0.609756
13	22	15	0	0
14	18	42	6	0.664557
Instant	74
1	603	27	2	0
2	46	15	0	0
3	498	40	6	0.402299
4	519	15	0	0
11	25	20	1	0
12	248	50	10	4.41176
13	22	15	0	0
14	22	37	5	0.255102
Instant	75
1	583	28	2	0.148221
2	25	15	0	0
3	495	40	6	0.403226
4	468	15	0	0
11	26	18	0	0
12	293	56	8	0.94697
13	22	15	0	0
14	19	40	5	0.5625
Instant	76
1	620	27	2	0
2	18	15	0	0
3	513	39	5	0.170068
4	493	15	0	0
11	27	19	0	0
12	251	48	10	2.08333
13	22	15	0	0
14	20	40	6	0.357143
Instant	77
1	618	27	2	0
2	46	17	0	0
3	530	38	5	0.277778
4	504	15	0	0
11	25	19	0	0
12	261	47	7	1.95312
13	22	15	0	0
14	21	40	6	0.174419
Instant	78
1	589	27	2	0.0485437
2	27	17	0	0
3	495	36	6	1.082
4	503	15	0	0
11	26	19	1	0
12	246	48	9	4.10156
13	22	15	0	0
14	21	40	5	0.26285
Instant	79
1	614	27	1	0
2	14	17	0	0
3	472	40	5	0.721154
4	505	15	0	0
11	27	18	0	0
12	249	52	9	2.7027
13	21	15	0	0
14	21	39	6	0.174014
Instant	80
1	585	28	2	0.297619
2	14	17	0	0
3	518	38	4	0.224719
4	524	15	0	0
11	25	18	0	0
12	294	52	7	0
13	22	15	0	0
14	21	39	5	0.0842697
Instant	81
1	604	27	1	0
2	17	15	0	0
3	531	37	4	0.32538
4	500	15	0	0
11	26	19	0	0
12	229	53	10	1.32576
13	23	15	0	0
14	22	40	5	0.087822
Instant	82
1	592	29	1	0
2	12	13	1	0
3	541	36	5	0
4	478	15	0	0
11	26	19	1	0
12	249	51	10	4.28571
13	23	15	0	0
14	19	43	6	0.276413
Instant	83
1	554	29	2	0.364583
2	43	16	0	0
3	556	33	3	0.718686
4	496	15	0	0
11	24	19	1	0
12	276	53	9	1.13636
13	24	15	0	0
14	20	39	6	0.443262
Instant	84
1	593	28	1	0
2	29	17	0	0
3	519	38	5	0.45045
4	487	15	0	0
11	25	19	1	0
12	268	54	8	0.568182
13	22	15	0	0
14	20	38	5	0.543478
Instant	85
1	620	26	1	0
2	34	16	0	0
3	536	38	6	0.108696
4	501	15	0	0
11	27	18	1	0
12	276	55	10	0.320513
13	23	15	0	0
14	21	40	5	0.351288
Instant	86
1	618	27	1	0
2	45	16	0	0
3	476	37	5	1.10465
4	496	15	0	0
11	26	19	1	0
12	293	50	8	2.02206
13	21	15	0	0
14	20	38	5	0.622038
Instant	87
1	567	29	2	0.0520833
2	29	17	0	0
3	508	41	7	0.460829
4	500	15	0	0
11	24	20	1	0
12	269	51	8	2.02206
13	22	15	0	0
14	20	36	5	0.704225
Instant	88
1	585	28	1	0
2	14	16	0	0
3	490	38	6	0.465116
4	490	15	0	0
11	25	19	1	0
12	258	55	11	2.02703
13	22	15	0	0
14	20	39	5	0.359712
Instant	89
1	613	26	1	0
2	16	17	0	0
3	441	38	6	1.88917
4	497	15	0	0
11	26	19	1	0
12	284	55	9	0
13	20	15	0	0
14	21	41	7	0.0886525
Instant	90
1	585	27	1	0.294118
2	10	16	0	0
3	501	39	4	0.115473
4	468	15	0	0
11	26	19	0	0
12	246	53	11	1.36719
13	22	15	0	0
14	19	41	5	0.56391
Instant	91
1	598	27	1	0
2	28	15	0	0
3	532	38	5	0
4	498	15	0	0
11	25	20	1	0
12	253	55	13	2.87162
13	23	15	0	0
14	20	40	7	0.353774
Instant	92
1	595	29	2	0
2	38	16	0	0
3	547	35	5	0.322581
4	482	15	0	0
11	26	19	1	0
12	249	49	11	3.78788
13	23	15	0	0
14	20	41	6	0.365854
Instant	93
1	582	29	2	0
2	29	14	0	0
3	573	35	4	0
4	489	15	0	0
11	25	19	1	0
12	234	52	9	3.78788
13	25	15	0	0
14	20	40	6	0.359712
Instant	94
1	609	27	2	0
2	28	15	0	0
3	539	41	7	0.425532
4	501	15	0	0
11	26	18	0	0
12	249	51	7	1.85811
13	24	15	0	0
14	20	39	6	0.440141
Instant	95
1	600	28	2	0
2	10	16	0	0
3	545	40	5	0.374732
4	485	15	0	0
11	25	19	1	0
12	252	53	9	2.75735
13	23	15	0	0
14	20	40	6	0.453995
Instant	96
1	613	27	1	0
2	17	16	0	0
3	581	37	5	0.831703
4	479	15	0	0
11	26	19	0	0
12	256	49	10	2.38971
13	26	15	0	0
14	19	41	6	0.244499
Instant	97
1	518	29	2	0.437637
2	17	16	0	0
3	576	36	5	0.544554
4	482	15	0	0
11	23	19	1	0
12	244	49	9	2.13415
13	25	15	0	0
14	20	40	6	0.547445
Instant	98
1	574	30	2	0.463918
2	18	14	0	0
3	600	37	5	0.75188
4	521	15	0	0
11	24	18	0	0
12	248	46	8	3.125
13	27	15	0	0
14	22	38	6	0.0844595
Instant	99
1	574	28	2	0.30303
2	41	15	0	0
3	573	37	4	1.02041
4	493	15	0	0
11	25	19	0	0
12	307	56	7	1.83824
13	25	15	0	0
14	20	39	6	0.445368
Instant	100
1	586	27	1	0.0483559
2	13	16	0	0
3	553	40	6	0.940594
4	505	15	0	0
11	26	19	1	0
12	256	53	11	0.844595
13	26	15	0	0
14	21	37	5	0.437063
Instant	101
1	612	28	1	0
2	29	15	0	0
3	532	36	4	0.601751
4	495	15	0	0
11	25	19	0	0
12	282	54	11	2.20588
13	23	15	0	0
14	20	40	6	0.266588
Instant	102
1	599	27	1	0
2	25	16	0	0
3	516	39	5	0.5
4	494	15	0	0
11	26	20	1	0
12	267	53	9	1.10294
13	22	15	0	0
14	20	40	6	0.356295
Instant	103
1	593	28	1	0
2	45	16	0	0
3	488	39	6	1.39535
4	521	15	0	0
11	25	19	1	0
12	252	54	9	1.68919
13	21	15	0	0
14	21	36	5	0.3386
Instant	104
1	592	27	1	0
2	34	16	0	0
3	457	39	7	1.31894
4	499	15	0	0
11	26	20	1	0
12	270	53	8	2.02206
13	21	15	0	0
14	20	37	5	0.704225
Instant	105
1	618	27	2	0
2	8	15	0	0
3	499	39	5	0.289352
4	494	15	0	0
11	26	18	0	0
12	245	51	8	2.94118
13	22	15	0	0
14	20	39	5	0.356295
Instant	106
1	564	27	2	0
2	24	16	0	0
3	503	36	5	0.892857
4	481	15	0	0
11	24	19	1	0
12	263	50	8	1.35135
13	22	15	0	0
14	20	39	5	0.547445
Instant	107
1	548	28	2	0.362319
2	32	16	0	0
3	515	37	6	0.605727
4	489	15	0	0
11	24	21	1	0
12	284	51	8	0.551471
13	23	15	0	0
14	19	38	5	0.538278
Instant	108
1	589	28	2	0.152439
2	36	17	0	0
3	467	41	6	1.14734
4	483	15	0	0
11	25	20	1	0
12	262	51	7	1.10294
13	21	15	0	0
14	19	39	5	0.760341
Instant	109
1	617	27	3	0.0466418
2	11	15	0	0
3	528	38	6	0.220264
4	493	15	0	0
11	27	18	0	0
12	256	55	9	0.595238
13	23	15	0	0
14	20	40	6	0.446429
Instant	110
1	619	28	2	0
2	22	15	0	0
3	565	35	4	0.105042
4	541	15	0	0
11	26	18	0	0
12	264	50	8	3.125
13	24	15	0	0
14	22	37	5	0.16269
Instant	111
1	622	26	1	0
2	29	16	1	0
3	491	37	6	0.977012
4	520	15	0	0
11	26	19	1	0
12	245	53	8	4.77941
13	22	15	0	0
14	22	37	5	0.451467
Instant	112
1	575	28	1	0
2	32	16	0	0
3	491	38	5	0.800915
4	495	15	0	0
11	25	20	1	0
12	235	53	8	1.01351
13	22	15	0	0
14	20	38	5	0.444313
Instant	113
1	613	26	1	0
2	26	15	0	0
3	501	39	6	0.513699
4	483	15	0	0
11	26	19	1	0
12	244	52	12	6.98529
13	22	15	0	0
14	20	39	5	0.453995
Instant	114
1	612	26	1	0
2	25	16	0	0
3	564	35	6	0.367647
4	501	15	0	0
11	26	19	1	0
12	253	55	11	2.38971
13	24	15	0	0
14	20	39	5	0.352113
Instant	115
1	565	30	1	0
2	14	17	1	0
3	471	40	7	0.700935
4	503	15	0	0
11	24	19	1	0
12	244	53	7	2.7027
13	21	15	0	0
14	20	38	5	0.525701
Instant	116
1	560	27	2	0.310559
2	26	17	0	0
3	527	36	4	0.765864
4	532	15	0	0
11	24	19	0	0
12	274	50	8	2.94118
13	23	15	0	0
14	23	37	4	0
Instant	117
1	573	29	3	0
2	13	16	1	0
3	495	37	5	0.576037
4	517	15	0	0
11	24	20	1	0
12	261	53	11	1.47059
13	22	15	0	0
14	22	38	5	0.170068
Instant	118
1	593	28	2	0.05
2	14	17	0	0
3	548	36	4	0.37234
4	490	15	0	0
11	25	20	1	0
12	240	52	8	2.87162
13	23	15	0	0
14	20	38	6	0.62799
Instant	119
1	606	28	2	0
2	17	14	0	0
3	512	38	5	0.395928
4	506	15	0	0
11	26	19	1	0
12	279	51	8	1.47059
13	22	15	0	0
14	21	37	5	0.348028
