	T	D	J	LP
Instant	0
1	0	0	0	0
2	0	0	0	0
3	0	0	0	0
4	0	0	0	0
11	0	0	0	0
12	0	0	0	0
13	0	0	0	0
14	0	0	0	0
Instant	1
1	269	30	2	0
2	16	16	0	0
3	206	39	5	0
4	308	16	0	0
11	11	18	1	0
12	131	47	11	0.815217
13	9	15	0	0
14	10	37	5	0.0915751
Instant	2
1	1193	39	3	2.21377
2	16	15	0	0
3	651	47	6	3.20919
4	1734	18	0	0
11	56	19	1	0
12	306	51	8	1.47059
13	32	15	0	0
14	75	34	2	0.211864
Instant	3
1	1223	36	3	2.04403
2	44	16	0	0
3	734	40	7	1.4526
4	1584	17	0	0
11	58	19	0	0
12	289	51	10	2.38971
13	33	15	0	0
14	69	37	3	0.176187
Instant	4
1	1180	36	3	0.487805
2	28	18	0	0
3	660	45	7	1.59664
4	1323	16	0	0
11	53	19	1	0
12	284	53	9	1.18243
13	31	15	0	0
14	55	38	3	0.578292
Instant	5
1	1186	35	3	0.439883
2	27	16	0	0
3	678	43	7	0.380068
4	923	16	0	0
11	53	19	0	0
12	303	51	9	0.735294
13	30	15	0	0
14	39	40	4	0.412961
Instant	6
1	1143	30	3	0.177125
2	42	16	0	0
3	745	41	6	0.586854
4	808	15	0	0
11	50	19	1	0
12	258	52	9	0.735294
13	33	15	0	0
14	33	38	4	0.382096
Instant	7
1	1053	30	2	0.221976
2	30	16	0	0
3	731	43	6	0.158479
4	768	15	0	0
11	46	19	0	0
12	255	51	8	2.87162
13	32	15	0	0
14	32	39	4	0.210567
Instant	8
1	966	30	3	0.121655
2	36	16	0	0
3	707	40	7	0.531915
4	778	15	0	0
11	42	18	0	0
12	281	53	8	0.183824
13	31	15	0	0
14	32	36	4	0.471342
Instant	9
1	989	29	3	0.294118
2	40	15	0	0
3	658	42	6	0.437828
4	801	15	0	0
11	43	19	1	0
12	264	52	8	1.28676
13	29	15	0	0
14	35	38	5	0.165198
Instant	10
1	1003	28	2	0
2	14	15	0	0
3	639	40	6	0.932504
4	869	15	0	0
11	44	19	1	0.29274
12	258	52	9	0.675676
13	28	15	0	0
14	37	35	4	0
Instant	11
1	1031	28	3	0
2	18	16	0	0
3	626	40	6	0.551471
4	775	15	0	0
11	44	20	1	0
12	261	53	13	2.20588
13	27	15	0	0
14	33	37	4	0.227273
Instant	12
1	982	29	3	0.118203
2	23	15	0	0
3	578	37	6	0.694444
4	736	15	0	0
11	43	18	0	0
12	248	52	9	2.57353
13	25	15	0	0
14	32	35	4	0.0599042
Instant	13
1	935	29	3	1.46542
2	36	16	0	0
3	543	36	6	1.13169
4	728	15	0	0
11	44	18	1	0
12	256	51	10	1.4881
13	24	15	0	0
14	29	37	5	0.423387
Instant	14
1	880	30	3	0.466667
2	15	16	0	0
3	587	39	7	0
4	728	15	0	0
11	39	19	1	0
12	275	52	9	2.75735
13	25	15	0	0
14	31	36	5	0.181745
Instant	15
1	755	28	3	0
2	32	16	0	0
3	532	36	6	0.592672
4	653	15	0	0
11	33	21	1	0
12	277	55	8	2.38971
13	23	15	0	0
14	28	41	4	0.067446
Instant	16
1	753	29	2	0.117555
2	25	16	0	0
3	564	35	4	0.260417
4	708	15	0	0
11	32	19	1	0
12	257	54	11	1.01351
13	24	15	0	0
14	30	36	4	0.145108
Instant	17
1	782	29	2	0.114855
2	18	16	0	0
3	514	38	6	0.7287
4	652	15	0	0
11	33	19	0	0
12	269	52	8	2.02206
13	22	15	0	0
14	27	38	5	0.134892
Instant	18
1	635	30	2	0.494604
2	24	14	0	0
3	554	34	4	0.36157
4	648	15	0	0
11	28	19	1	0
12	264	55	11	1.28676
13	24	15	0	0
14	28	36	4	0.271739
Instant	19
1	661	28	2	0.0437063
2	11	13	0	0
3	553	38	6	0.961538
4	576	15	0	0
11	29	18	0	0
12	270	49	8	0.168919
13	25	15	0	0
14	24	37	5	0.306122
Instant	20
1	607	28	2	0.335893
2	21	15	0	0
3	566	37	4	0.35497
4	592	15	0	0
11	26	20	1	0
12	276	51	8	0.735294
13	25	15	0	0
14	24	38	5	0.223214
Instant	21
1	605	28	1	0.389864
2	7	14	0	0
3	587	36	5	0.252016
4	585	15	0	0
11	26	19	1	0
12	249	51	10	2.57353
13	25	15	0	0
14	25	36	4	0.225904
Instant	22
1	607	26	1	0
2	23	16	1	0
3	607	36	5	0.749064
4	597	15	0	0
11	27	19	1	0
12	258	50	8	1.18243
13	27	15	0	0
14	25	36	5	0.147638
Instant	23
1	592	28	1	0
2	7	17	1	0
3	568	39	5	0.301811
4	566	15	0	0
11	25	19	1	0
12	290	51	9	0
13	25	15	0	0
14	23	39	5	0.15528
Instant	24
1	548	28	1	0.316456
2	25	15	0	0
3	610	35	4	0.288462
4	565	15	0	0
11	24	20	1	0
12	219	54	10	3.49265
13	26	15	0	0
14	23	36	4	0.622407
Instant	25
1	492	31	3	0.478469
2	35	15	0	0
3	565	36	6	0.683594
4	625	15	0	0
11	21	19	1	0
12	232	50	8	3.86905
13	26	15	0	0
14	26	37	5	0.0704887
Instant	26
1	587	29	1	0
2	22	17	0	0
3	595	39	5	0.683594
4	598	15	0	0
11	25	18	0	0
12	285	47	8	2.20588
13	26	15	0	0
14	25	36	5	0.294695
Instant	27
1	591	27	2	0.0490196
2	14	15	0	0
3	677	39	6	0.301724
4	573	15	0	0
11	26	19	1	0
12	268	50	7	1.65441
13	29	15	0	0
14	24	37	5	0.153689
Instant	28
1	599	28	1	0
2	11	14	0	0
3	569	38	7	0.5
4	593	15	0	0
11	26	19	0	0
12	260	51	11	3.64583
13	25	15	0	0
14	25	39	6	0.222332
Instant	29
1	571	27	1	0.304878
2	29	15	0	0
3	594	35	5	0.590551
4	655	15	0	0
11	25	20	1	0
12	276	52	10	2.20588
13	26	15	0	0
14	27	36	5	0.2693
Instant	30
1	589	29	2	0
2	25	17	0	0
3	510	36	4	0.955056
4	634	15	0	0
11	25	19	1	0
12	271	53	7	0
13	23	15	0	0
14	27	38	5	0.277264
Instant	31
1	578	28	2	0
2	29	14	0	0
3	529	36	5	0.380435
4	610	15	0	0
11	25	20	1	0
12	244	50	9	3.20946
13	23	15	0	0
14	26	38	4	0.216763
Instant	32
1	563	31	2	0.360082
2	29	14	0	0
3	548	37	6	0.106383
4	554	15	0	0
11	24	18	0	0
12	254	50	10	3.125
13	23	15	0	0
14	23	38	5	0.398089
Instant	33
1	585	28	1	0
2	17	15	0	0
3	553	35	4	0.0523013
4	570	15	0	0
11	25	19	1	0
12	258	51	9	2.57353
13	24	15	0	0
14	24	37	5	0.231481
Instant	34
1	613	28	2	0
2	14	15	0	0
3	491	39	6	0.888626
4	594	15	0	0
11	26	18	0	0
12	259	50	7	1.35135
13	21	15	0	0
14	25	36	4	0.29703
Instant	35
1	589	28	2	0
2	20	14	0	0
3	514	38	5	0.279018
4	616	15	0	0
11	26	19	1	0
12	272	46	6	1.10294
13	23	15	0	0
14	25	35	5	0.285714
Instant	36
1	606	27	2	0
2	27	14	0	0
3	525	34	5	1.07296
4	603	15	0	0
11	26	19	1	0
12	249	48	8	3.125
13	24	15	0	0
14	25	34	4	0.462062
Instant	37
1	585	28	2	0
2	12	16	0	0
3	521	36	5	0.382096
4	599	15	0	0
11	25	20	1	0
12	263	55	9	0.595238
13	23	15	0	0
14	24	37	5	0.514706
Instant	38
1	592	28	1	0
2	19	17	0	0
3	514	37	5	0.957207
4	595	15	0	0
11	25	19	1	0
12	295	49	6	0.183824
13	22	15	0	0
14	26	38	5	0.147638
Instant	39
1	592	27	1	0
2	26	17	0	0
3	462	37	5	1.46028
4	609	15	0	0
11	26	19	1	0
12	300	55	7	1.28676
13	22	15	0	0
14	25	37	5	0.289575
Instant	40
1	613	27	1	0
2	17	16	0	0
3	541	36	4	0.744681
4	594	15	0	0
11	26	19	0	0
12	263	50	9	0.337838
13	24	15	0	0
14	25	37	6	0.221893
Instant	41
1	584	27	1	0
2	19	14	0	0
3	557	35	4	0
4	585	15	0	0
11	25	21	1	0
12	270	51	9	2.20588
13	24	15	0	0
14	25	39	5	0.225451
Instant	42
1	582	26	2	0.050813
2	13	14	0	0
3	530	37	5	0.272926
4	604	15	0	0
11	25	22	1	0
12	256	49	8	3.125
13	23	15	0	0
14	25	36	5	0.365497
Instant	43
1	608	27	1	0
2	19	15	0	0
3	519	38	5	0.385463
4	628	15	0	0
11	26	19	1	0
12	254	53	8	1.18243
13	23	15	0	0
14	27	35	4	0.0700935
Instant	44
1	600	27	2	0.0492126
2	24	16	0	0
3	573	34	4	0
4	607	15	0	0
11	26	19	1	0
12	272	52	12	1.65441
13	24	15	0	0
14	26	36	4	0.217602
Instant	45
1	526	30	2	0.434783
2	18	17	0	0
3	550	35	4	0.369198
4	598	15	0	0
11	23	20	1	0
12	259	50	10	2.02206
13	24	15	0	0
14	24	37	5	0.221022
Instant	46
1	577	29	2	0
2	26	15	0	0
3	465	38	6	1.26202
4	595	15	0	0
11	25	19	1	0
12	250	48	8	2.02703
13	21	15	0	0
14	25	37	4	0.442913
Instant	47
1	566	28	1	0.459184
2	30	14	0	0
3	552	35	3	0.0523013
4	613	15	0	0
11	25	19	0	0
12	253	47	8	3.125
13	24	15	0	0
14	26	37	5	0.359885
Instant	48
1	592	28	1	0
2	31	14	0	0
3	505	36	5	0.790068
4	619	15	0	0
11	25	19	0	0
12	247	51	9	2.38971
13	22	15	0	0
14	25	35	4	0.426136
Instant	49
1	604	27	3	0.0481696
2	31	16	0	0
3	543	37	6	0.425532
4	597	15	0	0
11	26	19	0	0
12	248	51	8	1.04167
13	23	15	0	0
14	25	39	5	0.221457
Instant	50
1	586	26	1	0.501002
2	18	17	0	0
3	538	37	5	0.852878
4	600	15	0	0
11	25	19	1	0
12	300	53	8	0
13	24	15	0	0
14	25	38	5	0.146771
Instant	51
1	578	29	1	0
2	20	17	0	0
3	535	34	5	0.642398
4	606	15	0	0
11	25	20	1	0
12	281	57	9	0.367647
13	24	15	0	0
14	26	36	5	0.145349
Instant	52
1	606	27	1	0
2	22	16	0	0
3	572	39	6	0.0509165
4	633	15	0	0
11	27	18	0	0
12	253	49	8	3.47222
13	24	15	0	0
14	26	35	4	0.139147
Instant	53
1	599	28	1	0
2	47	17	0	0
3	602	37	5	0.145349
4	618	15	0	0
11	26	18	0	0
12	287	46	6	0.183824
13	26	15	0	0
14	26	37	5	0.142315
Instant	54
1	605	27	1	0
2	28	14	0	0
3	591	38	6	0.631068
4	625	15	0	0
11	25	19	1	0
12	238	51	9	4.59559
13	26	15	0	0
14	26	36	4	0.234962
Instant	55
1	564	28	3	0.355691
2	13	15	0	0
3	514	39	5	0.607064
4	595	15	0	0
11	25	19	1	0
12	239	52	11	2.36486
13	23	15	0	0
14	24	36	5	0.442913
Instant	56
1	568	28	2	0
2	21	18	0	0
3	540	33	3	0.638298
4	610	15	0	0
11	24	18	0	0
12	272	51	8	1.83824
13	24	15	0	0
14	25	36	5	0.289017
Instant	57
1	598	27	2	0.0484496
2	16	17	0	0
3	514	37	7	0.619369
4	592	15	0	0
11	26	20	1	0
12	237	50	9	4.04412
13	22	15	0	0
14	25	40	5	0.14881
Instant	58
1	592	26	1	0.290698
2	30	17	0	0
3	508	38	6	0.666667
4	579	15	0	0
11	26	19	1	0
12	258	50	8	2.02703
13	22	15	0	0
14	24	37	5	0.532454
Instant	59
1	620	27	2	0
2	30	18	0	0
3	534	37	5	0.163043
4	605	15	0	0
11	26	18	1	0
12	288	55	11	1.10294
13	23	15	0	0
14	25	37	4	0.290698
Instant	60
1	620	27	1	0
2	45	16	0	0
3	503	38	4	0.900901
4	581	15	0	0
11	27	18	0	0
12	260	49	9	1.47059
13	22	15	0	0
14	24	39	6	0.151822
Instant	61
1	620	27	2	0
2	39	14	0	0
3	480	37	4	1.05634
4	569	15	0	0
11	26	18	0	0
12	253	50	8	2.08333
13	22	15	0	0
14	24	37	5	0.231959
Instant	62
1	582	29	2	0
2	21	16	0	0
3	542	36	3	0.37234
4	525	15	0	0
11	25	19	1	0
12	291	50	8	2.38971
13	24	15	0	0
14	21	42	6	0.532511
Instant	63
1	587	28	2	0.150905
2	25	16	0	0
3	548	35	4	0.318471
4	556	15	0	0
11	25	19	1	0
12	283	54	8	1.47059
13	24	15	0	0
14	24	36	5	0.158228
Instant	64
1	572	28	1	0
2	17	19	1	0
3	520	37	5	0.554324
4	597	15	0	0
11	25	20	1	0
12	237	54	10	2.7027
13	23	15	0	0
14	25	35	4	0.221022
Instant	65
1	606	28	1	0
2	32	17	0	0
3	531	38	6	0.108696
4	579	15	0	0
11	25	19	0	0
12	271	51	7	3.49265
13	23	15	0	0
14	24	39	5	0.25355
Instant	66
1	591	28	2	0
2	35	17	0	0
3	539	37	5	0.0547046
4	544	15	0	0
11	25	19	0	0
12	237	50	10	4.04412
13	23	15	0	0
14	23	34	4	0.215983
Instant	67
1	598	29	2	0
2	32	15	0	0
3	524	38	5	0.166297
4	531	15	0	0
11	26	18	0	0
12	246	52	8	1.18243
13	22	15	0	0
14	21	36	4	0.414823
Instant	68
1	533	28	2	0.627615
2	8	18	0	0
3	496	38	4	0.738636
4	551	15	0	0
11	24	19	1	0
12	257	49	8	2.53906
13	22	15	0	0
14	23	36	4	0.319149
Instant	69
1	569	29	2	0.0527426
2	20	16	0	0
3	440	44	6	1.23377
4	580	15	0	0
11	24	21	1	0
12	255	51	9	3.49265
13	19	15	0	0
14	24	37	4	0.557809
Instant	70
1	582	27	1	0.339806
2	30	16	0	0
3	514	35	4	0.829646
4	612	15	0	0
11	26	19	1	0
12	257	55	8	2.02703
13	23	15	0	0
14	25	35	5	0.143954
Instant	71
1	612	27	1	0.0490196
2	54	16	0	0
3	510	37	5	0.77951
4	554	15	0	0
11	26	19	1	0
12	275	49	7	2.20588
13	22	15	0	0
14	23	38	4	0.238347
Instant	72
1	583	29	2	0
2	20	15	0	0
3	575	37	4	0.345168
4	518	15	0	0
11	25	18	0	0
12	223	50	11	4.73485
13	25	15	0	0
14	21	37	5	0.255102
Instant	73
1	593	28	1	0
2	33	16	0	0
3	635	34	4	0.497288
4	532	15	0	0
11	25	19	0	0
12	226	51	8	3.20122
13	28	15	0	0
14	22	37	6	0.247797
Instant	74
1	585	28	1	0
2	27	19	0	0
3	631	36	6	0.956284
4	524	15	0	0
11	25	19	0	0
12	263	52	9	3.49265
13	28	15	0	0
14	22	38	5	0.168161
Instant	75
1	620	27	1	0
2	25	18	0	0
3	620	37	6	0.0469925
4	539	15	0	0
11	26	19	1	0
12	280	52	8	1.89394
13	27	15	0	0
14	22	38	6	0.0816993
Instant	76
1	603	27	1	0
2	31	18	0	0
3	592	38	5	0.148221
4	506	15	0	0
11	26	19	1	0
12	262	50	9	1.04167
13	25	15	0	0
14	21	37	5	0.347222
Instant	77
1	542	28	2	0.373932
2	24	17	0	0
3	561	40	7	0.309278
4	548	15	0	0
11	23	19	1	0.316456
12	223	50	11	4.49219
13	24	15	0	0
14	22	34	4	0.321199
Instant	78
1	552	28	2	0.585106
2	51	15	0	0
3	510	41	5	0.852273
4	513	15	0	0
11	24	19	1	0
12	267	54	9	4.10156
13	22	15	0	0
14	21	36	6	0.342466
Instant	79
1	592	28	1	0
2	33	14	0	0
3	534	37	5	0.634249
4	591	15	0	0
11	25	19	1	0
12	263	52	8	0.844595
13	24	15	0	0
14	25	34	4	0.298211
Instant	80
1	566	28	1	0.362319
2	25	16	0	0
3	593	35	5	0.487329
4	605	15	0	0
11	24	19	1	0
12	283	50	8	0.757576
13	26	15	0	0
14	25	36	5	0.60562
Instant	81
1	612	27	1	0
2	30	18	0	0
3	616	35	5	0.237643
4	535	15	0	0
11	27	18	0	0
12	243	51	11	1.51515
13	26	15	0	0
14	21	36	4	0.32967
Instant	82
1	613	28	1	0
2	17	17	0	0
3	512	39	5	0.932018
4	536	15	0	0
11	26	18	0	0
12	269	52	10	1.60714
13	23	15	0	0
14	22	36	5	0.601751
Instant	83
1	606	26	1	0
2	13	16	0	0
3	511	38	6	0.782998
4	560	15	0	0
11	27	19	1	0
12	255	50	10	2.84091
13	22	15	0	0
14	24	35	4	0.156904
Instant	84
1	613	28	1	0
2	23	16	0	0
3	539	38	5	0.0539957
4	530	15	0	0
11	26	18	0	0
12	255	53	11	2.27273
13	23	15	0	0
14	21	37	5	0.361111
Instant	85
1	590	29	2	0
2	28	16	0	0
3	538	37	4	0.0541126
4	556	15	0	0
11	26	18	1	0
12	259	52	10	1.60256
13	23	15	0	0
14	24	35	4	0.0789474
Instant	86
1	599	28	2	0.050813
2	17	16	0	0
3	503	36	7	1.27778
4	558	15	0	0
11	25	20	1	0
12	307	49	8	1.47059
13	22	15	0	0
14	23	37	5	0.342105
Instant	87
1	557	29	2	0.304878
2	20	18	0	0
3	474	39	7	1.18483
4	544	15	0	0
11	24	19	1	0
12	246	50	7	3.125
13	21	15	0	0
14	22	38	5	0.484914
Instant	88
1	598	28	2	0
2	24	16	0	0
3	478	37	5	1.57343
4	559	15	0	0
11	25	18	0	0
12	237	51	9	2.87162
13	22	15	0	0
14	23	37	5	0.5
Instant	89
1	600	28	2	0
2	17	15	0	0
3	550	37	5	0.158562
4	507	15	0	0
11	25	19	1	0
12	269	49	8	2.94118
13	24	15	0	0
14	21	38	6	0.17321
Instant	90
1	578	30	1	0
2	43	15	0	0
3	507	38	5	0.503356
4	518	15	0	0
11	25	18	0	0
12	237	50	9	3.51562
13	22	15	0	0
14	21	34	5	0.50905
Instant	91
1	592	27	1	0
2	44	15	0	0
3	485	40	6	0.714286
4	522	15	0	0
11	26	21	1	0
12	239	53	10	3.37838
13	21	15	0	0
14	21	39	5	0.253378
Instant	92
1	575	27	2	0.0503018
2	28	15	0	0
3	533	36	5	0.539957
4	556	15	0	0
11	25	19	1	0.304878
12	272	48	6	1.13636
13	23	15	0	0
14	23	34	4	0.317125
Instant	93
1	600	27	2	0
2	25	17	0	0
3	519	37	4	0.328947
4	514	15	0	0
11	25	20	1	0
12	259	48	10	1.51515
13	23	15	0	0
14	21	38	5	0.342466
Instant	94
1	619	27	1	0.0478927
2	15	17	0	0
3	586	33	5	0.149701
4	515	15	0	0
11	26	19	0	0
12	257	51	10	0.844595
13	25	15	0	0
14	22	38	5	0.170455
Instant	95
1	592	28	1	0
2	17	16	0	0
3	637	36	4	0.045208
4	528	15	0	0
11	26	19	1	0
12	275	50	9	1.28676
13	28	15	0	0
14	22	36	5	0.250557
Instant	96
1	641	28	3	0
2	50	15	0	0
3	636	36	6	0.598527
4	535	15	0	0
11	28	19	1	0
12	205	47	7	6.06618
13	27	15	0	0
14	22	36	5	0.246711
Instant	97
1	653	27	2	0
2	37	15	0	0
3	608	38	6	0.094697
4	511	15	0	0
11	28	21	1	0
12	245	54	9	1.82927
13	27	15	0	0
14	21	37	5	0.258028
Instant	98
1	626	27	2	0.277778
2	15	15	1	0
3	586	38	5	0.604839
4	527	15	0	0
11	27	19	0	0.277778
12	272	51	9	2.38971
13	25	15	0	0
14	21	36	5	0.584633
Instant	99
1	654	29	1	0
2	30	18	0	0
3	530	37	4	0.488069
4	536	15	0	0
11	28	18	0	0
12	266	55	9	4.77941
13	23	15	0	0
14	23	38	5	0
Instant	100
1	644	27	2	0
2	36	18	0	0
3	535	36	4	0.375536
4	538	15	0	0
11	28	20	1	0
12	250	51	8	1.85811
13	23	15	0	0
14	22	36	4	0.327511
Instant	101
1	647	28	2	0.0894454
2	51	17	0	0
3	492	39	4	0.802752
4	529	15	0	0
11	28	18	0	0
12	240	50	8	4.96324
13	22	15	0	0
14	22	36	5	0.249446
Instant	102
1	656	29	2	0.17762
2	30	16	1	0
3	510	39	6	0.230415
4	562	15	0	0
11	28	19	1	0
12	250	52	9	1.83824
13	22	15	0	0
14	23	38	4	0.130753
Instant	103
1	618	28	2	0.519849
2	32	15	0	0
3	536	38	4	0.109649
4	541	15	0	0
11	27	19	0	0
12	241	51	8	3.71622
13	23	15	0	0
14	23	37	5	0.37961
Instant	104
1	590	27	1	0
2	29	16	0	0
3	513	37	4	0.336323
4	561	15	0	0
11	25	20	1	0
12	268	54	8	2.02206
13	22	15	0	0
14	23	37	4	0
Instant	105
1	599	27	1	0
2	15	16	0	0
3	565	36	4	0
4	543	15	0	0
11	25	19	1	0
12	265	53	9	1.10294
13	24	15	0	0
14	23	37	5	0.188985
Instant	106
1	599	27	1	0
2	22	14	0	0
3	515	38	5	0.385463
4	497	15	0	0
11	26	19	1	0
12	271	54	9	0.337838
13	23	15	0	0
14	20	39	6	0.472813
Instant	107
1	585	27	1	0
2	27	15	0	0
3	525	36	6	0.715859
4	490	15	0	0
11	25	20	1	0
12	247	52	9	4.59559
13	23	15	0	0
14	20	42	6	0.179426
Instant	108
1	606	28	2	0
2	26	17	0	0
3	529	36	4	0.377155
4	517	15	0	0
11	26	18	1	0
12	246	48	8	2.02206
13	23	15	0	0
14	21	37	5	0.340909
Instant	109
1	592	28	2	0
2	26	15	0	0
3	481	38	5	1.22378
4	511	15	0	0
11	25	19	1	0
12	238	52	8	3.125
13	21	15	0	0
14	21	38	5	0.258028
Instant	110
1	559	27	2	0.353535
2	27	17	0	0
3	532	37	5	0.218818
4	532	15	0	0
11	25	20	1	0
12	264	48	7	3.51562
13	23	15	0	0
14	22	36	5	0.331126
Instant	111
1	692	28	2	0
2	30	16	0	0
3	546	36	6	0
4	503	15	0	0
11	29	18	0	0
12	255	55	8	3.86029
13	23	15	0	0
14	21	40	6	0.174825
Instant	112
1	662	30	2	0
2	17	15	0	0
3	587	32	2	0.64741
4	519	15	0	0
11	30	19	1	0
12	258	50	8	0.844595
13	25	15	0	0
14	22	36	5	0.340136
Instant	113
1	652	26	2	0.276753
2	35	16	0	0
3	491	38	5	0.522042
4	535	15	0	0
11	27	19	1	0
12	220	47	9	2.57353
13	21	15	0	0
14	22	35	5	0.328947
Instant	114
1	565	32	3	0.499002
2	50	16	0	0
3	500	36	6	0.837054
4	528	15	0	0
11	25	19	1	0
12	273	54	9	4.04412
13	22	15	0	0
14	22	37	5	0.167038
Instant	115
1	680	26	1	0.042517
2	44	17	0	0
3	587	37	5	0.198807
4	522	15	0	0
11	30	19	0	0
12	258	51	9	1.01351
13	25	15	0	0
14	21	36	4	0.589888
Instant	116
1	688	28	2	0
2	38	16	0	0
3	569	38	5	0.258264
4	504	15	0	0
11	30	18	0	0
12	268	52	9	2.57353
13	24	15	0	0
14	21	38	5	0.437063
Instant	117
1	584	29	2	0.155925
2	24	14	0	0
3	523	41	6	0.493421
4	543	15	0	0
11	24	19	1	0
12	242	52	8	3.125
13	23	15	0	0
14	23	36	4	0.0809935
Instant	118
1	564	30	2	0
2	32	16	0	0
3	658	36	6	0.563258
4	533	15	0	0
11	24	19	1	0
12	268	54	10	0.675676
13	29	15	0	0
14	22	38	5	0.0827815
Instant	119
1	585	28	1	0
2	24	15	0	0
3	605	40	6	0.576923
4	516	15	0	0
11	25	20	1	0
12	291	50	6	0
13	26	15	0	0
14	22	39	5	0
