	T	D	J	LP
Instant	0
1	0	0	0	0
2	0	0	0	0
3	0	0	0	0
4	0	0	0	0
11	0	0	0	0
12	0	0	0	0
13	0	0	0	0
14	0	0	0	0
Instant	1
1	323	26	2	0
2	18	14	0	0
3	185	45	6	0
4	280	16	0	0
11	13	18	0	0
12	138	53	10	0
13	7	15	0	0
14	9	38	4	0
Instant	2
1	1228	29	2	0
2	26	18	0	0
3	619	41	6	1.44665
4	1676	17	0	0
11	53	19	1	0
12	323	51	8	0.919118
13	28	15	0	0
14	71	40	2	0.386236
Instant	3
1	1096	30	3	0.106496
2	28	15	0	0
3	612	41	6	0.515947
4	1385	17	0	0
11	48	19	1	0
12	311	54	8	0
13	27	15	0	0
14	60	41	3	0.233249
Instant	4
1	1043	27	2	0.0840807
2	32	14	0	0
3	603	41	6	0.52682
4	1034	16	0	0
11	46	18	0	0
12	271	53	10	0.506757
13	26	15	0	0
14	44	39	4	0.426621
Instant	5
1	1021	29	3	0
2	36	14	0	0
3	570	42	6	0.684932
4	698	15	0	0
11	43	19	1	0
12	286	54	9	2.38971
13	25	15	0	0
14	29	40	6	0.441176
Instant	6
1	814	28	2	0.423131
2	37	17	0	0
3	626	36	6	2.02465
4	625	15	0	0
11	37	18	1	0
12	279	57	10	0.183824
13	29	15	0	0
14	26	42	5	0.211466
Instant	7
1	876	25	2	0
2	12	17	0	0
3	600	38	6	1.43519
4	612	15	0	0
11	38	19	0	0
12	273	53	7	0
13	27	15	0	0
14	26	42	5	0.264423
Instant	8
1	815	29	2	0.180636
2	13	15	0	0
3	621	39	6	0.367647
4	611	15	0	0
11	35	19	1	0
12	281	50	7	0
13	27	15	0	0
14	26	39	5	0.216346
Instant	9
1	793	28	2	0
2	7	15	0	0
3	610	37	5	0.747664
4	619	15	0	0
11	36	19	1	0
12	266	54	8	0.919118
13	27	15	0	0
14	25	40	6	0.355114
Instant	10
1	894	28	2	0
2	34	16	0	0
3	560	41	6	0.729167
4	625	15	0	0
11	39	18	0	0
12	264	52	8	0
13	24	15	0	0
14	25	41	6	0.375235
Instant	11
1	762	28	2	0.0789889
2	44	15	0	0
3	595	37	6	0.241779
4	570	15	0	0
11	32	18	0	0
12	284	51	7	0
13	26	15	0	0
14	24	42	6	0.309278
Instant	12
1	694	27	2	0.296108
2	47	14	0	0
3	516	39	5	0.611111
4	573	15	0	0
11	30	20	1	0
12	266	52	9	0.183824
13	23	15	0	0
14	23	39	6	0.383436
Instant	13
1	593	29	2	0.291262
2	6	14	0	0
3	499	37	4	0.961538
4	547	15	0	0
11	26	19	1	0
12	251	52	10	1.93452
13	22	15	0	0
14	23	42	6	0.160944
Instant	14
1	615	27	1	0
2	29	15	0	0
3	540	38	6	0.164474
4	527	15	0	0
11	26	19	1	0
12	286	52	10	2.20588
13	23	15	0	0
14	21	39	5	0.638889
Instant	15
1	591	27	1	0
2	24	15	0	0
3	516	37	5	1.18534
4	521	15	0	0
11	26	19	0	0
12	277	57	9	1.83824
13	23	15	0	0
14	21	38	5	0.592551
Instant	16
1	576	28	1	0.360825
2	37	16	0	0
3	549	38	6	0.41841
4	513	15	0	0
11	25	19	0	0
12	264	54	10	1.01351
13	24	15	0	0
14	21	39	6	0.257437
Instant	17
1	594	28	2	0.149105
2	21	15	0	0
3	484	38	5	1.22378
4	513	15	0	0
11	25	19	1	0
12	270	52	9	1.83824
13	22	15	0	0
14	20	38	5	0.886728
Instant	18
1	559	31	2	0.103306
2	11	16	1	0
3	527	36	6	0.542299
4	498	15	0	0
11	24	19	1	0
12	248	48	9	2.02206
13	23	15	0	0
14	20	40	6	0.440141
Instant	19
1	597	28	1	0
2	16	16	0	0
3	510	37	4	0.566893
4	514	15	0	0
11	25	19	0	0
12	259	54	9	1.52027
13	22	15	0	0
14	21	40	7	0.343249
Instant	20
1	532	26	3	0.534188
2	15	19	0	0
3	507	40	6	0.226244
4	496	15	0	0
11	23	19	1	0.323276
12	284	55	10	0.367647
13	22	15	0	0
14	21	40	5	0.35461
Instant	21
1	579	29	1	0
2	19	14	0	0
3	512	40	6	0
4	515	15	0	0
11	26	19	0	0
12	267	52	10	0
13	22	15	0	0
14	21	38	5	0.599315
Instant	22
1	592	28	2	0
2	18	17	0	0
3	539	37	5	0.271739
4	538	15	0	0
11	24	20	1	0
12	264	54	10	1.35135
13	23	15	0	0
14	22	38	5	0.163399
Instant	23
1	565	30	2	0.0516529
2	9	16	0	0
3	503	39	5	0.348028
4	507	15	0	0
11	25	19	1	0
12	264	52	8	2.02206
13	22	15	0	0
14	21	41	6	0.522042
Instant	24
1	593	27	1	0
2	19	17	0	0
3	507	38	4	0.620767
4	502	15	0	0
11	26	19	1	0
12	242	54	8	2.57353
13	22	15	0	0
14	20	43	7	0.437063
Instant	25
1	579	29	2	0
2	17	14	0	0
3	597	39	6	0.0972763
4	542	15	0	0
11	25	19	1	0
12	242	50	9	2.67857
13	26	15	0	0
14	22	39	5	0.487013
Instant	26
1	606	27	2	0
2	13	16	0	0
3	575	36	5	1.34875
4	545	15	0	0
11	26	20	1	0
12	298	53	7	0
13	26	15	0	0
14	23	38	5	0.403226
Instant	27
1	578	26	1	0.60241
2	29	16	0	0
3	621	37	5	0.600739
4	575	15	0	0
11	25	19	1	0
12	303	57	8	0.735294
13	27	15	0	0
14	24	40	6	0.383436
Instant	28
1	605	26	1	0
2	24	18	0	0
3	568	40	5	0.204499
4	623	15	0	0
11	26	20	1	0
12	244	51	10	1.90972
13	25	15	0	0
14	25	38	5	0.282486
Instant	29
1	583	26	1	0.291829
2	17	16	0	0
3	525	35	5	1.34989
4	565	15	0	0
11	26	19	1	0
12	275	54	10	1.47059
13	23	15	0	0
14	23	37	6	0.622407
Instant	30
1	605	27	2	0
2	27	19	0	0
3	554	39	5	0.851703
4	592	15	0	0
11	25	19	1	0
12	263	52	10	2.38971
13	25	15	0	0
14	24	40	6	0.446429
Instant	31
1	578	30	2	0
2	29	15	0	0
3	539	41	6	0.636943
4	570	15	0	0
11	25	19	1	0
12	249	55	10	3.20946
13	24	15	0	0
14	24	38	5	0.231959
Instant	32
1	591	27	2	0.0484496
2	19	17	0	0
3	459	41	6	1.43885
4	529	15	0	0
11	26	19	1	0
12	272	54	10	2.20588
13	21	15	0	0
14	22	40	6	0.249446
Instant	33
1	604	28	2	0
2	28	14	0	0
3	540	36	3	0.590129
4	528	15	0	0
11	26	18	1	0
12	261	49	9	1.83824
13	23	15	0	0
14	22	41	7	0.416667
Instant	34
1	627	27	2	0
2	36	16	0	0
3	507	40	6	0.401376
4	551	15	0	0
11	26	18	0	0
12	249	54	11	1.68919
13	22	15	0	0
14	23	41	6	0.159574
Instant	35
1	597	26	1	0.291829
2	34	17	0	0
3	501	39	6	0.518433
4	561	15	0	0
11	26	19	1	0
12	273	50	8	1.65441
13	22	15	0	0
14	23	38	5	0.314465
Instant	36
1	532	28	2	0.433839
2	18	17	0	0
3	528	38	5	0.593952
4	499	15	0	0
11	23	20	1	0
12	256	57	10	1.83824
13	23	15	0	0
14	20	41	6	0.528169
Instant	37
1	589	27	1	0.0491159
2	20	17	0	0
3	568	38	5	0.644841
4	522	15	0	0
11	26	19	1	0
12	209	49	9	4.6131
13	25	15	0	0
14	22	40	6	0.168919
Instant	38
1	604	28	2	0
2	18	14	1	0
3	537	38	5	1.02814
4	547	15	0	0
11	26	18	0	0
12	284	53	8	2.94118
13	23	15	0	0
14	23	39	5	0.241935
Instant	39
1	556	28	1	0.3125
2	34	16	0	0
3	504	37	5	1.11359
4	582	15	0	0
11	24	20	1	0
12	274	56	9	2.20588
13	23	15	0	0
14	24	40	6	0.226815
Instant	40
1	586	28	1	0
2	31	16	0	0
3	533	37	4	0
4	537	15	0	0
11	25	19	0	0
12	250	54	10	3.04054
13	23	15	0	0
14	22	40	5	0.490196
Instant	41
1	600	28	2	0.145914
2	24	14	0	0
3	512	38	3	0.395034
4	497	15	0	0
11	26	18	0	0
12	284	51	10	1.47059
13	22	15	0	0
14	20	41	6	0.412736
Instant	42
1	573	28	2	0.307377
2	37	15	0	0
3	519	38	5	0.280269
4	489	15	0	0
11	24	19	0	0
12	260	52	10	1.28676
13	22	15	0	0
14	19	39	6	0.843373
Instant	43
1	576	28	2	0
2	20	16	0	0
3	567	33	3	0.357143
4	504	15	0	0
11	24	19	1	0.304878
12	232	51	6	3.20946
13	24	15	0	0
14	21	41	6	0.348837
Instant	44
1	607	29	2	0
2	26	16	0	0
3	519	39	5	0.224215
4	514	15	0	0
11	26	18	0	0
12	286	52	6	0.735294
13	22	15	0	0
14	21	39	5	0.514874
Instant	45
1	567	30	2	0.0523013
2	37	18	0	0
3	532	36	5	0.434783
4	513	15	0	0
11	24	19	1	0
12	274	52	8	0.367647
13	23	15	0	0
14	21	39	5	0.743707
Instant	46
1	589	29	1	0
2	19	15	0	0
3	485	39	5	0.595238
4	474	15	0	0
11	25	19	1	0
12	252	53	9	2.36486
13	21	15	0	0
14	20	43	6	0.154703
Instant	47
1	585	28	1	0
2	17	16	0	0
3	500	39	5	0.806452
4	482	15	0	0
11	25	19	1	0
12	259	48	7	3.49265
13	22	15	0	0
14	19	41	6	0.365854
Instant	48
1	596	28	2	0
2	38	15	0	0
3	487	39	6	0.523256
4	485	15	0	0
11	26	18	0	0
12	241	55	8	2.75735
13	22	15	0	0
14	20	40	5	0.452899
Instant	49
1	603	27	1	0
2	10	16	0	0
3	482	38	5	0.934579
4	469	15	0	0
11	26	18	1	0
12	229	52	9	2.97619
13	21	15	0	0
14	19	40	6	0.56391
Instant	50
1	590	28	2	0
2	19	17	0	0
3	532	37	4	0.328947
4	483	15	0	0
11	25	20	1	0
12	274	50	9	3.30882
13	23	15	0	0
14	20	41	6	0.455097
Instant	51
1	608	27	1	0
2	29	17	0	0
3	524	39	6	0.385463
4	474	15	0	0
11	26	18	0	0
12	276	57	10	2.20588
13	22	15	0	0
14	19	42	7	0.464109
Instant	52
1	599	27	1	0
2	18	16	0	0
3	606	39	7	0.142586
4	458	15	0	0
11	26	20	1	0
12	242	52	10	2.08333
13	26	15	0	0
14	19	43	6	0.287724
Instant	53
1	606	28	2	0
2	8	13	0	0
3	596	38	5	0.818882
4	465	15	0	0
11	25	18	1	0
12	276	51	9	2.75735
13	26	15	0	0
14	19	40	6	0.757576
Instant	54
1	613	26	1	0
2	33	16	0	0
3	553	38	5	0.317797
4	459	15	0	0
11	27	19	1	0
12	262	52	8	1.83824
13	24	15	0	0
14	19	43	6	0.384615
Instant	55
1	602	26	1	0.294695
2	23	16	0	0
3	495	38	5	0.743707
4	470	15	0	0
11	25	18	0	0
12	267	53	11	0.506757
13	22	15	0	0
14	19	39	6	0.621891
Instant	56
1	531	29	2	0.0536481
2	20	18	0	0
3	527	38	5	0.108696
4	467	15	0	0
11	23	19	1	0
12	279	54	9	2.02206
13	23	15	0	0
14	18	40	6	0.535264
Instant	57
1	615	27	1	0
2	19	14	0	0
3	483	39	6	1.11502
4	487	15	0	0
11	26	19	1	0
12	263	55	8	0.919118
13	21	15	0	0
14	20	41	5	0.451807
Instant	58
1	586	28	1	0
2	27	16	0	0
3	475	38	6	1.21247
4	485	15	0	0
11	25	19	1	0
12	234	46	10	4.05405
13	22	15	0	0
14	20	40	5	0.452899
Instant	59
1	576	29	1	0
2	29	14	0	0
3	462	40	6	0.928218
4	486	15	0	0
11	25	19	0	0
12	280	54	10	0.735294
13	20	15	0	0
14	20	40	6	0.272397
Instant	60
1	579	26	1	0.30426
2	11	13	0	0
3	520	37	6	0.829646
4	448	15	0	0
11	24	19	1	0.301205
12	263	57	11	2.38971
13	23	15	0	0
14	18	44	7	0.553385
Instant	61
1	571	29	2	0.308642
2	1	18	0	0
3	541	34	5	0.426439
4	502	15	0	0
11	24	18	0	0
12	271	55	10	0.595238
13	23	15	0	0
14	21	42	7	0.175644
Instant	62
1	599	28	2	0
2	41	16	0	0
3	532	37	4	0.162338
4	508	15	0	0
11	26	19	0	0
12	277	49	8	2.75735
13	23	15	0	0
14	21	41	5	0.317552
Instant	63
1	600	28	2	0.0488281
2	21	17	0	0
3	505	38	4	0.688073
4	474	15	0	0
11	26	19	0	0
12	287	56	8	2.38971
13	22	15	0	0
14	19	40	6	0.744417
Instant	64
1	573	29	2	0
2	12	13	0	0
3	518	40	7	0.553097
4	469	15	0	0
11	24	19	1	0
12	277	54	8	0.675676
13	23	15	0	0
14	19	41	7	0.467581
Instant	65
1	592	29	1	0
2	18	16	0	0
3	543	38	6	0.57652
4	473	15	0	0
11	25	19	1	0
12	286	53	11	1.28676
13	24	15	0	0
14	19	41	6	0.466418
Instant	66
1	547	31	2	0.3125
2	48	16	0	0
3	571	40	6	0.153689
4	500	15	0	0
11	24	18	0	0
12	236	46	7	4.41176
13	24	15	0	0
14	21	39	5	0.351288
Instant	67
1	605	28	2	0.0484496
2	19	16	0	0
3	571	39	7	0.925926
4	495	15	0	0
11	26	18	0	0
12	235	53	9	2.87162
13	26	15	0	0
14	20	36	5	0.533175
Instant	68
1	603	27	1	0
2	16	14	2	0
3	595	36	5	0.493097
4	479	15	0	0
11	26	19	0	0
12	272	50	11	2.34375
13	26	15	0	0
14	20	41	6	0.367647
Instant	69
1	591	28	1	0
2	27	15	0	0
3	534	42	6	0.107296
4	494	15	0	0
11	26	19	1	0
12	256	49	8	2.38971
13	23	15	0	0
14	20	39	6	0.534442
Instant	70
1	614	28	2	0.0988142
2	11	16	0	0
3	535	39	7	1.19295
4	481	15	0	0
11	26	18	0	0
12	265	49	8	1.52027
13	24	15	0	0
14	20	41	6	0.365854
Instant	71
1	553	26	1	0.357143
2	36	16	0	0
3	591	41	7	1.01942
4	480	15	0	0
11	25	20	1	0
12	258	49	7	2.94118
13	26	15	0	0
14	19	40	7	0.458435
Instant	72
1	584	30	2	0
2	30	16	0	0
3	531	40	6	0.538793
4	469	15	0	0
11	25	19	0	0
12	244	52	10	3.78788
13	23	15	0	0
14	19	41	6	0.469925
Instant	73
1	587	29	1	0
2	14	17	0	0
3	561	39	4	0.104822
4	475	15	0	0
11	25	20	1	0
12	242	52	10	1.52439
13	24	15	0	0
14	19	41	5	0.555556
Instant	74
1	592	28	1	0
2	37	16	0	0
3	497	39	6	1.48026
4	455	15	0	0
11	25	19	0	0
12	267	51	8	3.125
13	23	15	0	0
14	18	41	7	0.869845
Instant	75
1	562	30	2	0
2	15	16	0	0
3	545	35	6	0.824742
4	478	15	0	0
11	24	19	0	0
12	266	52	7	2.84091
13	24	15	0	0
14	19	41	6	0.552826
Instant	76
1	606	27	1	0.284091
2	22	17	0	0
3	482	38	6	1.31579
4	486	15	0	0
11	27	19	1	0
12	246	55	9	2.60417
13	21	15	0	0
14	20	40	6	0.271739
Instant	77
1	599	27	1	0
2	6	16	1	0
3	499	38	4	0.403226
4	457	15	0	0
11	25	19	1	0
12	284	54	11	0
13	22	15	0	0
14	18	43	6	0.576923
Instant	78
1	599	27	1	0
2	6	15	0	0
3	552	38	5	0.0533049
4	477	15	0	0
11	26	19	1	0
12	261	50	12	2.14844
13	23	15	0	0
14	19	40	6	0.369458
Instant	79
1	599	28	1	0
2	24	15	0	0
3	535	40	6	0.791139
4	489	15	0	0
11	26	18	0	0
12	246	54	8	1.85811
13	24	15	0	0
14	20	41	5	0.450721
Instant	80
1	585	30	2	0
2	18	15	1	0
3	588	35	5	0.38835
4	476	15	0	0
11	25	19	0	0
12	247	51	9	4.16667
13	26	15	0	0
14	19	39	5	0.462963
Instant	81
1	613	27	2	0
2	28	16	0	0
3	562	39	5	0.518672
4	464	15	0	0
11	26	19	1	0
12	244	55	11	4.35606
13	24	15	0	0
14	18	42	6	0.568182
Instant	82
1	606	27	1	0
2	20	16	0	0
3	573	36	4	0.0996016
4	498	15	0	0
11	25	19	0	0
12	221	51	11	4.28571
13	25	15	0	0
14	21	40	5	0.353774
Instant	83
1	546	29	2	0.356415
2	20	19	0	0
3	513	41	6	1.12108
4	469	15	0	0
11	25	18	0	0
12	268	53	9	1.89394
13	22	15	0	0
14	19	40	5	0.561097
Instant	84
1	578	30	2	0
2	20	16	0	0
3	579	37	7	0.676983
4	472	15	0	0
11	24	18	0	0
12	238	51	9	3.78788
13	26	15	0	0
14	19	41	6	0.467581
Instant	85
1	571	27	1	0.60241
2	44	14	0	0
3	558	39	5	0.732218
4	485	15	0	0
11	25	19	1	0
12	263	49	8	1.44231
13	24	15	0	0
14	20	41	6	0.180723
Instant	86
1	634	25	1	0
2	19	15	0	0
3	577	39	6	0.253036
4	486	15	0	0
11	26	18	0	0.277778
12	287	51	10	1.10294
13	24	15	0	0
14	19	38	5	0.543478
Instant	87
1	606	27	1	0
2	18	18	0	0
3	611	39	6	0.188679
4	476	15	0	0
11	27	19	1	0
12	292	60	9	1.65441
13	27	15	0	0
14	19	41	6	0.555556
Instant	88
1	592	28	2	0
2	35	18	0	0
3	534	40	6	1.10759
4	493	15	0	0
11	25	19	1	0
12	235	53	10	3.37838
13	24	15	0	0
14	20	39	6	0.445368
Instant	89
1	584	30	2	0
2	22	18	0	0
3	551	42	6	0.627615
4	474	15	0	0
11	24	18	0	0
12	249	47	9	3.86029
13	24	15	0	0
14	19	42	5	0.464109
Instant	90
1	593	28	1	0
2	6	13	1	0
3	529	42	8	0.941423
4	459	15	0	0
11	26	18	0	0
12	255	52	9	1.36719
13	24	15	0	0
14	19	41	6	0.767263
Instant	91
1	606	28	2	0
2	20	17	0	0
3	575	38	6	0.460123
4	476	15	0	0
11	25	19	1	0
12	246	52	8	0.675676
13	25	15	0	0
14	19	42	6	0.461823
Instant	92
1	606	27	1	0
2	7	17	0	0
3	498	41	7	0.913242
4	481	15	0	0
11	26	19	1	0
12	282	55	9	3.0303
13	22	15	0	0
14	20	40	6	0.27439
Instant	93
1	541	29	2	0.373932
2	23	18	0	0
3	565	38	4	0.304878
4	481	15	0	0
11	23	20	1	0
12	248	54	9	2.27273
13	25	15	0	0
14	19	41	5	0.458435
Instant	94
1	599	27	1	0
2	33	17	0	0
3	535	40	7	0.685654
4	486	15	0	0
11	26	19	0	0
12	216	51	7	4.22297
13	24	15	0	0
14	19	39	6	0.543478
Instant	95
1	606	27	1	0
2	23	17	0	0
3	520	38	6	0.751073
4	472	15	0	0
11	26	19	1	0
12	266	49	8	2.02206
13	24	15	0	0
14	20	43	7	0.0932836
Instant	96
1	605	27	2	0.0484496
2	30	14	0	0
3	541	39	5	0.974026
4	519	15	0	0
11	26	19	0	0
12	251	54	10	2.20588
13	23	15	0	0
14	21	40	6	0.50905
Instant	97
1	610	27	2	0
2	36	15	0	0
3	517	37	5	0.385463
4	520	15	0	0
11	27	19	0	0
12	249	56	10	1.37195
13	23	15	0	0
14	22	40	6	0.339367
Instant	98
1	582	27	2	0.298805
2	31	15	0	0
3	497	39	6	0.572082
4	498	15	0	0
11	25	18	0	0
12	285	48	8	2.57353
13	22	15	0	0
14	20	40	6	0.560142
Instant	99
1	606	27	1	0
2	24	16	0	0
3	531	37	4	0.326797
4	486	15	0	0
11	27	19	1	0
12	265	58	8	2.38971
13	23	15	0	0
14	20	41	5	0.271739
Instant	100
1	596	29	2	0
2	22	16	0	0
3	501	39	4	0.872093
4	469	15	0	0
11	25	18	0	0
12	244	54	10	3.37838
13	21	15	0	0
14	19	42	6	0.46875
Instant	101
1	598	28	1	0
2	29	16	0	0
3	521	37	7	0.660793
4	493	15	0	0
11	25	19	1	0
12	268	53	11	2.20588
13	23	15	0	0
14	20	40	6	0.268496
Instant	102
1	591	29	2	0
2	28	17	0	0
3	486	37	5	0.913242
4	452	15	0	0
11	25	18	1	0
12	248	55	11	2.57353
13	22	15	0	0
14	17	38	6	1.06589
Instant	103
1	613	26	1	0
2	41	18	0	0
3	495	39	6	0.523256
4	454	15	0	0
11	27	18	1	0
12	262	55	9	2.36486
13	22	15	0	0
14	19	45	8	0.194301
Instant	104
1	603	28	2	0
2	40	15	0	0
3	484	39	6	0.589623
4	489	15	0	0
11	25	18	0	0
12	246	51	7	4.22794
13	21	15	0	0
14	19	38	6	0.717703
Instant	105
1	590	29	1	0.0496032
2	41	18	0	0
3	516	37	3	0.835189
4	466	15	0	0
11	25	19	0	0
12	238	51	9	3.30882
13	22	15	0	0
14	19	41	6	0.376884
Instant	106
1	569	27	2	0
2	36	16	0	0
3	485	37	6	0.977012
4	465	15	0	0
11	24	20	1	0
12	269	51	10	0.506757
13	22	15	0	0
14	18	40	6	0.852273
Instant	107
1	589	28	2	0.291829
2	30	17	0	0
3	514	38	5	0.675676
4	471	15	0	0
11	26	19	1	0
12	276	51	8	1.65441
13	22	15	0	0
14	19	42	7	0.280549
Instant	108
1	560	26	2	0.306748
2	35	15	0	0
3	520	38	5	0.220264
4	505	15	0	0
11	25	19	1	0
12	248	51	10	2.57353
13	23	15	0	0
14	21	40	5	0.174419
Instant	109
1	597	28	1	0
2	23	17	0	0
3	518	39	5	0.225225
4	477	15	0	0
11	26	19	1	0
12	229	48	9	3.125
13	22	15	0	0
14	19	40	6	0.554187
Instant	110
1	599	27	1	0
2	14	14	0	0
3	492	39	6	0.648585
4	509	15	0	0
11	25	20	1	0
12	305	54	10	0
13	21	15	0	0
14	21	39	6	0.259815
Instant	111
1	564	28	1	0.15625
2	17	15	0	0
3	490	37	7	1.14943
4	485	15	0	0
11	24	18	0	0.309917
12	292	54	7	0.551471
13	22	15	0	0
14	19	39	7	0.362319
Instant	112
1	561	29	2	0.154959
2	31	15	0	0
3	498	35	5	0.894855
4	465	15	0	0
11	24	18	1	0
12	234	51	7	2.53378
13	22	15	0	0
14	19	41	6	0.568182
Instant	113
1	610	27	2	0
2	22	15	0	0
3	448	44	7	0.942211
4	495	15	0	0
11	26	19	0	0
12	274	51	9	1.10294
13	20	15	0	0
14	20	39	5	0.35545
Instant	114
1	620	26	1	0
2	26	15	0	0
3	494	40	5	0.812065
4	517	15	0	0
11	27	19	0	0
12	223	52	8	4.77941
13	21	15	0	0
14	21	40	6	0.683371
Instant	115
1	599	27	1	0
2	18	16	0	0
3	497	41	5	0.118203
4	502	15	0	0
11	26	19	0	0
12	237	52	8	3.37838
13	21	15	0	0
14	20	39	6	0.554907
Instant	116
1	541	27	1	0.631579
2	27	17	0	0
3	498	39	5	0.788288
4	519	15	0	0
11	24	19	0	0
12	292	54	10	1.28676
13	22	15	0	0
14	21	39	5	0.53733
Instant	117
1	600	28	2	0
2	28	16	0	0
3	512	35	5	0.85034
4	471	15	0	0
11	25	18	0	0
12	256	54	10	1.83824
13	22	15	0	0
14	19	42	6	0.528607
Instant	118
1	612	26	1	0.27933
2	29	17	0	0
3	482	42	6	0.591017
4	483	15	0	0
11	27	18	0	0
12	274	57	10	0
13	21	15	0	0
14	19	42	5	0.576456
Instant	119
1	620	26	1	0
2	27	17	0	0
3	453	38	5	1.15572
4	505	15	0	0
11	27	19	1	0
12	269	53	9	1.65441
13	20	15	0	0
14	21	41	7	0.203963
