	T	D	J	LP
Instant	0
1	0	0	0	0
2	0	0	0	0
3	0	0	0	0
4	0	0	0	0
11	0	0	0	0
12	0	0	0	0
13	0	0	0	0
14	0	0	0	0
Instant	1
1	295	31	2	0
2	7	16	0	0
3	259	38	4	0
4	207	15	0	0
11	12	19	0	0
12	138	45	7	0
13	11	15	0	0
14	7	39	6	0.202703
Instant	2
1	1044	33	3	0.279018
2	8	17	0	0
3	1097	41	5	0.78534
4	1266	16	0	0
11	46	19	0	0
12	302	50	6	1.28676
13	49	15	0	0
14	53	40	4	0.185529
Instant	3
1	1046	32	2	0.140607
2	29	16	0	0
3	1006	33	5	0.43554
4	1107	16	0	0
11	45	19	0	0
12	312	55	10	1.65441
13	44	15	0	0
14	47	40	4	0.476695
Instant	4
1	1055	31	2	0
2	16	14	0	0
3	1043	34	4	0.94697
4	890	16	0	0
11	47	18	0	0
12	266	53	10	1.68919
13	47	15	0	0
14	38	40	4	0.314153
Instant	5
1	996	28	2	0
2	28	16	0	0
3	1048	36	5	0.552486
4	800	15	0	0
11	43	19	0	0
12	288	51	11	1.28676
13	47	15	0	0
14	34	42	4	0.293686
Instant	6
1	934	28	2	0.0316857
2	15	16	0	0
3	774	36	4	0.882353
4	823	15	0	0
11	40	19	0	0
12	269	53	10	2.20588
13	35	15	0	0
14	35	40	6	0.249288
Instant	7
1	876	29	2	0.0334225
2	30	14	0	0
3	758	33	4	0.642965
4	852	15	0	0
11	38	19	0	0
12	241	48	9	2.87162
13	33	15	0	0
14	37	38	4	0.258621
Instant	8
1	873	30	2	0
2	22	14	0	0
3	677	34	4	0.801012
4	849	15	0	0
11	38	18	0	0
12	260	46	6	2.20588
13	30	15	0	0
14	36	38	5	0.0519391
Instant	9
1	839	30	2	0
2	21	17	0	0
3	774	33	3	0.0758725
4	825	15	0	0
11	37	19	0	0
12	263	54	10	1.10294
13	33	15	0	0
14	35	39	5	0.160256
Instant	10
1	829	25	2	0.353107
2	20	15	0	0
3	728	34	5	1.00775
4	794	15	0	0
11	36	19	1	0
12	264	53	9	0
13	33	15	0	0
14	34	39	5	0.294985
Instant	11
1	801	28	3	0.108853
2	14	13	0	0
3	641	32	4	0.539568
4	755	15	0	0
11	35	22	1	0
12	259	49	8	2.20588
13	28	15	0	0
14	31	40	5	0.312012
Instant	12
1	769	29	2	0
2	19	15	0	0
3	609	34	3	0.142315
4	670	15	0	0
11	33	21	1	0
12	251	56	9	2.02206
13	26	15	0	0
14	29	41	6	0
Instant	13
1	853	29	2	0.172176
2	28	15	0	0
3	622	33	3	0.281955
4	604	15	0	0
11	37	19	0	0
12	266	48	9	0.744048
13	27	15	0	0
14	26	38	4	0.315534
Instant	14
1	786	28	2	0
2	12	14	0	0
3	667	32	4	0.59322
4	635	15	0	0
11	35	19	1	0
12	293	51	8	2.02206
13	30	15	0	0
14	27	38	5	0.207948
Instant	15
1	771	28	2	0.421779
2	21	16	0	0
3	620	34	4	1.00548
4	643	15	0	0
11	33	19	1	0
12	270	52	8	1.47059
13	28	15	0	0
14	26	38	5	0.205667
Instant	16
1	612	26	2	0.427757
2	14	15	0	0
3	672	31	3	0
4	569	15	0	0
11	26	19	1	0.37594
12	206	50	8	6.08108
13	28	15	0	0
14	24	39	5	0.489691
Instant	17
1	606	29	2	0.375235
2	24	15	1	0
3	645	33	4	0
4	515	15	0	0
11	27	18	0	0
12	252	53	10	1.47059
13	28	15	0	0
14	20	38	5	0.770548
Instant	18
1	574	28	2	0.347222
2	29	16	0	0
3	580	31	3	0.787402
4	520	15	0	0
11	25	18	0	0
12	281	56	11	1.47059
13	25	15	0	0
14	21	39	6	0.253378
Instant	19
1	667	29	2	0
2	25	17	0	0
3	632	30	3	0
4	525	15	0	0
11	29	18	0	0
12	268	53	8	0
13	27	15	0	0
14	22	40	7	0.251678
Instant	20
1	597	28	2	0.591716
2	26	15	0	0
3	616	30	3	0.142586
4	512	15	0	0
11	25	18	1	0
12	282	52	8	0.367647
13	26	15	0	0
14	21	38	5	0.659404
Instant	21
1	609	28	2	0
2	11	15	0	0
3	579	31	3	0.494071
4	555	15	0	0
11	26	20	1	0
12	261	50	7	1.65441
13	25	15	0	0
14	22	37	5	0.158898
Instant	22
1	620	26	2	0.469925
2	31	15	1	0
3	615	29	2	0
4	549	15	0	0
11	27	19	1	0
12	256	49	9	1.52027
13	26	15	0	0
14	23	39	6	0.239872
Instant	23
1	582	30	2	0.101626
2	35	14	0	0
3	584	30	3	0.638507
4	611	15	0	0
11	25	18	0	0
12	233	50	9	5.14706
13	25	15	0	0
14	26	39	5	0.287908
Instant	24
1	580	27	2	0.296443
2	14	16	0	0
3	675	30	3	0
4	528	15	0	0
11	25	18	0	0
12	221	48	10	4.22794
13	29	15	0	0
14	22	41	5	0.362723
Instant	25
1	612	27	1	0.0473485
2	30	17	0	0
3	649	36	5	0.359712
4	464	15	0	0
11	27	19	1	0
12	264	53	9	1.19048
13	28	15	0	0
14	19	43	6	0.378788
Instant	26
1	595	29	3	0.0498008
2	22	14	0	0
3	682	33	4	0.214041
4	487	15	0	0
11	25	18	1	0
12	291	51	10	1.10294
13	29	15	0	0
14	20	41	6	0.362319
Instant	27
1	602	28	2	0.0492126
2	9	15	0	0
3	661	31	3	0.879397
4	504	15	0	0
11	26	19	0	0
12	266	54	9	2.94118
13	30	15	0	0
14	21	39	6	0.261021
Instant	28
1	582	29	2	0
2	30	17	0	0
3	578	32	4	1.59884
4	503	15	0	0
11	25	19	1	0
12	259	50	9	2.43056
13	26	15	0	0
14	21	38	5	0.26285
Instant	29
1	627	26	1	0
2	37	14	0	0
3	696	34	4	0.292642
4	514	15	0	0
11	27	18	0	0
12	281	54	8	1.83824
13	30	15	0	0
14	21	38	6	0.256849
Instant	30
1	585	27	1	0.297619
2	31	16	0	0
3	699	33	4	0
4	505	15	0	0
11	25	19	0	0
12	251	53	9	2.75735
13	30	15	0	0
14	21	41	6	0.0868056
Instant	31
1	568	27	2	0.5
2	27	15	0	0
3	650	33	4	0.0458716
4	493	15	0	0
11	25	19	1	0
12	262	55	10	1.52027
13	28	15	0	0
14	20	41	6	0.267857
Instant	32
1	595	28	1	0
2	12	13	0	0
3	605	30	2	0.419776
4	487	15	0	0
11	25	18	0	0
12	276	50	7	1.47059
13	27	15	0	0
14	21	41	6	0
Instant	33
1	612	27	2	0
2	21	15	0	0
3	613	29	1	0.283554
4	512	15	0	0
11	26	19	1	0
12	265	53	10	1.83824
13	26	15	0	0
14	21	38	5	0.172414
Instant	34
1	592	27	1	0
2	32	15	0	0
3	574	32	5	0.614754
4	517	15	0	0
11	26	20	1	0
12	256	52	9	1.68919
13	24	15	0	0
14	22	39	6	0.340136
Instant	35
1	565	28	2	0.30426
2	15	16	0	0
3	597	31	2	0
4	511	15	0	0
11	25	18	0	0
12	256	47	10	3.125
13	26	15	0	0
14	21	38	5	0.344828
Instant	36
1	618	27	1	0
2	43	16	0	0
3	585	31	3	0.588235
4	511	15	0	0
11	26	18	1	0
12	247	49	8	2.57353
13	26	15	0	0
14	22	40	5	0
Instant	37
1	527	28	2	0.703463
2	33	16	0	0
3	625	30	2	0
4	509	15	0	0
11	23	21	1	0
12	228	49	10	3.42262
13	27	15	0	0
14	21	39	5	0.172811
Instant	38
1	599	27	1	0
2	27	16	0	0
3	585	33	3	0.200803
4	504	15	0	0
11	26	19	0	0
12	294	51	8	0.735294
13	25	15	0	0
14	21	40	5	0.174825
Instant	39
1	583	27	1	0.0496032
2	18	15	0	0
3	599	30	3	0.482625
4	501	15	0	0
11	25	20	1	0
12	241	50	8	6.43382
13	26	15	0	0
14	21	41	6	0.0880282
Instant	40
1	536	26	2	0.820569
2	28	16	0	0
3	608	31	2	0
4	513	15	0	0
11	23	19	1	0
12	253	54	12	1.35135
13	26	15	0	0
14	21	38	5	0.256849
Instant	41
1	593	28	2	0
2	56	14	0	0
3	625	29	2	0
4	511	15	0	0
11	26	19	1	0
12	286	56	12	1.47059
13	27	15	0	0
14	21	38	5	0.373563
Instant	42
1	625	25	1	0.0461255
2	18	13	0	0
3	632	30	2	0
4	491	15	0	0
11	27	18	1	0
12	230	52	8	4.59559
13	27	15	0	0
14	20	40	6	0.358852
Instant	43
1	620	27	1	0
2	17	15	0	0
3	593	31	2	0.193798
4	502	15	0	0
11	26	19	0	0
12	245	53	9	3.37838
13	26	15	0	0
14	21	40	6	0.175234
Instant	44
1	555	29	2	0.315789
2	23	16	0	0
3	634	30	2	0
4	508	15	0	0
11	24	19	1	0
12	266	51	12	1.28676
13	27	15	0	0
14	21	39	5	0.260417
Instant	45
1	607	27	2	0
2	36	15	0	0
3	575	32	2	0.200803
4	484	15	0	0
11	27	18	0	0
12	251	56	10	3.125
13	25	15	0	0
14	20	38	6	0.546117
Instant	46
1	585	28	2	0.297619
2	18	16	0	0
3	588	30	3	0.576923
4	501	15	0	0
11	25	18	1	0
12	246	54	10	3.37838
13	26	15	0	0
14	20	38	6	0.43911
Instant	47
1	583	28	1	0
2	18	16	0	0
3	586	30	3	0.627413
4	500	15	0	0
11	24	20	1	0
12	260	50	8	2.75735
13	26	15	0	0
14	20	38	6	0.616197
Instant	48
1	601	28	3	0
2	19	17	0	0
3	652	32	2	0.0453721
4	491	15	0	0
11	26	18	1	0
12	249	50	9	2.20588
13	28	15	0	0
14	20	39	5	0.269139
Instant	49
1	613	27	1	0
2	18	16	0	0
3	616	31	2	0.426136
4	489	15	0	0
11	26	18	0	0
12	243	49	7	1.78571
13	27	15	0	0
14	20	40	5	0.419664
Instant	50
1	600	28	2	0.144231
2	30	16	0	0
3	591	31	3	0.15
4	499	15	0	0
11	26	18	0	0
12	277	46	6	3.67647
13	25	15	0	0
14	20	37	5	0.617647
Instant	51
1	541	30	2	0.321199
2	33	16	0	0
3	562	32	3	0.751503
4	497	15	0	0
11	23	20	0	0
12	238	51	9	4.04412
13	25	15	0	0
14	20	39	6	0.353774
Instant	52
1	598	28	2	0
2	21	16	0	0
3	613	31	3	0.0478927
4	504	15	0	0
11	25	18	0	0
12	259	52	8	1.90972
13	26	15	0	0
14	21	38	5	0.34965
Instant	53
1	593	27	1	0.347222
2	14	17	0	0
3	583	31	2	0.298805
4	533	15	0	0
11	25	19	1	0
12	289	51	8	0.183824
13	25	15	0	0
14	22	38	5	0.165198
Instant	54
1	606	27	1	0
2	31	18	0	0
3	535	32	3	1.05042
4	528	15	0	0
11	26	19	1	0
12	251	53	11	1.65441
13	24	15	0	0
14	21	39	5	0.305556
Instant	55
1	578	27	1	0
2	26	18	0	0
3	554	32	3	0.661914
4	522	15	0	0
11	25	20	1	0
12	249	51	9	3.20946
13	25	15	0	0
14	22	39	5	0.252809
Instant	56
1	548	29	2	0.478723
2	35	16	0	0
3	533	34	5	0.862069
4	484	15	0	0
11	24	19	1	0
12	237	49	10	4.59559
13	23	15	0	0
14	20	41	6	0.273058
Instant	57
1	613	27	2	0
2	28	17	0	0
3	631	30	3	0
4	539	15	0	0
11	26	19	1	0
12	265	52	9	2.38971
13	27	15	0	0
14	22	37	4	0.0816993
Instant	58
1	589	28	1	0
2	21	15	0	0
3	593	33	4	0.0488281
4	511	15	0	0
11	25	19	1	0
12	247	50	8	1.52027
13	26	15	0	0
14	21	37	5	0.258621
Instant	59
1	606	27	1	0
2	32	14	0	0
3	589	33	4	0
4	496	15	0	0
11	26	19	0	0
12	271	50	8	2.94118
13	25	15	0	0
14	20	38	5	0.443262
Instant	60
1	733	27	2	0.0403877
2	27	17	0	0
3	614	31	3	0
4	497	15	0	0
11	31	19	1	0
12	274	51	9	1.47059
13	27	15	0	0
14	20	40	6	0.265957
Instant	61
1	861	27	2	0.0330251
2	47	16	0	0
3	584	31	3	0.343811
4	487	15	0	0
11	38	18	0	0
12	249	47	8	2.23214
13	26	15	0	0
14	19	40	6	0.451807
Instant	62
1	820	26	2	0
2	35	16	0	0
3	607	30	2	0.286807
4	477	15	0	0
11	35	19	1	0
12	304	52	9	0.367647
13	26	15	0	0
14	20	38	6	0.552826
Instant	63
1	752	30	2	0.236967
2	54	16	0	0
3	619	29	2	0.331439
4	479	15	0	0
11	32	18	0	0
12	289	55	8	1.83824
13	26	15	0	0
14	19	40	5	0.459559
Instant	64
1	766	28	3	0
2	35	17	0	0
3	636	29	2	0
4	497	15	0	0
11	33	19	0	0
12	247	53	10	1.85811
13	28	15	0	0
14	20	38	5	0.35461
Instant	65
1	771	27	2	0
2	20	18	0	0
3	610	32	4	0
4	494	15	0	0
11	34	19	0	0
12	264	50	11	3.49265
13	26	15	0	0
14	20	40	7	0.357143
Instant	66
1	768	26	2	0
2	33	16	0	0
3	617	31	3	0
4	506	15	0	0
11	32	19	1	0
12	275	53	10	1.47059
13	26	15	0	0
14	21	38	6	0.260417
Instant	67
1	625	28	3	0.327103
2	39	15	0	0
3	600	31	3	0.337187
4	511	15	0	0
11	27	19	1	0
12	226	47	8	3.5473
13	26	15	0	0
14	22	39	5	0.259217
Instant	68
1	761	27	2	0
2	36	17	0	0
3	525	34	4	0.703463
4	500	15	0	0
11	33	19	1	0.232198
12	262	46	9	1.95312
13	23	15	0	0
14	20	38	6	0.352113
Instant	69
1	716	30	2	0
2	33	14	0	0
3	600	30	3	0.290698
4	486	15	0	0
11	31	18	0	0
12	262	53	10	2.02206
13	26	15	0	0
14	19	39	5	0.452899
Instant	70
1	681	28	2	0
2	10	15	0	0
3	626	30	2	0
4	461	15	0	0
11	30	19	1	0
12	271	52	8	0.506757
13	27	15	0	0
14	19	40	6	0.856599
Instant	71
1	695	29	2	0
2	33	17	0	0
3	565	31	3	0.565844
4	491	15	0	0
11	29	18	0	0
12	276	51	10	1.28676
13	24	15	0	0
14	20	38	5	0.448565
Instant	72
1	709	27	2	0
2	46	15	0	0
3	601	31	3	0.0473485
4	508	15	0	0
11	31	18	0	0
12	245	55	10	3.0303
13	26	15	0	0
14	21	37	5	0.434028
Instant	73
1	711	28	1	0
2	17	15	0	0
3	546	33	4	0.791139
4	497	15	0	0
11	29	19	1	0
12	243	48	6	1.21951
13	24	15	0	0
14	20	40	6	0.35461
Instant	74
1	736	28	2	0.267584
2	28	18	0	0
3	604	32	3	0
4	503	15	0	0
11	33	18	0	0
12	265	51	9	4.41176
13	26	15	0	0
14	21	38	5	0.261628
Instant	75
1	739	28	1	0
2	69	16	0	0
3	613	29	2	0.285714
4	483	15	0	0
11	32	19	1	0
12	262	54	10	2.46212
13	26	15	0	0
14	19	39	6	0.485437
Instant	76
1	773	28	1	0
2	34	17	0	0
3	632	30	3	0
4	558	15	0	0
11	33	19	1	0
12	238	50	11	4.16667
13	27	15	0	0
14	23	40	6	0.157563
Instant	77
1	751	27	1	0.507812
2	18	14	0	0
3	630	29	1	0
4	554	15	0	0
11	33	19	0	0
12	244	48	11	3.90625
13	26	15	0	0
14	23	40	6	0.159574
Instant	78
1	709	29	2	0
2	10	14	0	0
3	608	31	2	0
4	559	15	0	0
11	31	19	0	0
12	258	52	10	2.73438
13	26	15	0	0
14	24	39	5	0.314465
Instant	79
1	655	28	2	0.966608
2	24	17	0	0
3	618	30	3	0
4	544	15	0	0
11	29	18	1	0
12	246	52	9	2.87162
13	27	15	0	0
14	23	41	6	0.107991
Instant	80
1	705	28	2	0
2	32	16	0	0
3	597	31	2	0.291829
4	516	15	0	0
11	31	18	0	0
12	263	53	9	2.08333
13	26	15	0	0
14	20	41	6	0.680272
Instant	81
1	730	28	2	0.0409165
2	21	16	0	0
3	605	32	3	0.0484496
4	548	15	0	0
11	31	18	0	0
12	254	53	10	2.46212
13	26	15	0	0
14	22	36	4	0.616953
Instant	82
1	645	26	2	0.485866
2	21	16	0	0
3	621	28	2	0.326493
4	644	15	0	0
11	29	19	1	0
12	251	53	8	1.60714
13	27	15	0	0
14	27	38	5	0.205292
Instant	83
1	599	27	1	0
2	14	17	0	0
3	594	30	3	0.389105
4	619	15	0	0
11	26	19	1	0
12	278	51	8	0.568182
13	26	15	0	0
14	26	40	5	0.213472
Instant	84
1	599	26	1	0
2	27	15	0	0
3	623	30	2	0
4	597	15	0	0
11	26	19	1	0
12	257	53	11	2.27273
13	27	15	0	0
14	25	38	5	0.368369
Instant	85
1	570	29	2	0.305499
2	15	17	0	0
3	573	32	4	0.408163
4	545	15	0	0
11	25	19	0	0
12	257	53	7	1.76282
13	25	15	0	0
14	22	39	5	0.322581
Instant	86
1	628	27	1	0
2	16	16	0	0
3	619	30	2	0
4	557	15	0	0
11	27	19	1	0
12	299	53	11	0.183824
13	26	15	0	0
14	22	37	4	0.474684
Instant	87
1	519	28	2	1.04396
2	13	18	0	0
3	618	30	1	0
4	617	15	0	0
11	23	19	1	0
12	286	55	9	2.20588
13	26	15	0	0
14	26	40	5	0.214286
Instant	88
1	609	27	2	0.0982318
2	28	17	0	0
3	632	29	3	0
4	622	15	0	0
11	25	19	1	0
12	262	52	9	0.844595
13	28	15	0	0
14	25	39	5	0.49435
Instant	89
1	564	26	1	0.29703
2	23	15	0	0
3	560	32	4	0.57652
4	732	15	0	0
11	25	19	1	0
12	243	51	10	3.86029
13	24	15	0	0
14	31	38	5	0.180578
Instant	90
1	599	28	2	0
2	22	14	0	0
3	570	31	3	0.347222
4	676	15	0	0
11	26	18	0	0
12	262	51	11	1.75781
13	25	15	0	0
14	28	38	5	0.477431
Instant	91
1	605	28	1	0.0501002
2	12	15	2	0
3	593	32	4	0.0494071
4	572	15	0	0
11	25	19	0	0
12	233	50	8	3.37838
13	26	15	0	0
14	23	37	4	0.693018
Instant	92
1	627	25	1	0.0457875
2	11	16	0	0
3	573	32	3	0.657895
4	604	15	0	0
11	27	18	0	0
12	273	52	9	1.51515
13	25	15	0	0
14	24	36	4	0.705253
Instant	93
1	610	27	2	0
2	17	18	0	0
3	572	31	3	0.490196
4	497	15	0	0
11	26	19	1	0
12	266	55	11	0.568182
13	26	15	0	0
14	20	42	6	0.648585
Instant	94
1	571	27	2	0.300601
2	21	16	0	0
3	621	31	3	0.331439
4	516	15	0	0
11	25	19	1	0
12	243	46	9	2.7027
13	27	15	0	0
14	21	43	7	0.511364
Instant	95
1	592	27	1	0
2	12	16	0	0
3	631	29	3	0
4	577	15	0	0
11	26	19	1	0
12	276	53	7	0.919118
13	27	15	0	0
14	24	41	6	0.0763747
Instant	96
1	612	27	1	0
2	20	18	0	0
3	574	33	4	0.403226
4	593	15	0	0
11	26	19	1	0
12	242	54	10	2.02206
13	25	15	0	0
14	24	36	5	0.518775
Instant	97
1	606	28	1	0
2	32	14	0	0
3	567	31	2	0
4	566	15	0	0
11	26	18	0	0
12	243	47	7	2.43902
13	24	15	0	0
14	23	36	4	0.545738
Instant	98
1	526	30	2	0.635593
2	16	16	1	0
3	595	30	3	0.644841
4	528	15	0	0
11	24	19	1	0
12	191	47	9	9.00735
13	25	15	0	0
14	21	39	5	0.583333
Instant	99
1	541	31	2	0
2	17	14	0	0
3	620	28	2	0.186567
4	560	15	0	0
11	23	20	1	0
12	253	55	7	4.04412
13	27	15	0	0
14	23	40	6	0.393082
Instant	100
1	606	27	1	0.245098
2	39	15	0	0
3	608	31	3	0
4	505	15	0	0
11	26	19	1	0
12	275	55	9	1.68919
13	26	15	0	0
14	21	41	6	0.261628
Instant	101
1	567	27	2	0.30426
2	36	17	0	0
3	573	31	3	0.614754
4	517	15	0	0
11	25	18	1	0
12	245	52	10	4.22794
13	25	15	0	0
14	21	39	5	0.595238
Instant	102
1	601	27	1	0
2	16	16	1	0
3	621	29	2	0
4	520	15	0	0
11	26	18	0	0
12	238	49	8	3.86029
13	27	15	0	0
14	21	38	4	0.424208
Instant	103
1	593	27	1	0
2	34	16	0	0
3	612	31	4	0
4	505	15	0	0
11	25	20	1	0
12	265	56	8	1.18243
13	27	15	0	0
14	21	37	5	0.493039
Instant	104
1	578	28	2	0.347222
2	36	18	0	0
3	581	34	4	0.14881
4	594	15	0	0
11	25	19	0	0
12	275	46	9	2.20588
13	25	15	0	0
14	24	36	4	0.29703
Instant	105
1	585	28	1	0
2	35	16	0	0
3	597	30	2	0.392157
4	547	15	0	0
11	25	20	1	0
12	248	48	8	2.57353
13	26	15	0	0
14	23	40	5	0.1606
Instant	106
1	552	27	1	0.619835
2	30	17	0	0
3	611	32	3	0
4	546	15	0	0
11	25	19	1	0
12	260	54	8	1.35135
13	26	15	0	0
14	22	39	5	0.323276
Instant	107
1	586	28	1	0
2	4	20	0	0
3	621	28	2	0.326493
4	561	15	0	0
11	26	19	0	0
12	281	53	11	0.735294
13	27	15	0	0
14	23	38	4	0.235356
Instant	108
1	626	26	1	0
2	40	15	0	0
3	591	31	2	0.294118
4	575	15	0	0
11	27	18	0	0
12	273	55	8	0.367647
13	26	15	0	0
14	24	36	4	0.510204
Instant	109
1	613	26	1	0
2	31	14	0	0
3	607	29	3	0.378788
4	530	15	0	0
11	26	20	1	0
12	253	51	8	1.33929
13	27	15	0	0
14	22	40	5	0.276549
Instant	110
1	558	28	2	0.363071
2	13	16	0	0
3	562	32	3	0.617284
4	527	15	0	0
11	24	19	1	0
12	294	53	12	2.34375
13	24	15	0	0
14	22	37	5	0.501114
Instant	111
1	626	26	1	0.0462963
2	27	16	0	0
3	582	31	3	0.638507
4	551	15	0	0
11	27	18	0	0
12	267	51	9	0.919118
13	25	15	0	0
14	23	38	5	0.239872
Instant	112
1	610	27	2	0
2	30	17	0	0
3	619	30	2	0
4	544	15	0	0
11	27	19	1	0
12	238	50	7	3.20946
13	26	15	0	0
14	23	38	5	0.161987
Instant	113
1	611	27	1	0.0485437
2	26	14	0	0
3	581	34	3	0.152439
4	554	15	0	0
11	26	18	0	0
12	259	50	8	1.28676
13	25	15	0	0
14	23	37	5	0.158898
Instant	114
1	561	29	2	0.365344
2	8	15	0	0
3	607	31	3	0.0477099
4	524	15	0	0
11	24	19	1	0
12	224	50	9	5.88235
13	26	15	0	0
14	22	41	5	0.0838926
Instant	115
1	627	25	1	0
2	27	16	0	0
3	611	30	2	0.28626
4	540	15	0	0
11	27	19	0	0
12	264	53	11	1.35135
13	26	15	0	0
14	22	36	5	0.490196
Instant	116
1	613	26	1	0
2	39	15	0	0
3	595	31	3	0.145914
4	495	15	0	0
11	26	19	1	0
12	244	50	8	3.49265
13	26	15	0	0
14	20	39	5	0.622038
Instant	117
1	607	27	1	0.142586
2	36	16	0	0
3	575	30	3	0.203252
4	568	15	0	0
11	26	18	0	0
12	239	53	9	4.22794
13	25	15	0	0
14	24	37	4	0.232438
Instant	118
1	606	26	1	0
2	27	14	0	0
3	639	29	2	0
4	542	15	0	0
11	26	19	0	0
12	258	43	6	1.68919
13	27	15	0	0
14	22	40	6	0.323974
Instant	119
1	592	29	2	0
2	9	19	0	0
3	588	31	3	0.0492126
4	602	15	0	0
11	25	19	0	0
12	282	49	10	1.47059
13	26	15	0	0
14	25	38	6	0.220157
